ExtinctionRateChangeTimes
27.6597
15.11375	15.9376
2.671152
15.34851	6.416696
16.34536	18.22628
27.51606	5.536974
12.72575	5.690788
24.1786
7.2648	26.95714	3.801107
23.50099	11.92839
25.39824
25.56341	1.581125	26.44626

2.442462
19.03901
12.58005	22.0376

2.581593	4.046353
3.013648	13.60629	9.105412	21.41725	26.65763	28.05279	12.92736
2.967457	24.18786	11.02992	24.04914	3.11704
8.652237
12.73763	21.65274	11.64692	14.32358	11.53276

23.64161
23.93114
13.08766	22.43653
3.851511	20.79145

8.892131
15.82115	19.35628
17.93475	12.65208	24.93633
16.51975
3.381955	7.652552	12.59682	13.42619	18.8914	20.35413

15.95657
0.1083779
25.72904	24.96098	7.16299
3.455871	18.25481
23.37178	14.39294	14.70337
11.07768	7.734597
10.66566	26.80553	24.17297
25.65308	4.257774	23.56476
13.81716
8.845791	2.811022
23.80263	2.65065	23.02311
15.46485


20.28254
3.828433
23.78171
7.911616	12.23348
22.57652	10.02025	8.383764
3.888136
14.00602

25.91067
9.215955
10.02491	20.24514
27.49675

4.67468	13.75749
5.858778	27.90589
4.387	2.648123	4.38476	18.33317	7.126327
7.950057	1.458406
7.298306	8.43962	28.19484	2.967664	1.989452	21.01932

15.57366	7.660315
13.46544
14.63861	9.437911	19.98623

20.71035
0.5764623

14.56074	20.04244	13.38293
10.26983	7.431493	12.03045

23.7765	5.725303	5.324915
8.698147	4.399812

19.77688	9.940954	13.07884
4.68255	19.34378
18.84561	4.635731	23.00834
15.38023	25.67649	24.73666
12.95025
9.962298	26.38297	25.6963	14.67591
2.134791	6.506548
26.09881	15.42546	26.73366

22.32201
10.6418

26.55206	23.06891	24.04944
1.898832	16.58009
16.77038	23.83531
25.29342	21.44113	15.5399
9.272735	14.58318	21.37415	14.33709
6.510889	27.81335	1.192306	8.640757
8.453577
5.477129	20.00006	24.10338	20.62173
5.256967	22.72439
15.3442	0.1072399	3.309185
18.60458	26.94556	13.67621	26.8496
26.18707	18.52324	6.145769
21.43414	13.82953	16.46388	3.872935	27.91324
8.594873	12.08312	24.25533	1.227914	26.56495

11.45754	16.17492
20.19324	11.65065	23.62003
3.115022
9.643788	11.04372
21.74416
24.81699	5.419144
26.45856	16.47511
22.76949	15.74697	14.75455
1.886084
24.38405
10.924	15.49463	2.633188	25.90851
21.54549	10.81234	10.30282
25.12809
18.51182
26.47432
12.11219	24.42895
11.38276	10.47217	22.81015
7.136163
16.2135
10.90226	8.212376	6.43401	27.65222	10.2586
4.378236

26.56223
9.61473
0.676328	24.48875
6.265938
25.20362
1.472419	23.91116
15.40601


12.86291	7.671077	24.92983	16.23831	14.63979
27.19634
23.47064	18.03411
25.58658
18.55561
27.97687	20.44388	16.43441
12.65053
4.103705	1.868486	17.98721
23.69177	6.967222	10.24885
9.010129
24.41297	14.39052

1.893416
13.52402


12.53779	19.26721	5.086446
3.93212	17.00412	26.93839
9.530256
26.58892
6.162683	3.103212	4.445974	14.41875
6.488819

22.08753
14.60293
14.80978	0.9352495	8.847917	24.55843
5.904989


8.619777	12.12064
6.691485	7.230184	23.12263
27.19845	23.66078	17.73167	17.30755	7.381908
16.14382	0.0586599
25.37268	25.18426
4.340196	8.565895
10.73846	20.27351	18.39924
0.2821495
13.61872
24.09662	14.17407
21.69022	1.840089	1.525408
3.808017	7.014305	7.710043	8.900103
20.30827
10.05047	26.07596
22.90047	15.45233	1.242082	18.21643	0.6957167
2.929551
1.480382	1.815619
15.62813	17.12953
24.92311
9.021887
10.48102	26.06036

19.08171	21.51496
27.84876	22.90489
28.19177

3.543029	11.5491	12.91278
25.67169
10.43529	24.72078


13.82613	11.35325

4.516905	16.39905	13.49649	25.71898
26.88358	0.1301206	6.671381	6.007316
6.129625	27.5501
12.92698	5.498219	11.79236
4.150999	1.016944	15.30828	14.62572	7.901266
7.315764	24.58155
21.8596	25.24745	28.32557	11.80194
23.28134	18.08937
22.66724	7.150669
20.25298	10.35553

27.16809	18.00016	27.00928
18.62689	19.51549	25.857
11.9098	10.71253
27.35656
23.78589

23.33566	26.02627	6.389204
1.887019	1.586077
3.111253
25.55825
4.440651	18.01959
14.63427

15.70149	26.37287	24.25383
1.815597
11.56227	2.292344	23.26423	19.42698	26.36568	12.75459	16.2193
15.03539	24.5485
2.817159	10.66087	14.34624	17.13452	27.57512
15.00987	11.31541	7.639431
16.07095
0.1927483	6.008668
13.11926	19.96206
16.10696
24.85983	23.81813

3.906188
13.59707	23.36544	2.416672	28.28487
23.27343	14.26511	23.57755	27.08555
8.034089
23.56334
12.78053
9.259816
3.422522	8.526331	26.27798
18.74151	1.751874	14.48581	0.3647802
26.20757
0.7112778
8.402997	11.13862	6.494011	3.928719
19.35378
19.58347	13.84798	19.06313
9.807089
8.448064
12.76843	18.35546	11.18597	18.72408
27.49563

14.99552
7.438861

27.47984	0.6448588

10.67767	15.82477
13.86832	12.84748	3.562354
20.00057
17.30398	0.1740439	5.275082	25.90449	26.43755

3.206479	25.56974	1.674281

26.49741
6.343166	16.52329	11.66241	2.745009



13.46476
25.71742
11.40266	25.32403	19.0703	14.51509
4.143463	26.55045

12.95639
22.19135	21.70904
25.33012	11.04756	0.4025022

13.04277	25.40196	10.95059	24.568
2.604734	8.799999	2.031185	10.8349
16.8813	23.25487	14.00247	13.03004
23.61131	28.12185	19.17409	12.00325	11.85463
5.887159	0.6519488


16.54643	25.32704
15.57158	12.417

9.032495	7.654653	1.915965
27.44569	5.753764

24.5431

7.801159	13.18808
25.20611	9.062891
24.22344	11.54482	4.344928

8.202039	1.065031	23.14117
18.9703	11.81227	8.059145
20.64528
6.278436	25.84582
16.03308	11.128
22.62222	5.397441

5.150184
21.78191	14.5059
12.74604
12.78461	17.30293
5.635772	14.24344	20.62703	4.401145
5.325894
13.5833	10.86872	19.35552	23.18021
14.34828	23.23223
21.984
25.03525	10.14371	11.95905
16.16771
9.083738
6.617513	6.507128	22.15749	9.703345	21.23579	13.03475
13.3358	10.89627
11.60489	7.67352	16.97455	6.185168	11.20293
11.01455	0.9501509
7.171997	23.76786

9.815374
2.447423	11.41503

6.512318	24.15368	21.80545
13.39442	6.427175	12.68062

27.76382	10.31042	4.123484
6.929922
12.97358	8.424279	6.381252	4.006878
12.71953	5.664089	27.89162
19.23011	27.07549	8.508345
3.226301	16.2556	20.94456	7.210987	6.093785
10.27271	23.3561
0.2500299	1.435145
15.00044	21.2114


27.19257	19.90648	10.70154	1.048552	24.95422
25.8195

12.83153	10.89416	15.24238	17.46743
23.88219
2.152283

15.94101	19.52933
20.63259
21.1938	23.58842	26.06608	0.557208
7.713595
3.278408
9.525092	11.68597
22.54006	14.17105	3.403238
17.32307	15.53853	5.822586	16.73942
28.25826	11.59558	7.445426	7.432905
12.09519
8.211404
21.25604
19.33348	18.24421	25.61518	10.50335

19.35693	16.43282	12.19566	23.0938
6.764437	22.71285	27.90191
1.965452	16.41959	12.76241	5.371836
9.856074
7.233415	7.325182

10.25172	20.55804
10.8348	16.69929	6.371326
25.34275	16.27779

15.17433	28.05248
6.459853	2.072336	12.39398	7.851604
16.88359	12.0778	1.809921
11.12384	0.03406783	26.67508
26.88325
18.69804	14.3966
16.28702
21.98975	26.86711	26.61382	1.509262	3.488792
4.949371	2.631872	1.845668	27.64869
28.22407

10.89808	22.76133	11.57726
12.97645
8.394818
6.640136	4.078331
3.188283
27.40191	1.300032
9.312034	17.99856	0.9472334	0.8940114
10.49761	22.1073
5.822037
17.17618
22.92467	0.9424924
0.8099686
12.09668	2.90984
3.659051

8.477656

11.34745	17.00034	7.479671
7.594306	11.33554
11.61976	5.55875	20.54963

21.84429	8.753856
15.01042	19.59551
8.761031	5.783922
18.47122	2.101283	11.43711
6.436601	23.67754	20.54315	16.44402	12.86909
16.59346

11.40313	3.423591
9.122817
14.87722	14.01433	27.28271
18.91728
27.19078	15.83136

18.35031	6.291544
12.72545	21.7822	3.98776
27.02751
4.575318
10.17444	27.04008
18.00236	14.73414	15.19233
7.438919	20.74096	6.249856
6.796826	12.27394	17.46631	22.33739
11.16212	10.12754	15.92023
17.68027	3.138229	22.83336
3.945797	5.736926
16.38246	23.77785	1.57709

19.72442	1.600975
26.27633	7.643866
6.882413
23.58342	24.27435
4.067598
26.29714	5.57155
5.381854	2.11212
5.671067	15.66448
15.94683	14.23206	3.18334	6.777111
23.34398	15.79224
9.070733	16.55979	5.089812	2.517762	11.89137	25.29376	22.22132
15.32318

0.5312732
17.30884	16.46876	25.15754
8.19723
10.42368	1.586297	10.32151

21.89343
14.92702
8.698012
7.574939	17.43177	12.6269
23.41584	23.23794	4.722931	21.56619
3.630559
1.239773	6.058525
2.694056	9.119011	22.30089
10.35081	21.96037	19.43838	13.23765	0.6965257
20.60482
7.946202
12.90185	27.99455	5.338043	10.54084

11.3014	17.90444	22.60156	24.13631
16.4053
5.360471
15.15784	8.012399
7.230965	12.3383
14.15711	28.21088
8.918357


23.41903
22.74071	10.25387	7.599552
9.817834	7.30959
14.48878	10.44453
9.341869
20.98853
13.33639	7.289972	24.33535
6.489565	25.90109	27.54186
27.56014
7.804539	12.24583	3.371525
1.558603	24.71623
23.85025	23.92806	0.1287721	3.844351
7.858899	22.43475	26.80559	16.59312

11.25025	9.223024	6.287321
23.37718	17.08476
26.21838
10.38177
15.13638	23.21823	1.315972	4.143138
8.751489

14.01895	16.199
8.616222
3.917051	1.270829

27.08301
7.665215
18.39089

14.42608	14.89475	3.694882
15.84521
16.17886	18.16844	10.90267	24.19063
5.252327
10.95703
28.28665	25.89284

9.328408	4.139533
26.19119	25.93192
17.73771	24.31452	26.71057	1.074714
