ExtinctionRates
0.07365157	0.100264	0.04621444
0.06558377
0.01018326
0.008525264	0.08097325
0.03092775	0.01941013	0.04323042
0.003371168	0.0645224	0.02191469	0.005283084
0.09351196	0.02877515	0.00502601	0.0593624
0.09123794	0.03623769
0.05917032
0.01588309	0.1196513
0.0009016239	0.09602262
0.05258631	0.0653579
0.02358967	0.02609927	0.03509514	0.06183779	0.03541503
0.04390731
0.02821475	0.02438348
0.08162718	0.004906804	0.04873891
0.02035213
0.02706293	0.08692834	0.08770362
0.0454252	0.008251104	0.1089562
0.02802821	0.1009622	0.03557137
0.05489595	0.1292055	0.02269294	0.08394339	0.06295733
0.04143309	0.08312115
0.02235545
0.04749477	0.09503586
0.04297219	0.07302388	0.03865472
0.0532009	0.05396492
0.01304918	0.02436547
0.02859668	0.002868735	0.02129088
0.01181212	0.03013817	0.04609642
0.008381755
0.02581891	0.03216608	7.413623e-05	0.01217515
0.03054952	0.001305176	0.02776879	0.006076254	0.083101
0.0491662
0.03460462	0.08162227	0.03386782	0.07266528
0.04397737	0.09327729	0.01318076
0.02409904	0.08198389	0.0445817	0.02842867
0.03837373	0.1134101	0.07965781
0.0917459	0.1103639
0.1086869
0.01072982	0.09743476
0.05164792	0.02632697
0.02651564	0.1076806	0.08833582	0.04664566	0.03666386
0.05361055	0.1176441
0.1032208
0.02054043	0.1053011
0.02410226	0.0975279
0.05239485	0.09161421	0.06877726	0.01638088
0.05567346	0.07388377
0.08628628	0.04522495	0.0329735
0.03170391
0.02918038
0.01518471	0.1014718
0.01125974
0.005229266	0.007609504
0.09638063	0.04405943	0.08824053
0.05925847	0.09204273	0.0106968
0.0341183	0.07633315
0.03834474
0.02527315	0.01350294	0.006130174
0.03443974	0.09142868
0.02021515	0.04479498	0.04676303	0.1017485
0.01833302	0.07161076
0.003003111	0.08465073	0.01604456	0.0001012184
0.004304271
0.01379464	0.001762056
0.004761578	0.03191946	0.08471035	0.06080483	0.06169437	0.03598187
0.07026155	0.1052882	0.06834792
0.03091881
0.06657781	0.03993876	0.03787503
0.01028173	0.1103744	0.03251541	0.09159856	0.08949877
0.02603761
0.005295901	0.0332
0.004618254	0.03934942
0.04032215	0.07491485
0.009744817	0.01836153	0.008392804
0.04581067	0.1243404	0.01586444
0.0169208	0.05189759
0.01060358	0.06431678
0.02055411	0.08594262	0.08217611	0.0792019	0.03782712
0.02229454	0.07513489
0.08972604
0.092109
0.0606499
0.02463545	0.046722
0.03160036	0.07534339	0.02796178
0.009007721	0.0586279	0.04131711
0.01631972	0.09891324	0.01508384
0.03678709
0.01528815	0.0703179	0.02136696
0.003254226
0.005634358
0.02545221	0.005469283
0.02326517	0.01585979
0.02143627	0.07451002	0.08882651
0.00176873	0.05920321
0.04511811	0.09402441
0.04206269	0.06887326
0.001856721	0.02884033
0.01545201	0.07411219	0.01937572
0.05408968	0.1817785	0.04559054	0.03624434	0.07173667	0.05084425
0.04161654	0.08627863	0.02124382	0.005890269
0.03572466	0.07339045
0.0564251	0.0664961	0.03053779
0.01980921	0.05231379
0.01461845	0.06067877
0.06061747	0.04431278
0.01471497	0.05273875
0.02503484
0.04068962	0.01646149	0.05034525	0.02000029	0.06699132
0.001019773	0.03220119	0.05270714
0.0314936	0.09820779	0.08935555	0.02831198	0.02007031
0.0605109	0.06674881	0.01877396	0.0482024	0.03826046
0.04039563	0.1025025	0.05647057	0.1594401
0.06429894
0.02060174
0.04877864	0.1082291
0.04063286	0.02788858	0.02885553	0.03782903
0.01758203	0.07318684
0.009401845	0.07354318
0.005639522	0.1200752
0.05127087	0.04791865	0.02130831	0.06817328
0.05707423	0.01976561	0.06254615
0.03490386	0.1250584	0.06163059
0.08386013
0.08602167
0.04287603	0.1002717
0.03867764	0.09323756	0.07677634
0.02793439	0.1200699	0.03866668
0.0127716	0.1221138	0.007196522	0.05589524
0.05475903	0.1068585	0.04018914
0.02132306	0.111837
0.02754739	0.02514794	0.0425222
0.05959221	0.04302613	0.02249667
0.03732442	0.07326668
0.05399354	0.09810348
0.02270409	0.09200271	0.09048933
0.03728893	0.03432244
0.02389959	0.09941203
0.03864229	0.02082603
0.08396302	0.08901515
0.03585068	0.1006353	0.104709	0.02706045
0.07276124	0.1015069	0.06180867
0.01341357	0.04439814	0.03296282
0.04312369	0.15993	0.008214629
0.02053725	0.07396435	0.03457805	0.036425
0.006297768	0.03146844	0.06040209
0.002984276	0.1146368	0.02224005
0.06373641	0.05459202	0.004122385
0.02634692	0.07705832	0.04956238	0.1016081
0.03024324	0.07530354	0.02898783	0.02750257
0.05628472
0.006782966	0.07217791
0.003096679	0.04484249
0.006665379
0.01590724
0.02596295	0.09999134	0.0296808	0.0375589
0.04239065	0.1792614	0.04747192
0.06881433	0.07203309
0.06124966
0.002671336	0.01459744
0.02553337	0.08239785
0.05271537	0.1128751	0.006981766
0.08045388	0.03390875	0.01556564	0.04456833
0.02951187	0.01697126	0.07748494
0.04032321	0.07717135
0.02533147	0.09942748	0.06655651
0.03639727	0.02896195
0.04022037
0.0986293	8.648323e-05	0.02760665	0.02672214	0.03900238
0.01922505	0.1140046	0.03487396
0.004810346	0.1084352
0.03495862
9.627152e-05	0.05547601
0.02470947	0.08433989
0.04324798
0.01005658	0.01398389
0.05237947
0.04082905
0.005457659	0.05041646
0.02993524	0.05334053
0.0500896	0.09034822	0.03762786	0.008573738
0.01707759	0.03625042	0.0941409
0.01036958	0.03797153	0.0788112	0.0407279	0.07808381	0.1687635
0.01504037	0.07179065
0.05791476	0.08020797
0.1183208	0.1068996	0.05521694
0.02077926	0.1351052
0.0315958	0.159361
0.01697715	0.1132553	0.01639984	0.05109954	0.01639164
0.02906757	0.1110598
0.02564005	0.1619657	0.02465929	0.02348628	0.1029301
0.02188186	0.02546542	0.02924202
0.01051588
0.002139876	0.02762651	0.06805748	0.001281895
0.05172139	0.1244755	0.006212286
0.02881114	0.1760676	0.04919994
0.02665631	0.09497931
0.04348206	0.09791082	0.01280215
0.02511205	0.1106536
0.002027077	0.09195271	0.02058666	0.02327934
0.03201501	0.069702	0.08942017
0.00768458	0.085111	0.03453233
0.001677554	0.05602589	0.05278121
0.01840551
0.02180447	0.03942371	0.01671991
0.0840396	0.06516647	0.03135085
0.001539808	0.0101178
0.03017363	0.01796989
0.0460037	0.07063914	0.01789198	0.05447202
0.009758077	0.04995276	0.03578321	0.05522901
0.03020362	0.08119467
0.05551764	0.1071397
0.03942817	0.07037824
0.03548209
0.001509885	0.02460912	0.09630336	0.05232878
0.02774447	0.1551722	0.04242751
0.02762379	0.121998	0.05282283
0.02198677	0.06614135
0.0813917	0.06528685	0.05158995	0.03358272
0.07809831	0.003363454
0.01322854	0.02191935
0.03448937	0.05181203	0.02158806
0.05733393	0.03776947
0.05312313
0.05155318
0.07280218	0.09948838	0.03137286	0.06907068	0.02325396
0.04588249	0.1288128
0.07290555	0.07709649	0.03536124	0.01182966
0.004659256	0.03192563
0.05442329	0.008503244	0.05002588	0.0541981	0.086069	0.009617468
0.0390962	0.1041778	0.04452759
0.01988561	0.05353897
0.004629605	0.05420667
0.1625738	0.04007864	0.1115496	0.05409639	0.007230846
0.005671244	0.08466857
0.007551915	0.05407933
0.03403433	0.1188971	0.04362658
0.02741507	0.09973284
0.002592607
0.02402351	0.0005856658	0.07886338
0.06874572	0.05367403	0.01559158	0.07024764	0.05849637
0.05705262	0.03841281	0.1222695
0.06073271	0.005045347	0.007944111	0.0349223
0.08876736	0.003634899	0.06890122
0.04974371	0.05165633
0.0256786	0.02747305	0.1105759
0.02173284	0.1192973	0.1372435
0.06289177
0.03311493	0.05573447	0.04360333
0.05574551
0.01292585	0.09918944
0.005976542	0.0601165
0.001532732
0.01272763	0.1245173	0.02823768
0.04689576
0.03491788	0.01327449
0.003363852	0.01264923
0.007566546	0.006969507
0.01254515
0.02031769	0.0467228
0.02727353
0.01729392	0.05895517	0.02667104
0.05436687	0.03705483	0.07388967	0.05516462
0.01099251
0.03553295	0.007328728	0.05737944	0.0385888
0.01053669
0.06549015	0.09352008	0.01279156
0.04776394
0.03787953
0.008234194	0.1051152	0.05374049	0.0857103	0.0162255
0.01706988	0.0683121	0.05647266
0.02880983	0.07698034	0.04307254	0.02811662
0.02494665	0.07456968
0.008045209	0.03500267	0.1463725
0.03365825
0.0225108	0.03785743	0.01926939
0.05226938
0.01595204
0.1100255	0.04086137
0.02927375	0.03998153
0.03993041
0.004516974	0.03209379	0.01669061
0.02395451	0.01144976
0.04862749	0.01374793
0.01656813	0.03215254
0.00360838	0.08325432	0.01850427
0.02600264	0.05887345	0.009202353	0.0403739
0.07118508	0.01270276
0.05587394	0.04106626	0.06773804
0.01573763	0.05330263	0.03763239	0.004374229
0.01035875	0.03652754	0.01044495	0.07212978	0.09260719
0.05673663
0.003066875	0.03354739	0.04112025
0.01432156
0.002548359	0.05974426
0.01299321	0.06015442	0.09103172
0.01126498	0.05466671
0.01258557	0.07238036
0.04700522	0.1061924
0.04421836	0.09419563
0.124629
0.1399972
0.06892798	0.1505529	0.0456918
0.01826811	0.06391756	0.0368371	0.04467842
0.03360752	0.1395529
0.00916189	0.0833382
0.05444391	0.1003699	0.03484586
0.07060263
0.0221305	0.0606752	0.0439212
0.0005416658	0.07066572	0.1265468	0.01632517
0.04267581	0.1397429	0.02601605	0.06417056
0.02497225	0.1527763
0.04231669	0.1377306
0.01130231	0.08757134
0.02255241	0.06077948
0.08434132
0.06407011	0.08027227	0.09955798
0.1851547	0.06848886	0.03380001	0.01060636	0.05032841
0.06680836
0.09847981
0.04957667	0.08875494
0.0281046	0.02936958
0.004227162
0.03390223
0.0282467
0.03496375	0.06226083	0.07219994
0.02967687
0.0001145516	0.03313173
0.01118831	0.0432711
0.01660365	0.08308465
0.01464084	0.07857829
2.357985e-05	0.0759107	0.04261893
0.04499684	0.04158617
0.06070735
0.03121694	0.07056061	0.08436417
0.0131027	0.02081168
0.06408362	0.06910856	0.05558852	0.01302305
0.03542534	0.04538923	0.06352649	0.006917461
0.004380322	0.04557252	0.05405762	0.004028
0.0136548	0.1145584
0.03163762	0.1261342
0.06534177
0.04357645	0.1433584	0.03031987	0.1089404
0.02790788	0.1050704	0.06419552
0.005560121	0.09201917	0.009855279	0.02196225
0.02385504	0.06029597
0.01170534	0.1143049	0.01494865
0.04369929	0.03622956
0.02929228	0.0551547
0.007444839
0.02776821	0.09365271	0.09413823
0.03136004	0.01523837	0.1366888
0.03832275	0.117307	0.05400547
0.06048034	0.1253367
0.0381591
0.01693261	0.0743658	0.05286965
0.003714656	0.1234168
0.04410995	0.06927443	0.03391795
0.04352416
0.03373073
0.008410253	0.05044241
0.01798871	0.013744
0.01204833	0.07288826	0.00445177
0.008911396	0.03573368
0.04394966	0.02574224	0.1151018	0.05902484
0.02808722	0.07859911	0.05828113
0.06024266	0.05795593
0.04104154	0.03448023	0.07250586	0.03428029
0.0190236	0.04439507
0.0003230202	0.06314742
0.01538993
0.002807686	0.06345116	0.04889262	0.01645104
0.05971849	0.07812981
0.1084922	0.06035998
0.01027301	0.07281923	0.0308034
0.001830117	0.05742117	0.05757848
0.06386261	0.07684622	0.01992492	0.02500536
0.04100739	0.07057507	0.01346043
0.04907517	0.05165712
0.02489935	0.09661936
0.03371412	0.08402765
0.03429119
0.01700196	0.03408759	0.08003899
0.00421421
0.008852671	0.0004882013
0.0216053	0.06673026	0.01807801
0.008152055	0.02732429	0.0116308
0.01109219	0.08392349	0.04810813	0.1384618	0.006486941
0.1772182	0.02470971
0.05711894
0.03578576	0.09958407
0.01946601	0.08429388	0.029228	0.008787979	0.0526641
0.03217838	0.07059476	0.02253961	0.1361376
0.05988251	0.1604721
0.0426306	0.1656828
0.02519483	0.04134995
0.03148376	0.07832033
0.0340868	0.04193399	0.04734024
0.03025192	0.0185881
0.01531403	0.005718132
0.03277646	0.04834042	0.02736372	0.02409819
0.005679307	0.03054493
0.002954554	0.0415945
0.09167548	0.004811129	0.02543583
0.001685314	0.02278494
0.006822046	0.09601564	0.02593713
0.01195705	0.04972897
0.1270185	0.04691062	0.07134585
0.0308666	0.03381182	0.02111769	0.07255532
0.03927168	0.09032508
0.009239085	0.0226061	0.08199552	0.04440896
0.00216355
0.01072116	0.008920628	0.05595572
0.01328137	0.04013284
0.04893209
0.07761427	0.05768264	0.105058	0.03885258
0.01954249
0.05744145	0.03479965	0.0589081
0.007198253	0.06372125
0.01215637	0.1256064
0.0179153	0.1080881	0.03417519	0.02778796
0.004553493	0.07070264
0.008441505	0.1030391	0.006962208
0.007227606	0.1054565
0.01978103	0.1428314	0.04735112
0.003017542	0.06089452	0.02682539	0.009472625
0.00973441	0.0445565
0.01403798	0.1004315
0.00300283	0.07211996
0.01229698
0.03338257	0.05563081	0.01351378	0.1150261
0.03616457	0.03193436
0.006667105	0.1076056
0.00033824	0.05440064
0.14994	0.02911241	0.02800751
0.04850576
0.01207535	0.05750297
0.01109035	0.04428859	0.007102483	0.0504755
0.08303136
0.110992	0.06783989	0.03482862
0.0650672
0.06931253	0.04539467	0.07482339	0.03857244	0.1320337
0.003383081	0.04067217	0.1048898
0.01011199	0.01744457	0.04351496
0.03943642	0.06714551	0.03909817	0.05870579
0.01301369	0.05427843
0.03410805	0.07565984	0.04988107	0.03039744
0.04431908	0.04436532	0.07194746
0.04206876
0.03115231	0.03157297	0.00491613	0.02087064
0.02037271	0.07697091
0.04850893
0.02087793
0.02810643	0.1007604
0.008842883	0.09462301
0.008056876	0.0606997	0.08979201	0.03479873
0.0106589	0.02066014	0.03867231	0.07016865	0.05362669
0.01029664	0.1094783
0.0002486035	0.08784134	0.0154298
0.1274847	0.03331248	0.03034766
0.008875101	0.09907014
0.03530225
0.04412223	0.05271819	0.03259371	0.04550887
0.03240922	0.005781299	0.04944264
0.01337321	0.04875912
0.04418912	0.01886012
0.04067487
0.04068982
0.06329873	0.02418411
0.001329026	0.01963768
0.03947919
0.02141487	0.08994133	0.04918988
0.04385245	0.008231906	0.02959532
0.04820959	0.1182641	0.03223695	0.01069896
0.05114491	0.04712006	0.04915767	0.04442198
0.003042568	0.04429767
0.02011199	0.007890432	0.0389008	0.01096802
0.004032756	0.08898189	0.01293563	0.005431331
0.01577088	0.0173612	0.01962529
0.008181481	0.03003874
0.04429317	0.01246442
0.02264705	0.01491311	0.0779013
0.01731925	0.0551367
0.07591047	0.08175668	0.02053118
0.1163656	0.01119529	0.08212713	0.09496502
0.002511316	0.01916971	0.03627584	0.0943117
0.06980302	0.03274769	0.05860098
0.002601676	0.07346492	0.04148348
0.04519058
0.002221951	0.06475839	0.02520076
0.005819846	0.03228813
0.01522915	0.09723936
0.04017062
0.00627481
0.002210692	0.01091862
0.08083935	0.04188545	0.01070889
0.01656747	0.02423099	0.07184122
0.02162988	0.03958451	0.09472214
0.04956488	0.07526729
0.02446949	0.02193948
0.01437694	0.02695322	0.03507782
0.05421861	0.05696319
0.02236616	0.05350199
0.0009412838	0.02827994
0.03903661	0.02404452	0.01784661
0.03235851	0.07765501	0.002440711
0.08446233	0.1067548	0.05311146	0.01901844
0.01195469	0.09843517	0.04318093
0.00252059	0.04680062	0.02521333
0.02358748	0.03358827
0.02709304	0.1221908
0.01428226	0.03733705
0.02973831	0.02665482
0.02828188
0.01507985
0.01832246	0.01518991
0.04821767	0.01466432	0.03038128
0.02541033	0.001745488	0.08591477	0.01773306
0.02204028
0.005587422	0.1098334
0.02312339	0.09841519
0.01075444	0.1001311
0.05150774	0.1429086	0.08326934	0.06459309	0.06006124
0.03778479	0.1595427
0.04312174	0.1166803	0.05159128
0.01848391	0.03835816	0.06054974
0.01337195	0.001185133
0.01144825	0.02636187
0.01906508	0.03170448
0.05812231	0.001559156
0.02795058	0.03194799
0.003778761	0.001045514
0.02182031
0.02593996	0.0559342
0.008710344	0.03267731
0.03146224	0.05865615	0.04206295
0.05154481
0.02281209
0.04166699	0.01672504	0.03588825	0.01405622
0.05926896
0.03184112	0.07474816
0.0440071	0.07566309
0.04339789	0.0858777
0.01715281	0.03821091	0.03605058
0.06551245
0.05465812	0.0707628	0.04417708
0.07848836	0.09391021	0.01784227
0.04865765	0.07883209
0.02446644
0.03300387	0.06210918
0.02299489	0.03827064
0.01889511	0.1266902
0.01450572	0.07772015	0.07478527	0.09991358
0.03850983	0.09095299
0.01983023	0.1431591	0.04044552
0.04108997	0.04866605	0.0388442	0.05030073
0.01047622	0.03884552
0.02039988	0.003542217	0.05653664
0.02516552	0.08206869	0.05425351	0.06039167	0.06197954
0.02182496
0.01764577	0.0228295	0.02574263
0.02647364	0.05366209
0.0417993	0.07000248
0.01112409	0.0362833	0.1294481	0.07205292
0.01962233	0.0677005	0.1090298	0.0248744	0.07815039	0.06540074
0.01789155	0.1186039	0.08646131
0.03719488	0.1869812	0.05695168	0.07503945
0.06348517	0.08598211	0.03566675	0.0270292
0.0406906
0.06575887	0.06873748	0.08714694
0.03980502	0.1239126
0.03246707	0.08548886	0.04153957
0.05748289	0.04138089
0.01978843	0.09319743
0.03198954	0.06567698
0.007346764	0.0651387
0.03589229
0.02750052
0.01811163	0.06956272	0.1306164	0.04953603
0.0487692	0.08530608
0.01941513	0.06293349	0.03621061	0.02624648	0.0177837
0.05925065	0.09135493	0.05206948	0.03712283	0.0342439
0.03767524	0.06164085
0.0399156	0.1070175	0.004982033	0.05345433	0.03576173
0.0371987	0.08706003
0.0007739611	0.03487171	0.01460056
0.07803359	0.004810666	0.03177105
0.008497174	0.05743344	0.03722598	0.04934185
0.08700863	0.07615479
0.06266115
0.04628108	0.02456254	0.04264493	0.08780398
0.05007941
0.001431429	0.06221577	0.1101409
0.08814629	0.01382741	0.01400804	0.0852323
0.01829973	0.08730779
0.01848226	0.05625473	0.01851578
0.06203579	0.0332784	0.01245322
0.00970467	0.1185627
0.0432677	0.11105	0.04499657	0.01188963
0.04131853	0.07130548	0.02034651	0.01625608
0.01912001	0.07099545
0.01521113	0.09771586
0.0177237	0.08281652	0.03661643
0.008483319	0.09557447	0.06621457
0.002806906	0.04594813	0.02261862
0.01133563	0.04837397	0.04076821
0.004102255	0.06934532	0.04761086
0.005719301	0.02942237	0.02633957
0.0502142	0.07136907	0.0228058	0.08288782
0.05043982	0.04170151
0.06063364	0.004199581	0.03481565	0.009728882	0.07177593	0.009018847
0.02698045	0.07685474
0.02010376	0.06094951
0.02113278	0.07747797	0.09107207	0.06277554
0.001036472
0.02467416	0.07382041
0.04721672	0.1035462
0.02399044
0.01039543	0.1000718
0.01566695	0.06521002	0.060364	0.05552156
0.05092678
0.09744024	0.0730164	0.01809155
0.01134563	0.04785024
0.01602507
0.05544718
0.01742572	0.007476968
0.05336614
0.01192488	0.05655819
0.01796616	0.04290999	0.03588609
0.03456076	0.02671527	0.06096285	0.03387954
0.1148815	0.04480504
0.02924585	0.01797511
0.01102508	0.08118634
0.088245	0.04894156
0.03492541	0.03187986	0.05807905	0.04754152
0.02835252	0.09463098	0.01773951	0.009759006	0.0170516
0.006179112	0.09470945
0.00311799	0.06654493	0.03024284
0.02844992	0.0762689	0.02333502
0.03042004	0.1527431
0.0005126557	0.1156339
0.02196276	0.1252675
0.003699777	0.0476719
0.006396775
0.006902399
0.04485537	0.009948718	0.03430111	0.04767377	0.004133545
0.002137767	0.09026033	0.0404193
0.1050351	0.01833651
0.007094732	0.09538097
0.05490132	0.007541465	0.03502782
0.005320519	0.0395649	0.07649606
0.003996875	0.09599908
0.02647143	0.02994718
0.0145979	0.07400711
0.03458284	0.07000864	0.08381255
0.01803489	0.04752037	0.01953229
0.04978684
0.04687026	0.07555969	0.001713758
0.06015955	0.002388744	0.05176727
0.05894591	0.004365548
0.03966203	0.008190552	0.002779507
0.06667394	0.00836891	0.04281656
0.01618642	0.08753978
0.06966068	0.1015613	0.001576923	0.02865872
0.06483504	0.1584361	0.007170881	0.08450502	0.1038624	0.03333531
0.03322205	0.02452719
0.0740944	0.09053817	0.01790183	0.03480529
0.002614669	0.04975238	0.05658066
0.08659777	0.08888248	0.01723555	0.05079715
0.02942534	0.1030743	0.01805723
0.01544334	0.04500467
0.04005846	0.04601512
0.05113198	0.1545044
0.04378024	0.07097036	0.05011546
0.02387093
0.07950374	0.04495185	0.05972957
0.001050667	0.06948818	0.03186326
0.01371595
0.0142824	0.04536764	0.02906446	0.03047649
0.04372868	0.1073911
0.05233282	0.09506288	0.01949499	0.06089163
0.05520847	0.09690349	0.01994883	0.1570713
0.03832931	0.1435332
0.009973512	0.1327431
0.03898738	0.008209706
0.04115701	0.09149566
0.04859474	0.08179972	0.02364878
0.04774874
0.06222803	0.01025413	0.02726944
0.00701647
0.0244264	0.0112465
0.006615954	0.04682527
0.03534796	0.07057637
0.0636051	0.07335351
0.08275312	0.07552002	0.05270089
0.02572494	0.1013672
0.03369962	0.06078401	0.02806747	0.01814341	0.01433107
0.002582605	0.0454405	0.04966101
0.01497715
0.05059466	0.003409707	0.02986927
0.01762876	0.01237343
0.02244884
0.0270522	0.04391906
0.004379446	0.08189747	0.0009037346	0.0474348
0.04596319	0.1032633	0.03435077
0.02831379	0.07405533	0.05991588	0.05536122
0.05543525
0.01363335
0.00646467	0.06480704
0.007622656	0.05074227
0.06044189	0.01875957
0.06970274
0.04229735
0.03143218
0.04829131	0.02811275
0.01199783	0.04135468
0.03884403	0.07986465
0.009022397	0.114392
0.003601954	0.05863241
0.01333564	0.09920306
0.0711867	0.09407198
0.01124062	0.1327085	0.008700531
0.06728497	0.0784269	0.01927433	0.02249367
0.03416713	0.1182577
0.09779955
0.001348435	0.09945193	0.09118852
0.1111024
0.1015416	0.06737462
0.02106285	0.04702352	0.05555417	0.004543202
0.03764483	0.09674423
0.08078853	0.08057201	0.02535306	0.06239711
0.07741215	0.06423684	0.07090003
0.02975605	0.1253723	0.04100154	0.01103901	0.08101064
0.00240733	0.06675973
0.01154342	0.07521842
0.07208642	0.01793449
0.02907765	0.09164695
0.004723504	0.04197102
0.04839898	0.062932	0.02745933	0.007001424	0.03333172	0.06977816
0.02024258	0.07338334
0.01955241	0.08330109	0.1146156	0.02875169	0.02041117
0.05147662	0.01047121	0.02070237
0.005359443
0.1001775	0.04451895	0.03644242	0.07190388
0.01655169
0.01739935	0.001581587	0.04975581	0.006326576
0.04209597
0.004262751	0.05506418
0.05664702	0.02836212
0.03794554	0.04202338	0.01928539	0.04616342
0.002430959	0.05668577	0.04938623	0.0163462
0.02976516	0.01357536
0.01905941	0.07897955
0.06833826	0.03102548	0.05391745
0.02419113
0.00602634
0.03103154	0.04842131	0.1014143
0.02168734
0.01308489	0.02911768	0.0610582
0.03723341	0.05023352	0.02874064
0.02222427	0.0911296	0.008369875	0.03472884	0.01442414
0.02128916	0.04358674
0.02836262
0.03943951	0.02737245	0.03609237
0.02926902	0.0602327	0.0228906
0.0242102	0.05077643
0.003411866	0.08858505	0.01072609	0.05336139
0.01389222	0.1567543	0.07303021	0.07047094
0.0579005	0.1301741
0.0748932	0.1598447
0.1022351	0.09654541
0.03378212	0.02287469	0.07410851	0.03466158	0.05286821	0.04227888
0.04068685	0.02613798
0.05582552	0.05549533	0.01896743	0.06183545
0.0462184	0.03613879
0.09447554	0.09567695	0.05272168	0.06880947	0.05480324
0.07772052
0.01241596	0.09102987
0.07460994
0.07654501
0.04345392	0.04276579	0.01999925	0.03542817
0.04071534	0.008951868	0.05408978
0.003055448	0.09007718	0.01359396
0.004463197
0.09535786	0.01284313	0.01613382	0.02736988	0.00375779
0.0298147	0.06886856
0.05304394	0.04165572
0.1059889	0.05988401	0.03219496
0.0459604	0.04292089
0.02032738
0.06818588	0.04851535
0.05173519	0.1025173	0.02213067
0.01658783	0.06831766	0.08118983	0.08350607
0.02407999	0.08397833
0.00743101	0.05671086	0.05934142
0.01997026	0.059733	0.08039422
0.00175497	0.05887862	0.05419488
0.00291368	0.08589022
0.0285121	0.09182366
0.04795664	0.05872898	0.03647329	0.06272569
0.03422084
0.006638253	0.01611821
0.005036805	0.09142828
0.02390572	0.008554295	0.04931368
0.002378812	0.07266841
0.04071582
0.06643459	0.002835557
0.0111494
0.01212533	0.0774734
0.0003274031
0.02173363	0.00274571	0.007360302
0.007171549	0.04775738	0.003006227	0.03273044
0.03073502	0.1033728
0.09792959	0.1060792	0.002139387	0.1199338	0.02952848
0.01484178
0.02005608	0.1206688
0.03806645	0.115831
0.05971626	0.1766039
0.05338718	0.1428015	0.08173265	0.02094198
0.06419001	0.09794363	0.02856118
0.09582949	0.07637701
0.01559858	0.05371356
0.02552893
0.008240543	0.0650829
0.009993087
0.08665716
0.1013212	0.08205622	0.04623885
0.07895623	0.1077047	0.01064458
0.02291445	0.04051349	0.1017018	0.04499667	0.05879663	0.04082281
0.003233473	0.09032166	0.02116756
0.04611477	0.05126963	0.02900172
0.05023632	0.08002463	0.04456673	0.01044632
0.02794835	0.01234253	0.03740487	0.02875167
0.05118867	0.0423003
0.03219415	0.09264318
0.028002	0.08696618
0.05706223	0.05228515
0.02339779
0.04705415	0.0725294
0.1069274
0.08590338	0.06809654	0.07314027	0.001270886	0.05335648
0.05205135	0.08078015	0.03043787
0.04286383	0.09314102	0.06995756	0.0511416
0.03806948	0.07818041
0.05898319
0.01862847	0.07429057
0.02100945	0.01879305	0.04077686
0.01286683
0.02436517	0.09288649
0.02519541	0.1114165
0.06438907	0.06165875
0.03569962	0.1317041	0.08798988
0.023389
0.02570583	0.01493864	0.05642974
0.02652431
0.002743969	0.08006547	0.003503428
0.02930489	0.04954517	0.06381445
0.02035223
0.01820183	0.07451046
0.07067072	0.0500152
0.02207111	0.0554685	0.03742867
0.02058673
0.007784342	0.01862778
0.007634968	0.04738297
0.03998381	0.00841532
0.1034356	0.0009899406	0.05427252
0.02245482
0.0386737
0.0458168	0.1105483	0.003344279
0.03575883	0.1066933
0.04190549	0.07008685	0.07547135	0.01759157
0.06734172	0.08725028
0.007186203	0.1042511	0.01953875	0.006540816
0.01405813	0.1114542	0.02822724
0.008855814	0.04896315	0.01781325
0.05204667	0.05909376	0.00194491	0.09289009	0.04372611
0.007761354
0.0406403	0.006563441	0.07568629
0.04653606	0.004377006	0.01764684
0.0365228
0.04654622	0.05213884
0.04537564	0.05868913
0.07692603	0.03994639	0.1401655
0.006782687	0.0440545
0.001143574	0.05116227	0.0287552	0.0563371
0.03404316	0.04048281	0.01633357
0.04330105
0.009312074
0.02566671	0.09817229
0.03974893	0.01892094
0.03380857
0.05069965
0.001451103	0.1081907
0.02135541	0.1163251	0.02877942
0.01591137	0.01846895
0.06085921	0.04254484
0.07080314	0.006218634
0.001338684	0.03272681	0.002276097
0.02087495	0.006479381	0.0429229
0.001285238
0.005971176	0.005889424	0.0144033	0.01849485
0.01254872	0.06478641
0.02141411	0.09511073
0.08078426
0.0629383
0.02886972	0.07634457
0.04361042	0.09476312
0.03271069
0.04188596	0.1100164	0.01914085	0.1171523	0.03084903
0.008124857	0.001857232	0.0005832217
0.04813431	0.04989202
0.01229028	0.09302279	0.03031263	0.07137114	0.04863719
0.02272132	0.05947196
0.05816463	0.003780809
0.02589839	0.005757128
0.01664502
0.002269883	0.004648158	0.0337122
0.02125341
0.01904782	0.03398317
0.06407164	0.01110122	0.031444
0.01880643	0.1353162
0.010329	0.06102181
0.02327384	0.05559701	0.01228453
0.0001866473	0.02279596
0.05392769	0.03364625
0.04427219	0.04516626	0.04056088	0.00119528	0.05810496	0.005792364
0.03364333	0.08420598	0.1285722	0.007569686
0.08192851
0.05267452	0.09968637
0.04836416	0.01434989	0.02431892
0.005262529	0.08975053
0.01667871	0.04733067
0.01838253	0.07199779	0.03752361
0.05708393	0.104697
0.006573458	0.01660074
0.03363061
0.02848539
0.01896635	0.09396559
0.07419525	0.00320055	0.07829529
0.04968828	0.02780109
0.04889895	0.004353755
0.04855873
0.02165247	0.01388654
0.009788667	0.0467316	0.009690565
0.006705299	0.01329638
0.009155836	0.01628515	0.01154811
0.04059922	0.05410836
0.02296114
0.01651535	0.03292855
0.01345294
0.006723109	0.07052685	0.03843975
0.03528125	0.08684905
0.005621343	0.02398135
0.004069529
0.02119499
0.0238338	0.1015878	0.04242296	0.07986485
0.05677557	0.04154417
0.05295639
0.02607026	0.1098404
0.0372034	0.1119179	0.03163095	0.02933835
0.01460429	0.04683964
0.04916294
0.01036074
0.01584949	0.04730405
0.02076763	0.07426337
0.02742588	0.03269927	0.07172416
0.02208592
0.005495932	0.02699177
0.01179424
0.006812962
0.01337889	0.02020332
0.06258207	0.04235215
0.02208069	0.08986177	0.0262948
0.007826045
0.01671649	0.01534416
0.003452447	0.05732544	0.01831811	0.001806827	0.05151293
0.006407299	0.05411873	0.03397282
0.04313336	0.09998572
0.00826383	0.06145836
0.03190908	0.0857158	0.0492083
0.00116078	0.03617727	0.01291705
0.00559128	0.0314699	0.00280283	0.004313239	0.06259644	0.07884635
0.001256383	0.04486604	0.004844392
0.03345708
0.007093231	0.02361585	0.02469266	0.00880129
0.05402842
0.02399669	0.02317786	0.07367015
0.07678501	0.0009513975	0.03882063
3.75198e-05	0.07099107
0.04205766
0.0361252
0.02767715	0.1635882	0.03531847
0.002482321	0.1013481
0.03705799	0.09522972	0.01094089
0.007738666
0.04631777	0.02783552
0.02086873	0.06034698
0.06428674	0.04309624
0.03677332	0.04107962
0.0697831	0.05890983	0.005082785	0.05641009	0.1096589
0.07215588	0.1145591
0.03275664	0.03732021	0.04456949
0.01219093	0.08387506
0.05670521	0.0599902	0.02352671	0.07759826	0.09814794	0.02297833
0.04589071	0.04169785	0.02665944
0.004636881
0.02990075	0.0324069	0.1119164
0.02046888
0.01285974	0.04143463
0.0135046
0.01220458	0.07079707	0.04056361	0.07595173
0.03062214	0.05870403	0.01457196
0.01587728	0.09376	0.01947592
0.03876381	0.1810972	0.05964096
0.01227276	0.06438802
0.06197805	0.02297348
0.01853432	0.01211192	0.01074888
0.05624443	0.07258428	0.09686244
0.02482472	0.02985862	0.03306642
0.01128617	0.0257712
0.01481479
0.02783868	0.04473924
0.0160233
0.03595275	0.06712568
0.06173749	0.0659418
0.007310294	0.09058053	0.1097879	0.02977169	0.003414802
0.01553073	0.1033978
0.01893392	0.05155787	0.0555204	0.01206043
0.02625306	0.06825101
0.00799332
0.04365437	0.02120942
0.01228709	0.09187019	0.02227733	0.008882821
0.00611559	0.07785825	0.02937543	0.05036757	0.0003902249
0.02449362	0.07638562	0.05723288
0.01864076	0.1007064	0.03846225
0.01896209	0.01592942
0.01024805	0.04577874	0.0299839
0.01630614	0.07245591
0.04732492	0.06442076	0.06119475
0.09143036	0.01573164	0.0314537	0.05257755
0.03514257
0.1117093	0.06788748	0.07525036
0.111857	0.08354836	0.01742617
0.02559453	0.01598663	0.08447137
0.04619899	0.01639873
0.008990864	0.05603112
0.02489649	0.01203557
0.01239517
0.001040029	0.05307035	0.06439835	0.006979244
0.05269939	0.03267291	0.02531416	0.01086321	0.1058533
0.02372518	0.02876417	0.0385879
0.09605268	0.1269491	0.01907063	0.003739005	0.04877953
0.004942769	0.0526787	0.01298532	0.0289385
0.00959953	0.03230148
0.01702188	0.04904039
0.05622521
0.006378523	0.04845083	0.01631827
0.02832906	0.06988868	0.05330312	0.01042199
0.04638491	0.08059065	0.0477943
0.08904435	0.04605474	0.06128429	0.06379511	0.01698804	0.1101588
0.03133188	0.01246659	0.02029364
0.07667513	0.1222712	0.0692585
0.03374242	0.1248329	0.01180143
0.04577994	0.08562176
0.06322181	0.1066983
0.0401113	0.1661925	0.03644854	0.03937586	0.004079205
0.0007127308	0.1661925	0.06282714
0.05852031	0.1329116	0.04250034
0.06981114	0.07931041	0.008261398	0.0489152
0.03195586
0.04949438	0.15432
0.01451711	0.1354908	0.05501642	0.006177531	0.007796654
0.03539874	0.1470788	0.05057211	0.04816456
0.02132557	0.0851804	0.04454989
0.03683672
0.006959217	0.0426564
0.03115625	0.05416094	0.02224364	0.008941395
0.01133355	0.0910605	0.02515559
0.0324811	0.1143581	0.0250523
0.04105217	0.093373
0.03091878	0.09665734	0.009912765
0.1224418	0.03005271	0.0565202
0.01232369	0.1281995	0.06240522	0.01597193
0.02096046	0.09641602
0.05181459
0.08533051	0.06783003	0.0503182	0.03490007
0.01814419	0.06317122	0.04688768	0.05688976	0.03718711
0.0173999	0.0661513	0.02845797	0.02228978	0.0782009
0.01229303	0.06963556
0.04301948	0.1086662	0.05279728	0.004572629	0.08614143
0.02755123	0.08771973
0.02822229
0.01053662
0.04580692	0.02159673
0.0293486
0.01370043	0.09954754	0.02597552
0.06125076	0.0920479	0.08980071	0.03761891
0.05639397
0.01037881
0.01186472	0.06450412	0.06651284
0.03764002	0.1167433	0.05459177	0.09607741
0.1135007	0.1124256	0.0139649
0.02954089	0.06320546	0.07809898
0.02575588	0.07932758	0.0588101	0.04001852
0.01059292
0.01431704	0.05658725
0.01211416
0.1017591	0.01388168	0.01881006
0.0178769
0.06909827
0.03089553	0.03764896	0.01050749	0.04964058	0.05305879
0.02351647	0.09895433
0.004663423	0.06714952	0.09366404
0.01919851	0.03057799
0.07894622
0.001147117	0.07983743	0.1294637
0.02727213
0.1020643	0.02369559	0.009683426	0.02081825
0.05047356
0.029193
0.03043425	0.01490585
0.01192606	0.0764485	0.005398074	0.0028405	0.05632886
0.03634805	0.01599332
0.01261055	0.09838114
0.01687742	0.05842566
0.04543235	0.03769912	0.05565469
0.01291765	0.01111635	0.07632066
0.008403237	0.0101112	0.08415354
0.005059702	0.05954854	0.04700156
0.007763676	0.05748227
0.01203293
0.0007248862
0.02337137	0.0563942
0.005232284	0.08218904	0.03750089	0.05657461
0.03879522	0.1142983
0.04337257	0.1253726	0.1288801	0.01902598	0.06253498	0.05831522	0.02908581
0.03501416	0.06526327	0.1061698	0.07876028
0.01544195	0.03441048
0.07499022
0.03941812	0.05474822
0.0211701	0.06848605	0.001943221	0.05647417	5.083788e-05
0.07708489	0.02956127
0.0551587	0.039184
0.04319793
0.03299148
0.0744989	0.04163968	0.0230213	0.0154438
0.1244377	0.005574958	0.04229562	0.02476112
0.009268773	0.04929645
0.01492774	0.05286473
0.005960989	0.0315904
0.02402583	0.07253872
0.002129427	0.0585992	0.01051036
0.05482835	0.0601747	0.07426784
0.03121304
0.02117443	0.1395549	0.08680475
0.02406322	0.03256912	0.089017
0.02686683	0.01376544	0.002570095
0.004078683	0.1097457
0.06836741	0.1496303	0.02709737
0.02867483	0.1263705
0.09365811	0.1180251	0.03866039
0.02309366
0.02712017	0.009833817
0.05156429	0.04916234	0.06434284
0.06152711	0.07709182	0.0325414
0.004406905	0.06970372
0.01607207	0.01937055
0.008160889	0.05312601
0.003159695	0.07452077	0.08791134
0.0009021615	0.0587911	0.001875911	0.01883546
0.0386615	0.05938223
0.04155019	0.0750644
0.03888318	0.07299116	0.03553255
0.04990027	0.1028511	0.03322956	0.02202161	0.05063459	0.05675118
0.04164177	0.1109599
0.03911811
0.05411675	0.04457934	0.001023619	0.0113597
0.02713179	0.0259562
0.000883318	0.0642126	0.01431819
0.02539221	0.03445513
0.01324529	0.04294751
0.02153054	0.03515095	0.1174144
0.06623412	0.09694586	0.05000287
0.01052186
0.06614646	0.06885339
0.02991417	0.02134776
0.02379956	0.03173699
0.04385911	0.01476132	0.09226172
0.02014411	0.07532519
0.02365215	0.1020999	0.01655798	0.1121071
0.01118782	0.07285475
0.05623019	0.02327976	0.03402459	0.02888957
0.02438891
0.01452332	0.04567397
0.0100165	0.03715338
0.02570704	0.0888627	0.08355474
0.08223889	0.01519572
0.03694608	0.01312338
0.01414623	0.05689459
0.002755549	0.03529321	0.08285476	0.0009358047
0.0201451	0.07876398
0.003886272	0.02638213
0.007472992	0.02884986
0.002286462
0.04095543
0.02696269	0.134423
0.03874479	0.1553412	0.1181339	0.01160081
0.02040778	0.1197297
0.01481516	0.08799618
0.04232288	0.03044809
0.01493068	0.06045262
0.008187732	0.05425773
0.05263107	0.1029036
0.03183781	0.1627018
0.05184295	0.1428625	0.05811354	0.03729076
0.01226598	0.1120152	0.05884082
0.003022392	0.1030745
0.02583711	0.05944867	0.01367702
0.02253806	0.06784542	0.06252133
0.1286613	0.06717782
0.06535115	0.09245443
0.009859519	0.05969039	0.05090478
0.00760481	0.0494743	0.06383152
0.05283398	0.03787465	0.02081213
0.06926288	0.03961313	0.05314801
0.03368894
0.044876	0.0121883	0.01716094
0.01165702	0.02762263
0.0341287	0.007369745
0.01271294	0.1156957
0.07679292	0.1417016	0.03557272
0.0404794	0.01925428	0.0003259082	0.01903894
0.02526729	0.007062786
0.01152362
0.04067316	0.04340169	0.03613651	0.007709957
0.02566275
0.008074219	0.01829366
0.0008654198	0.01584727	0.1031658
0.01123299
0.005838501
