MassExtinctionTimes
104.1844
104.1503	88.5061	81.82362	46.62824
104.1503	87.47895	44.63838	68.81503
9.071487	46.72174	40.47958

100.8588

52.21241
99.72656	54.15176
6.512153
43.07227	65.57254	40.13285
93.3955	92.22177
80.52284	5.11267
57.6211	5.215609
60.9902	49.73677
45.98876
28.61111	66.76984

42.17301	51.92546
40.28125
72.34592

96.81969
87.61147	40.63325	17.55956
97.76275	39.32027	76.29121


80.65524
92.80319	55.51287
104.9054	85.81226	22.04728
0.2840853	83.08198
103.3857	4.989514
104.4552	92.19851	3.234525	79.27323
104.2073	58.74635
104.2073	51.6773	98.55878	21.97125
96.28559
42.00207	89.96858	104.3169	75.14585	37.75244	26.1596
104.4821	87.63189	79.89175	92.77175
103.563	84.54242
104.3023	86.06175	34.35434
103.7011	90.22857	42.59956	4.127558	81.43274	93.11906	82.18558
104.0109
104.0109	48.29618	35.45886	18.49516
103.9315	88.66562	4.701545	88.76842
104.0124	85.87272
103.7953	36.74183
104.4763	6.044678

104.4626	92.5335	4.263889
104.4626	92.24352	66.04676	101.238
98.73658	73.58133
41.70198	1.113344
88.26367
88.24021

98.53691	8.173886	49.80833	85.36232
98.29833	33.50603
79.2608	23.35771	19.48713	99.78116
34.72549	80.82226
42.63581
20.10881

78.97595
89.64752	88.28711
90.31822	104.0435	36.1995
88.78125	104.0296
104.0296	1.593142	88.89945
94.02174	97.55182	37.02392	6.827004

94.29038	12.62021
102.878	83.41687
86.64299	102.5208
37.92768	70.27746	36.76906
104.0708	93.20433	97.43469
104.0708	84.04058	99.66134	43.47396	22.76729	94.48143
100.8142	9.295801	92.8031
81.57049	74.11606	103.5462	50.87652	44.48037	55.35905
103.5462	87.43153
102.7682
43.32636	86.4341	79.38967
104.4812	35.92438	2.117705
104.07
104.9131	85.95117
99.03492	56.49094
104.1814	35.01694
104.5325
48.55928	47.2734
97.44707	3.507322
44.04546
96.27182	8.883177
88.13036	48.44711
88.37318	99.18282	27.59569
104.1317	56.3165	41.05819
22.48276	5.527807
72.21393
45.44945
90.35256	89.37565
104.3445	74.9277
3.699068	75.90194	20.16854

88.74067	94.21327
26.73311	102.5374
101.6106
29.80457	49.80476
101.6853	45.84689	87.18545	102.5215	93.92964	100.6924
104.0962	92.59292	41.61885	39.32932	19.72037
98.86416
86.4735	73.9598
56.53629
103.7648

98.6386
104.1228	6.913727
104.1228	98.3583	69.93936	95.74924
103.9587	43.17575	4.485543	41.33648
103.3592
96.99013	37.95291	82.9067	37.13254
91.09361	103.0028
103.8456	23.489	41.39796	5.459398
103.8456	41.02123	33.11024
85.39133	27.96818
81.8483	20.90176

98.29362
103.595
102.9737
103.8919	3.677551
103.7114	45.33378
103.9333
86.90198	104.2853	44.71606	83.44262
88.78205	101.6568	41.02265	83.96452	70.30572
92.66146	103.9988	81.46876	46.12912
103.1977	91.79204	84.86764
103.7572	85.13682
104.431
84.37614	69.80522	39.63059
89.72421	98.61779
18.33194
90.9485
50.47105	93.93218	50.67221
15.99081
39.06311	82.01921	41.98882
104.3489
91.97366
43.8743	1.085456	20.17942	13.21095	7.324607
98.53051	20.13143


93.91993
101.5696	89.96131	19.38003
104.9419	104.8964	17.8228	37.64703
103.7408	87.39343	16.63016	81.61293
103.7408	76.72061
103.9753	97.56065	19.49686
103.9214	48.33765	84.45147
102.5842
42.476	95.4079
103.7311	51.10603
103.7311	47.30301	6.765147	86.0639	81.80426
103.7311	101.3371	66.78199
104.0341	2.841238	0.1979443
104.0341	61.72804	92.87046	32.95217
85.97125	104.2265	67.21332	88.90601	4.057099	38.65638
100.8507	90.36222
104.2875	3.075564
30.97694
104.0573	95.88458	82.37907	87.62802	11.99225	54.34051	60.70435	36.97828
98.02724	3.792046
102.2618	92.18591	99.54256	45.45543	91.40239	104.1722
88.44804
40.00772
98.47732	16.60738
103.7455	78.72714
98.24162
93.36485	25.08105	100.8921

104.9228
103.4718
103.8862	97.14981
101.5075	79.86016	16.64532
103.8746	92.92794
103.5697
101.0709	4.672763
104.4434	90.10718	4.205384	88.85109
104.0517	79.02955
104.0517

103.7983
89.82394	50.23578
90.85501
94.78658	2.836684	88.02115
104.1536
94.56186	49.38413
99.02335	0.1556277
13.4206	13.04912
69.41009	46.67773
94.28785	46.80381	44.9976
53.8331	56.66771

99.27675	29.89146



87.71754
104.3998
96.78587	80.42427
95.72951	98.20521	101.5764
9.278262
3.875436
88.96066	77.82825	28.80611
98.71013	45.10922
103.8151	99.5543
104.2516	94.4103
88.7499	102.7435	37.64656	54.01168
103.4144	22.12988	13.34468	0.8657934


104.4605
104.1674	89.58215	46.02817
43.55758	83.60744	98.78493
5.734047
66.12941
43.48795	45.91989
102.4596	45.2135
104.5709	91.80746	56.73945	79.68325	28.45534
100.2747	71.32938	91.03976
100.8443	2.454927	11.21052
41.53251
96.39204

22.10335
102.9203
103.8344	44.94929	4.117422
103.8344	89.59581	20.26919
103.8344	88.15129	23.87248
104.8867	89.73665
6.121744
48.37817
53.12503	96.8694
93.46124	12.52909
90.32336
39.73548
102.9875	96.19502
89.58562	48.27692

43.76747

81.56236

94.05614
94.43833
87.36197
43.63969
104.9824
47.03902
69.82748	44.99968
104.1231
87.91204	98.99425

44.63437
45.31802
81.14183	77.4842

43.65973



38.53335	88.02761
98.72146	103.0586

98.485
5.975197
104.0663	9.681642	37.99394


90.78612

103.9568
1.991162

77.25306
79.97045
87.61524	55.79236
86.29081	15.88438


104.8468	104.1616



22.50431
3.519457	101.0546	81.0876
13.61655	99.04636	7.470189

99.19083
59.62745	103.9301	71.46013
103.3553	77.08667	0.2898327	79.3203	5.304184
98.85554	41.80145	43.63858	96.25952
84.81116	38.97017
103.7062	81.34736	51.295	27.30784	68.97153
104.1514
103.9199
103.9199
103.7186	33.20156	79.89246

99.06057	27.39498	8.796062	90.38839
101.5632	47.77494
103.0197	104.9937
94.02838	83.69682	46.23004	36.50563
81.01655
31.45867	86.77596
38.45515	74.30822
54.74996
104.0962	22.6698
104.0962	85.70003	10.79498	62.649	47.84177	49.51094
103.4085	87.90089	7.655649
103.9957	86.63176	94.24659
92.36078	104.2	8.389689	40.94217
88.78313	104.2	80.96879	99.29339
102.9535	72.66377	98.32607	4.271217	35.07256
93.25729	85.5328	86.96221	19.42201	39.20219
104.0419

43.5486	59.09537


83.86357

98.67115
47.63375	56.66841	27.14075
14.84283
88.75201	85.44199
1.402341

22.18675	35.10763
41.40383	88.20409	66.66706
44.62743	92.71231
59.3405
15.54861
70.03747
104.2696
101.5581	86.75513	38.32015	84.31335
6.808259



43.92983	54.15148


59.23503

4.828084	43.75932
59.82357	82.24016
85.35896	62.02489

42.27654
45.62918	4.032846
98.38804	94.51171
103.786
89.63632	98.78087	26.53455



68.41383

49.33899	93.24473	0.4900949
104.7229	85.23094	42.98892	48.67086	91.28873
103.2582	38.17315	96.707
76.19476
103.9737	41.0153	20.08725	32.77766	52.5953	64.76319
103.9737
99.41809	99.14109	45.2893
59.83257
4.960605
103.8452	76.65049	58.45723
103.49	98.03828	35.87345	85.8011	36.10688
103.9598
104.0453	80.28673	47.70084	80.9098
104.0453	88.83086
84.96692	67.4303	47.00449
103.9027
103.5581	2.630925	14.31248
104.535
104.5462
104.5462	75.83834
104.524	68.79125
104.0454	90.94186
104.0331	1.556156	89.17528
104.0333	86.95256	46.35529	88.69447	23.77739
104.0333	83.97667

46.41304	56.23432
82.40768	66.45636
103.2675
60.94935
99.25876
104.546	3.699368
104.546	27.85498
87.03084	42.86959
83.6721



61.59429	22.57735
78.75389	103.4991	42.03365
103.4991	72.05234	7.111561
98.77887	35.23911	87.08135
103.7855
102.0615

100.0079	43.46862
92.41585
98.5894	6.402395	92.32317
99.16924	39.82645	83.04128	102.1931
88.77693	30.25781
28.96322	70.95399
4.381166
90.09531	5.305008
94.11752	83.22579
88.56872	88.62625
10.76784
77.7586
38.26431
33.86871	4.926416	68.90897
102.6623	81.33618	44.1369	26.79522
94.47002	100.5461	93.28538	39.53756
104.2785	77.91144

101.1455
89.15352	44.59868
42.96331	41.28621
100.1324	13.62792
92.98644	55.00205
103.9995	93.01825
103.8853	94.32591	69.27866	28.81963	6.508874
103.3366
92.87012	103.4833
103.7996	88.5231	94.08458	43.33882	52.59087	11.61199
103.7996	88.5231	44.78524
103.7996
103.9855
103.9855	90.90257	68.95884	51.67832
103.288	61.61375
40.47306
99.50466
97.97913	9.87889	43.72203
75.0724	41.03694
89.6386	48.53684	90.08223

104.0918	87.35537	49.7559
104.0918	87.07043	49.23982	3.995466
104.0918	89.8648	41.88198

104.4542


100.8634	49.18408	49.72352
6.060835	89.28499
74.61782	28.06493
103.9769	49.27491	87.8985
36.92352	4.047831
88.49159	93.04344
87.84261	49.62335


57.68738	90.0449
73.04925
4.948732

74.02817	20.84274
4.289699	13.50342
72.26022
3.351916



81.52353	1.037231	56.87833
44.79963
80.40363
43.94442
39.19233	93.51581
17.89889	95.37126
81.54821	42.224
81.6795
82.39863	11.09149
50.69207
104.3881
3.564041
104.4937	30.38733	93.72687	78.87771
5.647124
88.88188	45.64495
43.1093
93.85	93.93545	5.713347
89.35608	19.26053
1.388007	1.232451	42.49527	19.22374

4.683322	19.87843

104.1661	33.96274	71.68757	102.9457
104.1661	97.94903	59.0822
104.6262

97.19114	47.24273	2.643952
36.14837	96.20691
95.80776	90.48705	99.95895
38.32934
23.53487	48.17987
67.78244
79.956
103.2827
67.43417
46.44887
97.2296	84.85991
103.642	62.80803	86.95934	7.786026
104.1079	21.90138
38.98028


50.67469
32.24011	8.126997	6.92244	19.68616
88.95576
74.90827	57.27376


39.01012	88.07087
88.3103	84.20964
37.02937
26.21114
94.11232	52.65931	45.85784
85.53238	41.74308

83.09524	68.86544	6.284822	30.20361
88.52265	0.07218229	54.26539
45.0834	21.89898	77.8728	84.3151
92.8275	30.0845	9.047149

6.235609	89.30434	25.38408


39.90807	81.03214

104.3791
87.94839	103.5009	82.65888	100.3531
104.4824	65.36435	14.14522
104.0851	84.6433
103.5692	91.57546
103.8719	96.59987	6.980632	24.53852
104.1664	92.9318
98.39557	70.5821
104.1829	39.66366
104.1829	93.84235	23.44406	92.95234	24.50799	46.9088
104.1829	75.22327
103.5095	27.59034	100.7065	3.253656
103.9904	81.4582	41.81667

84.64457	97.10845	37.32156	13.28133	63.8863
104.1566
104.1566	92.621	75.62544
104.1566	98.15968	5.108321
104.1566	36.47925
98.27838
70.28124	5.014836
102.8025	2.301169
103.5596	81.6854

93.92763	95.19867	26.52986
104.0626	81.83675	1.575612	7.136331
97.23363
88.91849
103.0638	89.21047	98.1754	3.264477
91.30819	8.083145
81.98834	66.5955
69.55613	11.24572	72.93818
91.15158
87.69482	20.24822	20.96289
103.8444	42.00288
103.8444	96.04995	92.80949	43.60427	85.97694
99.42303
89.29976
97.12804
104.479	87.84977	58.24128
91.99187
98.94758	6.563227	47.1186	78.63339
99.80656	6.14676	27.47576	22.09167
104.034	28.69621
61.67233
89.358	89.78043	29.19449

67.41726	5.5904	48.52699


43.20458
6.125965	39.66383	38.37027	42.10043
103.8539	86.07477	44.86335
104.0403	76.01616	44.0678	91.67295
104.0403	90.72679	1.355864	56.01835
103.2916	38.32248
24.50137	45.18886
99.03921	85.40136
82.1662	6.241805	88.52517



67.80557
61.25351

95.50309
79.74376	0.4327503	80.93311
33.33262

95.26492	91.8461
87.53045
100.7711
103.8757
103.8757	78.17051	75.35746	42.89496
103.8757	44.64351
103.6083
104.3681	80.74775	87.57597	20.35655
104.3681	86.89652
61.68128	4.93781
41.10338

82.11383
101.3296
38.33443	3.77575
37.95976	30.35788

102.5094	37.25805
104.1639
35.10232
1.596493	98.87698
96.68787	40.06376
54.52933

92.57404	60.29365	100.2733
37.89671
25.74193
93.06336

7.683969	36.75125	43.35012
66.87331	45.37047
57.1629	7.333773
87.04089
103.186	89.78123	92.00867
96.23449	7.455423


40.73605
40.20279	93.9444	98.49493
3.808644	2.58851	88.00251	40.17722	7.070844
102.8623	43.64808	82.67801
89.0121	29.95782	91.44144
104.4793	87.91939
104.4793	80.73181	36.88046
90.63859	102.1249	101.8601
93.05062	80.97286
46.23101	4.981169	95.52921
6.289752	48.9281
87.55349	60.76592
6.288139
84.64526
96.59081
59.69927	11.99339	21.8808
43.11574
45.73465	104.2898
98.69415	6.131212
103.5572
89.14407
103.4784	21.52252
49.29176
102.262
84.76883	101.3795	57.57834	99.17616
3.755972
92.32019
104.9391	87.48738	0.2931412	35.00278
104.4973	87.77282
5.983939	43.21485

40.10067	27.66576
102.3703
81.19518
40.89521
8.480323	55.12829
13.85522
79.41772	73.38117	73.19544	93.79818	23.9376	21.89405

5.192233	84.38893
18.98551
34.98806	32.85687
24.09443



102.9369	104.1658	59.29728
92.32433	102.4966	34.71723	101.9546
104.5301	65.93754	43.42307
94.42204	44.76037
1.964935	39.10712
93.39263	39.46042

103.9681
92.3876	96.75273	90.52856	45.19573
104.11	68.21174	19.21634
103.8423	43.6438	61.71484
104.1592	39.41766
100.6912
88.96485
94.37675	45.45527
94.25947
104.8469
43.86882
103.0963	4.918403
23.12583
15.13171

66.91211
93.79805	101.7656

0.07306632
36.91683	102.7358	17.70929	75.73524
97.08488	17.12636	16.80684
73.20117
97.48569
101.9139	92.98379
97.64908
102.621	95.32625	13.76941	93.25368	20.83811
103.6692	94.33115	1.539025
104.1777	87.35676
93.42481	99.35823	89.43742
84.1783	104.3465	36.34584	46.64466
104.1906	84.28877	57.92023
104.8915	12.39017
102.351
82.10212	48.70344
104.0853	90.7681	2.036673	96.78296	85.4861
1.836511
17.315	101.9388	40.03599	9.264018
93.73513	2.714712
99.31341	81.22171	62.40244	14.69257

78.30522
45.6464	58.84442	84.25944	47.74377

70.1006
68.45583
45.47557
39.13569	15.30852


83.19436	4.123305
32.23258	8.262439
1.614814	34.01018
10.42952	10.55063
84.09975	59.37	9.145137	92.189
82.53389	29.82578	95.55186	8.202293
54.18813	6.870111

45.37662	88.35792
84.87063
23.07496	8.239855	85.87295

6.943957
88.1729	35.58423

104.3321	44.38364	4.833729
103.3407	81.88286	41.94109	96.18763
103.9649	43.23548	24.33972
45.10054	46.42987	81.62727


103.5682	98.46855
98.84715	103.3779	40.66518
75.28665	103.3779	94.47166	86.8716
103.7158	78.43968	61.97126
103.7158	94.20242	92.15677	29.10363	46.17537	88.49815
96.07212	98.76804	38.19809
101.3924
104.0769	73.99549
104.0769	93.7051	89.87186	28.43072
103.4245
103.4245	94.28829	102.7131
104.5079	4.750556	32.96093
97.04793	74.27166
43.97831
45.61008

81.49736

15.00856


37.18126	74.89944
1.190779
2.869292

42.98296
88.16031	101.3413


32.35143
13.70906	86.23493
97.76931	85.57902	42.89329
1.065618



88.96071
95.9788	20.48573

44.90085	92.95129
83.58425	79.68525


104.5375
104.4183
38.15313	96.13272	10.51628
6.114439	88.94289
104.6332	2.538657	36.39689	3.81462	10.11935
102.0672	70.40792	35.71202
4.948666

98.8877
97.42356	35.71007	90.4677
103.98	88.79645
103.98	92.52636	44.4948	77.21166	81.84302
102.2903	98.6795
102.6858
103.9149	97.18399
93.3971	44.27738	104.1669
93.38805	45.12033
58.57662	53.1225

104.0228	44.05889	101.6035
104.0228	87.02107
104.0228
104.0228	88.30522	37.12542	28.0774
104.0228	81.80225	90.49394
104.0228	84.00681	87.43415
104.0228	2.812936	88.51964	8.759817

91.76183
45.13677
40.87886
87.0364	102.1436
95.48615
21.23168
104.5623	87.15906	97.58677	56.21742
104.2988
52.19397
61.00923	47.51196	47.52705	45.23716
89.53056	84.94306	101.8122	65.95567
97.07553	91.64683
99.89177	100.2907
59.05026	85.64068
65.72848

37.99229
68.3921	68.2447
103.2724
103.2724	43.49236	93.46708
104.4977	84.59476	4.202715	44.58241	35.22634
81.50395	95.35613	89.81611	73.30561
95.70939	18.27677	40.1256
104.1021	89.28208	29.14345	44.32307
5.240865	36.8147
0.7136845
34.38931

1.559095

101.6805	96.85314
104.3463
92.11633	37.27342	99.71223
2.550674
97.15545	103.0455
101.6434

32.61861	3.000073
90.19344

88.93411
61.02605	104.1096	28.42265
100.0288	45.29831	11.49569
103.1751	44.69056
25.3748	30.04448
104.8023
103.0916
87.79372
104.019
104.019	83.65624	86.56087
104.019	95.9697	52.07781	31.86903
89.03074
102.2912	43.33384	94.08975	32.72948
96.62685
103.0951
45.50511	98.82943
104.1922	97.12742	75.55509	13.42351
61.00566
96.99665	14.60676
95.97969

6.508965
5.788087
61.20882	49.91508	76.91899	39.64174


61.99921

28.65103

104.6616


86.94315	16.99812
97.61379

36.55175


14.14489



93.86701
96.19653	93.95134	3.471846
83.71798	99.59552	71.43445
103.9689	78.25444
98.30444	10.48367	65.05	46.82473

93.31947
1.781664	87.98596
104.3274	2.542927	43.96148
100.5768	1.185865	88.79189
102.7989	84.35567	75.68107	20.74795
98.85208	43.63038	46.30664	102.1089
104.5286	0.9803556
104.5286	67.21648	34.84686	49.44906
102.4275	34.44926
17.03361
74.40928
44.39495	31.84337
42.69024	11.12424

41.3985
87.28702	46.52046
51.89533	0.1055758


28.8922
80.53664
84.91385	52.99428

84.66951	103.3743
91.29467	24.9572	54.28649
44.54585
10.0894
93.42859	22.82768	62.66135	23.01729
99.16679	105.0426	76.85292
78.37643	85.53124
98.63331	90.53909
18.71752	31.96744


38.16914
6.027621	4.028262

3.001368
43.71238	40.81374
21.45092	31.13227

95.93211
98.40066	66.77012
99.98017	19.24449

98.53372
67.12741	97.97864
91.52279	40.07087	54.52029
90.80463	94.35647	1.646509
98.31181
100.9161	55.57293



99.88952

42.31431	44.02173	34.0211
40.21435

56.0365	41.88534
102.702	96.57069	11.88563	72.10762
73.73226	103.5107
82.92469	2.22693
97.3908	36.98569	45.78208

98.22266	84.60025
95.0365
104.7024	41.38554	2.847858
97.34387	38.53682	33.58791
94.32254	58.98609
98.99043	5.289131	60.81631
104.0666	100.9457	86.52661
1.214174	69.23067
6.268625	37.29468
104.3648
31.69032
84.28282
102.9035
104.0175	56.75768
104.1853
104.1853	51.17821
104.195	49.73522	44.55429
102.8042	86.16839
88.88213	1.865409	5.518806
71.27184
103.6063	76.6557
100.2763
94.16422	7.311633



104.443
87.08805


5.573632

103.2896	2.932215	7.43751	85.14426	3.120754	97.34411	6.742953
104.0635	81.91007	89.78462	42.10457

90.94388	36.6313	5.185672
88.0164	53.75776
81.40163	75.93361
71.56945
4.69707
29.18793	5.981144
84.34098	104.4636

90.64348	44.0938	103.211	54.50155
20.4843	3.411142

72.81617
62.42476	17.2508

94.20407	15.09005
96.91174
103.8938	98.47808
103.619	103.6208	79.20637
103.0434
26.20698	31.24856
48.1633	2.012754	24.5703	13.06255
92.47164	92.5471
23.20484

55.88905	45.07758
14.63024
73.15517	15.5429
104.148	56.81737	85.24702
104.147	52.09645	3.493408	82.13529	53.4355
7.104056	94.11623
103.9205	28.37201
80.71733	99.93049
85.03689	49.6089	97.08079
80.07399
98.35035
94.78995
104.5236	20.26594
104.5236	44.13941


89.25068
52.13883
83.9921	79.16493	4.041692

6.183395	64.68338	7.393398
89.2051	83.34701
45.48545	93.15594	2.027374
80.62917	30.80304
44.49235
42.97837	4.102658


20.48246
89.06722
9.587058	61.04487
88.85053	104.4426	94.41533
104.4426	93.7939
84.84696	104.0423
76.92862
26.00262
101.62	42.09984
22.59563
94.68842
38.19221

37.40538
83.60998	36.03939
79.27641
96.92962	91.74159
80.01923
44.23751	104.1505
104.715	16.56351	86.15077
104.4199	87.71931	45.04565	98.40023	28.79739
101.4282	55.86452	87.99741	47.41641

65.37952
45.78118

4.897987	93.67758	34.41663
45.634	83.48567	21.33486	76.99139	80.86891
99.90112

89.24372	2.367977
97.41673
104.115	103.0025	86.63677	74.51976
83.31557	103.7879	42.87423	72.10357
103.2897	97.63562	20.91386
103.5341	87.59489	104.0169
104.4826	38.802
104.4826	1.333036	10.97684
103.6898	70.35458	88.69511
98.80285	39.20981	0.00611105
38.00562	27.90235
70.15836
19.47374



83.89696	46.4884
42.83767	22.83497	15.875	100.9376

83.6988


32.06244
94.34013	28.38926
104.506
103.4089	7.088621	22.70288	39.97278	86.41028
103.9701	66.65235	61.62882
99.45628	100.4149	79.07591
103.7055	79.44014	39.01261	42.69134	5.805859
103.0614	80.59968	104.4134	50.32796
104.3368	84.75759	94.80131	99.82597
103.9401	78.55762
103.9401	6.984093	0.8185505
103.9093	97.32886	87.08097
103.7386	68.56751	57.95375


44.54427	97.08795
24.83645

104.0769	98.63207
64.7639


100.1619
103.3006	39.29735	31.90231
55.42644
54.1007	43.08478	56.80766
3.313895
45.64728	69.05026
88.85697	93.90396	48.18381	6.057177
4.656471	46.00411	101.6029	8.902951




43.70115
38.43804
39.17943	44.5685
46.22858	87.96198

66.66681
11.07803	42.88497
91.83612
104.0914	81.3028
104.132	60.89113	83.19199	64.61217

102.7411
10.81028	40.02464	12.11144
93.9407	38.02881	102.8551	78.34745

104.0699	99.53622
104.0699	84.12967	98.08525
103.9755
98.68825	89.36984
96.50116	103.7118	81.52784	6.171046	31.95574	56.07215
103.7118	93.36254
103.0782	43.63607	97.85012
44.0924	11.97795	21.65381
37.74762
102.7199
103.884	4.744295
46.18322

7.300308	66.18051	46.23502
94.04396	104.8747	76.4396
81.12377	43.79988
45.25669	16.62391	99.47403
80.24015	40.22778
88.85407
99.02635
80.27834	14.10148	54.1318
22.29322	96.86953

88.7302	42.74352	0.8436998
2.886422	87.66472	5.729449	87.06838

104.224	94.75513
103.6571	74.05061	92.6444	43.33848
103.1252	91.33233	42.98554	55.34624	8.527947	77.61637
102.8325	45.19902	91.858	78.23749	70.83394
104.7872	50.00628
12.84964	60.27644

49.15707
90.47914	35.14101
89.00883	102.9863	103.4517
103.2339	48.18488	42.32804
104.4357	82.27501	85.15395	36.31635
104.4963	93.84236
89.42895	103.5201	70.10745	41.31537	104.7268	75.41381
84.29757	102.787	52.38684	7.208145
88.86968
79.20132	78.55859	2.952312
49.14006	1.605048	17.31949	4.068287	43.70107	82.54931

87.56002
88.79177	40.54248
22.54835



97.62856
91.37632	89.36453	55.66926	39.34244

104.1572	5.181348

96.42307	63.06837

