Iteration	posterior	NumSpeciation	numExtinction	numMassExtinctions 
100	-233.002971131428	1	3	1
200	-238.264011257737	1	1	4
300	-243.258691725411	2	1	4
400	-241.732326605362	2	2	3
500	-238.606456965881	5	3	0
600	-235.810868921171	2	4	1
700	-239.20379348353	4	4	0
800	-234.31050048196	3	2	1
900	-242.139463357082	5	1	2
1000	-234.13899696903	3	2	1
1100	-244.014518678899	3	2	3
1200	-241.325586388795	3	2	2
1300	-250.046772771502	4	5	2
1400	-239.798352625265	4	1	2
1500	-236.035577903668	3	2	2
1600	-252.137885726234	7	3	1
1700	-238.735064886425	4	1	2
1800	-234.539577498641	2	3	0
1900	-243.308457247852	3	3	2
2000	-238.219567891096	2	3	1
2100	-243.146654030456	1	5	1
2200	-233.975924804876	3	2	0
2300	-231.012794093873	2	1	1
2400	-249.90987402026	2	2	3
2500	-255.880609097534	5	3	3
2600	-240.078558369437	6	2	0
2700	-227.014633834245	3	2	0
2800	-235.431892250651	2	3	1
2900	-240.341506104868	3	3	2
3000	-242.85034329445	3	1	3
3100	-243.492191658338	3	4	2
3200	-245.623142209306	2	5	2
3300	-242.287902111747	1	1	4
3400	-242.928853279294	1	4	2
3500	-248.171045608619	2	3	4
3600	-241.260951312871	2	4	1
3700	-258.635265296382	1	3	6
3800	-243.620844592222	1	2	4
3900	-235.169394471627	2	1	2
4000	-251.300289851732	3	2	3
4100	-263.232441683059	2	2	7
4200	-237.792704573086	1	5	1
4300	-244.885896798704	1	2	4
4400	-239.793160100483	1	1	4
4500	-233.007165717751	1	2	2
4600	-236.936025502837	2	2	2
4700	-242.761449451857	2	4	2
4800	-234.792322282621	3	2	0
4900	-243.333621925691	1	3	3
5000	-245.051059384347	2	1	4
5100	-233.633428545709	2	1	2
5200	-238.603647579498	3	2	2
5300	-234.468465014281	5	1	1
5400	-234.951873284333	3	2	1
5500	-236.115038144322	2	3	0
5600	-257.611793764483	3	3	4
5700	-241.397114154692	3	2	2
5800	-254.591003261618	4	1	4
5900	-251.721885404646	6	3	2
6000	-232.755047227747	2	2	1
6100	-236.367663615001	2	4	1
6200	-232.390711555371	4	2	0
6300	-238.904634072084	3	4	1
6400	-241.726799975815	5	1	2
6500	-244.118979457606	4	2	3
6600	-247.310480756785	1	6	2
6700	-243.63812493564	2	3	3
6800	-244.21911575497	1	1	4
6900	-237.971246811234	4	3	0
7000	-260.098679262977	6	5	2
7100	-234.581419599293	3	1	2
7200	-248.849487622246	6	2	2
7300	-245.119959073993	4	2	3
7400	-243.101955446473	3	2	3
7500	-260.238975390076	1	3	6
7600	-247.81297709427	3	3	3
7700	-256.060971705635	1	2	6
7800	-234.249926018853	2	2	2
7900	-242.079032491688	1	5	1
8000	-243.759369347717	2	2	3
8100	-241.999015789537	2	1	3
8200	-226.982181528184	1	1	1
8300	-238.421089726227	2	1	2
8400	-241.453062643802	2	2	2
8500	-244.612459305856	5	3	2
8600	-232.022406528576	2	3	1
8700	-243.438651437484	3	3	2
8800	-240.740749268077	4	1	2
8900	-234.905964468749	3	3	1
9000	-234.860625291682	3	1	2
9100	-233.745901435159	2	1	2
9200	-245.53649347733	4	2	3
9300	-242.85568826605	3	2	3
9400	-239.936546709399	3	3	2
9500	-230.799597747006	3	2	1
9600	-246.385486455763	6	2	1
9700	-244.1394906984	2	2	2
9800	-239.496303767639	3	2	2
9900	-246.631918192484	1	3	3
10000	-253.324443820682	3	6	0
10100	-240.773235534801	1	4	2
10200	-237.799025162722	1	2	2
10300	-234.429660457528	2	3	1
10400	-250.145232037429	4	2	2
10500	-254.395016091364	1	2	6
10600	-250.935598662453	2	2	5
10700	-232.593839565244	3	2	1
10800	-237.528397148117	3	1	2
10900	-240.949076877502	3	5	1
11000	-232.603240677052	2	3	1
11100	-239.810140632578	2	5	0
11200	-246.305242103166	3	5	1
11300	-248.346559536011	4	4	2
11400	-246.229314532902	2	1	4
11500	-260.99846192932	7	1	4
11600	-231.343593028658	1	2	1
11700	-254.94369852941	2	4	4
11800	-236.38611978702	2	2	2
11900	-249.389303535217	3	2	4
12000	-242.762138557902	2	2	3
12100	-245.235550605521	3	4	2
12200	-244.131447602786	4	3	2
12300	-236.956172003178	3	3	0
12400	-230.604458517031	1	1	1
12500	-233.811545093213	2	1	1
12600	-232.351438656686	2	2	1
12700	-241.977340731153	3	3	2
12800	-235.983134352891	1	3	2
12900	-250.126990243523	5	4	1
13000	-252.234284702699	3	3	4
13100	-261.681346193209	3	2	5
13200	-246.169553286779	2	3	4
13300	-246.471108700228	2	3	3
13400	-241.285245735909	4	2	2
13500	-233.929485015609	2	2	1
13600	-249.090592426804	3	3	3
13700	-245.024701901651	4	2	2
13800	-234.424792036768	3	2	1
13900	-231.147335007594	3	2	1
14000	-247.273135737078	4	2	3
14100	-241.759559071796	3	4	1
14200	-252.274808459204	3	3	3
14300	-234.365072961255	3	3	1
14400	-242.308209826304	3	3	1
14500	-264.164949678422	5	4	5
14600	-254.143600736848	7	3	2
14700	-236.514515396824	3	3	0
14800	-239.824478267193	4	3	0
14900	-246.738934828039	4	4	1
15000	-251.035336419185	3	4	3
15100	-255.831586125932	4	1	4
15200	-247.317717698766	2	2	4
15300	-235.266070898683	2	2	2
15400	-242.773978865408	3	1	3
15500	-238.242857161727	2	1	3
15600	-237.719487638158	2	4	1
15700	-240.78359783327	1	3	2
15800	-240.683872618568	3	2	2
15900	-247.291086316983	2	1	5
16000	-243.584855051604	3	2	3
16100	-240.755804271579	2	2	3
16200	-248.085421653599	2	3	4
16300	-260.671864091453	1	4	6
16400	-243.055222308762	2	3	2
16500	-239.119523703703	3	2	2
16600	-240.618102478019	3	3	1
16700	-271.966127260676	3	2	8
16800	-236.847692021807	2	1	2
16900	-265.694484029674	1	5	6
17000	-239.948830245244	3	3	1
17100	-235.611708513897	3	2	1
17200	-236.798954581122	3	1	2
17300	-234.391366268833	2	2	2
17400	-234.110737899866	2	2	1
17500	-250.357717438245	6	1	3
17600	-232.716953420183	3	2	0
17700	-233.667625313832	3	1	1
17800	-231.006538968202	3	1	1
17900	-233.00548430916	2	2	2
18000	-246.357000409509	2	2	3
18100	-238.026999401105	1	4	2
18200	-234.434246909126	3	3	1
18300	-260.146088272666	3	6	2
18400	-245.483381175242	2	2	4
18500	-237.022632138402	2	2	2
18600	-238.97973649923	3	3	1
18700	-234.175340366059	2	2	0
18800	-233.514600441511	2	2	1
18900	-255.311738497951	3	5	2
19000	-233.070610757394	1	2	1
19100	-253.788823619849	1	5	3
19200	-237.24093639734	4	3	1
19300	-240.605888055659	5	1	2
19400	-240.833613491615	3	4	2
19500	-245.328065082102	3	3	2
19600	-243.103216058243	2	3	2
19700	-241.180982831556	1	2	3
19800	-244.78310341691	3	3	2
19900	-232.55454063352	3	2	0
20000	-242.702056269254	1	4	2
20100	-238.309597154254	5	3	0
20200	-241.965073845019	4	3	0
20300	-232.111961798625	2	3	0
20400	-232.73353276143	4	1	1
20500	-234.601147738955	2	3	1
20600	-240.580040839889	1	3	2
20700	-246.642304333601	4	2	3
20800	-233.02065574892	3	2	1
20900	-242.201496114363	4	4	1
21000	-249.681080454751	3	4	3
21100	-234.577374047635	2	2	2
21200	-237.638782190961	2	2	2
21300	-235.430558072944	2	2	2
21400	-242.86734420986	2	1	4
21500	-260.039695191444	3	4	4
21600	-233.434965887078	2	3	0
21700	-234.299018225626	2	3	0
21800	-232.323856819626	2	2	1
21900	-243.087236091894	1	4	3
22000	-243.801005635732	4	2	3
22100	-235.296550928719	2	2	1
22200	-237.608244495183	3	3	1
22300	-245.991489843998	4	2	2
22400	-236.843750856417	1	1	2
22500	-249.313600703033	1	1	5
22600	-254.546701160653	1	5	3
22700	-243.766301318226	1	2	3
22800	-240.851357599598	3	4	1
22900	-235.192893638449	4	2	1
23000	-244.902652083232	3	6	0
23100	-250.058739194281	6	3	1
23200	-235.763840089672	3	2	1
23300	-240.292024123704	1	2	3
23400	-253.404449517343	1	5	3
23500	-238.265264514584	2	2	3
23600	-241.130492235829	4	2	2
23700	-237.50049344917	3	3	1
23800	-238.365392739006	4	2	1
23900	-245.199673194682	5	1	2
24000	-240.363110709113	3	3	2
24100	-242.58296926028	3	5	1
24200	-237.978004909394	3	3	1
24300	-246.093484838851	3	4	2
24400	-254.411554091628	7	3	2
24500	-233.085728816602	4	2	0
24600	-239.257534789448	4	3	1
24700	-240.504403755638	4	3	0
24800	-229.461987456234	3	1	1
24900	-229.859546026036	3	3	0
25000	-231.851387926377	3	1	1
25100	-233.827853640261	3	2	1
25200	-233.551945391178	2	2	1
25300	-230.213641675043	2	1	1
25400	-235.713322717232	3	3	1
25500	-232.446097761177	3	1	1
25600	-238.455809255056	3	2	2
25700	-229.906262262141	3	2	1
25800	-234.268608514971	3	2	2
25900	-234.498941640091	5	1	0
26000	-236.80147725171	5	2	1
26100	-233.309973131072	4	1	1
26200	-245.870118310798	3	3	2
26300	-245.777980015319	6	4	0
26400	-240.886146442975	6	1	1
26500	-236.205866484643	4	4	0
26600	-233.589890672653	4	1	0
26700	-232.230498628174	3	3	0
26800	-240.228204722072	3	1	2
26900	-239.647152534506	4	1	2
27000	-241.647037108691	3	5	0
27100	-240.529783048816	5	3	1
27200	-239.264104509984	3	4	1
27300	-242.632307334961	3	2	3
27400	-239.61163914236	4	3	0
27500	-228.11324396845	3	1	0
27600	-237.609851949983	4	3	1
27700	-239.61841431161	5	1	0
27800	-231.157544276057	3	1	1
27900	-239.168201847933	4	2	1
28000	-227.068928970928	3	2	0
28100	-246.424614206459	7	1	1
28200	-238.043840223736	3	3	1
28300	-242.60597366166	5	2	2
28400	-236.88232157616	3	2	2
28500	-233.331617929977	4	2	0
28600	-248.401075646847	7	3	0
28700	-241.47910857393	2	4	2
28800	-230.520772688995	4	2	0
28900	-235.602007719947	4	3	0
29000	-241.801645218305	5	4	0
29100	-245.1340661898	4	5	1
29200	-248.260151251598	5	1	3
29300	-244.672937407835	2	3	3
29400	-238.504566807769	5	1	0
29500	-235.787190783164	4	2	1
29600	-253.809815513459	5	3	3
29700	-256.705489067658	4	2	5
29800	-244.101116528212	1	2	4
29900	-237.586542807	1	2	2
30000	-255.98131390054	2	2	5
30100	-228.026593082135	1	1	1
30200	-232.906685440571	1	1	1
30300	-236.168564348677	1	3	1
30400	-249.072605872253	3	4	3
30500	-233.567299942984	3	2	0
30600	-254.36823499457	4	2	4
30700	-242.331947535157	2	3	2
30800	-234.274270648616	1	1	2
30900	-251.868807422748	1	3	4
31000	-241.534722350172	2	4	1
31100	-243.71682714826	1	4	2
31200	-239.651168886192	1	2	2
31300	-237.935360762167	3	2	1
31400	-242.822413891209	4	2	2
31500	-264.972317874725	4	2	6
31600	-238.874820626364	1	1	3
31700	-243.960742523294	1	3	3
31800	-264.406998544853	3	5	4
31900	-252.789583712047	4	1	4
32000	-253.641937077879	1	1	5
32100	-261.965603721302	4	2	5
32200	-235.2255416982	4	2	1
32300	-233.686137331435	4	1	0
32400	-238.225278586073	5	1	2
32500	-233.039047625029	4	1	0
32600	-237.038917416964	4	3	0
32700	-237.706710972255	5	1	1
32800	-232.180910948924	4	2	0
32900	-236.492856902323	4	2	1
33000	-249.562298345963	4	2	3
33100	-236.48154946467	2	2	1
33200	-246.084084961265	3	3	2
33300	-236.856668376453	4	2	1
33400	-234.895736089676	5	1	0
33500	-248.496393254979	4	3	2
33600	-239.916239154047	3	2	3
33700	-242.979263338959	4	4	2
33800	-253.004793872868	7	4	1
33900	-236.057375662818	2	4	1
34000	-234.955580629437	1	2	1
34100	-235.241662970701	3	2	1
34200	-245.442748464319	1	1	4
34300	-240.320287490022	1	4	1
34400	-231.827051071112	1	3	0
34500	-240.809454054848	4	4	0
34600	-232.557119453602	3	2	0
34700	-243.581649425799	3	3	2
34800	-232.370037220831	3	2	0
34900	-230.842601428485	3	2	0
35000	-240.390883301711	6	1	1
35100	-235.609735608875	2	3	0
35200	-238.696939914376	1	3	2
35300	-242.731706022205	3	3	2
35400	-241.233167745272	3	2	2
35500	-233.20674102091	5	1	0
35600	-240.028252452082	4	3	1
35700	-234.979378578566	1	2	2
35800	-242.145793175971	3	3	2
35900	-232.140031429058	3	1	1
36000	-238.10328394529	3	1	3
36100	-228.784976078287	3	2	0
36200	-232.963377275368	4	2	0
36300	-228.509937068674	2	3	0
36400	-234.389646017853	4	2	1
36500	-234.413065394561	2	4	0
36600	-253.539951516012	5	3	3
36700	-250.303379520205	1	2	5
36800	-249.998138838391	3	4	3
36900	-243.72068529363	5	2	1
37000	-270.162324202708	6	2	6
37100	-229.25202036329	3	1	1
37200	-247.425235000228	1	4	3
37300	-236.718801165349	2	2	1
37400	-238.021270366497	3	2	1
37500	-252.450862711923	4	3	3
37600	-255.247574996013	2	3	5
37700	-234.664937588573	1	4	1
37800	-252.292838172527	3	3	4
37900	-235.116572535971	3	2	2
38000	-242.256983298725	1	2	3
38100	-238.157839750411	4	2	1
38200	-241.785997083894	3	1	3
38300	-234.086299303258	3	3	1
38400	-226.374187877695	2	1	1
38500	-235.439617555251	2	2	2
38600	-250.077390631011	6	3	2
38700	-238.368628855737	2	3	2
38800	-257.177979492152	4	5	3
38900	-256.096995222055	2	2	5
39000	-235.982883861076	2	1	2
39100	-232.323309372763	2	2	0
39200	-247.282937455735	3	5	2
39300	-243.448143776149	1	4	2
39400	-235.486529260715	2	2	1
39500	-240.145256308221	3	2	1
39600	-236.430456539777	2	2	1
39700	-237.02206367917	3	2	2
39800	-258.497872235472	8	3	2
39900	-236.964083407458	3	2	2
40000	-236.035272832662	4	2	1
40100	-236.728275669796	3	4	0
40200	-235.793458395657	6	2	0
40300	-234.84510142464	5	2	0
40400	-250.902133291182	6	3	2
40500	-248.119761878205	4	2	3
40600	-245.252691078136	3	3	3
40700	-241.004585027508	2	2	3
40800	-236.502864487582	1	3	1
40900	-246.891598846312	4	4	1
41000	-227.595569414135	2	2	0
41100	-254.118421611766	4	4	2
41200	-232.028051174683	4	1	1
41300	-255.391985991245	5	3	3
41400	-252.299863413511	4	2	4
41500	-241.961492054979	5	1	2
41600	-248.806582582108	4	4	2
41700	-231.347832320116	3	1	1
41800	-239.508857598535	3	3	2
41900	-241.782871271821	3	2	2
42000	-237.197226995827	2	2	2
42100	-242.851663806331	3	4	1
42200	-234.505746134312	3	2	1
42300	-232.007412465346	2	3	1
42400	-256.567914082251	6	2	3
42500	-260.062878568321	5	3	4
42600	-258.153398540216	3	4	4
42700	-234.888496848971	2	2	2
42800	-237.917083737704	6	2	0
42900	-235.843465160912	3	2	1
43000	-238.538871866818	4	1	2
43100	-243.711196501928	3	4	2
43200	-243.685452176217	5	2	2
43300	-238.233142974536	3	2	2
43400	-245.774999708377	5	2	2
43500	-257.446083651717	2	3	5
43600	-234.439891069778	4	1	1
43700	-241.64282491924	4	2	2
43800	-256.308803374788	1	4	6
43900	-236.405646547235	2	1	3
44000	-236.3307668826	2	3	1
44100	-229.00131184131	1	1	1
44200	-262.141989065579	3	5	4
44300	-237.836582102547	1	3	2
44400	-235.374973443649	3	3	1
44500	-238.535942651061	1	4	1
44600	-247.61923750545	3	2	3
44700	-250.587466452368	3	4	2
44800	-243.455533050446	3	3	3
44900	-234.22607993834	5	1	0
45000	-247.407143136832	3	4	3
45100	-245.490054987427	2	2	4
45200	-241.627436401383	3	1	3
45300	-226.210010049313	3	1	0
45400	-232.170373634576	2	2	1
45500	-230.731000445039	3	2	0
45600	-235.60826025973	3	4	0
45700	-259.876959647713	5	5	3
45800	-245.889452267339	4	2	2
45900	-242.069610026166	4	3	2
46000	-251.956883579773	5	3	3
46100	-240.40436806498	4	2	2
46200	-240.868835002798	4	1	2
46300	-259.028565288559	7	4	2
46400	-235.359289957921	4	3	0
46500	-233.367789953665	4	2	0
46600	-243.585223843515	5	2	2
46700	-234.847646597536	4	1	1
46800	-233.852271230124	4	1	1
46900	-235.968139647662	4	2	0
47000	-239.944532049034	3	2	2
47100	-241.525695324506	5	1	2
47200	-243.88373327496	4	3	1
47300	-236.310141859509	3	3	1
47400	-236.830149637749	3	4	0
47500	-241.354757258505	5	4	0
47600	-230.921496394737	4	2	0
47700	-249.457385289366	4	4	3
47800	-236.281156197379	3	4	1
47900	-240.682348707495	5	3	1
48000	-238.61054389638	5	2	1
48100	-244.720524683042	5	2	2
48200	-243.603897995566	4	3	2
48300	-236.980602398792	4	2	2
48400	-243.254423855125	5	3	1
48500	-254.158772191222	5	4	2
48600	-239.860631897341	3	4	1
48700	-239.093848176258	4	3	1
48800	-247.804272913716	6	3	1
48900	-243.104653518654	2	1	4
49000	-233.74183948631	3	3	1
49100	-241.80449868429	2	2	2
49200	-230.887030939459	1	2	1
49300	-243.904798231942	4	1	3
49400	-239.072711430083	4	1	2
49500	-250.392840616631	4	2	4
49600	-229.840016625083	2	3	0
49700	-245.422600625913	5	3	2
49800	-231.394093091102	3	3	0
49900	-247.10620369555	2	2	4
50000	-243.586401849571	3	2	3
50100	-237.811506578245	3	3	1
50200	-230.01296148954	3	2	0
50300	-246.197092166615	3	2	3
50400	-237.580092643851	3	2	2
50500	-255.189789816352	6	3	3
50600	-237.013791427996	1	3	1
50700	-247.017537623256	2	4	2
50800	-235.949072828141	3	3	1
50900	-238.308544590263	4	3	1
51000	-241.238804476468	6	2	1
51100	-234.779626357196	3	2	1
51200	-236.74709060609	4	2	1
51300	-242.241345959392	3	2	2
51400	-253.097310415494	4	1	4
51500	-236.81275220703	4	1	2
51600	-236.142114772916	3	2	1
51700	-231.418619379483	3	3	0
51800	-240.909600717112	5	4	0
51900	-236.594874094562	4	1	1
52000	-253.316791807847	4	2	4
52100	-233.828057766743	3	2	1
52200	-240.220719964592	1	2	2
52300	-244.032090679353	3	5	0
52400	-231.590929401379	2	2	0
52500	-242.73145474233	2	3	2
52600	-242.646981312512	3	3	2
52700	-244.20319736476	6	2	1
52800	-235.985573482387	3	2	1
52900	-246.31559929196	5	2	3
53000	-242.708468718174	5	2	2
53100	-229.649933830599	4	2	0
53200	-255.088942851308	5	2	4
53300	-239.75196856122	3	1	3
53400	-252.847003580712	4	2	4
53500	-249.350584337323	3	2	3
53600	-235.659929732643	4	3	0
53700	-254.231741855289	6	1	3
53800	-233.82036192547	6	1	0
53900	-237.223510677249	4	4	0
54000	-233.649056777083	3	1	2
54100	-233.647013414522	4	2	0
54200	-239.011920677924	4	2	1
54300	-253.709904579844	4	2	4
54400	-245.562673332203	3	3	3
54500	-230.749802920851	1	1	2
54600	-245.092307549343	2	3	2
54700	-257.37333855481	4	3	4
54800	-236.689569123496	2	2	2
54900	-241.71315722744	4	1	2
55000	-240.783252459647	4	2	2
55100	-261.195335070774	3	2	6
55200	-239.129554513731	2	2	2
55300	-253.03644918795	1	4	4
55400	-240.0451598286	2	2	3
55500	-245.497779100083	5	3	0
55600	-260.506837104221	2	4	5
55700	-228.680028517207	2	2	1
55800	-243.268154131401	2	3	3
55900	-249.282443791472	2	5	3
56000	-234.341572803714	3	1	2
56100	-235.020706863508	1	3	1
56200	-243.172937704615	4	2	2
56300	-236.771574367849	1	2	2
56400	-246.928957835502	3	4	2
56500	-245.508821131984	2	6	0
56600	-249.617432750435	2	3	3
56700	-254.401926235734	1	4	4
56800	-241.022088797401	1	4	1
56900	-235.053232132955	3	1	1
57000	-248.111256652993	1	3	4
57100	-248.129513562491	4	2	2
57200	-244.303999927991	4	3	2
57300	-254.413685489123	6	2	3
57400	-241.289221937332	5	2	1
57500	-246.242485047908	2	2	3
57600	-239.639990443721	4	2	2
57700	-247.487698762714	1	1	5
57800	-232.553888107587	2	1	1
57900	-242.554947287913	3	4	1
58000	-233.406908347937	2	2	1
58100	-247.459584146833	1	5	3
58200	-242.950442210987	1	5	1
58300	-248.173552502408	2	2	4
58400	-256.460267430295	1	5	4
58500	-235.170314565144	1	2	2
58600	-235.787343831068	3	3	1
58700	-244.10446163166	3	3	3
58800	-232.822380247693	3	4	0
58900	-252.380028544746	4	2	3
59000	-237.835758766133	5	1	0
59100	-248.282324066837	5	4	0
59200	-234.958062025476	4	1	1
59300	-254.878316517048	4	3	4
59400	-247.159340093278	2	4	3
59500	-247.016152180952	3	2	4
59600	-248.238169008962	3	3	4
59700	-241.928949306971	3	3	2
59800	-237.57799366078	1	2	2
59900	-246.152861192858	1	4	2
60000	-247.388128830296	2	4	3
60100	-227.816480341922	3	2	0
60200	-229.324821336204	2	2	0
60300	-238.2396844194	5	3	0
60400	-240.206055582683	4	3	1
60500	-239.960580909223	4	3	1
60600	-251.025426429073	9	3	0
60700	-234.841307685673	3	3	1
60800	-249.478925273293	5	3	3
60900	-237.548619937913	3	4	1
61000	-228.234758825584	3	2	0
61100	-249.74613436846	2	6	2
61200	-236.946882352604	4	2	1
61300	-241.358615644823	5	2	1
61400	-246.226689350502	5	4	1
61500	-244.812501883786	3	1	4
61600	-243.662192379594	4	2	2
61700	-240.235155320858	5	2	1
61800	-250.225976629812	5	1	4
61900	-236.452474383946	3	2	2
62000	-246.686392147792	2	4	2
62100	-232.832699618403	4	1	1
62200	-232.660635184801	3	3	0
62300	-235.146123734252	3	2	1
62400	-231.254243659984	2	1	1
62500	-240.253810085845	4	1	2
62600	-241.251674363723	4	2	2
62700	-226.724173709571	3	1	0
62800	-235.285260809989	2	2	2
62900	-234.047822681679	3	3	1
63000	-240.717967531363	4	4	1
63100	-239.454653495688	3	2	2
63200	-242.119850688531	5	2	2
63300	-237.345373714568	4	2	1
63400	-232.024021037598	4	2	0
63500	-255.02724208765	4	4	3
63600	-242.232253243471	3	5	1
63700	-235.555981114492	1	2	1
63800	-234.249965775599	1	3	1
63900	-230.638607964669	2	3	0
64000	-246.300031171416	2	2	3
64100	-235.7375940831	1	2	2
64200	-241.059911798814	3	2	2
64300	-237.316684863812	4	2	1
64400	-242.566884199354	3	1	3
64500	-234.606200924461	2	1	2
64600	-243.23548142123	4	5	0
64700	-236.354547079415	5	3	0
64800	-233.372838156581	3	2	1
64900	-247.302258011666	4	2	3
65000	-256.250979947558	4	3	5
65100	-245.992232618176	4	3	3
65200	-243.083169226812	3	2	3
65300	-237.481018099924	2	2	2
65400	-242.415592302965	1	2	3
65500	-246.194753056554	2	3	3
65600	-249.257713304518	6	3	2
65700	-241.051293683503	3	1	3
65800	-244.378011627236	4	3	2
65900	-246.650692644898	5	3	2
66000	-231.456314728342	3	2	1
66100	-234.663369153393	2	3	1
66200	-236.503717112139	3	3	1
66300	-239.528792151927	2	2	3
66400	-237.978842181106	3	4	1
66500	-255.575146642132	4	6	2
66600	-236.800241577332	3	2	2
66700	-239.75840858572	2	4	1
66800	-242.139513416962	3	3	1
66900	-244.780069324185	3	4	2
67000	-235.346065080681	1	3	1
67100	-234.460873271669	1	2	1
67200	-248.414366781881	2	2	4
67300	-235.085620595509	2	2	1
67400	-238.004697206098	2	3	1
67500	-245.429036745155	3	1	4
67600	-237.550058855248	2	3	2
67700	-257.528973986045	7	3	2
67800	-225.768601008572	3	1	0
67900	-249.621033804077	4	4	2
68000	-231.020664876893	1	2	1
68100	-243.88303330934	3	4	1
68200	-246.791083144022	2	4	1
68300	-236.939010580463	1	2	2
68400	-233.752346077708	1	2	1
68500	-263.03126225471	4	2	6
68600	-232.16280890052	3	2	0
68700	-239.215563422008	3	3	2
68800	-236.513294334188	4	1	1
68900	-245.858778306587	4	3	2
69000	-229.086288596972	3	1	1
69100	-229.928624952895	3	2	0
69200	-229.466268140915	3	2	0
69300	-236.291389770573	5	2	0
69400	-244.199683265092	2	2	3
69500	-251.89320790477	2	3	4
69600	-239.578032998058	1	2	3
69700	-249.761783711184	3	5	2
69800	-241.28358062344	3	3	2
69900	-244.735836012749	5	1	2
70000	-231.56727368258	3	3	0
70100	-240.278644486927	5	2	1
70200	-245.00553703728	1	1	4
70300	-245.050727862855	4	2	3
70400	-250.222806970341	3	4	3
70500	-234.667114329091	1	3	2
70600	-238.275947538668	1	4	1
70700	-231.976629272526	1	1	1
70800	-236.694129124267	2	1	2
70900	-245.03319249042	6	2	1
71000	-240.785698516431	4	2	1
71100	-239.392723247198	4	2	1
71200	-236.557997646988	3	1	2
71300	-233.054335211482	4	1	1
71400	-243.948295324563	5	1	1
71500	-234.795812302005	5	2	0
71600	-243.765602368183	5	2	1
71700	-239.161553927557	2	2	2
71800	-232.703967668674	1	2	0
71900	-238.849187268978	3	2	1
72000	-250.255513102275	2	2	4
72100	-245.60356949726	1	2	3
72200	-241.212175121602	4	3	1
72300	-242.742259843268	3	4	1
72400	-239.72007124453	2	2	2
72500	-234.713292534237	1	1	1
72600	-255.485656460754	1	3	5
72700	-236.377221924103	1	1	3
72800	-235.763004183581	1	2	2
72900	-245.413342078681	1	4	3
73000	-242.776466401877	1	2	4
73100	-246.63259025915	1	4	3
73200	-247.408276451136	2	3	2
73300	-245.03529834732	3	5	1
73400	-235.313784666471	2	2	2
73500	-257.432929981123	3	2	5
73600	-242.684625770348	4	2	1
73700	-257.861753499148	3	2	4
73800	-241.747887698423	3	2	2
73900	-269.346588674515	5	6	4
74000	-232.621308391733	4	2	0
74100	-248.76916930644	4	5	1
74200	-257.013963510405	4	3	4
74300	-233.241029118218	3	1	0
74400	-244.931209963685	4	4	1
74500	-241.98382496694	7	1	1
74600	-245.980801873902	6	4	1
74700	-243.588787754185	5	1	2
74800	-231.356806106407	3	2	0
74900	-231.051009900364	4	2	0
75000	-252.617644515697	5	4	2
75100	-244.623309781767	3	4	2
75200	-240.207763884449	3	2	2
75300	-238.024804783059	3	2	2
75400	-254.559281394506	4	3	4
75500	-246.376203094183	3	1	4
75600	-244.380327155842	5	1	2
75700	-238.087914934701	5	3	0
75800	-244.239466625922	6	1	2
75900	-234.587866798203	3	3	1
76000	-243.389330548719	3	3	3
76100	-244.228047636587	4	5	0
76200	-232.454224289568	3	2	1
76300	-235.486471588396	3	1	2
76400	-235.948518328403	4	3	0
76500	-242.94038521831	3	3	3
76600	-248.764920241589	3	2	4
76700	-254.858744727469	4	4	3
76800	-246.642197738847	1	4	3
76900	-229.036342718397	1	2	0
77000	-236.020431813384	3	2	0
77100	-237.991066202413	1	2	2
77200	-252.369573312129	1	6	3
77300	-247.000973876044	1	2	4
77400	-248.103306235659	2	4	3
77500	-260.235958378214	3	2	6
77600	-252.869410793806	1	5	3
77700	-232.86372825051	2	1	1
77800	-235.423956213849	1	2	2
77900	-248.005218728185	2	1	4
78000	-231.229617039528	2	1	1
78100	-249.721506513657	4	4	3
78200	-248.852350709069	5	3	3
78300	-248.765316167766	6	3	2
78400	-234.651498700901	5	1	1
78500	-244.099817426433	4	5	1
78600	-229.60343380042	3	2	0
78700	-234.510493030189	4	2	1
78800	-234.739249051492	4	3	0
78900	-246.399243780907	6	2	1
79000	-229.959739278182	4	1	0
79100	-231.671524691008	4	2	0
79200	-258.104508928253	7	3	2
79300	-245.53266442583	3	4	1
79400	-234.399635334503	3	2	1
79500	-238.256932056837	5	3	0
79600	-249.343315578679	7	3	1
79700	-249.356208289011	3	3	2
79800	-238.911800170998	6	2	0
79900	-230.352331212098	3	2	0
80000	-241.328907312453	3	4	1
80100	-242.165172351617	5	1	2
80200	-244.144330175341	3	2	3
80300	-231.629351967859	2	2	1
80400	-228.585487724198	2	3	0
80500	-225.489235366846	2	2	0
80600	-230.660324898802	3	1	0
80700	-237.194215954734	3	2	1
80800	-234.648097970343	3	1	2
80900	-227.537654207188	3	2	0
81000	-239.058316790795	5	1	2
81100	-248.426936511965	6	3	2
81200	-233.553181261929	3	4	0
81300	-235.1027245767	4	2	0
81400	-245.899744881381	3	5	1
81500	-231.202345993345	2	1	1
81600	-244.796497594143	2	2	3
81700	-235.97629203871	1	2	2
81800	-254.976296249555	1	2	5
81900	-258.312691594316	4	4	3
82000	-240.446733562775	4	3	1
82100	-234.977415790169	4	2	0
82200	-236.188985168223	4	2	1
82300	-255.343951357193	6	1	3
82400	-233.995069349424	3	2	2
82500	-248.372632162853	2	1	5
82600	-239.484465454964	2	1	2
82700	-234.531739370561	1	3	1
82800	-244.804830621952	3	3	2
82900	-258.371220979868	2	6	3
83000	-236.773210189797	1	3	2
83100	-242.831110911037	3	3	2
83200	-245.469307326836	4	4	0
83300	-252.443929669283	4	4	3
83400	-242.72510373642	4	2	2
83500	-232.447622187624	3	2	1
83600	-244.137710829377	1	2	4
83700	-237.328317272121	1	2	3
83800	-244.055410676662	4	1	3
83900	-254.671562221421	4	2	4
84000	-247.227002205236	6	1	0
84100	-261.182955610512	6	5	1
84200	-242.332721167839	5	3	1
84300	-250.300015699489	5	4	1
84400	-242.420269464722	4	2	2
84500	-237.144705189635	5	1	1
84600	-241.277955045318	4	2	1
84700	-250.646024062473	3	3	4
84800	-231.261630816649	3	1	1
84900	-237.593772412473	3	2	1
85000	-249.669131284428	2	2	4
85100	-250.204423066584	2	2	4
85200	-246.673345339385	3	3	2
85300	-238.638712716017	3	1	2
85400	-245.301589274454	5	3	2
85500	-239.505249530315	5	1	1
85600	-234.312105948581	4	3	0
85700	-239.029639074338	5	3	1
85800	-240.905086961798	5	1	2
85900	-231.685915507481	2	2	1
86000	-245.127975836315	3	2	3
86100	-255.114508914204	3	3	5
86200	-248.226140404988	2	1	4
86300	-247.805227739218	3	2	3
86400	-246.308828190259	3	2	4
86500	-245.426442545829	5	2	2
86600	-238.564376688644	1	3	1
86700	-240.083653163811	4	1	1
86800	-226.537941002664	3	1	0
86900	-246.592341090957	6	3	1
87000	-231.559231181396	2	2	0
87100	-244.632831170334	2	4	2
87200	-230.367686204466	1	2	1
87300	-249.645180127206	2	4	3
87400	-236.463277812534	1	3	1
87500	-237.589062041357	1	3	2
87600	-242.727315241068	2	5	1
87700	-229.82905609263	4	1	0
87800	-245.717927629835	5	3	2
87900	-233.532934885672	3	3	1
88000	-234.666338440992	6	1	0
88100	-234.653535205944	4	2	1
88200	-240.402213321389	1	2	3
88300	-252.090524231876	2	3	3
88400	-239.556181194498	3	2	2
88500	-245.141262643889	3	4	2
88600	-236.552752030893	3	3	1
88700	-239.005129932015	3	1	1
88800	-233.534517906648	1	1	1
88900	-238.526133245948	3	2	1
89000	-238.888407741677	1	2	3
89100	-246.751365448928	3	1	4
89200	-233.008118712777	1	1	1
89300	-248.440299507529	2	2	4
89400	-237.767186916272	3	3	1
89500	-244.111511171082	5	2	1
89600	-239.743067658971	3	2	2
89700	-253.170900855125	5	2	4
89800	-242.816782173753	4	3	1
89900	-242.978397275616	3	3	2
90000	-230.207158771395	3	1	1
90100	-239.366150440691	4	4	0
90200	-235.574717347958	4	2	1
90300	-237.642082654485	3	2	1
90400	-254.401381449911	4	1	4
90500	-231.316294678279	4	1	0
90600	-231.413067937607	2	2	0
90700	-240.422193756287	5	2	1
90800	-228.891337132816	4	1	0
90900	-247.225174513564	4	5	1
91000	-241.477588413355	6	3	0
91100	-234.330355928346	3	2	1
91200	-239.919741872773	3	5	0
91300	-229.715353067598	3	2	0
91400	-234.874325357396	2	2	2
91500	-232.929808787279	4	2	1
91600	-224.300033325693	3	1	0
91700	-233.594189644927	3	3	1
91800	-224.949030566879	3	1	0
91900	-234.154694075526	4	2	0
92000	-238.55609674763	4	3	1
92100	-252.59153564409	8	2	0
92200	-232.619882009945	4	2	0
92300	-234.858617347635	4	3	0
92400	-242.45098744694	6	2	1
92500	-243.557435716258	2	2	3
92600	-260.491164158399	3	6	3
92700	-241.19359705966	1	4	2
92800	-250.766178794815	2	1	4
92900	-236.165420749162	4	2	0
93000	-238.182211651799	3	3	1
93100	-241.37513721874	4	2	2
93200	-246.650604969507	4	2	3
93300	-244.951278139826	2	3	3
93400	-249.551772736818	2	2	4
93500	-255.904405255334	5	2	4
93600	-231.957399954043	2	1	2
93700	-246.549140902716	3	1	4
93800	-238.075589591185	2	2	2
93900	-250.054799146134	6	3	1
94000	-232.45822221932	3	2	1
94100	-240.447125774414	3	2	2
94200	-246.503348229567	6	1	2
94300	-230.286970585554	3	2	0
94400	-233.742821532582	3	3	1
94500	-234.884339198735	3	2	2
94600	-239.911629481776	3	3	2
94700	-229.458357402242	3	2	0
94800	-233.824684377859	4	1	0
94900	-236.630391494718	4	2	1
95000	-235.198167797078	4	1	1
95100	-240.332147692441	3	3	2
95200	-230.537668902971	4	2	0
95300	-241.70725196281	4	2	2
95400	-241.454008843055	3	1	3
95500	-231.918285586502	4	1	1
95600	-239.427252554209	3	4	1
95700	-248.294225058653	3	2	4
95800	-240.743688289132	2	1	3
95900	-238.071828464785	3	2	2
96000	-244.117534532255	3	4	2
96100	-237.516928489402	3	2	2
96200	-231.088747496535	3	1	0
96300	-232.856904600171	5	1	0
96400	-240.616434875566	6	2	1
96500	-240.481251121389	4	2	2
96600	-236.963853833324	4	3	0
96700	-233.56118068057	3	1	1
96800	-236.726351817378	3	2	2
96900	-244.598633996068	5	1	2
97000	-233.294571042445	4	1	0
97100	-229.175805028542	2	2	1
97200	-238.075465533124	1	2	2
97300	-245.179841785285	2	3	2
97400	-230.790534203665	4	1	0
97500	-237.320661546009	4	2	1
97600	-281.002036881192	12	5	2
97700	-244.723282253807	3	3	3
97800	-244.528888958671	2	2	3
97900	-237.075102143436	3	2	1
98000	-247.170101345003	4	3	2
98100	-235.676458727862	3	3	0
98200	-244.006241894693	3	6	0
98300	-228.917437177965	2	3	0
98400	-230.172164496774	3	1	1
98500	-233.614136126087	3	4	0
98600	-258.76618543793	7	1	3
98700	-243.405643504909	5	3	1
98800	-233.432408525275	4	3	0
98900	-247.283969351523	4	2	2
99000	-244.944102115401	1	1	4
99100	-237.452262309183	3	1	2
99200	-241.48845011659	1	3	2
99300	-248.511460963934	3	2	3
99400	-244.97443642455	5	3	0
99500	-235.024346436187	2	1	2
99600	-240.809419877461	5	2	1
99700	-249.085708019996	5	2	3
99800	-248.440904615831	5	2	3
99900	-242.706281860739	3	2	2
1e+05	-249.946627392082	1	5	3
100100	-249.49895658359	3	2	3
100200	-245.398831451136	5	3	2
100300	-242.937539624665	4	2	2
100400	-253.381677577534	5	6	1
100500	-240.948805773725	4	3	1
100600	-234.388036755506	3	1	1
100700	-246.515085703457	5	3	1
100800	-237.672733158049	4	1	2
100900	-231.754534129025	3	2	1
101000	-243.243727524884	6	1	2
101100	-243.395481421552	2	4	3
101200	-238.648628122428	1	3	2
101300	-246.069586959176	2	3	3
101400	-237.548906163939	1	3	1
101500	-241.820131685062	2	2	2
101600	-232.864423824063	3	2	1
101700	-243.373641167465	4	3	2
101800	-239.317323977088	4	3	0
101900	-241.227440568693	6	3	0
102000	-233.227096413853	5	2	0
102100	-232.341906313282	3	1	1
102200	-239.167622742589	4	2	1
102300	-232.401223123676	5	1	0
102400	-239.392838878615	6	2	0
102500	-239.138019716964	5	2	1
102600	-243.788207365176	4	5	0
102700	-270.870653994502	4	2	7
102800	-260.157758800073	5	4	4
102900	-230.897809441614	4	2	0
103000	-245.933854939939	5	1	3
103100	-239.161757589263	3	2	2
103200	-241.313633160807	2	4	2
103300	-244.753982101511	3	5	1
103400	-244.76093501551	5	3	1
103500	-252.416689100428	5	3	2
103600	-236.203114975099	3	2	2
103700	-231.532376431822	3	3	0
103800	-243.167333987435	1	2	4
103900	-249.20891232681	4	3	2
104000	-243.714469834342	5	4	0
104100	-237.810312992428	5	1	1
104200	-242.683968745526	3	3	2
104300	-240.005946622366	3	3	0
104400	-251.563230005992	5	3	2
104500	-232.428825144404	2	2	1
104600	-239.227415794046	3	2	2
104700	-247.501665263435	4	2	3
104800	-231.083455828062	3	1	1
104900	-248.927620777475	4	4	2
105000	-270.214013065048	5	5	4
105100	-241.387424088241	1	3	2
105200	-252.237352917	4	5	1
105300	-235.246639313236	3	4	0
105400	-236.463329758743	3	2	2
105500	-240.712235061704	5	2	1
105600	-235.575658352318	3	1	2
105700	-244.306561654368	3	3	3
105800	-255.060460376262	1	4	5
105900	-247.977690413802	4	3	2
106000	-264.686772624248	6	6	2
106100	-238.060681965202	2	3	2
106200	-254.482840593125	4	3	3
106300	-237.413989549529	2	3	1
106400	-230.645517814133	1	2	1
106500	-235.063499221811	1	2	1
106600	-247.163578417617	2	5	2
106700	-238.004896114724	2	3	2
106800	-246.041231087923	5	3	0
106900	-235.405361590368	3	4	0
107000	-230.612061709838	3	1	1
107100	-233.158828181329	1	2	1
107200	-254.602381708773	2	5	3
107300	-237.976060236089	2	4	0
107400	-261.087409644481	7	3	3
107500	-241.214811644984	5	1	2
107600	-246.188520493987	4	2	3
107700	-247.136793694988	4	4	2
107800	-235.591258278927	2	3	1
107900	-242.333310548973	3	3	2
108000	-234.257758995992	2	2	0
108100	-236.092949769535	3	3	0
108200	-245.397386341901	4	3	1
108300	-243.862078185456	2	4	1
108400	-237.587229513637	1	2	2
108500	-234.222191767516	1	1	3
108600	-243.829624012208	2	4	2
108700	-251.160602672131	4	5	2
108800	-244.672470420847	4	5	1
108900	-234.877733272048	4	2	1
109000	-250.662488523235	2	5	2
109100	-237.099141503809	4	2	1
109200	-230.761615353153	2	1	1
109300	-231.378144522658	3	1	1
109400	-230.624042771066	3	2	0
109500	-235.760175421434	4	1	1
109600	-247.720982073423	5	3	2
109700	-252.42634350848	7	4	1
109800	-241.504585814656	5	1	2
109900	-231.798087235151	4	1	1
110000	-241.828955877835	2	3	2
110100	-247.866331687189	1	4	3
110200	-253.104813736526	2	3	5
110300	-252.710590704302	2	3	4
110400	-235.977591861385	3	4	0
110500	-230.043261145963	3	1	1
110600	-234.724392634533	4	2	1
110700	-229.79779790118	4	1	0
110800	-246.215211990133	4	3	3
110900	-254.888770089573	5	1	5
111000	-235.595453010154	4	1	1
111100	-247.404231747265	6	5	0
111200	-242.356808370777	3	2	2
111300	-236.780688644693	4	3	1
111400	-248.54964746626	3	2	4
111500	-241.493800527609	1	1	4
111600	-246.482342492478	1	3	3
111700	-239.857991759787	3	1	3
111800	-243.423370338613	4	4	2
111900	-249.082266276812	6	1	3
112000	-240.057567512596	3	1	3
112100	-242.196831353038	4	2	3
112200	-257.43465564553	6	5	2
112300	-246.488030388553	7	2	1
112400	-232.197612542626	3	2	1
112500	-230.867205401455	3	2	0
112600	-234.268943559528	4	3	0
112700	-235.196481624074	3	3	0
112800	-245.232795251908	4	3	2
112900	-253.018556801969	4	3	4
113000	-236.875770504296	6	2	0
113100	-229.250031998685	3	1	1
113200	-224.704827821512	2	1	0
113300	-233.402579371385	4	2	0
113400	-254.638858187309	6	4	1
113500	-246.237661451282	4	2	2
113600	-248.090684372241	1	7	1
113700	-263.33806922972	3	4	5
113800	-247.48641206836	4	2	3
113900	-243.725893292424	2	1	3
114000	-250.367621662293	1	2	5
114100	-254.476600215361	1	5	4
114200	-245.023293807769	1	2	4
114300	-233.818823036946	1	2	2
114400	-239.080124804684	1	1	3
114500	-241.24348406244	3	1	3
114600	-255.77665891279	4	4	3
114700	-238.639168568111	3	4	0
114800	-241.185350727075	5	2	0
114900	-241.866188247064	5	2	2
115000	-230.432681945191	3	2	1
115100	-231.274792950922	3	2	0
115200	-237.68412046057	3	3	2
115300	-236.131638460642	3	3	1
115400	-228.369081725889	3	1	0
115500	-241.995818647561	5	3	0
115600	-247.039076597019	5	3	1
115700	-246.000414984541	3	3	3
115800	-233.844196996061	2	2	1
115900	-252.439112719758	3	3	3
116000	-243.204353397675	5	2	1
116100	-244.362531410566	2	3	2
116200	-248.002062844413	3	1	4
116300	-247.373558982724	4	2	4
116400	-240.622145904454	6	3	0
116500	-236.520771120833	5	3	0
116600	-230.874630988624	4	2	0
116700	-236.993214527466	6	2	0
116800	-236.390388015004	4	2	1
116900	-232.969022959674	2	3	1
117000	-246.994385766459	4	4	2
117100	-240.022523308936	4	2	2
117200	-230.143039751787	2	2	0
117300	-236.62152323206	3	3	1
117400	-250.076802524134	1	6	2
117500	-232.747677235882	1	2	1
117600	-231.319443192466	1	1	2
117700	-252.059447768062	3	4	4
117800	-228.899647645565	2	2	0
117900	-239.454913686127	4	3	1
118000	-244.531880970002	4	2	3
118100	-257.536750781432	5	2	4
118200	-240.971746326166	3	3	0
118300	-240.519683562915	2	3	2
118400	-239.483816432502	2	1	3
118500	-239.681248122146	4	2	1
118600	-236.955405157059	1	2	2
118700	-253.803699907267	1	2	6
118800	-248.673163942871	3	3	2
118900	-250.741304427759	3	2	3
119000	-254.971435095464	5	4	3
119100	-241.475204223606	6	2	1
119200	-241.812613399427	4	4	1
119300	-234.008731065495	2	1	2
119400	-232.087819758148	3	2	1
119500	-226.92427753287	2	2	0
119600	-244.024522015744	3	3	3
119700	-244.1966055507	3	2	3
119800	-238.194415337174	4	2	2
119900	-254.137906551739	5	2	3
120000	-247.244398768384	3	4	2
120100	-241.166700285574	6	2	1
120200	-235.653456841265	4	2	1
120300	-246.672654747176	3	2	3
120400	-241.438725239739	5	1	2
120500	-233.8351007857	4	1	0
120600	-242.546532470164	2	2	3
120700	-257.123068120117	1	4	4
120800	-233.232863967159	2	2	0
120900	-234.239486710438	1	2	2
121000	-245.500720724106	1	2	4
121100	-261.123086860253	2	2	6
121200	-250.38715194963	1	2	5
121300	-236.215831455806	1	2	2
121400	-239.434987387578	1	2	2
121500	-242.309666123822	4	4	0
121600	-240.886931139375	3	3	1
121700	-240.218921571185	2	2	2
121800	-244.083160328968	1	3	3
121900	-251.348425208226	4	3	3
122000	-246.089649467904	1	2	4
122100	-233.151614171064	1	2	2
122200	-256.434206983686	1	3	6
122300	-252.735291046644	3	3	4
122400	-240.724707261486	2	3	1
122500	-246.233439425348	3	3	3
122600	-270.568565246494	6	1	6
122700	-239.14611631258	5	3	0
122800	-243.359018265085	6	2	1
122900	-240.059349160948	4	2	2
123000	-233.985119906306	3	2	1
123100	-233.433627240879	1	3	0
123200	-244.005677494511	4	4	0
123300	-230.81573494943	3	2	0
123400	-240.076877624432	5	1	1
123500	-256.524685650271	4	4	4
123600	-228.856106972229	4	1	0
123700	-241.387302075155	3	2	2
123800	-235.089341583788	4	3	0
123900	-235.898074676959	3	1	2
124000	-225.491716526243	3	1	0
