ExtinctionRates
0.003737125	0.004670692
0.001456252	0.002017367	0.0003342145
0.01389474	0.004582222	0.009523846
0.004329143	0.005495688
0.001744927	0.02748039	0.0001939462
0.001442122	0.008414233	0.02062505	0.001942464
0.001040318	0.0004007171	0.01148572
0.001486715	0.04634012	0.02316983	0.00433198
0.000862314	0.03075283	0.07641173
0.0007571117	0.01250145	0.0004539366
0.1113436	0.001340672	0.0115312	0.0004470726	0.00377476
0.002179258	0.0310981
0.0008152884	0.0009395226	0.009422114
0.0006626619
0.01099463
0.0001990862	0.005426539
0.001604211	0.0009788309	0.00861616	0.0004549005	0.02519172
0.003068361	0.005405277	0.003640098	0.003191193	0.00172135	0.01075173	0.003336204
0.05458336	0.0187484	0.002105778	0.005563608
0.001026912	0.0009481944	0.00237296	0.009230297	0.004737025	0.03864605
0.003783262	0.005913463	0.03324279	0.009544379
0.003401109	0.01572599	0.002550802	0.04163824
0.001126624	0.0006113483	0.00199683	0.006863523
0.001967467	0.005312883
0.003529351
0.004608778	0.01883564
0.003211304
0.0004741967	0.008577759
0.01819724	0.007290029	0.0007101704	0.003279213	0.0004753762	0.002489473
0.001397375
0.0006596964	0.1042165	0.001526909	0.002215297	0.0006444753
0.0163959	0.004614872
0.01580492	0.01001922
0.002042449	0.006028935
0.001430812	0.00143782
0.0003966608	0.002508051	0.002088752
0.001364909	0.003804971	0.0009217322
0.008724272	0.007778952	0.001289676	0.0003515984
0.01542049	0.001193674	0.005923091
0.0005242472	0.0276572
0.01329658	0.01634227	0.005808323
0.01182141	0.0006553719	0.003863112	0.01113397
0.003353354
0.007908641	0.01007638	0.004749466	0.01234792
0.00750852	0.001432293	0.00390544
0.002837277	0.01051405	0.004078602
0.007678415	0.001481416	0.003943442	0.002531169	0.00452311
0.003169918
0.005170336	0.01453271	0.01849889
0.01718826	0.00237918	0.005544232
0.003028231	0.000638282	0.002011283	0.003361711
0.01593429	0.009201736	0.01746476	0.003458166
0.001844534	0.003379361	0.002520128
0.01032622	0.002320794	0.002631875	0.000227306
0.007699547	0.009859993	0.008249693
0.02989813	0.005132269	0.04303524	0.01028288	0.002104086	0.002805057	0.0216585
0.0007774168	0.0007383005	0.001195187	0.002922958
0.004022541	0.0007448986	0.00539499
0.003432802
0.02305329	0.01785404	0.001012427
0.00332587	0.01406145	0.0006761312	0.008965825
0.001510206
0.0003383113	0.01323133
0.01824177	0.003945474	0.002014655
0.003412452	0.00343902
0.002399036	0.03757082	0.006446296	0.02268319
0.0001120732	0.0002041914	0.0001509575
0.0004208426	0.01228279	0.003535429	0.02520581
0.02433972	0.01120171	0.008228267
0.0006994641
0.01962313	0.006648879	0.007542644
0.01374126	0.001938891
0.02518658
0.003487104	0.04711413	0.004384217	0.001972015
0.0009469246	0.001196679	0.01058641
0.001279653
0.001255609	0.001063766	0.02030622	0.01206148
0.02595698	0.00173405
0.003673937	0.001016329
0.002452656	0.005887312
0.009690594	0.003596612	0.007141607	0.002024424
0.000681992	0.002077606	0.007983369	0.000297216
0.004898251	0.00370253	0.008152063
0.001790567	0.01049388	0.0147529	0.00841462
0.002142943
0.0002356514
0.002853973	0.005416334	0.001036283
0.00101014	0.003033382	0.000679251	0.000138232
0.004577294	0.004356419	0.02641813
0.002797075	0.003265137
0.001529887	0.01526767
0.01394269	0.008927968	0.01781441
0.000184426	0.0008673389
0.000754265	0.0105423	0.02104971
0.0005762528
0.001368951	0.000608592	0.002411156	0.01102258
0.004630656	0.002160906	0.001733486	0.003831095
0.01257796	0.001243238	0.002686083
0.01143953
0.008410666	0.05282739	0.005764632	0.001228071	0.02106659	0.01250791
0.003152553	0.007050208	0.02758474
0.001016185
0.01981982	0.00390392	0.0004235734
0.007213201	0.002089262
0.008176699	0.004104287	0.009480833	0.001623177
0.006027499
0.0004562525	0.003858966	0.00723135
0.0004612395	0.01208072	0.002028016
0.001076313	0.03370802
0.001339412
0.002842503
0.001735397
0.00816853	0.006164816
0.002987371	0.00204113	0.0005001093
0.003076562	0.04829212	0.0124011
0.0009742287	0.002454146
0.01868321	0.002849226
0.02099149
0.0123827	0.01323762	0.006840082	0.0004055983	0.008691049	0.001921131
0.000264039	0.008871739
0.0002850342	0.01985702
0.003885905	0.0001172286
0.003738931	0.005971733	0.001542419
0.002416006	0.0006333355
0.0002919631
0.001093666	0.0007662533
0.002127443	0.001193031	0.005590827
0.0004674762
0.0007921329
0.02269001	8.119857e-05
0.001135641	0.002185882
0.006662717	0.04091184
0.001572261	0.007642742
0.000217671	0.01091223
0.001560957	0.0004443187
0.007186674	0.006321519	0.00124854	0.008102874	0.003619879
0.006046412
0.007233618	0.003908212	0.004515866	0.000983532	0.002576287
0.002751126	0.002491083
0.03495675	0.001312317	0.0007693793	0.00819431
0.005179961	0.003847708	0.01351852	0.01007632
0.00693293	0.00149211	0.002521232
0.0005043872	0.0006800259	0.01417278	0.00591032
0.001902483	0.01979207	0.03408907	0.004070198
0.0008228844	0.006480731
0.0009198777
0.005626573	0.001498066
0.01080545	0.005213531	0.000128333
0.001451321	0.0007491829	0.002545627
0.01077599
0.004537942	0.003310502	0.0003712224	0.0307827
0.001532832	0.002199483	0.008830212
0.008982119	0.005518548
0.004380621	0.0037266
0.02878704	0.0009787935	0.003549975
0.00368494	0.01325833	0.003067507	0.005352388
0.006325415	0.0007712518
0.009539709	0.01360389	0.003445347	0.01207346
0.003926659
0.003148689
0.002013773	0.003499128	0.006007323	0.004372952	0.003874978
0.001523787	0.003259838
0.002381988	0.002213231	0.001288914
0.01020115	0.004136029	0.01323245
0.005301261	0.050935	0.001778393	0.01330441	0.001363924
0.01247271	0.000644246
0.06938934	0.007808102	0.001249329
0.00483554	0.006413285	0.001002622	0.002301989	0.002025059
0.00728477	0.00213962	0.02088783	0.01468173
0.004386373	0.003037768
0.000458015	0.01813009	0.002507546	0.00976279
0.001787462	0.001663715	0.03852611	0.005411184	0.002081508
0.0001405704
0.002843483	0.001781722
0.001869674
0.001234886	0.01505266
0.001256007	0.01432446	0.0005051324	0.03630073	0.0001475786
0.01022981	0.006005296	0.01790828	0.002200938	0.003050778	0.001584763	0.003333344
0.01765861	0.004408807	0.01152048
0.007634592	0.005075125	0.008733748	0.00309125
0.0006166343	0.006649186	0.005709186	0.008410869	0.001318577
0.0015539	0.006421374
0.001286327	0.003593718	0.002246227
0.009424382	0.03331943	0.005919964
0.0008963918	0.003279734	0.001552115	0.00502842	0.001983919
0.00321983	0.0188007	0.00149003
0.002536555	0.02619313	0.002661708	0.004268906
0.0004009237	0.002994668	0.000134544	0.01298929
0.002286637	0.002496757	0.003144497
0.005026404	0.03056331	0.0007966116	0.01446956
0.0009204702
0.002750459
0.001326234	0.002570552
0.01354724	0.003143383	0.08536873
0.002270716	0.00219606	0.00712161
0.001177473	0.0005265693	0.02522428	0.0004169569	0.02760056	0.01118877
0.00300283	0.0225345	0.002213261	0.02609008	0.02303532
0.002347045
0.001841859	0.0007502416
0.01137299
0.004744876	0.0001311616
0.009440327	0.009114488	0.001806351	0.0003607519
0.01770072	0.01636073	0.0006103945	0.0009147217	0.01220519
0.005658217	0.005466186	0.000941144	4.170141e-05	0.002594206	0.004725469
0.006063165	0.001396256
0.003155725	0.07321123	0.004420998	0.006824071	0.002141745	0.002240274
0.0066835	0.007319235	0.003393574	0.1007009
0.0007826461	0.0003227311	0.003008579	0.0002375009
0.00375605	0.001064011
0.0004545875	0.01293497	0.004799766
0.0002067558	0.003739613
0.01831954
0.06975969
0.01633397
0.00253169
0.00182367	0.02816964	0.003901011	0.004526298
0.001149324	0.0009067351	0.001095713	0.005714868
0.01124972	0.01507526
0.002799217	0.003250939	0.001018916	0.002545541
0.005934342	0.005665583	0.00346588
0.007523616	0.005947686	0.009080089	0.001043263
0.0008091179	0.0002087424	0.008901123
0.002106303	0.01756917	0.003613177
0.002825896	0.0002271302	0.0008827636
0.004582168	0.001642216
0.003971176	0.00153709
0.002645781	0.002641581	0.002223333	0.01415394	0.01602337
0.004050719	0.00143401	0.003348902	0.005501438	0.01396861
0.007090994	0.01824349
0.003397107	0.002808399	0.0007075888	0.00629963
0.004816862	0.00248171	0.01548166
0.005846674	0.0002469476	0.00082913
0.009146985	0.01692662	0.001226381
0.003899673	0.001187757
0.002697374	0.0001877665	0.001142238
0.003318246	0.1643152	0.001570484	0.002511536
0.0008667409	0.002651319	0.004199581
0.003163885	0.003707874	0.0003053952
0.001451622	0.0128207
0.002830423	0.002604969	0.002516171	0.004055463	0.02838414	0.02207658	0.0004791612
0.01708788	0.003269895
0.001279807	0.00880906	0.000693222
0.04238747	0.01444913	0.0006743317	0.001522178
0.01576057	0.01861775
0.0006703155	0.008220846
0.01363311	0.002005368
0.006277147	0.006665497
0.003317215	0.001766334	0.0005312495
0.0008186972	0.001491546	0.006192776	0.003588159	0.02185513
0.0005179534	0.004654715	0.002457711
0.004064346	0.004001426	0.06742195	0.0004417706
0.0009898983	0.004035825
0.003119772	0.0206194	0.01267011	0.01125459	0.006037754
0.005920175	0.01367063	0.008507672	0.003027824
0.0005390064	0.006115086	0.008770764	0.005541988
0.00559764
0.002063784	0.004773992
0.002772178
0.002184335
0.0004696102
0.006020312	0.008359368
0.000998355	0.002416677	0.001284932	0.000573858
0.003837192	0.0009109344
0.004243513	0.004824796
0.001464294	0.006422741
0.01325445
0.0007695433	0.00333528	0.005984327	0.002094362
0.009396188	0.0003922674	0.001078089
0.005261138	0.003119874
0.001958735	0.001262093
0.008087466	0.004350978	0.002772004
0.002068339	0.02122656
0.01934017	0.003818078
0.004533784	0.0008385165	0.001376754
0.001503624	0.002860803
0.001799442	0.003836852	0.008726577	0.001683254
0.006887843
0.001441397	0.002024878
0.002770835	0.00027158
0.002223935	0.0008329414
0.003123081	0.02956466	0.000266631	0.006208411
0.01292007	0.005190307	0.000861149	0.03855615
0.00684001	0.02144094	0.001534832
0.001962973	0.00123254	0.004466025
0.000560384	0.004674152	0.0107578
0.0007197309	0.001092622
0.002034471	0.003306444	0.001058955
0.0008289438
0.0008348541	0.001292683
0.0103808	0.008299353
0.01029275	0.002762809
0.001864948	0.05259757	0.01552685	0.002724134	0.0004862283	0.0002472455	0.00138259
0.001323848	0.0007048797	0.01266609	0.00422182
0.0004750682	0.0005820188
0.001620528	0.003507369	0.0309248
0.006552656	0.003479475	0.002473537
0.0008459342	0.007593576	0.005147661	0.02262924	0.001229118
0.001103072	0.06994771	0.01052807
0.002506978	0.01281468
0.001047572	0.008386272	0.005347038
0.001424822	0.008585876	0.01694815	0.001120571
0.005044956	0.004751956
0.0007593462
0.002658031	0.01955611	0.0007007434	0.03913108
0.004722965	0.004921633
0.007003277	0.001433449	0.01179047
0.0007029944
0.01275529	0.0005868627
0.001540208	0.0008073791	0.00402016	0.001461223	0.002434734	0.004629949
0.006281765	0.0005206365
0.0006674944	0.01740922	0.01335019
0.002587594
0.001435349	0.003420183	0.005188124
0.008253667	0.001993431
0.01868913	0.017359	0.002460037	0.0008455712
0.009170255	0.0131673	0.001483633	0.009142831
0.01281029	0.003701959	0.01350607	0.001652612	0.0003435925	0.002395152
0.001923243	0.03552733	0.009538771
0.008322847
0.01455112	0.00104523	0.09738035	0.002160846
0.004009209	0.02308147	0.001017272
0.001629804	0.003775155
0.006175152
0.008159968	0.005480615
0.03179157	0.001178007	0.001714906	0.001032266
0.003043915	0.01027996	0.009840884
0.001208243	0.0195507	0.01507774
0.02295583	0.0001418948	0.001126382
0.008038886	0.005373091	0.01674612
0.0005606435	0.0009882626	0.001811681	0.006623578
0.004732449	0.003680094	0.006114303
0.02776066	0.02602396	0.00251973
0.008592844	0.00245897
0.001239468	0.05437258	0.005083562	0.002596467	0.004506208	0.009814693
0.0002193744	0.001148175	0.000318206	0.004904037
0.07798614	0.02617113	0.03641461	0.00160027	0.0008216077	0.003718451	0.08193754
0.003084413
0.00112529
0.001172637	0.002396943	0.008050128	0.0480592
0.006660719	0.001225869	0.01426212
0.00420503	0.002430933	0.001173882
0.00203359	0.0002187792
0.009281683	0.02256338	0.001896445	0.02166567
0.0001194689	0.001259811
0.008753872	0.02133783
0.001026135	0.001928097	0.0008909074	0.002283393
0.009369414
0.03563563	0.01589191
0.001012299	0.003541577	0.007938426
0.0007688191
0.001795266	0.0001880264	0.009024928	0.006493978
0.002491872	0.01861093	0.0009454961
0.211039	0.001180356
0.002603235
0.002834957	0.002699109
0.007342667	0.005592841	0.001705735	0.06226249
0.002355789	0.01815776
0.02858974	0.02827248	0.01854994	0.002898214	0.01578318	0.01404272
0.008314179	0.1125823
0.001372376
0.008869886	0.001918605	0.01051813
0.001333991	0.02744253	0.005325485
0.0381998	0.001108291
0.0007196038	0.006456814
0.01813213	0.0009437004	0.001941987
0.03061458	0.002288289	0.004031957	0.009922105	0.0007845365
0.001288524
0.001187136	0.01298519	0.01109773	0.003682118	0.007051971
0.001555341	0.002571405	0.03824692	0.002994111	0.02376331	0.004513286
0.002277841	0.003878318	0.001225323	0.00937412
0.003376851	0.01285857
0.01640978	0.004451869	0.0004606364
0.0009553959
0.009010102	0.006845419
0.002138698	0.002154541	0.009964823
0.0002559737	0.002078403	0.2249456	0.003200629	0.001513858
0.0004000382	0.001547378	0.00265851	0.006954031
0.000647331	0.001406178	0.01374004
0.0007249516	0.1055375	0.009457595
0.01951689	0.00247565	0.002560496	0.007074145
0.01772299
0.03069206	0.001544356	0.1205872	0.009038216	0.003717903
0.0006168499	0.003725167	0.004562301	0.001962525
0.005768739	0.004157735	0.001522815	0.007629574	0.01139146
0.01691257	0.02370794	0.04781291	0.0005504182
0.001106489	0.00117892
0.007932921	0.005490605	0.003741622
0.01048364	0.002986496	0.00608156
0.006359377	0.005304787	0.002424055
0.004889826	0.001807747	0.0009385386	0.005643847	0.007826153
0.00743648	0.04555579	0.0002321503
0.003189052
0.0002722509	0.0002946705	0.003074504
0.005025578	0.001701712
0.0007281342	0.00167356	0.02317525
0.001568517	0.00157245	0.0009484449
0.0003084183
0.002665631	0.006396534	0.007816604
0.005801691
0.02823424	0.0008864165
0.02414357	0.000333978	0.003315111
0.0003068794
0.0007767403	0.001318816	0.003482815
0.01200458	0.02493444
0.001296909
0.006643773	0.0003173785
0.0003044134
0.007907764	0.0004289288	0.001139194
0.001045601	0.001400974
0.006416903	0.005747812	0.005136361	0.009904457	0.05637434
0.00316442	0.02596538	0.03198835	0.008724489	0.005402598	0.000421851
0.003322856	0.0538911	0.001196761	0.00287122	0.005761166
0.03711757
0.0004867453	0.02171347	0.000667185	0.00151845	0.001083275
0.005671661	0.01444759	0.00465844	0.006212502
0.001749442	0.01467056	0.001300173	6.94403e-05	0.009652867
0.004438189	0.01958717	0.004468945
0.008163735
0.001907202	0.01599069	0.0003525283
0.001254112	0.003654813	0.001017007
0.008292811	0.003063375	0.0007856215
0.01205822	0.002224641	0.01541808
0.01581337	0.0004561198	0.02149892
0.001003734	0.0003745252	0.000726541
0.01321991	0.006495865
0.00270627	0.001449431
0.01122933	0.03757578	0.008046615
0.004853819
0.00518373	0.004832075
0.01181658	0.001242497
0.01867542
0.0113127	0.01163931	0.0004799018	0.0004703167	0.001353698	0.002047125
0.01244572	0.001142925	0.01711247
0.001479281	0.005579956
0.001471997	0.01040894	0.002920634	0.01784469
0.01102344
0.005737385	0.004218174
0.003075423	0.005207287
0.001708823	0.006339261	0.006262439
0.01432012	0.01600994	0.004475729	0.03379294
0.001275556	0.02151738	0.003557524
0.0006503944	0.0006928058	9.976134e-05	0.0005180369	0.004350872
0.004288813	0.001174749	0.01812594
0.0004497856	0.003366777	0.0142916	0.006453019	0.009200143
0.0113964	0.01848386	0.005814336
0.001879383	0.002268433	0.009446397	0.007704194
0.005457368	0.002625417	0.003437322	0.01094262
0.005150704
0.00566451	0.0002946851	0.0007721027	0.009380789
0.004865647	0.0005689981	0.007223926	0.01805195	0.004451347
0.01159581	0.003928604
0.01651286
0.0016824	0.004683776	0.003603472
0.006340927	0.0002551718	0.003259593	0.004255957
0.002323981	0.005480063	0.003976172	0.003501485	0.002773445
0.001111388
0.0009852505	0.006882773	0.02592093
0.001772822	0.00235534	0.003582745
0.0005645781	0.004335056	0.009132078
7.03528e-05	0.01217795	0.002031489
0.00207694	0.04349491	0.004083727
0.001951156
0.007732162	0.003739899
0.002337944	0.02198644
0.01964257	0.004922011	0.007889741
0.001005
0.0008567765	0.001768525	0.0002141733
0.00736405	0.007415126	0.02096014	0.007395067	0.001691756	0.003505712	0.007994496
0.008003041	0.003440525	0.003914753	0.002219018
0.001103309
0.001428364	0.0008874011	0.0005802989
0.005162352	0.04731286	0.0007369437
0.00113726	0.01251373	0.0008418358	0.002871643	0.006011745
0.006655092	0.001665921	0.008143742	0.0001019369	0.003500741
0.006818857
0.001395234	0.002583595
0.0001883454
0.005723715	0.01772462	0.006588989	0.0002683583
0.001723712	0.01367966	0.0009421481
0.004368197	0.001443717
0.00162659
0.0002844753	0.0007301342
0.007018884	0.005471995	0.0219874	0.005232707
0.003922541	0.001450652	0.02229501
0.01808272	0.01592606	0.02043728	0.01333012
0.003214892	0.01001796	0.0006081365
0.001085122	0.00151923
0.002411353	0.001922177
0.0004400718	0.0009994729	0.0008031463
0.0004085024
0.0002913081	0.008123559	0.01765752
0.001727899	0.0001352375	0.02249377
0.006793893	0.001793109	0.0004681361	0.002901787
0.002315061	0.451711	0.01175311	0.0002305631
0.0041919	0.0004520889	0.06165476
0.02826105	0.001014221	0.001844506	0.0002333709	0.0006105756
0.001476418	0.002870065
0.007344223	0.001416991	0.0167791
0.001388163	0.0001805433	0.001900831
0.02063552	0.004953825	0.01432979	0.001731592
0.001147444	0.003510981	0.07206423
0.02959138	0.004440301	0.002384453	0.03467398	0.01699363	0.02526239
0.0003381041	0.004218359	0.03982532	0.004900099
0.0004923971	0.01600235	0.01772826
0.03152995	0.004421605	0.01094801	0.003095234	0.001803319
0.0004102931	0.00626145	0.001190382	0.01593206
0.01077648	0.001563994	0.01072177	0.008477396	0.002239037
0.01377512	0.01971725
0.004481119	0.007636629	0.0007134788	0.00140304
0.0005718885	0.0007857024
0.000722166	0.005289723	0.004209035
0.02627721	0.0100448	0.01655769
0.0008284615	0.005312215
0.003717738	0.0006961621	0.0008881186	0.009069343	0.01184056
0.003930121
0.004660501	0.0003555689	0.01186858	0.01929138
0.009263479	0.007021286	0.002451539	0.1422674	0.02306765
0.002481487	0.00549994	0.0170898
0.003359207	0.01054456	0.0009456807	0.003523747	0.002288839	0.001231448
0.01615471	0.001412296
0.01316774	0.008053768	0.02403079	0.01916434	0.004027849
0.03686183	0.001840888	0.01234486	0.000737585	0.003104493	0.002104613
0.002524325	0.004128556
0.001945699	0.002030857
0.0193981
0.01985481	0.000630819
0.0009744163	0.01006526	0.01056401	0.01133377	0.0008580073	0.001938637
0.004140063	0.01496873	0.00644547	0.001226148
0.002250221	0.001917341	0.00196023	4.181947e-05
0.00177277
0.01230913	0.003917668
0.002552533	0.006393902	0.001755522
0.001416042	0.002591513	0.001214224	0.001631374	0.002498245
0.0001445255	0.0009399635	0.005716682
0.001091192	0.003386262
0.03615145	0.00517984	0.01155887
0.001133277	0.004250977
0.00154307	0.0004563848	0.002112922	0.01532478	0.005893274
0.001785589	0.02445359	0.009173756	0.02320263
0.0006328103
0.01188534
0.001072022	0.008548747
0.0967675	0.003173364	0.003479952	0.001295293	0.005866001	0.001265108
0.005140731	0.02046622	0.004962352	0.02222062
0.02007658	0.05343915
0.001109151	0.025749	0.03675311	0.001609905	0.005309329
0.001913872	0.001328282
0.007145492	0.0002265221	0.0004970456
0.001495015	0.005833532	0.001526008
0.0005446318	0.02502579
0.001337723	0.008247823	0.03234145	0.02460536
0.001024752
0.003966218	0.001786863	0.01138149
0.001472855	0.002262075	0.001747851	0.001867807
0.0005981674	0.02935247	0.01861089
0.00307475	0.0002412931	0.0001944525
0.002569939	0.008483672	0.001825348	0.005841273	0.001394055	0.06585136
0.01313197	0.008583828
0.0004097509	0.005678108	0.004574561
0.02049654	0.004912738	0.003572227
0.0004847927	0.002189643	0.004951121
0.001117169	0.002650306	0.01108182	0.004808787	0.02001043	0.0003131266
0.01341164	0.003476233	0.005279531
0.01509073	0.001838999	0.008546277
0.0001283648	0.0007104199
0.00531749	0.0008248998
0.0207148	0.0005858545	0.007505183	0.001502064	0.03185351
0.004390598	0.02664224
0.0009727961	0.002586127	0.006350031
0.002192206	0.006347948	0.002680053	0.00426118	0.002674606
