SpeciationRateChanges
16.29458	27.51893
15.46927
21.36512
8.349258
31.69669
26.07559
22.9314
23.73888	30.93665	30.8369	21.76394
19.86949	17.84856
32.89574	14.42117	14.99032	26.2561
24.0444
7.945413	1.605861
30.0242
19.42127	25.18767	2.35523	39.77808	18.89258
18.04744	30.94808
24.45985

6.748334
25.22262	11.29616	10.23423	3.951162	21.39998
2.451004
36.34941
8.097782	17.90798	23.74079
27.05637
5.331792	37.08142
11.26619
17.156
20.7642	10.1311
19.76996
12.54015
7.788238	18.78342	26.05808


17.3708

16.78728
10.24305	39.21182	22.86857	11.62972
26.82809
8.948355
20.29338	2.288614
26.909	22.05576
13.20015	31.04601	9.670304	39.33913
19.99317	14.9975
18.66346	31.84512
26.88495
5.649036
24.73904

10.54753	12.21089	0.5345421
1.149475	21.11906
29.29196	1.523578
27.78834	4.767748	19.41616
29.1648	14.86972

15.65242	10.33103	9.494092	14.1399
22.0749
38.19794
12.53408	0.4043652	27.51432
19.33672	19.52217	1.762279
38.71413	23.04817
20.13617	19.3759
9.012628
25.8009	11.09474	30.21241
19.52293	36.31493	33.82342
28.76374	5.551809	7.156557
35.11801

31.88242	26.29253	18.06259
22.27546
21.38018	1.452811
24.2076	4.222163	27.67333
19.48602	26.98022


21.49747
17.24267	3.328055



26.38716	15.08519
28.14457

9.745736	7.784578
20.42805
28.52501
30.41955	1.164078
20.37565
28.52302
34.27023

18.16808	29.02532
14.20978	33.64478	29.67637
21.45586	6.916161	4.071073
8.502705	0.2979099
12.93775	13.62583	1.495974	5.882236
9.511255
21.39898	1.900251	31.34648
17.1667
26.83004
23.16219
17.33487
28.66741	15.58651	25.03465	5.674777
17.79511	37.85451
26.01357	26.52022
22.69338	14.54862	30.59266
29.3958	1.293452	40.12898
19.1346	6.517982
22.15407	20.88859
27.74677	10.05118	19.55549	27.40745
19.87177	10.84619	13.68134
17.37511	30.283
39.95528
31.92693	28.85942	10.67237
17.3261	20.47537	35.55129
3.472542
28.43312	18.2181
25.85582	8.196348	32.06848	27.52457
20.28604	3.966048

19.21624	26.77465
18.78189
17.92335	12.93157
28.11954	37.47186
3.496741
27.28204
17.74658	2.422751
11.73466
26.27034
28.01161
18.6292
10.52942	36.02013	5.693853
0.7875916	9.550373
26.91611
26.30488
9.231621	36.55519	32.39786	29.97983
8.381916
38.02977	6.094928	17.84436
13.80026
6.278165
14.26055	18.61848	8.697745
31.77314	33.39199
27.27599	25.43188
7.779968
0.5771318	19.6864	37.91757
27.91122
27.04489
12.31188	23.04197	20.81677	22.8678	13.4157
8.664783	39.46452
17.67291
30.89064	18.81398	24.46329	23.30706
28.11842
10.09863	1.058152	5.89849	3.618403
1.66938
11.4704	3.900232
17.96539	25.92115	24.27372
27.25192	10.67077	38.18581
24.16388
7.241772	27.91485
0.7213062	32.21512	21.65463
13.65091

28.71345	19.57635	11.6707	37.15802	1.093592
7.422228	34.85755
23.43938	4.005605	35.20815
17.51585	31.67001
20.45673
22.66591	3.309516
10.89127
18.73874
18.68534	21.39294
28.65367	1.915868	24.32873
2.846146
11.23941
14.39515	11.0207
31.71707	26.31853	35.96269
0.1861034	7.076487
11.29305
15.65272	14.89415	23.91474	20.45188
30.35401	30.28935	16.90991	14.37582
26.60839	38.90696
6.809575
30.77755	29.44975
11.18462
12.08	13.13248	36.68503
19.19628	1.304203


7.405452	15.39859
32.85589

27.89619	38.71442
31.1355
1.462445
17.8682	27.71854
0.9061506	15.7039
16.37515
13.96048
31.52409	22.60855	10.68175	14.85531	25.59394
1.073503	1.567612	22.59519
19.55352	8.859677	17.77002
6.364477	2.184358
8.106091
25.16672	24.1019
11.96849


30.6343	34.40858	10.42444
7.318803	24.14512	0.1670929
19.64462	38.29501
8.222919
17.90894	10.3677
1.86326
28.84477	6.907014	21.96156
3.036052
35.80888
36.91191	16.56045	34.79601
30.43763	13.97459	11.54167
30.57887
27.60091	21.70637
22.68432
7.887649	37.62496	19.84953

24.88773
2.252867	9.827091
26.55221
9.721399	9.582507
11.6635
13.62879	23.0204	14.78091
17.51935	22.48048	11.7656
6.932397	22.25947
13.37227
17.84263	17.11333
33.00536
17.37764	23.61284
20.42269	1.703015
2.195337	8.082295	23.79643	11.04839

25.68159	18.24688
29.22574
32.88438	28.27273
38.42103	25.04158

10.6358	40.31403
18.72888	36.95766
30.97022	27.66365
12.39067	32.64383	7.573605
17.77974	5.055316
16.34475	9.451307
21.86612
11.40653
31.04379	18.62742
16.2252
5.896026	31.78947	10.50379
17.70689	2.614343	6.100856
0.5081293	13.10398	32.62168	8.753781	16.54609
28.43519	2.310616	18.15279
21.52163
21.27023
29.44695
9.866087	34.09627
18.25216
16.05597	21.33779

14.48903	28.59158	30.75686
9.545922	12.21272
16.58316	0.4677638	26.41309	1.327047

11.29299	28.48389	37.41096
23.33444
18.86009	30.23031
17.82417
28.80996	9.125676	20.38963
28.63821
28.54083
7.080413	37.46406
33.74948	28.04535
28.75304	35.55334	3.808013	1.601227
40.0684
9.468885	0.9468284	2.349553	22.08952
39.95977
2.90636
20.04423

37.0496	32.14198	18.05676
7.512035	20.33268
8.44482	39.36682
19.19052	11.58005
18.33211	6.255845

13.06085	3.322454	25.82513
10.66445
10.57725	0.3942527
7.50205

31.31508	3.846207	21.83016	21.7891	2.111484	11.47951
12.92326
28.62426	4.610644
9.242472
6.350403
24.03791	9.339083

7.811256
29.63826	22.78035	4.568938
33.28812	26.47482	8.799018	27.98353	5.020657
9.017381	6.643033
18.64029	12.42476
31.85939	14.13161	35.14989	30.18214	30.6082
18.07905	16.82261	0.2918089	12.90565
6.127303	2.33462	40.10131
31.8885
38.42845	29.57355	14.23523	28.20217
24.45272	4.06141	30.66645
22.18497
18.18352	10.89228	27.81771	38.50338
36.83669	20.05857
3.315288	33.41535
22.94234
28.92548
24.47208	9.663701

13.30609	18.35856	36.81362	31.05546
0.9279978
20.43496
19.39693	9.908741
35.36779	38.06731
38.64807	28.18422	19.33736
1.460178	3.736512
17.53878	16.56656
17.85375
33.66255
8.735777	33.1304	32.88885
21.96897	2.749279	0.2621072
37.36511	18.75637
4.811432
33.03135
29.91852	18.98102	23.61231	28.85449
30.9627	24.55491	10.11106	29.39986
29.6492
35.53919	17.3452	18.02503	23.29282	15.39776	31.11775
18.2608	10.48268	22.52573	21.80823
7.115054	27.72053

0.8748279
39.93217
20.67166	32.39257	26.35106	36.80439
1.454855	11.67885
7.851145

22.67504	3.316493

8.938796	3.064469
8.878011
19.49077	34.21794
3.325059	5.517344

20.56994
14.65531	38.94921
32.40575	22.16636
19.84876	26.37617
23.85999	13.35878
1.847221	9.0348	29.04226
0.009352562	28.90976
17.86719	17.8489	11.69521
39.57473

35.89023
37.42845	18.87914
11.35398	24.8033
10.60709
23.9007
14.03057	29.58316
10.44661	27.16885	14.51264
10.0481	8.273746
16.74877
8.864381	16.02349
17.34696
19.67722	12.48501

19.69857
8.001646	39.55324
19.31481
21.6282
19.06559	37.49602	28.06442
6.795667
20.12325	36.82242	13.99909
2.363695	0.1313036	6.894048	19.47258	37.28305	19.2936	6.546042

6.481163	19.0319
22.35394
17.37586	0.259234	33.69942	30.03001
1.563458	18.25167	10.19514
24.82562	22.57381	34.60482	16.39737	28.13151
27.019	40.01904	39.82087
21.56498	14.97417	39.45746
17.87386	29.88591	13.16917	8.446212
6.276004
2.080383	35.27893
4.260771
27.35542	2.59394

1.34725	11.04781	36.69712
33.79896	17.41126
28.17737	11.72306
31.23425	35.81328
30.12395
37.54875	37.33325	20.00367
17.60544	22.48968
15.42927	29.47896	18.53145
6.121043
13.46293

14.63367	24.57201	2.442056
9.291537
13.35502	28.21855	9.975003	8.631387
35.78898	39.89795	18.60049
33.48737	3.774679
19.50859
10.60359	27.02118	27.95844	6.229584
37.80725	38.90957
4.964096
19.67897	11.72742	38.92229	34.14206	8.452221
4.231821
7.346582	29.35708
12.18393
37.63528	7.729457	22.57404	23.27603	25.72798
19.45144	14.43397	33.4109	26.53137
35.10346	28.04001
1.874344	29.0357	33.64095	1.57013	28.60347
30.11265	7.305442	21.8853
29.45145	2.046876	24.63715	20.26654
8.244134
28.58348	16.97669
8.51007	16.04351
2.824648
36.93212
2.103319	14.87324	40.27957	21.73097	40.02529
38.76367	15.55297	20.96105
30.09827
35.68067
8.024736	24.23025
4.917179	4.353995
29.60036	19.3553
7.710484
15.91074	12.52719	23.04074
18.1825	19.51786
17.0536	12.24675	2.836508
3.26615
22.59175
27.35692	20.21804	35.09082	19.92199
18.21556	33.78008	20.93556	36.33425
24.5916
2.559187	13.58487
7.634842
23.8883	3.263148
4.18429	29.40183
20.60712	1.015197	10.10428
18.13515
39.43941	5.261816	0.9200248
40.006
25.6473
18.70198
30.08401	10.53425	27.88755
8.730364	7.624418
17.44323	10.71023	16.97155
26.49909
20.26201	11.16086	27.64432
17.95187	13.91824
12.25002	7.181342
18.21547

14.91041	39.11542
27.37501	5.195293	36.99217

19.8387	24.4968
0.8170003	39.05027	38.1611	37.85918
20.13647	19.68045	12.95604
31.33576	15.2361
10.37039
4.893812
23.49896	10.92852	23.19752
27.41965
30.38995	3.054871	35.98559
30.64475
26.97465
2.628479
20.56686
37.24292

29.89886
0.9754531	28.69706	30.04918	13.61886
31.01622
32.92413	31.79907
38.09796
21.63293	37.5712
29.89635	27.56863

3.743894	5.049852
17.74666	38.65511	12.2624
9.174634
2.637111	30.58689	2.460173
9.245115	3.289929
26.17911	1.501635	1.597556
25.78094	33.41199
32.11282	32.4718	35.59013	13.76955
11.97006	3.262095
18.00542
22.48167	5.82191	3.161977
20.33788	2.048212
29.15323
20.43639	28.92654
39.34297	22.9566

1.270494	34.83893	30.90744
37.34593
31.33101
12.91566	18.40859	8.518365
15.20411	9.641944
1.072691	0.6515158	21.64058
15.74249
24.68344	33.96377	22.85924
27.71544
24.40893
18.11594	18.66863
17.88724	38.04829


11.24138	12.97427
14.52966	9.809599	11.6233
25.93381	8.137309	4.207934
27.17539	6.027415
32.736
4.881469
28.02454	10.07759	12.55375
22.71687	38.39355

23.34421
6.797901	11.02216
13.82475
8.157702	10.43012
17.55971	29.48443	33.20817


28.28728
26.86287	13.48026
25.98039	25.50259	28.33655	13.79436
9.072183	15.98065	39.49036
28.4072
33.51409	10.64245	24.04647	0.55572

32.25652	9.011991
13.49864
26.06742
39.44071
39.85965
14.56671
36.28698
9.68109	25.47442	34.9941
32.81317
9.641637	11.3744	16.10714	10.89574
19.11771
33.09749	29.18725	27.27403	11.9021	9.439573
21.18161	2.296706	12.94877	25.87992	17.65529

13.23767	38.35038	40.05656	34.64544
14.25743	38.76802
12.86657	1.833213
5.635126	26.36846
15.76211	0.0375901	30.37676	22.91516	9.160736	21.91037
28.57621
25.27524
18.14312	8.451296	19.29962
