ExtinctionRates
0.2077419	0.1803638
0.2659077	0.2071968	0.1522882	0.03992009
0.249486	0.09140787
0.1547477	0.1437888	0.230022	0.1802842	0.1422997	0.09744023	0.2461063
0.2122806	0.1341704
0.1792305	0.08047307
0.2035668	0.1107538	0.1936693	0.2340562
0.2437434	0.1397952
0.1700507	0.1242376
0.1570215	0.1576043
0.06877538	0.08894746	0.1305023	0.1643271
0.05671138	0.2164848	0.01821077	0.2390879	0.1814033	0.2314221	0.07118812
0.1665921	0.199082	0.07673155	0.1995932	0.1656897
0.1650976	0.1652508	0.2572104
0.1559391	0.17797
0.2003335	0.1802201
0.1251666	0.2029596	0.2390744	0.1323255
0.2148203	0.20319	0.1273128	0.1802388	0.1961399
0.1532957	0.06407411	0.1264027	0.2795658
0.26925	0.109167	0.2230156	0.2418276	0.2060803
0.07097107
0.104481	0.07714349	0.1906037	0.1771235	0.1851857	0.1330887
0.1316405
0.1919404	0.06311556
0.2157066	0.07294676	0.2279204
0.2910252	0.1054177	0.2497266
0.1141528	0.1007092	0.1523083
0.0828345	0.1756236
0.3263827	0.124811	0.2023117
0.2183018	0.1630529
0.1573798	0.1240294	0.05071423	0.1387074	0.183777
0.08475042	0.1178106	0.1963656
0.1340574	0.1749419
0.2010102	0.1004853
0.1963259	0.09116399	0.1673374	0.3706326
0.2014114
0.1096972	0.1780007	0.2023296	0.1969667
0.2779376	0.3084439	0.1566349	0.269457	0.2197492
0.05586795	0.1316109
0.1499503
0.1389007
0.3215365	0.1477925	0.3101445	0.1627378	0.03644858	0.1509281	0.2486891
0.221017	0.1961088	0.2187217
0.1616289	0.2090948	0.06477759
0.01379819	0.08300883
0.1118071	0.09460014
0.1329171	0.3027353	0.1594355	0.1044625	0.06566751
0.1592884	0.06139282	0.1171355
0.2123352	0.1492743	0.1363613
0.1951325	0.1121337	0.1571457	0.03763863
0.1525524
0.285639	0.1455991
0.2669601	0.1083136	0.118608	0.130028	0.1909109	0.4102165
0.04010998	0.1383399	0.1397631
0.1767605
0.1047235	0.1415401
0.1590882	0.04882596
0.1751622	0.1457351
0.09328115	0.1866583	0.1520162
0.1218091	0.2390562
0.02422019	0.09145587	0.05650577
0.09470724
0.1389394	0.08069125	0.119637
0.1307284	0.1825001	0.1441585	0.2176378
0.2317174	0.1329117	0.2707712
0.1356286	0.1879276	0.192029
0.1212694	0.167685	0.2032016	0.1832077
0.08959823	0.2123591	0.1306291	0.2255343
0.1757545
0.20854
0.2276343	0.230517
0.1620705	0.1936726	0.1909165
0.1845681	0.1558774	0.1295741
0.1599534
0.2021581	0.100295
0.1608128	0.1146877	0.1587039	0.2467662
0.0822265	0.2533082	0.1552974
0.2222314
0.2290111	0.212709	0.1144118
0.2301917	0.2276836
0.2774553	0.1911442	0.1276911
0.3246007	0.1718764	0.008418472	0.1667021
0.07285391	0.1746666
0.1627762	0.1309498
0.05268037	0.1231351	0.1721914	0.0902866	0.06128081
0.1767602	0.1132899	0.1889787
0.1614889	0.1360961	0.2086858
0.1787035	0.1284516	0.2044168
0.07621303	0.1811576
0.2424761	0.1657275
0.1283437	0.1395026	0.1462708
0.07617073	0.1395813
0.2059994	0.1286002	0.1853848	0.1448148
0.1499701	0.1330612	0.2570284	0.1663687
0.2190504	0.1669095
0.1654249	0.114938
0.1665026	0.07720202
0.2659045	0.08132542	0.1556947	0.2152544
0.2944386	0.1401779	0.185956	0.1818701	0.1531077
0.1714966	0.1661105	0.2193318
0.05419216	0.2191055	0.1436185	0.2330957	0.1634613
0.2611108	0.2114186	0.2060318	0.0594005
0.2269919	0.2223348	0.2023119
0.03966858	0.2834519	0.2713484	0.1821641
0.0883137	0.277176
0.2690691	0.1441734	0.2108312	0.1394395
0.2908314	0.1050201	0.3663938	0.2111373
0.1139234	0.141883	0.1685902	0.2645542
0.1742201	0.1862548
0.09819739	0.1334302
0.2809144	0.1436389
0.1880212	0.09584677	0.08645823	0.1411853
0.1657394
0.1679145	0.23983	0.184132	0.1343247	0.2458332	0.2582079	0.2380401
0.08210792	0.1460602	0.1097809
0.1787722
0.1722529	0.1724023	0.1195528	0.1255282	0.1659057
0.3353924	0.1011199	0.2775396	0.1606814	0.05493176
0.2587026	0.2032835	0.1450701	0.1960124
0.3067408	0.09741326	0.4355541	0.3023352
0.2379371	0.09865945	0.2740913	0.01977883	0.2424035
0.2480968	0.1543321	0.08187328	0.291863	0.237736	0.156042
0.1533388	0.1204179	0.2898423	0.2828663
0.1198554
0.1153003	0.122252	0.2285829
0.1419583
0.1825601	0.1725434	0.1342508
0.1611388	0.1003058	0.2130694	0.1735201	0.0230244	0.1611435
0.1557723
0.1259092	0.06142356	0.1576065	0.1298932
0.1509327	0.1377389	0.07110054
0.1747997	0.1080309
0.290227	0.1162126	0.05090868	0.1596229	0.2272421	0.1615937
0.1394785	0.1032763
0.1122973	0.1818714	0.1794937
0.1327012	0.1698288
0.0379265	0.2659428	0.1136807
0.2241544	0.1225081
0.2964841	0.1503017	0.1512281
0.1113145	0.208303	0.2757236
0.2753442	0.1924785	0.08884426
0.2950049	0.1416179	0.2920798	0.08698489	0.07841515
0.1691516	0.163638	0.2748691
0.2994952	0.2286178
0.3199869	0.279363
0.2043691
0.1829622	0.2226225	0.2096508
0.1123857
0.1574537	0.02103388	0.1850121
0.1495521	0.1851421	0.2274809	0.2719718	0.09587184	0.08408519
0.1237762	0.07368401	0.1624887
0.189892	0.1762931
0.2353409
0.1187827	0.2363907
0.1968212	0.09681085	0.1574078
0.1543082
0.1799359	0.1491409	0.2140844
0.1630284	0.1241449	0.1930642	0.03511014
0.1425879	0.1673792	0.2076422
0.2210238	0.1353356
0.2866205	0.2539792	0.09581934	0.2709868	0.1219563
0.1830136	0.1140552	0.2559427	0.19328	0.04125722
0.2761296	0.0525574	0.1632077
0.2318486	0.1834907	0.2638073
0.2940562	0.1577646	0.09369645	0.2177229
0.2028127	0.1162342
0.03910805	0.1125158	0.1399303	0.03757852	0.08408801	0.1637685	0.218915
0.2143114	0.1627807	0.1941035
0.1781531
0.1312914	0.2130726
0.276289	0.2098368
0.1170572	0.1792265	0.3079698
0.2056414	0.1350224
0.1703647
0.1612197	0.08813549	0.2285521	0.1341093
0.1376418	0.09283069
0.277348	0.1025714	0.194397	0.09349204
0.2106547
0.2374276	0.1958403
0.1329285	0.1531538	0.2541527	0.2092838
0.2075857	0.1871707
0.2107139	0.1070167
0.05707274
0.156416	0.05613763	0.1793881	0.1749122	0.1392313
0.09216152	0.1224676	0.1752339
0.2437128	0.1271901	0.1185324	0.2146373
0.2172637	0.1135975	0.2796497
0.07283066	0.08485505	0.1473569
0.180391
0.1902329	0.1430434	0.1854613
0.169468	0.1958428
0.2491328	0.1898572	0.1806875
0.1773079
0.2049764	0.1837857
0.1915713
0.1367245	0.05558721
0.26037	0.1235751	0.1449295
0.218698	0.05985838	0.1353594
0.2032928	0.1715261
0.2044233	0.08362501	0.07287219
0.1409492	0.09034319	0.185891	0.3840113
0.1730817	0.09550012
0.2786853	0.01595448	0.2148895	0.2342481
0.1795609	0.03080526
0.196712	0.1912675	0.2879974	0.02811598
0.2998062	0.1782851
0.2133127	0.2915121	0.09374344
0.3438933	0.2416996
0.3397252
0.3337213
0.3487669
0.1796781	0.3234268
0.2218089	0.2207872	0.3581301	0.1577911
0.2078403
0.1037425	0.2454638	0.4036354	0.110488
0.1644835
0.1277427	0.2016534	0.2777223	0.1521457	0.2526566	0.0848059	0.1354961	0.2074592
0.03960717	0.24153	0.1568827	0.2662209
0.1253823	0.191549	0.2390936	0.1234625	0.1318673	0.1486077
0.1204388	0.1720429
0.09890791
0.17201
0.1759179
0.2235621	0.1534202
0.1747685
0.1786459	0.06469235	0.1583665	0.1340939
0.1430532	0.1862984	0.03384163
0.1820048	0.1275206	0.1985393
0.1121675	0.04045801	0.1428917
0.0534515	0.1232625	0.09730233
0.1352043	0.09866706
0.07914591	0.1473243	0.1555176	0.1152215
0.2238298
0.2831237	0.06140648	0.2192078	0.2320909	0.2275367
0.1537467	0.159694
0.2371995	0.08552026	0.1856013
0.09475472	0.1519138	0.304898	0.1715064
0.1843233	0.09961414
0.2750441	0.178617	0.2488384	0.1276715
0.154793	0.1585998	0.2117927	0.1557544	0.2912584
0.06722427	0.1682047	0.2359707
0.2141854
0.1344332	0.1438749
0.1196322	0.1285073
0.1539267	0.1510119
0.1497402	0.07699855	0.1584479
0.1348772
0.181904	0.1225188	0.3437372	0.1831255	0.1606002	0.2239852
0.2875091	0.1638394	0.2895947
0.3341492	0.1534914	0.155098	0.203934
0.2859726	0.1372509
0.1352617	0.1126792	0.1467269	0.1960768
0.1908981	0.08644291
0.1474342	0.2853885	0.1882679	0.07149527	0.09408801
0.1919381
0.4185977	0.03690463	0.1495031	0.1121979
0.1534087
0.1647854	0.2041464	0.2570656	0.1646396	0.2697721	0.227136
0.1761023	0.1567269
0.05442449	0.2053715	0.0422877	0.1067223
0.1656473	0.185092
0.1417814	0.1723835
0.2047929	0.1789557
0.1707931	0.1964684	0.2224805	0.134236	0.1836321
0.2079591
0.2525822	0.1927113
0.1506333	0.1317559
0.247819	0.110443
0.08412078	0.1098356	0.1800949	0.1369997	0.0874464	0.07597703
0.1793758
0.1854307	0.06251128	0.1764574
0.1860399	0.1301636	0.1036435	0.3475639	0.1865751	0.3001174	0.08821601	0.09311686	0.2301231	0.1401656
0.1407039	0.1116412
0.1607987	0.07918373	0.2115454	0.1634766
0.1731147	0.1246336	0.1488516
0.1556102	0.1142829	0.2129471
0.2840891	0.1524355	0.1775363
0.07333074	0.1772265	0.1785534	0.1373873	0.1181254
0.19874	0.08263821
0.3912428	0.1092207	0.2064568
0.2384125	0.1736415	0.1378345
0.2224436
0.1433923	0.1709393
0.2374208	0.2048074
0.04447214	0.143858	0.2124451
0.2953641	0.112049	0.2071573	0.02733952	0.1541696
0.1295246	0.1516198	0.2431282
0.2000308
0.1352951	0.1197717	0.2171763
0.1651654	0.03122893
0.1779715	0.1963905	0.1714256
0.2015236	0.169232	0.1643918
0.2181931
0.1847732	0.1937308	0.1142804	0.2874932
0.2312883	0.1562275
0.1376585
0.1382935	0.0910442	0.1979754	0.2176429	0.1633498	0.2982147
0.1305049
0.2118172
0.2588434
0.2112505	0.3181804	0.2187801	0.1274499
0.1612306	0.2176736	0.3475453	0.1159875
0.4061525	0.2080138	0.2149424
0.1306616	0.2892564	0.3349475	0.132566	0.1486809
0.1380201	0.2120054	0.08675499
0.05817018	0.1049694
0.2587882	0.1464178	0.129399
0.1216909
0.2058689	0.09021376
0.2104663	0.09244034	0.06627181
0.1874148	0.09407392
0.1227652	0.01583699
0.2213351	0.1118483
0.3121319	0.1896977	0.1342812	0.1507444
0.1734042	0.1114019
0.1997559	0.03173968	0.1215001
0.1263812
0.1772097	0.1763745	0.0483702	0.2190472
0.1538991	0.1002642	0.1120171
0.1378823	0.1331089	0.2047723	0.2058261	0.006180461	0.27491
0.1462418
0.1148476	0.2534394
0.1474385
0.1285232	0.2384388	0.1654241
0.04512616	0.1826453	0.3059162	0.2725221	0.08643983	0.1123561
0.1076726	0.128242	0.1981199	0.0382145
0.1139033	0.1263717	0.1748788
0.1832519	0.0434383	0.08705446
0.03599925	0.2087104	0.1209676	0.04392734	0.2016873	0.1323705	0.1511413
0.1388289
0.1533619
0.2479169	0.1757527
0.2255954
0.242077	0.1664356	0.3412936	0.1489056
0.1729374
0.2030398
0.1743773	0.1745056	0.2047029
0.2089718	0.1794258	0.2495585	0.1367484
0.2092558	0.1866368
0.2287694	0.1495543	0.05280814	0.1120554
0.1720921	0.2189477
0.2714841	0.1246841
0.2276714	0.08046419	0.1701736	0.2038185
0.07477257	0.1250806	0.2617712	0.09690655
0.2286124	0.06080845	0.1207193	0.2244857	0.1748963	0.2669874	0.161281
0.149238	0.1468255	0.1305301	0.2066554
0.1757539	0.09496718
0.1033712	0.1551697	0.210463
0.1357155	0.1090765	0.1778719
0.2458427	0.1421412	0.1945042
0.05434795	0.2270268	0.1577966
0.1499623	0.1363445	0.3164594	0.1321625
0.1292708	0.1570587	0.05809649
0.1842317
0.2155229	0.1792619	0.1588963
0.1585793	0.1951947	0.3278103
0.08289707	0.1821721	0.2291991	0.227046	0.2352732
0.2737807	0.1971942
0.1124262	0.08778095	0.162325	0.1904555
0.2322212	0.1006545	0.187161	0.2345763
0.08634456	0.0963574	0.150139
0.1051937	0.1025594	0.106659
0.1718039	0.1829366	0.1476336	0.30513
0.2233752
0.1674295	0.3105029	0.1532652	0.05670364
0.1575789	0.125331	0.238895	0.1566046
0.2139119	0.1538509
0.172994	0.1467582	0.08972276
0.2327922	0.1117137	0.178003	0.1916365
0.261707	0.2050115
0.1766376	0.09031078	0.224133	0.02776632	0.2438526
0.08655248	0.06445368	0.1678973
0.06550389	0.05223165	0.2069368
0.2453996	0.07213751
0.1947847	0.02701959	0.1777989	0.1486569	0.1272933
0.2088398	0.02456854	0.2113239	0.2277277	0.3645131
0.04374376	0.08191627	0.1693031
0.1801654	0.1129636
0.2479528
0.2467977	0.2032068	0.2623369	0.2574959
0.2273522	0.1560081
0.1662516	0.1501054	0.2553497	0.1680929
0.1533816
0.2688652	0.2280246	0.1678836
0.136672	0.1714266	0.1486282
0.2287566	0.09697449
0.2184313	0.1282265	0.1702191
0.2739938	0.1861222
0.1518729
0.1834793	0.1967127	0.274611
0.1948862	0.1488294
0.1647367	0.1688029
0.2225486	0.2081245	0.08926391
0.167053	0.1776107	0.1399885
0.25527	0.09674213	0.2708788	0.2491615
0.1710209	0.1849873	0.1585421	0.2334348
0.1305767
0.318039	0.1354129	0.1836904	0.3420239
0.3577466	0.1640367
0.2342079	0.1472396
0.2578763	0.1639588	0.1398602	0.2022633
0.115657	0.2147554
0.237692	0.1350386	0.1349034
0.1993365	0.08540198	0.1516316
0.1509982	0.01699931
0.08439811	0.03284253	0.1924868	0.163922	0.2438876	0.203508
0.1043118	0.09148085	0.1796871	0.2065978	0.04722393	0.2407498
0.2446881	0.3408915	0.1805077	0.1076543
0.1241067
0.04900935
0.118111
0.04000959	0.231564	0.1587819	0.1065289	0.1124785
0.2212353	0.2165385
0.06640189	0.158688	0.06644463
0.1295726	0.1345021	0.2800078	0.0857264	0.09903448	0.1620262	0.1216564
0.175408	0.1764474	0.2780443
0.2096322	0.2050093
0.2600971	0.1455913	0.08381889	0.292278	0.2091107	0.2517745
0.07352377	0.1527376	0.2632773	0.2308686	0.1378758
0.04040088	0.2023108	0.1688877	0.1666631
0.1800353
0.1518267	0.1693109	0.1244793
0.1014325	0.1155917
0.2907456	0.3390598	0.186446	0.1151415	0.1422077	0.1465436
0.1940915
0.1841945	0.1391582
0.1351674	0.2400029	0.1273182
0.2543024	0.2032193	0.1162586
0.3155877	0.1892435
0.2066515	0.198278	0.1353883
0.2087678	0.1820969
0.1665883	0.2128602
0.1996719	0.2669145	0.1948235
0.2793495	0.1878206
0.1812137	0.1461285	0.1841962	0.08165009
0.3033015	0.1802578	0.2679698
0.2672336	0.1432459	0.03681699
0.2889715	0.1784968	0.1221155	0.2197848
0.170341	0.1536051	0.3119723
0.3174085	0.1492911
0.1819778
0.1665958	0.1121749	0.1823504
0.2391184	0.1548003
0.1599462	0.1699733
0.14736	0.07458753	0.1557467	0.08667345
0.2713936	0.137637
0.188286	0.1401937	0.2084077	0.1308719	0.2909156
0.3251194	0.1346697	0.193495
0.3872855	0.1555049	0.1179816	0.1927391	0.3582628
0.1246221	0.08067434	0.1707526
0.1124225
0.01763119	0.1493664	0.1375667
0.2076896	0.17303
0.1835906
0.03394143	0.0890411	0.1897716	0.1496203	0.1710048
0.1642865
0.1130069	0.04427299
0.1690658	0.06583475	0.1643513	0.2221206
0.01616641	0.1920968	0.09295537	0.08642268
0.00436015	0.03681509	0.1662049
0.1122502	0.01456086
0.07281641	0.118855	0.1664307	0.2306503
0.1722773	0.1993117	0.1309691	0.1169293
0.2169778	0.1763322
0.236847	0.1920029	0.1149827	0.2319709
0.2746262	0.1934756	0.1232373	0.192591	0.08905991
0.2005778	0.09861878
0.1738435	0.13572
0.1826195	0.08421316	0.1807822	0.06367166
0.06218095	0.1319451	0.215433	0.1959893
0.08902636	0.1389921	0.03227571
0.1987745	0.0834469	0.1413696
0.2119614	0.06926075
0.2606411	0.08933691	0.1109929	0.1409951	0.2808214
0.181679	0.0262327
0.1492028
0.2064768
0.2247127
0.2151506
0.1663572	0.1798688	0.1518712
0.3454958	0.1696183
0.1499426	0.1542433	0.1920442
0.2402437	0.1791742	0.1707514
0.2960681	0.1749091	0.1886973
0.1378198	0.1032541	0.1729618
0.09757215	0.09414128	0.2414886
0.2802628	0.04605232
0.1602731
0.1855492
0.1944556	0.185577	0.2211159
0.1753669	0.1752992
0.110448	0.1664445	0.102416
0.2738592	0.1390619	0.2212364	0.2640007	0.1181685	0.2820485	0.3172405	0.2206063
0.1174144	0.1985993
0.2094113	0.172635	0.2067387
0.1661322
0.1897812	0.1209809
0.1197331	0.1078978	0.04294606
0.3189857	0.1025758
0.1257746	0.1781022
0.2676783	0.2258472	0.1495107	0.2374273	0.08810614	0.04804473
0.1662623	0.09833189	0.2035161	0.1874737
0.1762914	0.1164929	0.2915782	0.1170548
0.3029773	0.2201816
0.3753274	0.2144464	0.106546	0.2045035
0.4519316	0.114596	0.2566091	0.1786151
0.1803832	0.1421379
0.1935221	0.1046863
0.1597419
0.2204213	0.1716594	0.157377
0.2005562	0.2369616	0.0979502	0.1454622
0.2863412	0.1832068	0.2456618	0.2871141	0.04362485	0.1837591	0.2900131	0.2754661
0.2812694	0.1350475
0.09169886	0.05791336	0.2535981
0.05258179	0.1584541
0.1137996	0.1591984	0.1692024	0.2379592
0.2491375	0.1590457	0.2146091	0.1502862
0.172617
0.2680937	0.2418654	0.3367129	0.09269399	0.1430767
0.1854599
0.1960359	0.1685626
0.2146085	0.1364404	0.1462554
0.1352247	0.03076607	0.1353521
0.253188	0.06188288	0.2404589
0.1983932
0.211336
0.1558398	0.1429857
0.2556705
0.3276298	0.2584383	0.3141852	0.1592312
0.1062202	0.1859069
0.2804851	0.05615764	0.179044
0.02390616	0.1176737	0.329814	0.1131153
0.2613089	0.131991	0.1313504
0.04639847	0.2271205	0.04352475	0.06431318	0.2892927	0.2006953
0.1218252
0.3112389	0.08236657	0.2101227
0.1641142	0.1435595	0.1763745	0.1557068	0.130931
0.2087841	0.02914378
0.2064057	0.1124635	0.1919106
0.2543321	0.1402213
0.2355893	0.1633053
0.09875804	0.1568573	0.1400213
0.1164781	0.2374149	0.09951299
0.1861593	0.06419925	0.2912301	0.1934198	0.2843345
0.2172894
0.3793855	0.2753448	0.2402359	0.2661492
0.2623773	0.2424304
0.1375919	0.1635368
0.2014272	0.178147
0.1739873	0.1260491	0.04069809	0.1726793	0.1272614
0.2219252	0.1659861
0.2105191	0.2040801
0.152242	0.1137462	0.2908205	0.1928475	0.1137509
0.1957342	0.1633642	0.05007364	0.2583095	0.1639581
0.2026349	0.215003	0.2236459
0.03216784	0.1678438
0.1650463	0.1913968	0.2105863
0.1859143	0.135924
0.2023219	0.1531283
0.1783897	0.1469834
0.206181	0.1493073
0.2857762	0.05830994
0.2038984	0.1321838	0.1640312
0.05623627
0.1258859	0.1686813
0.2220754	0.1720309	0.1506908
0.1777528	0.1353696	0.06628805
0.1669543	0.1048792	0.164846
0.2716905	0.04288776	0.1830113	0.2189581
0.2363972	0.04679047	0.1725281
0.1638785	0.005110117	0.1462126
0.07390638	0.02499145	0.1803131
0.1621287	0.06144421
0.156846	0.1431706
0.1615979	0.06652338	0.2329742	0.1108546
0.2699105	0.2793383	0.1306891	0.1750484	0.06535521
0.2047499	0.1361333	0.2041792
0.08913539	0.1513721	0.263723
0.1666225	0.1152679
0.212736	0.1389317	0.2246609
0.2361893	0.1819042
0.1795852	0.1449477
0.1614373	0.04150229	0.1710627
0.1529478	0.06626822	0.1596941
0.2015723	0.06612804	0.1702674	0.1504556	0.1209359
0.1964762	0.1297532	0.1909856
0.1190627	0.2576988	0.1185991	0.05950412
0.1036718	0.1236728	0.272013
0.23161	0.1425627
0.08304669	0.2054667
0.06467559	0.1126958	0.1749916
0.0987849	0.06671261	0.1955676	0.02153417
0.1999211
0.1138996
0.04481358	0.0428113	0.2035965
0.2003758	0.1183572	0.1053494
0.2310723	0.1396828	0.2656249	0.2537138	0.1963951
0.210946	0.1465241
0.05360853	0.2145884	0.2173526	0.1468826	0.1919898
0.1157258	0.06726089	0.2155964	0.2519658
0.1896446
0.1346009	0.03982893
0.2448559	0.1398304	0.07521935
0.3610277	0.121183
0.1580558	0.2235808	0.1230048	0.1056781	0.154074	0.2127062
0.09649113
0.06093693	0.08180917
0.1152923
0.1619175	0.02308798	0.1378545	0.1417561
0.17912	0.1258721	0.2093544	0.2269422
0.3017468	0.1389587	0.144091	0.02423507	0.252755
0.1948083	0.1201966
0.2682417	0.1218711
0.302349	0.1705783	0.1436075
0.1803043	0.1789668	0.1409524	0.2084388
0.158268
0.2000291	0.1894698	0.05468977	0.2254396	0.3093265
0.09436115	0.1004435
0.157264	0.1471595	0.1763109
0.1791427
0.1606572
0.1537257
0.3036938	0.1137828	0.1015291
0.01062522	0.1746123	0.1667813	0.03691351	0.1902882
0.006745898	0.1996855	0.1540683
0.0003030032	0.1759944
0.01506817	0.07510985	0.1477565
0.02447572	0.1243694	0.3851768	0.1890605
0.1304872	0.08214967	0.1816648
0.2473201	0.08400504	0.1787784
0.2138515	0.115553	0.1326275
0.1894739	0.1357968
0.1785504
0.2286917	0.1690131
0.201051	0.1745026	0.3489141	0.161723
0.109435	0.1878295
0.1808455	0.1060069
0.146895	0.2411978
0.03176658	0.1022803	0.1996011
0.04289872	0.2756734	0.1949123	0.1201414	0.07869305
0.1535241	0.1251091	0.1121489
0.05843249	0.1071128
0.08924252	0.0404168	0.1117787	0.1362064	0.2692394	0.405089	0.2772082
0.2136312	0.05309084
0.2121583	0.09446583
0.08835166
0.07100315	0.09359984	0.1677828	0.07901092	0.1243954
0.1557772	0.01056025
0.1132386	0.000776796
0.07190157	0.01052062	0.1775221
0.1436384	0.04032378
0.2506706	0.07348968	0.1184452	0.2617464	0.07193052	0.1788869	0.02281663
0.1095024	0.05914688	0.1685907
0.1387206	0.2012619	0.1769705	0.04459457
0.1976999	0.2036833	0.1599712	0.02019578	0.1867919
0.4685598	0.1821834
0.1438308
0.2379983	0.1488138
0.1360003	0.1493556	0.2311421
0.226997	0.1124654	0.1859405
0.1610057	0.02703645	0.343591	0.2378397	0.001082692
0.199778	0.0537198	0.1663639	0.2848612
0.06744248
0.08251392	0.1232129
0.1853157
0.05271874	0.1813426	0.1621786
0.1831134	0.1588711
0.1743071
0.2005727	0.2022743	0.1870609
0.2146735	0.1940043	0.05624514	0.124491
0.1695188	0.1119235	0.1316419
0.169201	0.1337239
0.223293	0.1223478
0.1792531
0.192527
0.1420493	0.1909239
0.2044986
0.2227466
0.3020453	0.2058034
0.1734784	0.2238595	0.2317365	0.2132595	0.2317668
0.2322076
0.05737893	0.2996275	0.1177379
0.3399099	0.2528831	0.2557503	0.1254916	0.05754184
0.1871364	0.2295881	0.1976453	0.04898686
0.1744236	0.1914958
0.1598037
0.2920144	0.2068184	0.1687399	0.1565346
0.2364281	0.1025134
0.09986712	0.1424732
0.2327729	0.1865017	0.04117565	0.1979888
0.1002697	0.1273505	0.1311097	0.1267931
0.2157699	0.1535187	0.05357795	0.2369232
0.3517082	0.03996244	0.158294	0.1385821	0.1321059
0.1190949
0.2164137
0.2214277	0.1748316	0.0915685	0.1454545
0.1334613
0.1767164	0.1682724	0.197837
0.1729397	0.1430395
0.1768723
0.115765	0.1456959	0.1942351
0.2389275	0.1483252	0.2212286	0.086454	0.1228125
0.1600583	0.2270366	0.1242191
0.2141836	0.1377893	0.2098209
0.1687034	0.2253245	0.1751006
0.1384819	0.2209126	0.2608985
0.1669884
0.1326641	0.1328345	0.2909457
0.1047575
0.1592494	0.08038728	0.1474409
0.2082467	0.1068207	0.2073496
0.1478095	0.1536137
0.2527386	0.1574434
0.2080504
0.2231029
0.1786659	0.2300647
0.2258197
0.2061644	0.1882921	0.2072354	0.1813792	0.1443013	0.1771502
0.1821391	0.09256871
0.08495254
0.1096614
0.1596783
0.1155075	0.1469374	0.1242301	0.2086664
0.1092153	0.09559745	0.06811604
0.1280637	0.07560065	0.1607926
0.1370915	0.1933839
0.1252405	0.1392768	0.2421912	0.1641178	0.3192206	0.1000015
0.1190754	0.06188699	0.1878747	0.1646039	0.1750755	0.1436864
0.2344828	0.145843
0.1948231
0.05081674	0.2073783
0.2531476	0.2024601
0.1200381	0.1492718	0.102899	0.3617598	0.1483984
0.06230755	0.1675524	0.278879
0.168069
0.2373482	0.1618137	0.2020771
0.195874	0.1465819	0.1872023
0.2797317	0.1728068	0.07529757	0.2125848	0.04490259
0.0646174	0.1495669	0.07339081	0.3299599	0.2569713
0.2808171	0.1597722
0.1793277	0.063181	0.1361695
0.1366475	0.1582712	0.1391646
0.2393539	0.1071852	0.1540409
0.2028091	0.1363164
0.2260392
0.1734572	0.0901804	0.1998124
0.1713203	0.1272653	0.3089209	0.2785978
0.1905284
0.1988394	0.09475425	0.2528748	0.1100796	0.06810437
0.3852049	0.1584145	0.143655	0.07019185
0.252666	0.1576703
0.1793908
0.2485593	0.1046003	0.1619922	0.1277838
0.1394194	0.1394875	0.1749747
0.1231041	0.1725057	0.09030975	0.1782928
0.167136	0.0937959	0.09807948
0.2048196	0.1412417	0.1962356	0.2028607	0.0837501
0.2556377	0.1170509	0.113553
0.123764
0.1508263	0.02188104
0.1180742
0.2037327	0.1408132	0.2162898
0.1558192	0.06898102
0.1768538	0.09649373
0.06984867	0.1355611
0.1875431	0.1464607	0.01941835	0.1268709	0.1385733
0.3417425	0.1538737	0.08524261
0.183248
0.2210474	0.2093527	0.3345693	0.1267868
0.1501496	0.2753926	0.1532604	0.01459561	0.09335062
0.2095614
0.1223206	0.1076761	0.2081077	0.1308452
0.1081836	0.06914177	0.1796058	0.1880587	0.1003417
0.2329317	0.1415206
0.0691053	0.2152739	0.2183157
0.2286018	0.1028264
0.1448444	0.1991967
0.2258461	0.1295924	0.1238163	0.206035	0.1766529	0.1292349
0.1421687	0.03589579	0.2255832	0.2250223	0.09147981
0.22991	0.193669
0.1984983	0.2658511
0.1888743	0.2484865	0.2853262
0.1380841	0.238599	0.2924208
0.03640361	0.2143515
0.1109777
0.1499837
0.1942925
0.1761874	0.2447313	0.2351913	0.2712287	0.2251371	0.3354212
0.2124601	0.1766954
0.1702326
