MassExtinctionTimes

34.76306
48.54354	11.23486	2.952925
5.891638
45.73478

17.77999	38.19446	38.95473
28.09213	9.984621

30.1653	15.49645

19.39109	14.21217	61.88343
7.932863
17.13626
46.24927	38.83428
48.43455
30.56691
34.98336
37.13863
62.24932	36.31953
2.788422	2.801743
62.60469

5.775083


47.72027
25.03513	8.704806
62.9409	38.6008
35.10636


36.57319	28.67775

62.25295	25.59629

8.730324
6.328314

56.51351
35.35013
45.67045	6.555986
46.84791
48.87429	18.70549
14.19972

17.78345
24.21001	25.38917
44.20297	21.44182

46.84276	33.76172
45.93585	34.1376	56.7482

35.07956	39.7857
38.71151	2.897919
40.76569
28.66285

3.370321	54.07445	1.803156	17.75653
16.55367
24.63734	16.02904
0.7266904	6.580552	22.83474
38.71172	17.05364	26.40204

19.05673	44.48412	8.181033

47.57236
33.55224
51.33783	16.75063	35.93983
46.22355
47.73289
39.95503
22.33362	5.842701

62.64849	64.216
39.2117	25.2668	21.95679

2.894902	22.6722


25.24845	33.38875
51.73679
33.24011
15.90869
31.507	12.55674
29.7847


45.59592	35.05151	31.57331	25.23654
48.69292
39.37049
60.71944	23.70943
32.45949	35.74609
6.191671
49.51131	8.772301	18.93446
8.197624	15.58981	14.08282	21.92281
52.93559
48.71337	15.78212

4.483459
7.835481	12.45289
32.94102	46.51985
7.859638
14.46779	2.360471	23.89196	1.131819	28.95929
30.955
38.25015	15.75444	41.29045
46.00466	51.68014	39.03516	18.46234	30.34585
15.91687	38.15089	38.59528	22.44524	16.9033

50.24367
34.74967
28.59179
19.54593	55.53906
40.87267	25.67797

50.06273	27.02173
16.96897
28.78734	57.01078
16.0052
16.67266	46.80592

40.19167	60.2618
19.08476
44.42617
8.480093

41.68807
16.43779	46.14646
41.17102
34.43599	48.50531
36.24081	45.26912
30.7425
32.32301	50.29099	9.920499	39.462
52.73388	29.33542	46.8947

64.9891	2.621701
46.73427	8.987669

55.87654
2.632035
9.443127

53.01873
43.535	27.86286
49.42832

36.58776	44.86805
28.31707
48.62943	53.45109	10.27868
47.97227
16.60536	60.98704
44.561


65.17827
48.42095
27.51261

48.34058

40.02044


2.856829	4.157718


23.08564
4.43294	62.48014	2.817042
59.99527
34.1202

34.65916
3.246228	54.07658
14.88571

51.25986	44.85797
50.95849	61.19229
41.22744	14.15425
26.09843
52.01441

42.02301	16.57649
36.42763
48.34512
19.52811	40.31659
16.99569	33.94698	62.43241
17.63235
54.29661	0.1985488
1.132612
45.77071
2.98829
33.47442

39.54815
4.914071

39.44007
33.56741	38.08913

39.72067	52.74446	11.18934	1.901277
16.42245
62.17352
62.17352	24.71511	8.616499
62.17352	37.08368	32.28741


10.59445	9.363657	9.288683
51.46492	3.375646

23.46043
2.770161	1.999868
27.7237
9.54609
44.04283



37.64508
4.323106	41.48868
16.24059	27.96091
36.89116	5.461537
39.87722
3.109923	8.695257	11.45099


3.164437	44.32837
9.069068

62.06616	16.22911	47.4055
62.06616	48.91238

8.671243	2.088191

46.68986

49.0835	0.5024737	37.74431
6.188245	39.48793

50.40307
56.60691
0.01742023
35.03617	27.61757	6.867358
23.5547	56.86789	18.00779

47.51637

43.9607	28.83076
64.7957
23.86128
21.49929





61.81799	2.556336


39.74021	28.86274
22.61457	32.00964	9.435623	46.44027	41.81815	52.03514	9.207304
21.94828
62.15166	50.04804
8.48714
2.717957	0.5944252	62.90308
29.00025

39.05892	55.4676	4.08571	50.4834
51.26748	35.14489	45.9314
29.74895	5.561148	7.309859	49.33475	39.11132
25.48591	44.4499
2.924421	15.746	28.73334
51.20341	18.21126
48.46469	37.00694
16.63084	58.5794
22.14322

48.99135
12.55918	9.526643	48.43067
40.00197

50.72772	45.72894	39.29066	18.36761
48.44348

29.75964	24.35479
51.19185	33.23883	7.581934
21.95252	21.05031
22.8413


50.28721




33.48222	1.17626
17.07569	30.60465

21.25782	0.7925537	48.44979
1.735974	35.61803	7.452474	46.62281	25.14271
40.28786	2.029421
30.2361
20.43586	17.50629	7.393272
0.5648291	45.82721	1.588582
9.20122	17.72221	9.21803

47.78716	19.86593	26.40827

34.95054	49.02947	39.39	36.60726
62.12934

47.2956	34.82609	18.65	44.23266
38.95793	1.324661	47.39458
16.53563
24.38966
9.772545	44.26926	30.06421	51.5543
17.75864	56.42182

36.9612
35.67403
38.07728	13.7537
39.20045	9.418198
62.45961	52.98259
44.41603
23.81978

36.2636
36.64381
35.43516	48.3675
27.19514

21.47016	39.55546	19.06275

39.88629	18.71355	39.59643	27.72127
64.55587
46.55052
39.19374
14.87021

6.56419
31.75726	37.65365	50.31506	33.92016
56.04225
62.26946	38.38043	14.31108

47.94916

13.97285



21.74414

38.9729


41.73714
8.907647
23.61678
21.21544

29.66691	3.223082

35.94366


31.37682	20.23118	38.41967
1.079262

34.60623	0.08834231
50.6832
33.7172	42.7618
62.0182	26.80815	65.49048	50.23872
62.0182
62.0182
62.0182	7.160846
62.0182	12.76608	28.10156
62.14933	58.97298
50.41885	22.15729
53.99476	30.41703

41.3973
48.95783	41.55801	8.374331
44.58785
0.2779897	22.89471
41.76518	13.65588	28.63616

22.86642	1.157971
27.11384
4.840334	51.14123	28.9785
39.9215

18.07446	32.50152	6.430035

30.67771	2.049892	21.24806
35.88007

7.132035
41.08188	33.80211	51.24249	11.0284
20.82634
48.12695	44.78468	10.73347
18.13597


34.33678
61.22633	10.44869
62.15109	21.72566	20.37773
62.15109


62.66203	24.98726	49.22249	39.05537	2.8519
62.01788	18.32125
41.03448	20.87573	38.55256
3.656436	15.53935
48.5115	5.210804
38.62263	39.76925
38.37287	29.10329	47.53482

6.967831

18.31712
3.040983	34.66906
13.33351	45.21678	5.534988

20.5137	31.45226	5.31275
50.98826
51.29726	33.42532	4.0703
51.71506	57.38553
41.49793
38.17947

40.29512


38.63194
38.98199	31.16011
11.41267


50.73385


2.135769	46.32661
10.24801	26.0581

47.53441

46.7176

35.3092

8.502357	18.74351	12.71836
1.912181
6.693995


13.02045

52.04796
62.41707	34.25275
40.72938	43.79112

62.47143	39.43901	0.0867345	51.16723
18.10193
41.06549
1.548753	16.72163	1.546778

21.89883	45.50904
48.46789
48.03463
13.86369
48.20893	38.34191
39.05901	8.976204	25.7193	8.705494	3.124966
53.08237	7.890744
46.70959
34.03294	50.12986
62.47142	16.45863
46.40976	18.66868	39.84103
0.8599449	15.64257
47.56104	19.71305
38.49444
14.3901	6.217598
47.54593	0.6998608
40.0557	30.92286	6.642552	39.14264

16.8485



52.89319	48.44946	10.50957	22.49729
15.04078	48.48174	40.165

20.2135	20.26499
1.362077	10.80811
51.3143
35.80564	28.28508	48.36228
39.80802	13.44303
38.00691	50.03319
28.86365
48.14997	15.94191	29.16689	40.08456
62.2695	14.16027	35.95014
28.08774

6.462839
62.11425	28.98701
5.434961	27.16641
32.1938


7.394229	20.79702
39.94251	23.35108
17.11646	25.2577	44.12627
47.99119
47.96619
2.686624
54.08153

41.01991	1.280316	43.71901
20.16154
53.33851


19.82651
25.15845	4.979934
41.5146
62.13885
39.50697	8.850835

6.776245



46.39875	36.21646
36.09622	22.67968
63.05754	36.73891	45.06531	50.73978




12.72546
0.1205609	8.953568
6.791276	0.2340029
20.01575
28.31676
11.09153	34.22249	38.58405	5.144785
0.1249924
41.47852	20.62076
15.96205
5.105647	21.62552	25.91524
51.79866
38.42483	2.522525

47.72018	42.39389
16.3581

29.20108
46.00055
22.75198


20.89919


40.48958	35.72504
8.068368
46.7559	51.40835	36.53201	47.31977
51.85094	29.29015	24.95728	49.73549
37.85608	46.02053	8.998015	24.04564
62.42028	50.36743

62.08232
59.82705
61.09977	54.25246	43.56414
42.17303	47.60094
27.26992	5.667663

62.70581	17.01884
51.9744

1.052787

36.71588	35.51025	35.23096
25.77494
39.30255	9.832851	48.41898	2.020822	44.47989

40.17943	48.77177	1.66733
62.02156	37.52654
2.299305
37.50306	42.02617
26.91333	1.160425	26.77753	47.4203
5.173809
4.343904	47.56654	43.60404	64.73439
48.96851	1.69205
16.74822	22.54559	0.1199325	14.21428
22.86457
48.72959	5.675159	38.73821
62.04817	6.922717	26.12568
62.04817	18.34442
31.12736


5.695005	41.11441
48.94249
39.50655
8.519628	61.54777	36.67001	64.29788
57.9961
49.97623
29.98387	26.01524	8.607331

41.60806	42.82095	1.721427	6.909848	19.84308
36.33748	8.247488
3.553305
39.90631	61.96723	21.65093
46.50327	13.21468

50.64593	21.81561	3.042845	24.92182
59.97965	14.72735
29.48286
52.21296
26.82242	51.48266
47.99415

62.69865
9.17855	18.71895
47.65149

18.7948	19.50493	62.041	26.32881	8.393691
26.69913
50.79726	10.30399
22.53731

64.61245	49.52536
0.3947725	7.542019	8.318054	39.20533	18.7525
10.11453	17.13559	37.88693
47.59295
36.31034	28.11785

40.09547	46.42724
35.40262	22.60915	10.03391
19.58604
49.66828

27.79477	50.66605	3.350911
46.751	19.17999	1.860504	8.25461	1.74876	0.8269046
2.23516	28.69704

47.72394	9.332703
60.95485	53.51591

11.00966

9.37325
43.35635
25.90297	17.01059	21.72459	5.969311
19.92785	41.57832
45.84753
41.99704	19.42453

62.46588	47.85747	27.938
61.76462	4.347407
0.5943986	1.361834	24.77313
38.79024	25.88496


45.45647
10.31084	39.83559	9.751005
31.61903	30.94475
21.51731	28.31907	43.96764
39.52025	47.85439	17.04078

13.58224
30.29759
29.90511
45.50593	29.17471
7.805647	0.2331542
62.08336
8.936954
8.512116	24.52006	40.69236
28.47105	21.82425	32.89601	8.619121
11.96688	7.071067
38.66706	3.071476
33.94897	3.121597	4.079193	15.65848
50.14721
6.833379
39.34432	15.48871	30.6174	35.34742	14.33993


47.43612

5.369559	53.36153
9.113563

15.27052	16.38078	36.72955	41.50797
40.03198
45.01849
16.5906


25.57758	13.31695
24.05147

27.73627
26.21492
22.35386	6.434042	10.1142

51.41491	36.04945	5.027149
37.63259	15.24473	6.287869
38.82463
25.00757
39.66609
28.56329


48.16822
39.00281	61.31316	11.12518	10.6412
20.03676	6.593681	12.98516	15.12494
27.46397
10.46226	45.63627	61.19082
37.36383
1.590217

37.33182	47.7456	8.966972
48.28377	12.82381

41.57863	4.987466
21.08703	40.29976
61.28415	45.37774	49.60031	36.79144	14.37602
41.36368	37.96044	0.135458

22.74842	60.33151

25.46954
7.14274
46.61506
26.31981
60.06735	29.0104	4.796148
20.40958	9.535481	41.86935	53.22217	38.53737


30.39238
23.9514

39.86748
15.56099	49.35634
11.47564	29.22272
62.30669	6.15531

29.03664	0.5738195
39.61814	17.59806
28.40868
61.91134	46.66384
43.30237
29.15392
27.70504	37.79393	3.619076

13.39541

7.259465	1.702727	47.0692
36.58565
1.561455	5.898805	60.99336

17.42952	46.53523
51.71016	37.66018	55.19482	13.95084	35.5426

5.331012	0.7487609
39.02877	9.57755	6.426616
24.29633	2.979652	39.85029
9.992076	55.18653

48.27595	36.56638	5.343816
51.44314	26.2872
16.47091	31.72298	10.92028
16.21169	24.45627	39.8192

6.400239	62.0489	48.49132	54.11455

25.33107

45.44667

61.07023	5.043696

16.89865	51.32876
40.40062	37.35949
64.17523
50.18985

44.05895	16.50142
36.15403
12.60459
7.145662
28.44718
