SurvivalProbabilities

0.8628702
0.3736413	0.543057	0.1110716
0.5648933
0.8759105

0.266944	0.517735	0.3259145
0.7921088	0.9784317

0.6277407	0.3328059

0.2137454	0.8254987	0.5167163
0.7707796
0.8834661
0.2563899	0.6070993
0.7120137
0.424453
0.7804859
0.865876
0.5995635	0.8875355
0.2383869	0.5563432
0.6118657

0.737549


0.3710028
0.6991339	0.4268619
0.8912867	0.9270335
0.7898054


0.9047187	0.9155265

0.8127378	0.9367334

0.3168917
0.7627496

0.9786298
0.3800526
0.6408226	0.8098435
0.7212118
0.569637	0.4649998
0.8862973

0.4199532
0.7781854	0.9674637
0.625349	0.7552144

0.2775784	0.2566685
0.7655668	0.509303	0.9748143

0.4790607	0.608075
0.3044093	0.3653536
0.6663685
0.6153288

0.4104226	0.675229	0.6912559	0.7858536
0.2892572
0.4197859	0.642244
0.6894804	0.513269	0.6762145
0.1074943	0.4284821	0.7967478

0.2243839	0.5064946	0.2971198

0.9628767
0.4082384
0.7012103	0.8781729	0.7316252
0.6863051
0.484813
0.6137653
0.8159734	0.06833262

0.850566	0.9627254
0.290409	0.6056455	0.8054667

0.7190811	0.7668584


0.8999931	0.713248
0.8828245
0.9933814
0.3230911
0.8295227	0.898797
0.8342669


0.7579181	0.4825897	0.5790996	0.8203016
0.4572206
0.5635682
0.8574871	0.67857
0.9080059	0.5268782
0.8288218
0.9142477	0.9961975	0.8181806
0.828309	0.5480433	0.8264814	0.8699917
0.8914187
0.5603488	0.8504814

0.9073841
0.3563159	0.1938759
0.446353	0.7402968
0.9533571
0.4492952	0.1980933	0.9596018	0.4401394	0.7731981
0.9871611
0.3998692	0.309072	0.7651512
0.514737	0.9234632	0.7777979	0.4526948	0.8887047
0.2812433	0.7409825	0.4677417	0.7535444	0.7111392

0.4805372
0.4635911
0.8613371
0.6887938	0.9951113
0.6398496	0.8484049

0.380068	0.7506437
0.8246715
0.6940545	0.9855973
0.4089809
0.3920236	0.9210752

0.2745992	0.8881816
0.6136853
0.5983303
0.8990843

0.6745157
0.865413	0.7106807
0.2981511
0.5073428	0.6749793
0.5571285	0.8122005
0.8463263
0.761834	0.4607201	0.7432119	0.9279958
0.757733	0.5498961	0.1847148

0.9332543	0.9425863
0.4247142	0.6371586

0.5425093
0.6781558
0.9992387

0.7242116
0.6019293	0.9577277
0.5247288

0.4612812	0.8940295
0.5438759
0.8177156	0.7147065	0.9253315
0.8067164
0.9990734	0.7454753
0.4098807


0.9695128
0.3231097
0.9019869

0.5093953

0.8179883


0.4756705	0.5125953


0.4178795
0.5707094	0.8397114	0.4091206
0.9994688
0.7548193

0.976094
0.6790242	0.9284993
0.4065994

0.8377934	0.9062359
0.6351702	0.6421475
0.6244608	0.7533187
0.7574902
0.9838317

0.6963635	0.4187566
0.7985936
0.8283674
0.764146	0.822
0.4834029	0.4807967	0.594837
0.2969687
0.9741339	0.7395107
0.5866379
0.4504358
0.7300933
0.4549439

0.3196573
0.5436126

0.4082467
0.4726383	0.4566736

0.5323135	0.7768709	0.7703075	0.4758392
0.6316006
0.487523
0.4944988	0.8753417	0.4548949
0.4717511	0.8452706	0.5579796


0.8060871	0.7186186	0.6923215
0.9142212	0.7563113

0.6303173
0.5841788	0.9069681
0.7703516
0.2472008
0.5625826



0.5223504
0.893296	0.5442636
0.8243702	0.9965283
0.4184165	0.9400917
0.5989869
0.9978739	0.6775653	0.7101984


0.2285395	0.5358403
0.49015

0.7183031	0.3501071	0.5524022
0.6607838	0.4258328

0.1684829	0.9739767

0.6524142

0.4521378	0.0645514	0.3900065
0.9472399	0.3767754

0.4154204
0.9549861
0.5922252
0.5006857	0.6546529	0.2708026
0.7022527	0.8550699	0.4469286

0.6309465

0.8530354	0.7814355
0.9387315
0.7826699
0.7292249





0.9125298	0.7069613


0.3069404	0.8359471
0.5195083	0.541485	0.11092	0.6103557	0.9455234	0.7345541	0.5007176
0.8791431
0.7530526	0.8018506
0.8679165
0.2887428	0.4381219	0.7961041
0.6500133

0.2210188	0.783253	0.994482	0.7664414
0.5057328	0.5191043	0.7585244
0.8914294	0.8739457	0.402201	0.8862887	0.8946105
0.6948578	0.7681655
0.3358359	0.4991505	0.8135142
0.2852661	0.9982208
0.369025	0.6409437
0.560592	0.7785929
0.7953878

0.411119
0.9707164	0.9386329	0.8586526
0.6626279

0.3932338	0.6380157	0.5327458	0.2757104
0.629998

0.432237	0.840221
0.4761846	0.813703	0.5670228
0.2498531	0.6131557
0.4400637


0.8461909




0.4931854	0.6207364
0.9059353	0.4278533

0.3207461	0.4123296	0.3705395
0.3862742	0.3830205	0.8576871	0.63305	0.4133513
0.5939966	0.9556575
0.8771442
0.2530981	0.4292832	0.251046
0.4009273	0.9974878	0.3150194
0.2468606	0.6121362	0.4599099

0.4201721	0.8629859	0.5016417

0.4587794	0.8332144	0.7367391	0.8378138
0.6210465

0.9114544	0.8221976	0.5304068	0.7488896
0.2885819	0.4663607	0.4269116
0.6642428
0.6297891
0.8793423	0.661259	0.842562	0.6994884
0.4248606	0.9964705

0.3862444
0.7380619
0.8565017	0.3115981
0.5564184	0.3714257
0.8170016	0.7314308
0.5826354
0.6602472

0.7891552
0.5982682
0.5661774	0.7450535
0.7597049

0.3755265	0.6153209	0.7581766

0.7248519	0.5981267	0.9133747	0.8076571
0.9136991
0.4201309
0.4343964
0.4471824

0.7246128
0.477636	0.796666	0.4774607	0.6679211
0.8528563
0.6692286	0.798431	0.8122397

0.3910231

0.4793815



0.4682958

0.3513669


0.5122852
0.6828205
0.8347245
0.7703412

0.5260085	0.1141163

0.5665563


0.8374492	0.9141028	0.5864228
0.1850621

0.5565879	0.0492062
0.5347328
0.7613018	0.8450304
0.538374	0.4821856	0.9348272	0.9628918
0.645766
0.4421471
0.4702787	0.2185127
0.4069686	0.938813	0.6855967
0.3505019	0.9117445
0.7396973	0.8804703
0.9287647	0.3752833

0.4614177
0.4886548	0.6326341	0.5818742
0.7925092
0.7829584	0.8704236
0.7775414	0.5598262	0.9862415

0.581866	0.3319449
0.7374364
0.6892263	0.5664696	0.9494423
0.5609148

0.7834426	0.6786299	0.8670363

0.7680862	0.3814108	0.2957746
0.3666527

0.512513
0.804919	0.8234381	0.3212229	0.446125
0.4952939
0.5206269	0.9153447	0.2533036
0.7907013


0.3342086
0.7160006	0.8109421
0.487866	0.3452571	0.93951
0.5608571


0.6019302	0.2809587	0.1637133	0.3470364	0.7612818
0.606465	0.9430823
0.7144634	0.7746535	0.5673842
0.2952744	0.8364627
0.5550432	0.6016607
0.8661927	0.832613
0.4342053	0.554795	0.9535164

0.6651145

0.8429487
0.4411445	0.9244268
0.9066715	0.7830093	0.2683901

0.7917626	0.7689834	0.2204388
0.9125901
0.7270419	0.9636484	0.754422
0.8438817	0.7859066
0.3772407
0.5844086

0.6011529


0.467383
0.7542795	0.4880923
0.9461707


0.5280422


0.3526497	0.7897166
0.7440477	0.5499948

0.8884884

0.5478923

0.722265

0.6344549	0.3331072	0.3331357
0.744961
0.1974066


0.9461672

0.7723872
0.6576893	0.5477809
0.8746639	0.9222822

0.6218895	0.6259094	0.6780925	0.6738801
0.8772576
0.4115287
0.507841	0.81814	0.2880058

0.15229	0.91358
0.7958914
0.3709264
0.9745272
0.5838078	0.2277255
0.3593085	0.5477993	0.8848863	0.6517261	0.2746629
0.713904	0.4353466
0.900154
0.4802081	0.3522369
0.5649164	0.1876204
0.840908	0.9173868	0.4212213
0.8910203	0.8648728
0.341116	0.8830269
0.7234775
0.4497509	0.7662198
0.677096	0.6212304
0.3013801	0.7001764	0.8365366	0.8381988

0.113239



0.9557513	0.7382761	0.4920414	0.5135257
0.735405	0.6230893	0.7522567

0.4632534	0.9274227
0.2918157	0.8083677
0.8706884
0.4242656	0.560565	0.6528417
0.3205345	0.6476649
0.5685213	0.4430835
0.6619717
0.4581173	0.3770047	0.6956683	0.9116321
0.5195933	0.5476628	0.6075479
0.3961072

0.3137412
0.5941798	0.2864958
0.3629923	0.5336903
0.7910757


0.9719769	0.549271
0.1628182	0.4216019
0.3361468	0.59109	0.6888793
0.5158766
0.5973891
0.8218931
0.5662049

0.9083857	0.2172956	0.976923
0.4400648
0.5372553


0.8706008
0.6891278	0.2226511
0.7347591
0.4987396
0.336473	0.7230269

0.8675506



0.6894204	0.3151648
0.7450826	0.7420064
0.8932643	0.6365793	0.6544957	0.7351337




0.7512684
0.6143676	0.6996614
0.1672709	0.9668912
0.2772617
0.7953989
0.8021923	0.5569982	0.649152	0.5519244
0.9292658
0.3171829	0.7080602
0.4205097
0.3752873	0.4409276	0.7115862
0.5440441
0.852352	0.3040643

0.6420077	0.8134342
0.4859375

0.346178
0.8262545
0.6456026


0.5170202


0.2778237	0.9309416
0.3533218
0.9187484	0.4807295	0.2694813	0.6381886
0.8921025	0.7543446	0.7278464	0.7234035
0.1568784	0.8674689	0.7655939	0.7504055
0.9155247	0.6255733

0.4564115
0.7654241
0.4187402	0.7836426	0.6353986
0.8896261	0.5108134
0.5106611	0.6637154

0.6786545	0.4416809
0.9638963

0.4664742

0.7646256	0.8459931	0.7094616
0.703498
0.5252649	0.8113325	0.5710114	0.5238389	0.5439807

0.1858104	0.3859528	0.9662278
0.6779138	0.3990252
0.8739137
0.9688075	0.7103032
0.5054055	0.703311	0.7080053	0.8448678
0.909691
0.7126116	0.6434626	0.4847691	0.8578485
0.7317656	0.7054
0.656834	0.3192881	0.06472209	0.3952539
0.7806251
0.3234061	0.4655756	0.7649641
0.4516161	0.7932863	0.8342095
0.6264591	0.8823268
0.977116


0.7382702	0.5258953
0.942904
0.4321554
0.3521447	0.8796758	0.6289385	0.8481118
0.7789312
0.5806439
0.4866031	0.4933471	0.5029076

0.4498072	0.6544779	0.295878	0.8077803	0.5537877
0.6771478	0.2553073
0.5363622
0.4118399	0.9205883	0.4983294
0.4326795	0.3325584

0.8223742	0.7933098	0.4192763	0.4198284
0.8892016	0.6693537
0.8176976
0.8596593
0.6705165	0.445756
0.6609777

0.8848551
0.2926311	0.9574015
0.6395579

0.7693604	0.9158082	0.9271481	0.9786251	0.1778906
0.6109237
0.8268648	0.4188114
0.1403099

0.8608732	0.8665914
0.8170715	0.3599403	0.1045791	0.7504033	0.9860458
0.6112909	0.9951415	0.235121
0.870594
0.6819629	0.5672808

0.4314958	0.9817584
0.5387255	0.7925035	0.7333136
0.8090911
0.4743163

0.6471389	0.7047099	0.5273882
0.5274832	0.3011094	0.5377037	0.1393393	0.8171889	0.9610546
0.7957256	0.7687027

0.6616496	0.2457824
0.7819966	0.7809033

0.9514092

0.4295863
0.688184
0.7290915	0.6467423	0.3747567	0.5176
0.2569275	0.8982502
0.750128
0.6828305	0.9518126

0.7498716	0.5293861	0.9627557
0.7472983	0.9772574
0.3250011	0.384107	0.5433238
0.2986458	0.9504492


0.6511986
0.8932956	0.3964565	0.4682194
0.6983327	0.634843
0.453627	0.5279334	0.366238
0.4197476	0.7318669	0.190097

0.9743926
0.8789883
0.7384451
0.5572681	0.5186595
0.1724493	0.6854905
0.7083297
0.8616503
0.09869679	0.7759333	0.4224341
0.6067084	0.9945037	0.7826356	0.7988743
0.7280616	0.7761372
0.5565353	0.3557041
0.7297116	0.03490874	0.6331287	0.755527
0.806548
0.5424953
0.3140891	0.2462739	0.9873032	0.5215538	0.7710548


0.7452723

0.5833909	0.6987369
0.8335206

0.9461686	0.1928051	0.3415471	0.6839214
0.5009751
0.395199
0.9072553


0.4002223	0.9334331
0.6663196

0.3161318
0.1454573
0.7564471	0.6074177	0.5418213

0.9777621	0.3732845	0.5441189
0.9538307	0.6332392	0.6936118
0.1677308
0.5207752
0.3374008
0.5627275


0.5618337
0.6888883	0.7838792	0.7812098	0.8662996
0.6798685	0.427644	0.2939923	0.6229203
0.6198815
0.4737788	0.864714	0.7357677
0.7883418
0.1720794

0.6916509	0.5225407	0.1026927
0.428956	0.6391163

0.6541122	0.6805909
0.7249262	0.8007737
0.8008926	0.983846	0.9540319	0.7445993	0.8254418
0.7932933	0.3670757	0.4057298

0.358218	0.7995963

0.6330196
0.8113393
0.5160047
0.4536788
0.8767021	0.8200761	0.4997653
0.7934991	0.8018739	0.7215486	0.5776433	0.4123149


0.6813392
0.2191461

0.6103325
0.5387537	0.6477492
0.4839392	0.2555648
0.7320043	0.4723552

0.321874	0.191495
0.5656782	0.5821944
0.8155877
0.5890159	0.8338166
0.6653553
0.1459795
0.6789276	0.4825159	0.4826914

0.9980591

0.8743647	0.1980847	0.8371297
0.8504944
0.1130217	0.392372	0.6850204

0.3603186	0.6705924
0.7137438	0.8691435	0.8325814	0.7081392	0.8299777

0.5779863	0.6110054
0.4751623	0.15201	0.8406947
0.2312333	0.08601834	0.5091587
0.2961917	0.5902195

0.8798321	0.6279217	0.7212082
0.324733	0.7136577
0.5457824	0.7975126	0.3889485
0.2365715	0.54895	0.5054305

0.9383015	0.6888373	0.4618926	0.8591937

0.5394081

0.8804453

0.5652588	0.3595076

0.5189537	0.6980059
0.5844665	0.5573474
0.9634664
0.6027049

0.747287	0.2770464
0.2899162
0.430455
0.8819402
0.8152612
