ExtinctionRates
0.0007808376	0.002563043	0.002555883
0.006443462	0.01513032
0.04397201	0.007075771	0.002071337	0.02294778
0.01277392	0.03333329	0.0005259343	0.01854901
0.008696433	0.01131378
0.002284627
0.0008454428	0.004684885	0.00688116
0.01141215
0.003819761	0.006902506
0.00527156	0.003288703	0.03985297	0.002816291
0.01072333	0.002700394	0.009444154
0.01090123	0.01105834
0.02764764	0.02865899	0.01012791	0.025414
0.08508362	0.02321615	0.002001696
0.03142502	0.007180202	0.00405424	0.02487362	0.001127812	0.003555487	0.002899908
0.05603741	0.008603616	0.05252176
0.02395702	0.01725076
0.0510931	0.02751772	0.006338576
0.003728733	0.004693834	0.02946805
0.1012165	0.01637688	0.08008405	0.0004620753
0.01226063	0.003752508
0.00840866	0.01164587	0.0008460725	0.003512829
0.03301543	0.0009283655	0.00524872
0.004046168	0.002195983	0.02166979	0.004069944
0.002063302	0.0002011775	0.001344904	0.0006989015	0.002129899
0.008387637	0.007249858	0.02305957
0.02328343	0.01644734
0.02049808	0.004524354
0.0008589642
0.00134749	0.0004151773	0.001512653	0.014369
0.0211082	0.001098536	0.0009496586
0.02978597
0.0193246	0.01051451	0.004352105	0.01616869	0.0001961398	0.008318854	0.001270441	0.00200046
0.01740546	0.006354535	0.003756336	0.004934274
0.001799192
0.003060537	0.0031166
0.06260853	0.004703494	0.001929611	0.0002822908
0.0746313	0.005445736
0.01220453	0.006843242
0.01174846	0.009896632	0.01902683	0.0007050702
0.07829399	0.05580377	0.01336564	0.01018081
0.001379607	0.01863936	0.001461712
0.00908253	0.004242026	0.01579004	0.04466786	0.00148491	0.006972659
0.01910276	0.006718905	0.0007663388
0.001043832
0.008723082
0.002176303	0.003226999	0.01646125	0.08829851
0.02014817	0.01782994	0.0005635406
0.004121793	0.02685477	0.008257455
0.002826453	0.006122302
0.02164719	0.01522921	0.00256598	0.007761436	0.003693046
0.006292025	0.005160331	0.01151534
0.05179123	0.008596143	0.001898404	0.1118122	0.001132353
0.2768511	0.01603196	0.01511146	0.003074673
0.002661668	0.003778727	0.00969653	0.0007910954
0.001835239	0.001023069	0.00698685	0.0004115949	0.006463748	0.04777605	0.003208186
0.01213364	0.003283461	0.0009665162
0.001508798	0.01148419	0.003187615
0.002717018	0.00124439	0.0135534	0.02633435
0.001331664	0.03317124	0.0002770592	0.09353704
0.003636615	0.0004589664
0.01858764	0.01375269	0.01390983
0.07545999	0.0006222314	0.006505014	0.005671501
0.01477825	0.006061852
0.002675351	0.01521714	0.00421747	0.003567402
0.007571446	0.01018514	0.01162351
0.003388348
0.0002578419	0.01097671
0.001666489	0.01158358
0.006674511	0.01477844
0.01127465	0.01526692	0.0307819	0.0005373901	0.02546078
0.004787736	0.01093497	0.03413651	0.001732324
0.014834	0.0007446405	0.003653186	0.002759553
0.0004352052	0.007318584	0.05456238
0.02280849	0.001821209	0.001067826	0.0007307257
0.009651691
0.003667534	0.0002235562	0.004935918
0.001268078	0.002468745	0.006592786
0.001782925	0.001064252	0.01940345
0.009182217	0.0296704
0.0136044	0.002388554	0.001640121	0.02181099	0.001393924	0.008160115
0.006635885	0.003392844	0.02964973	0.0837157
0.0004300522	0.06400518
0.002284561	0.05675782	0.01827841	0.03049201
0.007936123	0.004872235	0.04085371	0.001980405	0.000355871	0.03104936	0.01403677
0.1099636	0.006112354	0.0128917
0.04010525	0.01212345	0.04933666	0.01417833	0.001017065
0.001528618
0.002766407	0.01474808	0.004639169
0.01042912	0.003972701	0.009761969
0.004719343	0.004238397	0.005997934
0.0195106	0.02175313	0.0007883794
0.02388308	0.004677887
0.0171937	0.01265826	0.01663794
0.003457734
0.008895453
0.008839161	0.001986817	0.003633579
0.003296509
0.004000083	0.002026675
0.001281805	0.0160753
0.01358607	0.01198882
0.08007803
0.002975647	0.01536938	0.01711825
0.138506	0.0218232	0.00436287	0.007796466
0.0243373	0.00425704	0.2192789	0.007501776
0.01193588	0.001384225	0.00570943
0.01002784	0.04744552	0.04808868
0.003039436
0.002737579	0.006928317	0.00827859
0.006245261
0.01064462	0.003005972	0.003480481
0.002638775	0.001108275
0.003277267	0.00779678
0.0009098561	0.06987921	0.004147203	0.01806383	0.005984574	0.02679857
0.002099627	0.001570894	0.08915972	0.007897055	0.0009931221
0.001181844
0.002118947	0.02887509
0.002225001	0.004371194	0.001310728	0.1087572
0.01169925	0.007364115	0.001453457
0.0008183161	0.02092448
0.00235173
0.02392698	0.009306866
0.003300191	0.001242871	0.0009394054	0.00258712	0.007570895
0.02200016
0.0145816	0.002390731	0.01536013
0.01841941	0.01697011	0.001670864
0.006306858	0.002626442	0.002413958
0.002119204
0.002704
0.00859054
0.004152818	0.004111244	0.02618112
0.01936472
0.01385618	0.02630453	0.01551753	0.007300373	0.009150699	0.0085509
0.02276496	0.02207071	0.02549089	0.03324027
0.1510729	0.01670712	0.003832814	0.002116543	0.005955756
0.0115148	0.01342344	0.03399153
0.01099742	0.04036314	0.007513207	0.001514717	0.01184579
0.004419099	0.00163998
0.007996881	0.0008903998	0.00545103	0.007547984
0.009190352	0.004098604	0.001974955	0.003594355
0.02136628	0.004405597
0.00189168	0.005773288	0.02038234	0.01852844
0.00638629	0.02372729	0.03806661	0.03971514
0.01415346	0.009666143
0.004748959	0.004477204
0.01537096	0.007743941	0.003923927
0.01072453	0.02788558
0.0002335308	0.01958513
0.01435653	0.003914929
0.00978879	0.03048033
0.03517884	0.07976934	0.007435233
0.005934931	0.003835471	0.0009724999	0.002106558
0.01635946	0.03478577	0.005622488	0.007725283	0.004781133
0.002243108	0.001144061	0.008997933	0.001394604
0.003428664	0.001755667
0.002777474	0.007657214
0.007761902
0.00234844
0.001298134
0.04288098	0.04721037	0.003625561
0.0396318	0.00401594
0.07663985	0.001696727	0.03429595	0.01459998	0.02102934
0.002682456
0.0007433801	0.002185159	0.001218394
0.002251707	0.06491123
0.003474825	0.0005463137	0.001685033	0.006135433
0.0002613139	0.002217888	0.003552018	0.001493704	0.006241555
0.00375765	0.01293375
0.01475321	0.004099706
0.004956117
0.01310377	0.01983224	0.002133808
0.007275824	0.00696468	0.001897927
0.05971815	0.002786269
0.004517039	0.03993503
0.002468782	0.003863938
0.04454022	0.001229239	0.00195179
0.001239148	0.007689587	0.0005803909
0.003630858	0.0167535	0.0003948952	0.0006094507	0.003172131
0.001655167	0.002867676
0.009500503	0.002094233
0.002398134	0.001640585	0.002914569
0.01472531	0.006582416	0.004604743	0.001219367	0.006245888
0.1548407	0.002217898	0.002837058
0.02696835	0.001665229
0.001741064	0.0004979261
0.0234349	0.003042972
0.01611982	0.00123701	0.005902494	0.007044765
0.01344283
0.002053483	0.05371338	0.001321539
0.006359684	0.01077898
0.003773778	0.001798939
0.01183942
0.01723199	0.01749014
0.01510476	0.008832249
0.009944729	0.001278247	0.007312362	0.001402257
0.06900465	0.00223488
0.002266024	0.003698753	0.005754883
0.001619928
0.00179006	0.04000445
0.006343608	0.01594464	0.003907762	0.03293309	0.007031105	0.007382011
0.004796716	0.01205081	0.009559877
0.001476389	0.0190051	0.01653346	0.001639024
0.009025386
0.04259149	0.004400206	0.003821281
0.002421521	0.0183241	0.003041955
0.001915001	0.0282637	0.002879652	0.001204481
0.005236029
0.00591621	0.01431326	0.006122594	0.008029342
0.001774253	0.002555948
0.008836546
0.04059816	0.001603576	0.009785117
0.002785432	0.0004217375	0.003029763
0.005900745	0.0008431515	0.01801694	0.00593518	0.005160447
0.0001922013	0.03050702	0.001153201
0.0081548	0.00383924
0.01239279	0.03004526
0.02215116	0.02428774	0.004415489	0.001245488
0.3121979	0.03336188	0.001220273
0.03426372	0.003085182
0.02070724	0.004272081	0.01094708
0.004967992	0.02664609
0.006528819	0.01066175
0.001334877	0.01839406
0.01133571	0.009840523	0.2268724
0.02181184	0.001994679
0.001352677
0.03688541	0.001642927	0.01332813	0.04823122	0.03417552	0.003500915	0.001958036
0.0003048882	0.007572521	0.009116203
0.01663266
0.02764686	0.002834074	0.002453089	0.001200834	0.02968777
0.07838143	0.01172415	0.009853056
0.003234726	0.009368254	0.00727575	0.005530001	0.003296967
0.0008465172	0.01654627	0.01179463
0.01430079	0.009729531	6.566917e-05
0.003610327	0.01604215	0.004147948
0.05391136	0.01986735
0.005494312
0.001394359	0.01041832	0.02776495	0.0004973975	0.01452768
0.09568724	0.01214355	0.03369394
0.01107022	0.004519648	0.0001425094	0.03795606
0.02786841
0.001457846
0.001428733	0.01911313
0.0009988353	0.000449311
0.0007474031	0.009588671
0.00250804	0.01708422	0.01798971	0.002196848
0.0008405388
0.07813859	0.004936209
0.007246559	0.01486351	0.003902055	0.009298495
0.05935245
0.00529976	0.00121008	0.0008134814
0.005184249	0.002305463	0.007782214
0.01505205	0.001363814
0.002162526	0.00723966	0.0345341	0.005685798	0.02959461	0.0666593	0.001149629
0.002505399
0.007200485	0.02868485	0.0001108016	0.001170899	0.02773889	0.001482735
0.0005318576	0.007373474
0.0196849
0.031999	0.003293123
0.01604892	0.002624082	0.003033804
0.01699167	0.003713306	0.005827408	0.008398844
0.002244719	0.004369773
0.01557245
0.002285249	0.01251508	0.05138064	0.0003887836	0.0009521063
0.003362035	0.006303839	0.02189675	0.00191552
0.06268048	0.01319413	0.007135083	0.00174091
0.02694985
0.004283853	0.00315121	0.001759722	0.01144446
0.04375503	0.05412452	0.01619199	0.07289108
0.005361971	0.0008427809	0.02660474
0.015491	0.005095426	0.01771974
0.006891512	0.02747557
0.004152352	0.001547131
0.008405509	0.008662653
0.01368167	0.01682193	0.005796739
0.003327935	0.003735214
0.0266072	0.0008516076
0.01298315
0.004985961	0.02139655	0.01404801
0.01425559	0.007428018
0.005100289	0.001741703	0.002240902	0.009535315
0.05412018	0.004705815	0.04596378	0.02992529
0.01249872	0.003715318	0.009970331
0.003279499	0.0007843099
0.003470904	0.01361959
0.006855183	0.008519664	0.00467008
0.01666657	0.004443334	0.0005770821	0.003655667
0.005705863
0.007530913
0.02203846	0.01583248	0.02923585
0.0004366347	0.03375589	0.001718337
0.002194934	0.00655325
0.00144399	0.003495542
0.004171901	0.004947352
0.001045943
0.007993825	0.006758097	0.01187807	0.02538497
0.002429432	0.0004589554
0.02153192	0.005162128	0.01024014	0.01095321
0.05804946	0.001740221	0.01121823
0.01375269
0.004733012	0.0008988722	0.005174592	0.003768938	0.03548094	0.02259565
0.01459358	0.01129294	0.00531482
0.008578806	0.0395529
0.001977939	0.008452769	0.002871708	0.004617812
0.00954598	0.01158367	0.002686004	0.003432146
0.004791829	0.01161502	0.07746273
0.01356054	0.001839766	0.008409855
0.006960036	0.01341954
0.0009470697	0.001251155
0.0535769	0.01860769
0.006453321	0.001935785	0.01697992	0.007863965
0.2071434	0.001128964	0.005193782	0.02489567
0.03047467
0.004704664
0.00394152	0.009984508	0.0007153274	0.01041088	0.008402771
0.009255005	0.0008895931	0.003031698	0.002100885	0.01368962	0.02595388
0.00493674
0.002475145	0.01285614	0.005482778
0.001409413	0.001136779	0.002789171
0.0009482701	0.004552492	0.03117351	0.005645934	0.001585014	0.01163792
0.00443681	0.01491151
0.01490546	0.01555955	0.003286125
0.002298287	0.02460327
0.02083794	0.01091721	0.04287817
0.0002691112	0.00628754
0.3463132	0.001465535	0.005701412	0.1279784	0.02013642
0.01108733	0.008655847	0.002856497
0.02715995	0.009724259	0.0143912	0.004685865
0.04455777	0.00315879	0.003575519	0.09124371
0.001731469	0.001047069	0.003143492
0.03145356	0.001708544	0.001132609
0.0439561	0.004180348
0.009916224	0.02143409	0.01419366	0.009497448
0.009073923	0.007476401
0.009668032	0.02165705	0.002434844
0.003035867	0.01865956	0.007488696	0.001003304
0.001093801	0.001677958
0.009282511	0.005740709
0.005040404	0.00277016	0.01186941
0.05272691	0.0003493893	0.002243311
0.01419941
0.003080438	0.00756052	0.01487382
0.00206507
0.01136375	0.006052682	0.03194524	0.005024442	0.006599877
0.01143093	0.00229297	0.002344628
0.08310193	0.002749347
0.001263178	0.000588682	0.002012327
0.01232599	0.01029724
0.05249	0.003725215	0.01226068	0.01878604
0.0006947466	0.0202392
0.03806301
0.02840799	0.02844009	0.01904626
0.001344869	0.001134752
0.004301803	0.002943407	0.08385713	0.03827308	0.05362866	0.01037801
0.05355312	0.001420277	0.004279581
0.03983216	0.006754594	0.02910466
0.03904586
0.02560072	0.002845209	0.0002483661
0.01882937	0.001847477	0.00265384	0.08752639	0.02310277	0.09516677	0.02665915
0.0293642	0.01766781	0.01442312
0.002617757	0.002988335
0.03919412	0.001610349
0.01444616
0.001399751
0.000754669	0.001890876
0.01033203	0.005154854	0.03446794	0.03616514	0.006344065
0.00639828	0.002022578	0.02962065	0.002537636
0.003859844
0.0004602073	0.002145511
0.03746622	0.002002288	0.00864745	0.004294123
0.000732674	0.006539672	0.0129345	0.008493041
0.01979426	0.005491926	0.005365616
0.007415228
0.01628689
0.006887921	0.01244655	0.005365101
0.02884903
0.004933631	0.001894683	0.04570956
0.008547736	0.002107065	0.004812273	0.07026051
0.003646663	0.02270349	0.01731196	0.03094794
0.02122887	0.002204105
0.01197937	0.00532048	0.02140019
0.01440834	0.002735809
0.01262481	0.0002885725	0.004014626
0.06356922	0.001202325	0.001212082
0.03987881	0.01256012
0.03281049	0.00275555
0.003457836
0.0005039352	0.03443508	0.005860519	0.002442925
0.003317403	0.01056895	0.00554937	0.003537511	0.009139067
0.04877908	0.003192538	0.02140068
0.005357643	0.002771173
0.01954182
0.0102791	0.0006936718	0.01425796	0.001824538
0.02856786
0.004700112	0.004811902	0.06610081	0.005058074	0.007934611
0.03619101
0.0008338585	0.002450414	0.001511164
0.004073566	0.004583724	0.01494562	0.001216768	0.00129684	0.0004717177	0.0006235088
0.01223478	0.003476438	0.01725684
0.005948848
0.006808452	0.00749897	0.00222998
0.0004341209	0.00160926
0.008578462	0.0003461473	0.007811342	0.04740021	0.01099525	0.01514452
0.01941826	0.04631571	0.0007973936
0.009790212	0.276538	0.01449162
0.005158634	0.004627874
0.03913325
0.004618443	0.005054029	0.01382592
0.04507228	0.006947814	0.0188835
0.00569371	0.005320306
0.003490569	0.006361464
0.2245576	0.01749087	0.01262271	0.001598735	0.003644805	0.002578234
0.0008471661	0.01961638	0.01660555
0.01244511
0.001324824	0.0007379361	0.0002606327
0.003674232	0.00320885
0.001144343	0.0121176	0.05974261
0.01875193	0.002416616	0.001401472	0.005236349	0.02884687	0.05477419
0.005982331	0.004692535	0.01625463
0.0127851	0.006786869	0.004937436
0.003850409	0.007137219	0.004196974
0.002120709
0.00733468	0.01571051	0.00583506
0.2088944	0.001857634
0.04835851	0.02193812	0.02622947	0.0004435505
0.001954051	0.008383046	0.01298021	0.01281492
0.04122597
0.008586289
0.006079534	0.008974296	0.0109645	0.001927989
0.02665802	0.005671427
0.001968965
0.0006902212
0.002783175	0.004684976	0.00904972	0.01548206
0.01162661	0.008190663	0.001208425
0.02402098	0.005054532
0.004367795
0.0176705	0.001295907
0.006982014	0.00204146
0.003822295
0.004487731	0.005450454
0.003750827	0.006983509
0.004896464	0.000517634
0.03292808	0.01561384	0.0005743857
0.007279897
0.00197246	7.542783e-05	0.009579509
0.01065368	0.001711515	0.009315973	0.004413333	0.03459795
0.003219567	0.003896594
0.05719734	0.006356599	0.007640946	0.04603662
0.003119515	0.01537471	0.002341163
0.007534944
0.004756472	0.02632234	0.000731547
0.009454731	0.001447482	0.003712542
0.003544809	0.06399296	0.003239821
0.01940451	0.01040123
0.00685611	0.009653388	0.01643806
0.0051653	0.0008425365
0.04269254	0.0007705543
0.01110914	0.01814287	0.001653643	0.07747115
0.04183042	0.009141607	0.006041486	0.0003116283	0.01088953
0.004318853	0.001444698	0.0004344587	0.001511506	0.0011289
0.003466486
0.0006782177	0.002069356	0.001414196	0.007064667	0.007204557
0.05352534	0.01368474	0.01127235
0.0004476145	0.008761291	0.01045337
0.0006556891	0.005206195	0.001050528
0.006478273	0.02811708	0.01170957	0.003262085
0.005738079	0.04132304	0.006471766
0.3199649	0.005100701
0.001932808	0.002192438
0.001331111	0.01236511	0.004747313
0.001499491
0.00785031	0.01953497	0.008749651	0.01613646
0.0002536401	0.007638412	0.01676091	0.01299794
0.003612421	0.00124229
0.007250451	0.0002960879
0.006131578
0.0009910443	0.01140625	0.00803195
0.005610325	0.06953481	0.001476155	0.008765504	0.02201549	0.007987507
0.0006805847	0.0007349204
0.004693677
0.00178899
0.005076098	0.07928796
0.02228509	0.01766557	0.006068996
0.005938522	0.004212002	0.006523788	0.01221181	0.0009875071
0.0292293	0.01469059
0.009457166
0.02101614	0.02491654
0.009575378	0.01124078
0.0002416715	0.003809943	0.00826899
0.1375415	0.001297167
0.01966755	0.00398353	0.0009466189	0.001204742
0.005535371	0.01072564	0.005715577	0.0138106	0.009254351
0.0967176	0.002536456	0.001672089
0.0002293281	0.002863428	0.1338259	0.09288732
0.0177297	0.02669061	0.01848553
0.001415195	0.01312143	0.001688479	0.004942951	0.1806442	0.03229377
0.003895943	0.01038637
0.0151308	0.07533676	0.01530608
0.003545418
0.07945682	0.000312624	0.01385481
0.00153597	0.01312652	0.01258999
0.002514981	0.01048831	0.01341023
0.00648621	0.02867894	0.003056534	0.0149226
0.01984311	0.003417343	0.03692979	0.01009054	0.01743502
0.00126661
0.01741093	0.008100313	0.01918355	0.000518201
0.0269726	0.008923862	0.09907818	0.01344652
0.001798567	0.0004924812	0.01821224
0.03151231	0.001646798	0.01570098
0.05628358	0.00279273	0.01645666	0.002393919	0.007955139	0.01521485
0.001152874	0.01036372
0.005933766
0.01334026	0.01399375
0.02161039
0.007696132	0.007330668
0.003277267	0.005672428	0.01036744	0.002865385	0.005102768
0.03438175	0.006542717
0.01257792	0.00733375	0.005991785
0.0251823
0.002640993	0.01022378	0.001573551	0.01037597
0.01199375	0.003519476
0.0070719	0.01124069	0.05270408
0.007317432	0.003698291
0.0002643102	0.008443573
0.003022694	0.001956325	0.009136663
0.003143488	0.001587724	0.002539123
0.007409522	0.004990629	0.0008044513	0.1057909
0.007650878	0.008607942	0.004867761	0.01112844	0.0228165	0.009938047
0.0183169	0.08427051	0.0586608
0.01108949	0.02128683
0.005783642	0.0004415242	0.00834352
0.007109691
0.03166871	0.007178646	0.02052956	0.0822776
0.007130111	0.007747999
0.001428444	0.0002544856	0.01447799	0.002563177
0.01630591	0.04975096	0.0003713675
0.005512032	0.06666346	0.006125838	0.05857158	0.01194753
0.01050236	0.01336573	0.03547694	0.004178759	0.04041032	0.02446689	0.01573018	0.008279035
0.007866996	0.005567693	0.00337937
0.01565342	0.0004286227	0.01115786
0.01754146	0.001509157	0.0122166
0.004195314	0.004463358	0.001015219	0.00778401
0.3477008	0.02865544	0.01861167	0.01232024	0.02526906
0.00172445	0.003514095	0.005228606	0.004852311	0.02288151
0.0224716	0.009557269	0.006923831
0.01400408
0.1096577	0.04177462	0.02750213
0.01358693
0.01275772	0.01896293	0.004627244	0.1461503	0.001245917
0.002987909	0.03709833	0.001942255
0.007575853	0.003922236	0.004382532
0.0008103346	0.01923262	0.008789221
0.04415996	0.003320814	0.01690954
0.00518311	0.0007148047
0.03861461	0.001401734	0.003933059	0.003335934
0.009675097	0.00158166	0.0031974
0.0287327	0.02082934	0.005324008	0.005579169	0.004623463	0.007466305	0.004669174
0.006145568	0.01322785
0.00850067	0.003287968
0.3455118	0.00730417	0.005725799
0.001613779	0.04043428
0.007955428	0.007687793
0.001495694	0.006448362	0.01077312
0.006744232	0.004301059
0.01321456	0.002135216
0.0149866
0.01922193	0.01634642	0.002126873
0.008952977
0.05727454	0.006994113	0.01207713
0.005191314	0.01174301
0.002456223	0.001409719	0.005905154	0.001471351
0.006376828	0.01743894
0.009178125	0.001561271	0.01674002
0.006706296
0.0158152	0.00769742	0.006178432	0.01152691	0.005211888	0.005279942	0.003116208
0.001286932	0.001017988
0.002191503	0.001458372	0.02036647
0.03655297	0.002753428
0.0007016114	0.002478433
0.0112547	0.009636371	0.2283875	0.3393887	0.08098237	0.004069767
0.0315653	0.002443663	0.026793
0.013276	0.002156479	0.0006081477
0.003641164	0.003311642	0.004636642
0.03550866	0.01713162	0.009081159
0.02463265	0.01535029	0.002936941
0.001242522	0.001494893	0.006108204	0.007345295
0.006613161	0.03002977
0.00207033	0.0009053118	0.02506836	0.006287078
0.004608596	0.002633123	0.0006275428	0.004852032	0.01490719	0.02201053
0.002274129	0.01749806
