SpeciationRateChanges
21.56175
22.52812
23.01779	5.374567	23.00817
2.501394	22.82653
22.81126	14.9055	15.71227	12.03738
22.78636	5.515433
23.16941
11.21267	27.032	21.38828
20.03744	8.033163
17.72604	13.77056	27.85358
21.66473	5.101795	7.668656
24.89663	22.45639
22.3835	0.9549956
26.83335	22.46251	6.338353	2.445568
21.3226	21.22149
22.80157
21.95291	14.87511	14.61478
22.7549	7.297791	7.677492	3.248825
23.14517
22.24524	8.461207
24.61745
6.676855	15.5867
18.9966	4.460976
22.39134	0.7368564	10.5705
23.18125	4.522894	9.959537	2.824113
27.27204	23.20429	5.381928
22.87006	14.14866
4.698441	22.7001	21.23378	19.54728	21.15558
22.73522	8.511209
15.00797	10.96252	26.93019	18.35135	21.91175
22.89957	21.52528
0.53143	21.53722	26.70612
21.45661	17.36547
23.20232	16.31309
6.240155	5.962315
11.54208
23.30782
22.04555	16.42293	5.961932	19.63717
26.1872	23.3451	24.43787
22.82482	6.746808	10.06302	8.609269
14.90861	22.52653	6.371503
23.54449	14.06632
27.13212	4.956536	1.990368
22.81551	9.566596	20.64998
22.91432	13.09684
25.77643
22.68692	5.135509	3.375765
21.71807	15.93897
27.1597	4.408727	23.09325	22.21946
26.78547
21.79613	13.94531
21.98215
12.61181	20.19855	5.370711	22.19549
26.91421	7.352435	6.733621
15.07234	12.42796	22.06255
15.13526	22.26395	10.89183	10.78116
21.55067	3.458974
12.44758	22.13083	23.218
5.408207	22.80307	19.59133
26.76255	2.592598	20.85121
27.37298	21.71323
22.589	11.19892	21.73622
8.038141	22.63525
6.875361
22.63683	5.930855
25.05531	2.963294
24.98312	21.20017
22.92989
22.47978	13.96839
22.95185	26.63272
22.56887	8.872904
22.79341	1.714086	11.38939
23.1988	26.39106	25.22283	5.737862
22.62698	6.393824
23.11331
22.55222	11.13407
21.6237	13.26944	26.85199
22.22314	15.19092	11.12378
26.39962
23.91937	4.753861	15.63655
26.87553	26.13853	13.1733	11.88841
23.27467	25.49401
22.64978	13.40791
22.8072	5.647398	27.11483	13.2647
23.8849	5.687648	12.03574	7.885294
27.15463	21.70729	13.90291
23.13026	18.65382	19.97214	4.079191
21.73066	13.373
22.8643	16.28956
9.917686	20.9784	26.44825
23.19098	13.78043	28.04711
23.062	20.32932
26.56861	19.02348	13.45591	7.795131
21.79946	3.675185	6.809819	21.25908
19.31198	1.746579
19.98998	27.79443	14.01547	2.597075	2.213308
1.022695	19.09675
22.88479	15.58387	9.626556	1.810185
1.595442	21.32771	1.070536
22.08097	14.98242	14.6803	23.83136
24.70504	15.06555	9.325081	23.91462	4.679066
22.78067	23.7372
21.65138	4.383632
22.2032	15.71317
19.55147
21.11482	7.422167
23.531
23.64559
15.26778	9.658644	9.363901	6.528418
15.1715	24.69987	13.0433
24.15982	3.615541	26.84358	9.787563
21.69514
23.30749
6.761831	20.57134	2.798148	19.70415
26.59521	5.088113
23.03286	15.06636	23.5526
26.37762	20.72178	23.50489	24.80174
24.29985	6.318476	22.80499	17.63163
22.56834	13.32686	19.46709
22.94352
22.78329
21.92385	19.66647	26.4059	13.48076	8.049628
6.231787	21.81969	16.02904
23.47379	12.14139	3.38219	4.18983
1.593439	2.621584
19.07357
20.87968	13.92796	26.33491
22.54659	4.754196
23.29321	11.05968	21.87581
23.37582	5.205587	17.22986
2.215662	23.24182	14.00433
19.14535	5.016205
22.99428	14.73693	0.0190246	25.20863
25.69769	3.983409	15.61715
26.54626	26.04083
26.70889	23.65813
22.46105	12.66924
22.54581	12.93024	12.62002
13.12023	19.95087
8.877558	11.80814
22.92892	16.90249
26.43858
21.7392	2.061189	13.70174
27.14998	14.124	15.083
22.83981	14.02376
22.55748	10.71879	23.44862	5.999528
23.22189	3.22234
26.47668
3.168044	20.70759	18.52817	4.709759	3.872404
23.20608	3.764023	27.37563
12.56478	23.18146
26.82245	10.85426	2.100788
10.20622	26.77239
22.80653	19.02516
2.531821	22.47414	24.19637
26.36888	14.13771	11.4722	22.30513
20.68554	10.13767
13.29731	26.89277	9.053848
26.4844	10.54338
22.70365
22.00811	16.52285
22.59806	25.60524	11.50926
25.88623
21.50758	13.4335
27.42629	23.41942
23.50663	13.01987	11.95931	0.7561311	24.14094
23.00857
22.12228
22.47034	15.37999	3.905928	14.10211
23.41995	19.12034
21.8932	22.43797	18.3847
23.44384	26.55665	5.40365
21.56732	9.402157	0.5123995	5.564765
26.49122	2.589509
6.581536	20.09282
26.30436	25.47955	2.893908	5.695933
2.697732	21.5087	17.68544
20.11601
21.72957	27.86139	19.71924	10.80015	14.08964
25.7364	13.26311	4.004912
19.18804	6.829428	2.056181
22.48084	12.09431	6.893561
26.12241	4.690277
21.62681	12.47532	4.360884	16.62766
7.102096
21.95777	5.180988	15.23833	10.19212
21.29828	0.6768473	7.510322
14.87979	20.53052
22.79728	24.8939
26.23588	7.718941	21.4045	23.60114
19.14784
22.45657	5.084106	3.919109	27.2348
22.88925	19.6643	22.44685	3.798457
19.57923	5.76902	13.88235
19.72352	15.22356	25.93986
22.96175	26.82224	24.04763
5.922371	1.15153	22.71709
22.49303	14.44627	11.91269	3.923283	3.27523
21.75968	8.784314	6.097514
24.34725	23.50526
17.45345	26.81194	2.934553	22.89329
21.83515	15.32849
22.66477	26.76348	19.92696	9.656179	9.742195
21.13879	10.46911
23.57751	3.763559	18.12265	2.843126	6.533535
19.83758	13.00537	15.08291	6.736393
24.41453	18.27471
26.50834	22.78749
19.36893
22.72686	7.497508	14.53967	13.2506	12.85166
23.44072
22.47468	23.49507
7.382707	22.42293
25.92074
22.60665	9.040987	7.837109	1.09261	20.87089	0.6498676
21.80887	9.653692

22.9787
22.10004	21.69074
21.78635	11.21196
23.35468	8.792634
23.4987	13.93949	4.836263
22.54914
4.978599	23.50779
16.70407	7.059418
23.38547	8.110216	7.78271
23.13044	0.7111615	2.058074	1.635494	1.847627
22.28709	16.80096	6.029056
23.04011	10.38066	11.33536
27.17468	9.543703
23.25187	7.008358	2.568589
22.93815	8.934134
22.70268	25.69399	28.05349	23.07297
8.866779	24.01461	25.40023	5.338428	22.67798
0.9736021	24.69751	22.17331	25.36705
22.47106	5.734891	4.252948
15.33586	26.52942
3.144586	6.324722
10.10472	21.18905
22.49276	14.68265	26.11644	13.40506
22.16749	26.48822
19.7614	13.88521
21.74301	6.035734
24.36117	9.699906	14.3666	5.764074	8.329097
22.52889
14.73381	23.66691	28.28338
23.18014	14.59639	17.804	5.269817	4.390086	21.18088
22.10037	8.190733
22.7716	4.032256
26.96124	2.030573

14.04039	22.83251	11.87225
19.7246
23.56703	16.99293	25.57195	11.29399
26.42147	15.12495	19.93787	9.940063
21.71651	15.1972	18.2173
21.93748	5.149442
5.93672	5.853742	26.11395	14.25921
25.44267	10.99864
8.602509	1.409019	0.3649405	24.6732	3.262112
22.29223	14.40392	16.09738
23.37639	7.91477	14.03518
21.28753	8.692342
22.74357	10.42787	5.317941	1.658175
24.38247	15.0424
4.752596	9.410689	4.027355	25.10432
18.28427	24.06641	20.96894	27.28912	27.09041
22.82381	5.361473
22.49049	5.666006	27.62028
22.50361	14.65479	24.84357
10.28136	27.14089
10.1366	22.52829	14.61466	8.517059	24.22366	8.316113	20.97031	5.325681
22.59334
20.98614	21.67561
22.18223	6.663132	5.660743
22.82423	1.897482
20.65341	13.61225
14.93619	26.94097	6.020507	22.66385	9.485502	0.987208
20.73962	24.95778
12.21588	22.93954
21.80823	27.19373
22.03726	1.07353	3.486072
23.34056	12.90237
20.71756	8.492652	0.6590952
21.76679	15.24163	13.42165
26.91363	14.56429	9.323231
21.72364	19.14247	15.29663
22.10721	1.721311	2.292161	0.0414984
22.80859
23.31523	15.32554	2.636405
22.67969	14.81109	6.570832	21.5556
2.957906
22.53117	13.9883	27.80388	26.0719	5.122335
22.72737	2.449554	18.36762
14.46664	21.72365	0.5809112
22.07432	18.3736	2.460385
22.32781	19.76259	6.946138
14.40851	26.08357	19.11726
20.82967	7.962842

0.9552145
10.51267	26.31276	2.307962	6.462459	20.50045
18.95297	13.57812
23.62131	7.138386	10.86123	15.30974	19.64631
10.91304	23.83046	4.31071	21.52325
22.0538	10.17037	1.257837	21.60699
22.78417	11.26001
14.17147	21.39606	17.71563
19.93648	8.082871	4.007456
22.21341
21.4146	14.80807	6.072884
23.44454	3.125412	9.70026
23.14474
22.9184	7.894815
21.74555	6.630192
21.81804	23.62847
6.884982	26.71019	23.54272	28.26674
20.05271
22.26573	8.833806	8.554847
26.34459	16.69128
23.67061	21.78853	14.36974	0.6778217
23.20201	23.9559	24.19347
23.16622	14.1611	8.005829
22.80285	17.04269
27.35448	8.089169	2.172086	20.81279	16.87782
23.00486	6.981469
22.47278	17.42585
23.45228	4.73997	4.110521
22.88019	4.405657
22.09281	9.178363	15.33948	27.43046
22.49965	13.02917
22.66703	19.91129	20.60867	26.57759
22.17837	4.115767	8.383143
24.07141
21.333
22.64575	9.143159	27.15728	6.654984
2.277055	19.79683	13.84219	13.0498	12.09487
22.72023	24.68792	0.5314489
21.30669	12.85506	11.7454	5.299998
10.92932	22.74729	0.5868544	8.966489	10.059
13.6579	5.589275	25.79717
13.25583	21.521	27.8359	8.686395
21.99854	4.670859	8.685764
21.72949	3.543971	26.13787	24.68014	12.27072
10.76829	27.25994	0.8698491	12.59704	3.443041
21.10637	14.69456	17.93985
22.58843	12.55482
21.83304	13.6657	7.722584	5.419969
23.07651	9.55382	6.919087
2.611039	21.55778
22.78633
21.98071
27.02152	21.3044	14.79773
11.72885	16.48637	8.960428
22.32805	15.53354	9.362839
21.62445	21.59899
22.55875	7.815975	10.81647
24.40617	5.279127	21.54249	19.84562	21.61239
21.7155
27.33328	5.226323
22.44727	10.26506	8.939828	6.1704	21.30364
22.64019	19.1545
22.58972	17.5693	13.71052
20.11058	13.88232	8.99135
25.65107	11.7961
22.86519	1.851356
22.76818	11.92115
26.76102	15.10301	25.74182	9.209475	7.264868
22.7271	7.868899	4.701708
21.80008	7.048279
4.999768	21.96308
22.60801	4.617068	8.431244
23.15885	15.07063	8.394882	14.49332
26.67073	16.85009	0.6483104	22.9224
20.69921	6.976031	11.86245
24.20964
21.967	27.86114	0.9910102
21.83591	8.817728
14.95548	7.318725	26.6434
23.55543	0.6446557
23.03148	5.095056	22.13263
18.32584	26.3732
22.85355	28.37307	16.15548
22.80938	12.78565	4.63775	28.06571
22.61267	9.70554
23.70073	19.66091	21.37773
20.15214
17.11896
21.40776
21.56233	15.85266	5.966489	12.1069	17.00884
11.44325
26.62781	22.3078
6.741404	16.30935	25.03964
26.76544	16.90725	6.14594
22.99033	22.48265	21.69944
21.85546	13.48369	4.354417	11.95035	1.998789
26.44194	21.29672
24.23564

22.97471	14.66471
0.2510535
23.09424	6.582183
3.56186	26.75528
20.63564	1.634387	26.93445	19.8894	27.57785	17.32121
26.59556
20.32837
4.729356
1.634836	22.72016	6.955807	13.80142
1.28744	19.78535
23.03094	14.96409	4.336935	27.12696

6.335045	23.17911	5.069116
21.68035	15.10857	10.5395
22.71107
21.57305
21.6181	6.212929
21.83707	15.1062	8.239943
22.07952
21.85723	21.65164	14.87614	4.336137
20.81264	14.37292	23.25496
21.71028

12.10166	11.10887	2.973729
22.53007	11.84253
22.03199
13.51093	0.542329	1.547988
26.86095	21.8588	26.32391	11.6242
23.3483	14.70653	0.2972027	26.36204
22.75221	3.065862	23.33518	6.00905
20.67238	15.15345	15.81819	9.412471
10.47587	21.16212
21.52513	14.72983	14.99704
22.69631	9.662918
26.33127	9.093658
9.054017	12.84041	22.2973
19.28839	4.26534	14.50786	26.92411	4.470788
22.72895	15.30028	15.9462	7.915001
19.7781	9.628691
21.69226	1.283738	28.15822	4.349463	2.411105
21.89312	13.32834	19.42532
0.3916024	21.83764	4.461719	15.79623	12.62074
17.96286	23.11634
23.46244	12.44168	7.746628	13.38682
27.14906	20.61433	17.6857
26.2954	0.3195413	2.531361	2.342515
2.038845	9.383263
23.96833	19.60855	17.13898	18.13215
22.12539	5.023259	0.2407064
21.16797	26.83929	13.74146	22.86759
23.91291	10.60135
21.70863	6.472548	12.34646
22.5542	6.65485
21.46594	17.61366	4.858421	14.05698	8.546826
17.29564	23.10955
27.17906	9.9046	16.90302
26.14291	22.66653	24.98165	20.03863
17.48169	24.00197
19.59244	26.46406	8.899905
16.95329	11.8509
1.135041
22.55839	6.838507	25.86619
21.5081	14.1762	7.802191
2.123941	19.41817
23.20119	13.85801
15.156	22.82343	22.0841
20.684	15.86393	2.85544
13.20757	3.485734
27.13038	23.16915
26.53092
21.65775
22.8283	9.569541	26.41513	2.343619	25.3739
21.86284	13.25919	22.47338	10.99969	8.490402
23.02163	2.736752	13.42299	6.596522
23.09019	6.115581	9.508993	21.61094
26.6843	20.07999
20.84312	12.24813
20.68931	12.19897	4.932153
17.09498	19.91166	21.96966	16.52842
22.71388	6.831017
24.08637	21.62965	20.23192
22.75904	26.55258	25.07872
16.15128	27.07845
22.54657
3.13337
5.931164	12.8395	21.57566
21.12126	0.4432084	0.6791082
21.75734	7.863176
22.66994
6.238896	22.03611	5.738505
26.80227	16.05066	13.72791	12.18963
21.96655	26.91146	21.2363
21.0066	27.60051	9.414512
21.70709	6.56039	20.67808	15.71412
23.8551	3.52831
23.32678	8.049811	0.05627527
22.60829	26.01551
22.50952
27.29463	15.23855	22.48635
23.20269	20.42549
21.299	5.503362	20.34707	25.27315
27.07177	10.809	10.58371
21.77351
21.60533	26.45532	22.49466	19.85151
21.81695	15.10565	21.16082
21.82541	5.362219	8.567241	11.57771
21.73882
13.19338	22.52158
26.89098
25.04148
11.49443	27.19136	5.309888	23.06073
22.07604	13.76073	10.28046	3.49711
15.00362	24.74257	0.06902793	21.73025
23.00469
22.2043	11.92087	9.347569	8.748943	21.95997
8.210703	4.450952	23.20024	9.795233	22.67101	26.571
22.79362	9.060281	22.73614
21.94369	4.171747
23.72491	22.11511
22.81417
16.93877	14.82488	1.006961	12.06663
25.31385	15.55078	23.1159	4.55422	14.1635	8.278108
22.70213	5.807993	3.746716
11.5327	22.88776	14.15167	21.86908
25.86257	24.75547	23.7184
23.04251
15.12582	12.87725
26.39243	16.86922	5.47149	14.26477	11.41227	10.68877	12.1031
22.92663
27.45724	22.12305	14.76172	9.66638	2.766747	25.83378	21.96186
21.8196	6.647991
9.566762	20.66566
17.72422	14.18635	14.38463	10.52821
23.58134
23.25258	14.61968
21.71352	14.62861
22.93361	26.76204
26.85619	19.69331	11.40854	14.83383	5.475167	11.32667
3.0728	25.54004	2.900939
23.32679	18.80479	7.874747	10.02856	12.27271
22.91219	11.8257	20.04295	17.16563
22.43237	5.814434
22.46178	2.008653
22.53094
22.7276	14.13387
20.82143	0.6554079
19.15119
22.61306	14.14856	23.51817	3.479206
22.1942	0.09710428	14.95255	11.66906
23.97431	22.52237
26.31855	3.182028
22.94201	4.234998	13.86031	26.57519
23.79926	15.87464
6.71235	23.41985	25.47836
15.38871	4.813312
21.57789	26.95138	16.9868	15.78339	13.3002
1.304719	12.33666	20.98941	21.71988
21.43297	26.67575	11.28539
22.82804	16.72951
22.62585	9.769282	4.65267
22.48243	10.85907	12.4806
22.43725	6.409255	3.156118	21.96121	5.947268
20.44792	1.859116	26.75212
21.74268	7.311054	26.63894
21.32268	13.03201	8.58904	6.948652
22.60526	8.009074	0.4057368
23.03321	24.10148	26.60712	24.75313
22.82395
12.57414	0.6245989	10.99436	27.18507
22.80178	2.26374	0.8718723
22.89951	5.000382	13.48077
22.561	5.513252
26.62124
26.3321
21.70698
21.96454	27.41365	26.91913
26.86793	21.83582	9.934403	19.87242
27.66236	24.74517	23.53042	4.545592	24.13751	19.83732
25.12435	23.39551
26.76749	3.110603	20.60815	14.12465	15.54751	0.4050519
23.33741	17.35084	23.6119	9.190403
8.499802	22.06659	2.023806
22.53987	11.60423	5.656341
21.88655	2.784715	26.55066	13.42661	26.01519
19.7159	4.882038	28.24476	1.263902	8.860401
23.26304	9.941977	4.951174
22.81266
14.67352	23.33031	2.76803
23.95983	21.759	24.27539	2.991961
22.51778	14.28988	28.16235
4.678166	22.4794
