ExtinctionRates
0.02575768	0.161904	0.2562341	0.0336362
0.08141702	0.1373288	0.05501717	0.03368351
0.1232199	0.02658548	0.1839997
0.1752572	0.002747032	0.09473385
0.08049476	0.1244477
0.2668663	0.0520809	0.1319631
0.05982112	0.0875538	0.1505832
0.1035717	0.08792563
0.06731637	0.2245057
0.07364092
0.06582085
0.1490196
0.1685847	0.0775052	0.07601548	0.1480709
0.07313392	0.1153837	0.03980211	0.09454169
0.07788092	0.01136728
0.08735046	0.08284947	0.02261154
0.0132673	0.1988362	0.08388768
0.04261358	0.1607359	0.2583471
0.05424236
0.04564766	0.08251956	0.1146129
0.1160334	0.0321972	0.2179609	0.1794817
0.1083154	0.07224531	0.01794469
0.1191378	0.113165
0.1030241
0.09395664	0.1194332	0.01834039
0.07737288	0.02982713
0.05143121	0.1615275	0.07050739	0.0441267
0.07044202	0.09139694	0.09112288
0.0989077	0.07117486
0.1620668	0.07901004	0.1030453	0.2029018
0.09435266	0.09764744
0.09108802	0.02516721	0.1025863
0.1130594	0.02448007	0.1063705	0.06995811
0.1486147	0.08253508
0.0907055	0.113207
0.1220149	0.02458932	0.1151321	0.09652503	0.09554943
0.1340902	0.1060641	0.08021605	0.1268458
0.08151637	0.04152218	0.1156893
0.105609	0.1219249	0.008323349
0.1907162	0.1331709
0.08209515	0.03954819	0.1537762
0.1498354	0.1157898	0.1650274
0.1971909	0.1460708
0.1231624	0.1745196	0.01053982	0.2102153
0.1509235	0.07031186
0.2692102	0.08791448	0.1385079
0.01730441	0.07984335	0.2422658	0.02346355
0.1577451	0.03953976	0.1180961
0.05957361	0.1973458
0.04247803
0.142615	0.13555
0.1341899	0.06577929
0.1368558	0.05243562	0.07980478
0.08742353
0.119064	0.1222012	0.1203745
0.1583421	0.08664697
0.07929704	0.05138268	0.1738669	0.07072354
0.1342802	0.1095498
0.1401995	0.08378846	0.2083032	0.1596174
0.1085088
0.2232196	0.0653107	0.1317067
0.1667675	0.05065621	0.1255101	0.03506347	0.1447407
0.09220933	0.07503206
0.0236033	0.03167698	0.1797036
0.1492855	0.09897369
0.08164493	0.07452178
0.02394289	0.1179503
0.009494623	0.04043073	0.08727303	0.1976049	0.1743978	0.1294882
0.06698872	0.0604295	0.1347925	0.1532455	0.1640125	0.2055233	0.06505102	0.121783
0.120279	0.02300054	0.1030326	0.1412362	0.1959712
0.1577487	0.06497995	0.2205538	0.1290457	0.1362289
0.1550597	0.04477913	0.03271323
0.0851343	0.09361538	0.0836606
0.1028156	0.08570446
0.2427617	0.1687082	0.09132291	0.07151937	0.03435116	0.249916
0.06427062	0.110802	0.03152406
0.1146427	0.1345129
0.05029289	0.1362434
0.1647794	0.1055304
0.1347332	0.1816728
0.0947675
0.07517828	0.02834594	0.120439	0.05192384	0.09499321
0.1748163	0.05072055
0.113411
0.02943058	0.0495188	0.1305062	0.07427388
0.05590384	0.06139648
0.1225091	0.09099608	0.1291095
0.1810333	0.09663394
0.1290233	0.08170072	0.05178129
0.09699714	0.02813642	0.1338163
0.1481703
0.07154062	0.09965864	0.1151864	0.08630161
0.1234305
0.06885348	0.008361586	0.08284577
0.06072594
0.08841521	0.01742742	0.1669232	0.07811411	0.05544243	0.07201392
0.04005482	0.1270491
0.05120797	0.06741157	0.1292279	0.04755323
0.123838	0.09068581	0.1187808
0.02723539
0.1977173	0.09362345	0.1195589	0.03272646
0.07134933	0.1585701	0.129104	0.07281205
0.01421825	0.108039
0.09939789
0.1100267	0.09180722
0.09747883	0.04158823
0.2168783	0.07575245	0.2528484	0.1433738
0.08817455	0.1118333	0.035612
0.0453074	0.0981218	0.0710441	0.1639612	0.1343909	0.06993865
0.1150352	0.04394913	0.0940757	0.1372082
0.08656131
0.1369439	0.1013001
0.0359216	0.107073
0.1451207
0.09479961	0.1222687
0.06928778	0.1089111	0.02164506
0.1402971	0.08988219	0.04800128	0.136071	0.1002209	0.03007615	0.107847
0.1193102	0.04473736
0.1267726	0.02645838	0.001676621	0.1852454
0.1254174	0.007039472	0.155656	0.04968485	0.04084271	0.1659021
0.1056175	0.08808633
0.01831452	0.07310558	0.1355813	0.04926374
0.09665575	0.1160801
0.04811092	0.07767394	0.1139516
0.152238	0.1122506
0.1917558	0.07366306	0.1640206	0.0520225	0.1859627
0.05315488	0.1869724	0.08732924	0.1190183	0.06611697	0.1971846
0.1010429	0.08422348	0.1872283	0.1026717
0.08008825	0.06839839
0.05802493	0.02713633
0.1983505	0.01837215	0.1356816
0.137458	0.05325966
0.07124666	0.1244778
0.09819275	0.0839624
0.1975526	0.06496866	0.1073444	0.1185872	0.108042
0.1531671	0.2003524	0.1394664
0.1347952	0.03298476
0.08813544	0.08321538
0.1173754	0.1478959	0.1962204
0.1257034	0.03308575	0.1234031	0.07815004
0.1094721
0.06218221	0.04598244	0.1627975	0.116193
0.1024337	0.06060071	0.04561605
0.1121674	0.04793415
0.2146725	0.1154446	0.09340421	0.05346008	0.1893305
0.1264995	0.01669475	0.06746535	0.09836165
0.08461805	0.0908243
0.09193783	0.05004956	0.1159892
0.2792767	0.0796511	0.1061015
0.0304589	0.0342384	0.1340823	0.04339555
0.1662766	0.07755882	0.1583115
0.1033866
0.06952033
0.1248191	0.1571323	0.09261583	0.05197575
0.05207019	0.1741618
0.02739207	0.1546187	0.1254211
0.05057596	0.0497198
0.04331963	0.06266559	0.1762581	0.05532236
0.100456	0.03079861
0.1047174	0.04342006	0.1150753	0.1012172
0.05423578	0.08072216
0.02901249	0.02095672	0.1547713
0.04501436	0.05889804	0.273574	0.08642408
0.2192519	0.1229031	0.09711104	0.09232683	0.08544136	0.01184113
0.1340508	0.1069797
0.1243155	0.1455791
0.2008774	0.07830338	0.1332164
0.2452302	0.1170911	0.05148005
0.06442605
0.05844919	0.02898559	0.1298573	0.07782296
0.02125071	0.1240531	0.08972433	0.1247447	0.1681113
0.08085603
0.005569558	0.07787871	0.07048687
0.1681161	0.02811147
0.1530848	0.1070137	0.03967523	0.07408269	0.05421299	0.2414449
0.0806849	0.1182198	0.1932142	0.03933702	0.1479625
0.05155848
0.120897
0.150434	0.1205996	0.1644748	0.006611867
0.1749328	0.1641709	0.07275699
0.07151329	0.1075068	0.2028417	0.03977881
0.08927841	0.1029949	0.09327819	0.08733162	0.1554058
0.1086817	0.1201827	0.162367	0.01149005	0.1057696	0.131699
0.0418257	0.0288645
0.07534872	0.0007578893	0.09303054	0.06123134
0.101993
0.1910005	0.07364781	0.0820194	0.142813
0.1038379	0.004933933	0.1815359
0.09158281	0.01518011	0.1486164
0.1864793	0.02193414
0.1323053	0.08061439
0.1029072
0.02665656	0.1485055	0.1258887
0.1086771	0.1552241	0.1019288
0.06816869	0.07394262	0.1848365
0.134521	0.07010031
0.07476145	0.01850776
0.05280686	0.09523222	0.08454929	0.05959327	0.1451183	0.1435713
0.2609775	0.07927247	0.1542667
0.1191884	0.002298212	0.03449385	0.1164066	0.3026394
0.1529923	0.1237628	0.0318793
0.2700104	0.1006956	0.05244715
0.05680261
0.1402598	0.03944475	0.07255442
0.03853253	0.07006708	0.1227492
0.05423795	0.09869113	0.1705611	0.1115979
0.08536473
0.1500558	0.06240277	0.1247374	0.1585249	0.07071855	0.2427274
0.09178391
0.08268851	0.1098737	0.03034455	0.1980675	0.1394666	0.09070139	0.15087
0.1750797	0.2153895	0.07645939
0.1254947	0.1027854	0.106215
0.1131029	0.10466
0.1904259	0.1015109	0.1329362	0.09192945
0.1041183	0.080449
0.07476686	0.1766822	0.08676077
0.04191365	0.1093591
0.0679892	0.05076878	0.1785586
0.1144944	0.06999198	0.1055438
0.06605614	0.1143323
0.1791518	0.09425791	0.03417418
0.1321373	0.1170892	0.1427474
0.02550217
0.1107736
0.3280185	0.01927586	0.179193	0.1440343
0.1400304	0.1151041
0.107586	0.09409579	0.055625	0.04977072
0.1458161	0.07342577	0.01790123	0.1512299	0.05372677
0.09497869
0.1289338	0.1022178
0.05307449	0.06302514	0.08480572	0.1208771
0.1827889	0.02042785	0.0784577	0.1048976
0.1479262	0.04503569
0.2021343	0.1201434	0.1939974
0.159092	0.08793977
0.1750475	0.144368
0.1525502	0.0388328
0.0102589	0.07353743	0.1022529
0.04996774	0.06057095	0.1078119	0.1052584
0.2015242	0.09075511	0.09697045	0.2314269
0.1698269	0.07767938
0.09134667	0.05347248	0.1145436	0.09554228
0.07568784
0.07794133	0.06965889	0.2289267
0.07945267	0.05115652	0.1505724
0.1314442
0.0870322	0.1463687
0.0147751	0.1300259	0.09531773	0.1835455
0.1226784	0.02801808
0.2025412	0.03789861	0.09430751
0.1276264
0.02833183	0.1276149
0.04745482	0.1129364	0.1419752
0.09585653
0.08388525	0.11019
0.08453266	0.1210289	0.1280919
0.1324485	0.09158759
0.07731828	0.04319303	0.1695199
0.09748171	0.1129346	0.02505335	0.08624268
0.0478005	0.03256268	0.1309406
0.1037148	0.07519104
0.1011308	0.04639317	0.1025547
0.2531332	0.04979345	0.1010965	0.1798621
0.09906665	0.03747914	0.114903
0.02836349	0.03126186	0.0570326	0.135641	0.1775642	0.08227535
0.04721847
0.1711937	0.1114526
0.103604	0.06899723
0.2108679	0.03751598	0.08207303	0.07955997	0.06354333	0.1548251
0.076689	0.05627742	0.1299138
0.08410504	0.04629473	0.07439339
0.1598518	0.07011433
0.01347602	0.09666848
0.2005036	0.004261077	0.07883923	0.1299475
0.1399299	0.1368563	0.1291814
0.1719858	0.05565729	0.1531449	0.05671533
0.08404104	0.045644	0.1276121	0.1448736	0.1427802
0.02087619
0.1866776	0.03358252	0.1307412	0.06029024
0.05662273	0.08130783	0.1741989
0.1402926	0.03690625
0.061681	0.1095118	0.1073678
0.0688898	0.0502432	0.1620325	0.09791152
0.09029198	0.1144842	0.05940811	0.05179943
0.2084343	0.01298928	0.108965
0.05132665	0.04234704	0.1692025	0.1955749
0.1043941
0.19677	0.1452025	0.09455074
0.1690661	0.1089951	0.0174313
0.07323625	0.06648402	0.1182196
0.1982091	0.1139526	0.05160017	0.09341457
0.21548	0.07755925
0.08201585	0.1574441	0.0437601	0.1200606
0.170858	0.1522104	0.1077862	0.1548912
0.101101	0.06403003	0.126644
0.1655401	0.1706073	0.1551348	0.04472812	0.06515013	0.1316218
0.1244047
0.1464127	0.1331569
0.06006852	0.09873867	0.03717071	0.1653458
0.1442809	0.07997507
0.06347314	0.01556012
0.1511479
0.1029236	0.07031293	0.0538374
0.126461	0.06440414
0.04302864
0.1377156	0.0885028
0.1005536	0.1041049	0.1343013	0.1534617
0.06706275	0.06984948	0.1534987	0.03392437
0.07739289	0.07369254	0.2268223	0.01551404
0.07736615
0.1920309	0.1494361	0.1796197	0.1189852
0.164684	0.2306857	0.1305258
0.06788437	0.02373109
0.1666908	0.07847226	0.159879	0.1181154
0.212798	0.1858422
0.1709375	0.03565356
0.03299383	0.1108108	0.0823475	0.07343502	0.07357668
0.2084906	0.06760028	0.1002133
0.2327912	0.06731018	0.1337333
0.1881933	0.08891099
0.1311134	0.07447915	0.1397439
0.03684437	0.08029236
0.1102682
0.1359917
0.1591458	0.06702719	0.1410406	0.1124814
0.05763697	0.03034772	0.1177156	0.112024
0.04752626	0.05955173	0.1477502	0.03192376
0.0171428	0.1280695	0.1353878
0.1207279	0.1097293	0.06065325
0.1338491	0.09683513
0.1324273	0.1483098
0.2557179	0.08104042
0.1302176	0.0723705	0.2158205	0.1124609	0.07928846	0.1199779	0.1152879
0.1481748
0.04605638	0.05031468	0.1432948	0.1015609
0.002003997	0.06054679	0.03459352
0.135557	0.1045936	0.2349763
0.1452335	0.05352084	0.1495713	0.1460992
0.08397779	0.1661129
0.1488383	0.1056806
0.165712	0.09621944
0.1709968	0.1139836
0.1537896	0.06827779	0.1272579
0.1076327
0.06519045	0.07149756	0.07755901	0.1369399	0.1899601
0.2007981	0.07159961	0.1571885
0.1920831	0.09109608	0.1293484
0.1189683	0.04490435
0.1052297	0.06470456	0.07810407
0.01062356
0.1676856	0.09993272	0.01807395
0.07902942	0.04349279
0.0803946
0.1035746	0.105499	0.09227487
0.1467205	0.1135441	0.02666602	0.1500241
0.06513727	0.08751354	0.1098823
0.08487004
0.06201367	0.1087541	0.2344728	0.07687961	0.0350393
0.08394729	0.1080358
0.1086079	0.1152567
0.1487841	0.08035504
0.03568967	0.1535925	0.0588414	0.08832867	0.2270647
0.04395728	0.08785671	0.04683564	0.1957326	0.1002219
0.02227986	0.1459609	0.06651175	0.05701559
0.08478148
0.08354455
0.1957036	0.05398382	0.1324377	0.1095997
0.07045374	0.01415537	0.1630026
0.01110429
0.09398795	0.05565486
0.1213991
0.08196122	0.1773477	0.1676754	0.1428486
0.1911049	0.02979949	0.1708809	0.1005331
0.1805018	0.1354818	0.2183223	0.08202365
0.1402342	0.07326982
0.1274339	0.02722906
0.1336122
0.04983163	0.08015348
0.1644399	0.08545012
0.0811384	0.1182702	0.150937	0.1955521
0.0564616	0.1085688	0.1427613	0.003660476	0.1249012	0.2012718	0.1530967
0.06665095
0.08832384	0.1514459	0.1812554	0.07005155
0.1659301	0.05978807
0.07793403	0.1378213	0.09785301
0.1727897	0.1020606
0.08949525
0.10594	0.04874543	0.1444992
0.1303281
0.02424178	0.09816319
0.215993	0.1037121
0.1261786	0.3040785
0.09100573	0.03514329	0.114324
0.2330468	0.06489461
0.1155006
0.1241866	0.1947785
0.06617261	0.1275469	0.07167899	0.1521668	0.1066115	0.04332751
0.1910237	0.03659145	0.07361879	0.07996028
0.1017664	0.06405199
0.08516003
0.1412996	0.0434038
0.06429776
0.1013225	0.02309907
0.1158259
0.1488151	0.05699099
0.2230757	0.1016508	0.05900918	0.1034777	0.127594
0.1153582	0.05371142	0.1402206	0.1200954
0.137768	0.09812608	0.09755591	0.09345528	0.1648871
0.1426136	0.08895397	0.1455011	0.1002851
0.1825877	0.09520766	0.06823745
0.2149401	0.09795866	0.03752933	0.1231796	0.3217524
0.2312152	0.06794665	0.1245205	0.02218108
0.1315466	0.06794244	0.0978125	0.1097471
0.08611575	0.08866773	0.1335821
0.1148041	0.1716186	0.05578147	0.1365825	0.07202635
0.1493885	0.1389527
0.2045584	0.05690532	0.1164817	0.2480785
0.1007776
0.2346439	0.008459524	0.1485883	0.02331493
0.08724768	0.03318128
0.161471	0.05734366	0.2753743	0.08591296	0.3049787
0.1006631
0.08146144	0.0663699	0.08490479	0.02714149
0.01281098	0.1070667
0.08262075
0.1110381	0.1062793	0.1477282	0.02340675	0.07726024
0.1925891	0.08023073
0.09124524
0.06999009	0.1053429
0.09126595
0.1054508	0.07851035
0.05060494	0.06821056	0.1920294	0.104915	0.1141232
0.1341209	0.1922137	0.08482932
0.0865333	0.164338	0.1443428	0.1137454	0.08368859
0.1747041	0.1708539	0.1262939	0.01952475	0.1296669
0.09389336	0.07515361
0.1851465	0.1314901	0.1882906
0.05788515	0.1255058	0.2046361	0.01574752
0.1099908	0.162554
0.102073
0.08767927	0.09303644	0.04505633
0.02424282	0.03317998	0.1663508
0.06831569	0.03668369	0.01150854	0.120956
0.02986235	0.1030803	0.1522281	0.2001177
0.1044891	0.06674211	0.3290323
0.100963	0.0569785
0.03422385	0.07661465	0.1699998	0.07352917
0.001049863	0.03800145
0.07061608	0.0781166
0.02434874	0.1256864	0.05059413	0.08725577
0.09853537	0.05485845	0.1660007
0.0931507
0.0852227
0.02249058	0.114157	0.1429591
0.1249479	0.02981386	0.04454733
0.08597864
0.1106811	0.02244429
0.1343917	0.08254266
0.15699	0.07575172	0.1040581	0.2119723	0.1016808	0.1249315
0.1305787	0.06338056
0.06029008
0.005554922	0.1217622
0.08315941	0.09093075
0.2487569	0.07368095	0.1444952
0.1472434	0.0210213	0.1304994
0.182109	0.09816932	0.1053004	0.08805276
0.143548
0.1413322	0.05876658
0.1192119	0.07781838	0.07858702	0.1518395
0.08736527
0.1117968	0.1434284	0.0997715
0.08596106
0.1390863	0.03073506	0.1065204
0.1297793	0.06757256
0.06103846	0.1179626
0.06338954	0.01404897	0.067803
0.1913391	0.1179236	0.09598536	0.1492974	0.1638209
0.07851173	0.0853883	0.1346809
0.2711221	0.07253313
0.09214038	0.0614918
0.1531452	0.02428183	0.1349144	0.0541436
0.2013608	0.09365148	0.08332209	0.0423573
0.0866684	0.03508941	0.05748973
0.07418231	0.09886499	0.1985077
0.1359433	0.1048725	0.09118975	0.126261
0.0419655	0.0819868
0.09529196	0.05374231	0.06396385
0.08074117
0.07704943	0.08434045	0.1897654	0.1673435
0.1094849
0.05919532	0.06409863
0.138978	0.08305532
0.09014033	0.104461
0.2730164	0.02636044	0.08924452
0.155857	0.08723507
0.1570726	0.04667437	0.1738816	0.02372853	0.2400673
0.1534233	0.05798811	0.1159405
0.04847062	0.1457927	0.0359609
0.08130226	0.07356582	0.03473529	0.01999009
0.04179429
0.1064605
0.1383009	0.07204828
0.08810234	0.05998121	0.01294218	0.05742948
0.1096681	0.08111319
0.1020897	0.1034392	0.1121631
0.1498745	0.04683102	0.1226394	0.04141334
0.1282661	0.003674345	0.0561685
0.1086155	0.2066496	0.1387803
0.2342872	0.1202081
0.09110481	0.02809041	0.1033011	0.13598	0.1679571
0.1103692	0.01801933
0.1240897	0.03928608
0.05100384	0.06317765	0.1578734	0.0673659
0.02879262	0.1028797
0.09068182
0.04557701	0.01857559
0.08528814
0.07674888	0.03215168	0.09353282	0.1602486
0.09131291	0.1880485
0.145175	0.06693545
0.05595307
0.06007646	0.0482216	0.1142313	0.12029
0.09587414	0.1590165	0.01767114	0.08895044
0.1288391	0.152077	0.1464249	0.08057897
0.08047898
0.05743081	0.0798902	0.1079173
0.08048171	0.1309673
0.1032241
0.08927099	0.1267189	0.07246791	0.03899735	0.1717207	0.266088	0.08109213
0.1577105	0.1072096
0.02940783
0.09609435	0.01263347	0.1389062
0.02892238	0.0209789	0.1295558	0.2901201
0.04481334	0.08970686
0.09631268
0.07465278	0.1047235	0.1709965	0.04138411
0.1539898	0.112262
0.1374016	0.08631553	0.1255786
0.0968533
0.1913623	0.1029281	0.05304306	0.1319766
0.1273833	0.05304581	0.09410558	0.03920226
0.005847458	0.09264084
0.08933832	0.1089322	0.07100923	0.08325764
0.09160415	0.05803086	0.1380302	0.01551371
0.2016768	0.1316929	0.0956057	0.1401399
0.1025593	0.08390382	0.1274941
0.07662294	0.1349844
0.09504769	0.07686821	0.09564986
0.09113324	0.05652355	0.1281658
0.09122192	0.05342276
0.1101167	0.06876079	0.08057185	0.1020437
0.1176347	0.04226847	0.1148096	0.07136559
0.1156775	0.05872764	0.1230143	0.05870144
0.1400642	0.0621162	0.1064889	0.03561856	0.1425424
0.264337	0.1160343	0.07005437	0.05469106	0.1005074	0.1827158
0.1583267	0.09504618
0.09008376	0.06252356	0.165485
0.1337088	0.04927055	0.05505941
0.07126894	0.09577792	0.1369783
0.03720926
0.05523311	0.08818577	0.04770018	0.1561485
0.06576625	0.07783549	0.1472681
0.08438957	0.05942078
0.2064277	0.1126373	0.171498	0.05476811	0.02426608	0.05478712
0.136636	0.07369663
0.2395432	0.07977589
0.04339296	0.1244473	0.1783788
0.117327
0.05804355	0.01814424	0.02470737	0.1875742	0.06337864
0.07915469	0.06184139
0.2410155	0.009417601	0.1850825	0.1106866	0.09455348
0.1872685	0.09273035	0.2150049	0.1183418
0.09332692	0.07801224
0.01749611	0.1489279	0.06468659	0.289968
0.06769793
0.03559851	0.003416932
0.1424627	0.06345085	0.1063719
0.2143685	0.1235876	0.1156411
0.182146	0.09856104	0.1469002	0.1210085	0.1812749
0.1142808
0.1107651	0.02423842
0.1774593	0.05375671	0.1593554	0.04185615	0.05857967	0.1316787	0.07806733
0.1593892
0.1884208	0.1179126	0.116173
0.08609522	0.03474098
0.09240201	0.0503805
0.07265794	0.1539198	0.01656611	0.07115025	0.0423499
0.153586	0.1607816
0.09831115	0.04419434	0.09833953	0.1460475
0.1366623	0.04546144
0.02965449	0.1171503	0.1328861	0.06750011
0.01421322	0.05432282	0.1066928	0.07311638	0.1186147
0.08495169
0.09293644
0.1503056	0.1169683	0.1844719	0.06687832
0.1369907	0.09883559	0.06317902
0.1385781	0.06020203
0.1090902	0.07124555	0.001336414	0.11018
0.1416589	0.07163038
0.1532663	0.1278076	0.05901448
0.1924459	0.08853697	0.1833624	0.06647433	0.1569407	0.07892202	0.04884836	0.1098995	0.1993909
0.08536254	0.04215021	0.227747
0.05395531	0.04382135	0.2486095	0.1340794
0.09156056
0.07406806
0.06692881	0.06596743
0.166102	0.08457253	0.2383245
0.1422774	0.0862611
0.1235284	0.02854544	0.01302904
0.07504415	0.02513217
