ExtinctionRateChangeTimes
57.60794	34.97643	25.13365
21.11384	57.47813	13.73305
49.47347	13.86413
52.34304	13.614
23.53858
48.47597	3.358879
17.58838	61.06503
3.75442
64.04067



37.61002	5.291744	28.00151
56.0348	57.40926	14.83456
63.95238
21.51708	6.414376
28.63329	64.04553
27.05836	8.946759

53.8632	31.62663
54.06473	65.40939	48.31097
39.85403	57.41097
52.51263

29.76766	13.08911
33.64096
25.79031	53.03274	7.359672
1.172697	53.91969
43.13458
52.6309	37.83598	7.773473
56.86875
53.99417	33.87411
54.7245	20.11797	10.27917
41.52106
1.03794
53.52748	34.72232	38.15082	52.43653
32.20581	64.01197	31.37391
55.89158	23.41198
55.04638	54.545
54.31915
48.10529	18.84236
42.60353	27.65774
18.36905
61.14878	56.41603	63.86018
56.27004
18.61394	18.42285
8.700269	3.719269	62.25772
54.76955	24.58636
60.78704

62.25685
11.32357
58.71286	4.174303

13.22279	40.57939
55.75962
45.75204	43.0339	2.433356
54.02768
53.39114	36.81195	26.12189

58.46408	3.368215
55.5972	27.34399	25.25018	20.58236
60.8895
36.04177	33.93015
35.7814
34.33636
17.89618
54.62062	1.397196	33.64183	32.27873	41.95892
54.75955	6.694068	15.31952	49.68694	64.6808	57.19576	35.57991
42.64953	25.60469	18.83337	12.42648
52.67069	6.831578	40.02618	15.24532
49.22669	60.40174
30.70259	22.20508
30.43364
0.5377747	60.44743	62.98651	53.13832	51.46636
1.122578	48.21743
3.100989
1.98138
52.559
25.92013

50.94957	50.63096	29.28985	45.05761
52.83245

47.95125	17.95189	46.15985
63.43941
33.88053	6.411627
26.45548
4.013284	43.51486
53.76398	61.26922

26.30761	7.354527	8.03829

56.2916	31.96977

41.71339	33.12603	5.438293	46.3859	65.46415
63.94525
12.61732	9.509178	62.74677
28.04927	27.31812

51.97407	6.762968	61.50474
30.87398	56.66305	64.39218
30.95731

54.64865
57.55649
43.98741	18.75621	63.28359
2.893572	49.49938
41.53013	6.979233	9.204251	61.48225	28.58077
52.71377	25.16513	25.65646

23.45836
2.220451

16.7914
26.50266	21.75406
47.62567	51.1924	25.58506	64.21622	56.57868	50.26415
2.161031
52.63545	52.22127	42.15168
56.40989	35.63169	5.465869	62.6603	18.89076
34.89047
50.19213	23.88499	13.18355
50.70064
55.38693	19.32645
49.60604
10.29662	2.726332	54.83109	45.82619
2.549022	52.77956	63.99756	60.47575	36.76223
53.68516	40.18791	6.696354
35.7702
49.11451
48.03313	16.6341
56.57285
7.493042
62.46807
47.43321	31.18117	12.13729	36.11032
34.45702	10.40408
48.72506
19.38427
48.76247	44.42896
53.16707	51.77931	15.96109

56.38095	32.93682	18.52276
40.61183	30.86528
54.27009
3.801273	45.07879	37.74429	42.76068
62.94897	46.78861	55.47748
18.89532
19.49746	10.53908
6.905958	26.18977
52.61469	30.08513	7.637141
42.82306	20.32962


58.29266	40.61896	44.67872
15.29459
11.04372	46.83755
4.709104
35.47633	29.51933	20.42777
53.27989
54.71419	35.40799	19.99592
4.74022
54.78692	47.29044
46.14288	44.88485	46.74918
17.79276	5.006533	58.16919	54.37833	7.086228
11.84701
29.94542
16.54391	9.495658
12.48949	4.85229

52.76132	29.75025	8.82647
4.124072	51.02211	50.12163	64.76082

0.4800645	40.87208
55.09749
20.42215	54.94019	40.0101	57.42158	18.74949
50.70734	27.55511	7.223957	63.68931


47.4779	13.09655	11.86374
37.69447	21.31258
3.45112	1.027038	65.22181
32.046	61.39137	3.536082	13.30428
55.05555	0.5829234	53.16856	64.03579	59.12044
31.68884
51.93359	20.09479	58.91768

49.00577	7.899757	31.28098
55.5169	34.40204
54.46935	42.52521
54.14022
40.56197

12.71444	20.93284
0.1934365	43.58509
52.56879	6.583004
47.41259
56.70818
45.25652	43.77545	26.61843	65.4154	5.108494
26.19115	62.19844
53.93175	0.4701665	20.05746	19.20659
9.937412	56.68859
29.41679	7.742757

50.35805	64.22846
42.22816	25.94779
51.06679	63.1304	35.85935

49.90801	14.56864	22.05294	57.46211	43.13445

59.58184	51.94429	37.15891	59.14188	29.74276	33.49552
63.05867	51.66714
45.59751	61.79658
7.1634
47.96909	32.20895	27.25122
62.6625
16.19869	18.64145
12.5896
48.81072	3.181559
54.49113	31.1309
4.05218
18.94284	56.95202
16.3689	60.78925


51.20591	13.54144	12.27449
57.09366
60.67721	14.6404	18.75677
24.37249	48.75444	32.25409	60.82795

50.14562
5.851523	55.11258	1.642927
6.017532	11.8514	60.93244
49.29429
32.09198	27.53201
3.028081
52.82925
65.24663
17.56692	1.91838
51.63835	11.21543	47.53459
41.87156	18.47042	32.30411
51.1864
56.44127	6.388449	32.265

10.43219	6.458858
54.17203	4.651147

33.91507
44.49507	49.52399	29.44522
42.78905
44.71593	15.5968

18.6103
49.30071	6.247697

6.570735
1.398901	24.01142
56.00095
9.042264	61.65807
59.35053	55.59877	15.12874
56.73071	11.27046
36.52086
43.6172	14.31285
51.48908	2.155296	0.8511329
48.08123	46.91556
47.01707	31.744	31.78113	43.9939	14.49156

2.272609
50.94396
53.69214	11.22845	48.60297	62.69622	53.06252
49.14844	27.33008
22.28619	62.42142
39.43948
46.10672
55.18756	27.71285	9.082828
38.59788	15.2303
42.39761	59.89263	48.14608
35.59212	24.18182	25.76661	7.185439

43.60138	10.87818	1.604458
56.39354	17.90061
53.20218
41.41881	12.30975
40.80735	32.448	7.365308
34.83825	37.93771	12.81695
55.22632	12.57836
46.99399	29.68065	17.41875

20.53201	55.41509
27.34861	65.08819
47.74983	1.202857
35.46422	7.390077	44.28239
26.37833
13.3533	55.44589	25.02805
16.57064	21.59886	12.2857
44.55019	13.22531
32.84636	59.69817	57.24587	55.72247	27.11199

53.68905
53.98732	47.65735	26.90253
47.07475
8.626966

40.51005	4.63079
13.82507

30.66929
50.33792	14.87455	49.39731
0.9834433	32.91704	50.60533
47.07164	36.16344	61.17859

26.09408	6.899169	51.20536
58.47348	39.5427
64.163
58.74922	43.23586	62.85097
26.18329
52.98599
44.53541	5.535636	16.21587	53.22452
0.4458894	39.17289
53.88074	7.83839
20.98345
10.62837	64.58614
59.25093


48.68284	42.38588	9.690279
54.72773	12.29375	53.69898
50.94233	4.847372	62.16453
11.65262	5.588144
42.81927	6.286523
53.26187
14.45528
53.13457
19.52015	16.25802	30.12894	55.59325	46.11236	2.372016

56.47492	35.93025	46.73528
28.90396	55.14872
55.52959	54.85562
54.8989	3.876256	63.57866
29.80078
51.23961
11.61717
15.15823
1.666585	59.93891

61.59413	48.37765	23.66211	45.84395
50.0444	9.761553
56.09206	27.52355
62.66395
42.9396	3.533558

16.20613	9.34127
54.76248

7.262586	19.04768
61.32912	49.83723	44.429
65.19334	40.13508

25.72815	9.090829	62.52659	7.254516
64.81065
25.90985
62.77183
28.97118	54.15022	17.56223	14.73716
48.48789	43.09085	17.42219	24.51914
48.35813	51.64696	61.47619


39.7715	5.068916	58.7441
52.97914	27.20897

63.4737

50.32572	28.33038	63.27907
48.76907	25.69056	10.87318
48.0562	20.28788	61.83778
47.1996
51.58215

3.697819
20.57739
54.89918	5.267028	49.079
46.86115	17.30261	65.65107	43.15514	39.95519	0.05754454

31.88586	19.61526	61.58069
52.4554
8.529402	50.11551
49.25076

52.84196	10.83594

8.507065
34.40391
64.9807
58.5944	11.0222
0.5724641

65.36929
0.6827982	51.98749	42.06106	51.02667	41.45221
4.027481	40.35158	36.07282
52.7704

52.27174

54.09888

47.42128
6.008812	0.3455793	0.9195921	0.5941995
54.73962	44.9268	42.94598
1.546875	51.79309	40.87108	39.3734
51.55621	20.15739	11.50065
42.63174	46.59416
24.92104	49.84789	58.6558	44.62333
52.91713	25.02593	8.60302
0.6891641	26.22256	58.46623
39.81024	29.07441
21.9126	50.46776	28.03564	18.17256
6.372306
45.22208	19.1414	18.84286

49.64542	25.18758	15.83639
65.18526
56.47923	21.15406	24.30225	17.97045

38.66599	53.91343	56.84561
27.2937

23.88795	21.1535	34.43153	7.575844
49.34518

27.44358

18.36837
38.40456	18.69466	26.23187	16.36695
13.42384	36.95181
8.840974	54.41507	49.39533	46.23851
40.82674	28.60078	55.65331	53.06998
53.58975
19.82841	64.99114
25.06319	3.867606	14.52727
27.76179

10.8573	7.955131
45.25657	34.25502
54.47349	13.75844	28.6525
46.24213	7.244534	45.64712
39.22835	35.05605
48.34842
37.87725	6.899262	22.90959
60.91293
35.3407
41.40595	56.13039	3.345253
50.60296	6.156708


4.495119	2.003779
44.50588	4.724277

50.57166
55.68875
50.89986	36.44432	34.14711	5.435282	40.04484
52.56064

6.219254
21.5888
53.58067	10.63143
63.1975	47.4675
39.34085	44.60428	62.67799

50.95968
37.63734	4.142038	23.47915

14.24517	55.89564

51.1985	60.58995
63.7219
0.9288107
52.40991	28.70394
57.62553	20.93455	2.887371	15.50401
57.38242	26.69256
22.63477
52.9527
51.10391	47.14798	22.88332
26.14696	20.8287	35.84374
6.317648	5.81581
45.39145	16.18215
42.26981	45.78675	10.83046
21.28609
11.83458	2.129087

37.47604	17.30334	26.79429

14.02863
14.50185
51.37757
55.53744	8.937521
49.2988
55.45456	28.63631	19.39629	50.58343
49.94544	23.8963
27.84769	36.39821
21.57872	7.663866	1.159784


13.48555
36.41895	62.60069	60.06894
54.50196
29.45165	22.79541
54.47013	39.95141	63.87017
59.0296	46.26847
59.56274	56.18876
44.48205
55.69763	28.99012	38.76306	49.51616
6.380445
51.27872
51.66556	33.07183	41.07403
12.53652

50.70634

53.51998	61.05305	38.61056
63.142
43.31575

52.34022	7.617282	48.41035
60.36759	53.59938	49.47306
10.11137	2.039994	9.187885

48.87694	18.78248
59.00643

41.64103	45.52198	33.45327	29.20748	31.47573	26.44021
44.50333

50.53954	46.77667
43.87879	59.92957	37.35912
19.85525

57.49174	36.32182	12.72863
25.64622
49.14729	44.56931

16.43671	31.36421	9.954905
0.7374263	63.87676	61.88348
53.31943
7.396841	48.62836	47.00184
49.713	14.30267	56.32933
40.19119	58.68104	30.80038
45.82568	15.31256
1.832196
48.94852	7.000285
55.19959	6.843342
48.3662
39.36823	54.32297	49.6669
53.90473	14.76712	25.27438
46.73377	9.012697	5.235132
61.00918	30.12419	56.91734	43.40953
11.32294	46.01602	48.03814	46.14773	0.8665351
3.850621
53.48489	37.78557
63.52343	55.39486
39.31809	27.79893

18.51393	52.8325	63.98422
47.20457	38.99784
44.4738
32.39596	19.49162	60.06075	49.0717	8.634041
59.67788
54.39666
37.48103	17.10934

50.45312	18.981	45.23384	60.09913
48.3517
57.53375	7.368661	40.86978	44.1839
50.26134	31.31305	6.818639
44.00423
1.111143	56.12879	54.30019

39.29565
39.37633	30.39873
31.10321	3.720114
49.5533	23.13847	35.52269	24.77144

56.75959
53.14093	28.69022	22.14288	57.7575	39.48515	2.708453

32.81581	15.90246
54.5546
52.72759
0.3071664	43.34936	49.77153	20.61553
32.22134
52.12743	50.59843	45.17426
25.7743
39.18704	8.208588	47.80736
53.44656	34.53894	3.794441	21.37901


17.16479	0.7901107	47.14079
57.94787	63.68979
2.052993
35.24995	19.69174	60.30172
47.93452
44.88815	10.04928
9.956909	0.9862695	56.48253	60.96969	61.95604	60.52594	61.67161	10.90736
47.56534	46.5528
49.631	34.40887	65.28113


32.95295
16.18773	0.5555919
8.066779
53.83556	63.46561
23.45406
