MassExtinctionTimes
19.74839	2.109786
61.85247
61.40933	41.51487
62.04954	1.796843
11.00373
14.3435	48.62471
39.96747
31.65732
27.62752
23.38412	49.77988
55.32368
11.26836	30.86443
61.22383
8.526317
0.6691278
19.46224
49.29642	23.17244
2.085791
39.29364	28.853
2.903625	0.5606644	2.207857
8.09481	6.865796


39.70569	35.13394
20.57867	23.50193
39.03422	19.14046	12.08646

19.11689	39.67536	18.63313	29.00539
32.93539	19.44761


52.60079
7.992145
33.21427	34.79922


23.18926
45.88303
34.60928	58.94214
2.793042
49.07329
46.35148
34.55653
45.34163

36.83392	3.269153	53.04912	4.093198
56.76193
35.29781



39.72629
48.86392	28.61109	38.49329	46.05547
2.747819	5.565137


11.37326	38.79142	9.013933
1.037628
30.00265
29.78074


45.82149	10.8626


47.79945	62.57114	1.990114	49.2005
15.95611
20.82705	9.67888	56.5976

53.16626	14.16888	18.02701	64.99585	34.87514
50.23912

37.24948	19.54998
48.31137
11.39943
39.72826	47.06367
42.27314	16.26296	18.97015	22.41684

24.21985	49.80455
4.854945	4.127458
0.39985	38.40322

18.10777	15.50173
16.71735	41.68301

40.61342	7.892546
40.11537

43.52436
53.58266
18.85444

21.40184
13.82025
28.11007
9.175644
50.69393	13.05765

39.05666	24.48604	45.95742
8.200727	20.87594	48.8828
2.526311	1.140874	65.25616
23.36475
18.85578	41.64696	26.66396
15.18815	54.42213
2.094902
29.91108	0.4612637

2.870082
43.19312	24.83869	2.283189
41.66157	52.4866

29.52028	51.2149
33.97679



41.51778


62.81183	26.52534	15.59823
46.48518

4.35982	34.69503	0.6493704
19.32871
5.295075

16.05494
18.36443	41.43473


62.11824	39.07339
62.11824	47.91279	15.66222

19.37113
41.10472
20.743	52.90627
22.59362
46.0703	9.273159	7.098816
3.814855	10.35644	34.21724
7.612524	36.32813
17.04314	37.1965
7.908314	61.90709
38.00642	21.09842	48.61748	2.402859

28.7321
17.50212	1.210798	51.23045

23.01866	41.03042
27.46452	38.96987	2.871052
48.80946	20.45262	47.89572

37.98435	4.500992	48.38292	0.154585	21.28789

48.46862	53.47232	41.46392	16.114
15.10932	50.1178	4.679066

40.23754
6.288863	14.8977	28.6999	50.66574
0.6886	25.04306	15.26199	31.46847

9.475012
26.15832

51.44208	16.46188	44.93081
24.88687	7.225714	48.09215
32.14128
39.54487

15.76001
61.38917
38.12477
15.36321	55.56442	30.63928	38.54916
39.97813
3.21697
2.006744
3.323209	15.01763
40.78409	28.514	2.687955
50.89462	26.57145
0.8001228
32.5843


50.91876	15.58733
39.44331	50.13775

19.072
21.33192
42.23495

4.353641

19.03178	37.27529	26.822

47.50496
63.8738
40.25284	1.76686
8.976709



11.3796	11.51065


31.95069	45.63294
7.676516

51.17175
8.352567
39.71565	15.18908	48.84123
14.59853

22.04664	26.62231	42.50121	3.435898


11.74441	39.74707	3.121429
44.8788	35.46525
41.47847	19.80501


39.29776	1.931652	42.86601
3.033377
62.93718
45.29984	61.80193	37.07925
9.291475	19.75134

34.79247	28.61646
36.01676	22.37008

47.49245	40.30098	17.94994

51.21383	15.6086	25.83791	31.02127	46.08732
20.67472
2.651414




52.71251	48.16039


31.54785

3.712158	47.88939


5.488296
33.97528	8.326964

47.89167
34.60139


8.850941	16.19534
5.883838


18.38399	46.7773
31.4099
17.15727
11.19163	14.25662	13.31764	61.95279
36.45093
2.255828	46.81325	0.5428864
43.98828	21.30126
22.73619	54.42921


16.0581

48.06703	36.21356	1.811718
1.293029


22.93858	41.80936	54.1204
45.76751	48.42937
17.10677
48.31625
40.13442	50.73407	62.49483	1.324519
10.06348
19.43688	52.70828	8.62347	10.86021
17.7842	40.19775
32.75118
29.48346
8.599707	27.1878

40.07262	22.73305	30.74986
4.439894	65.55575
46.59914	41.80808	20.71375

20.76299	50.24128

56.70578	43.76066


13.73922	45.09088

16.9052	62.29085	19.47212
8.319713
24.98696
1.634857	21.10359


0.1790184
38.52654
36.22784
51.35071	62.45628	35.12838	43.18961

24.87384
6.279321


27.23508	47.7141	38.37561

38.67925	4.37589	1.014669	9.379018
39.05223	31.17484


23.82749
36.95335	16.31938

48.36415
25.55367
22.18253	47.60185	52.38093
16.7339
23.58183
19.99738
62.16547	5.471206	3.332838
29.95159
22.08353
39.17056
2.83013
52.97921

21.39185	40.12122	13.20561
46.28697

21.6982	48.30172	3.501729	39.33041
36.19059	61.38581

38.50755

48.03134	30.89101	35.5021	38.3388
22.82898	12.42951
47.89183
1.194534
5.701902



1.237207
30.00816	47.51517	21.45961
34.47247
15.85282
2.267919
13.70166

39.1663	49.85848
19.19265	41.94939	25.70761	28.41875
27.12413
46.06711	35.86637	7.444033
37.37654	5.497763
8.576081


39.29339	60.56201

2.937324
50.94735	40.89745	30.66555

40.05065	5.030205	47.70865	22.41176
38.10804	7.102374
40.37721	39.44342	9.754471	30.82223
0.04581189
61.90166	58.46724
47.35174

51.25228	16.17402	11.17281

42.94798	36.64679
62.54905
24.77504
61.77317
45.2703	37.78128	31.54688
19.0609
5.062509	6.341392	53.7929
9.324094	16.32111

61.01203
18.37069
29.64696	22.09419
43.66162	17.85141	28.6148	41.9721
19.85028
7.757484	31.2362


7.916758
1.796394

45.41329	38.43636
10.26427
0.7724846	24.7953

43.36578
38.12299

53.02746
48.94729	6.490736
29.33244
25.24958
47.46331	18.87567



49.80774
47.6037	2.977037

46.76638	44.66269

38.47934
16.42063	23.76249	24.26217	30.79373	1.804068
39.42183	41.99669

52.54282	38.9903	1.213026
28.47492	55.81402

38.92634	64.55116
46.35262	54.41504	39.03902
47.79551	7.722425
31.10179	35.09175

18.04244

49.21858
24.98224	48.03405
5.550841
38.87992
6.13865
15.42484	51.31041	3.09003
46.20266	20.37896	17.88813
24.27067
48.31304	22.1592


9.391222
8.172781
1.920105
19.24471	16.2312
6.168607	11.85222
46.7301
39.03942	29.96512
35.38359

12.83899	57.69752
47.78585	12.54775
41.62844	19.46178
33.68752	48.80527
62.4776	38.72809	34.86628
4.5719	9.323559


29.12151
46.88203	48.7065	19.17742	31.71077	37.56984
47.12597
35.62495
48.8757	62.08773
22.42033
1.081122
26.55725
17.90809
39.57211	13.82962	52.81671
8.959477	29.02738	45.7278

49.39311	14.87332	43.34902
35.51213
9.364986
1.422582	4.790571
7.319875	12.00251	3.57236	50.99391


5.406104
34.04275
38.95906	46.03298
4.486186
22.93652
48.44193	7.129335
11.02562	16.19877	41.65619	20.52683
2.144443
47.63162

6.44393	34.13266	1.361291
46.35065
20.49121

39.70783
64.39731	18.01749	41.80756
8.675792	0.2977582
8.326557
14.25125
48.49732


35.58318

31.59973
18.69726

6.383662
6.223622	6.720302



20.08012	46.24404	4.013608
30.247	32.44016
51.78175
42.07808
41.44315	39.5075
36.42944	22.79986
34.41477	52.4938	53.66764
21.10156
43.21913	45.34672	8.799377
29.40288
7.768585





22.33156	0.05148701	0.28592	49.06864


48.68071	6.331644
40.11982	56.18996	18.61883
7.630778
51.20971
40.1215	62.92032
48.6087	62.99634	26.37091
23.43663	41.00827

48.23166	14.05696

48.11963
47.69774	14.98951
19.69896	17.62557
47.05917	22.1165	32.81218


16.58745
61.13544	0.4392644
38.89302	9.316855

63.83141	40.78341

15.0859
29.44259
39.3326
10.50313
62.09685	22.31103	49.95144
20.80594	62.56642
19.77552

38.21915	40.05631
3.181912
30.97321	47.05616
40.03061	19.51428
47.73612
23.15619	64.57559	9.585322

19.62571	61.42424	14.08042


8.762738	3.498237

9.500731
43.62024

39.40761
11.53022	3.334515
17.62303	55.97064
48.13636	48.31121
1.399956	0.9016186	52.48606	2.7114
34.37955	40.95197
62.29773
13.82664
2.087462
45.04947








23.15855	39.45847	21.78834	48.86
36.57157
48.29588	28.14483
5.103745

38.91068	48.26826	33.1886	29.20103
10.89228


32.32814	62.36116
20.04357
50.07849
10.30686	45.87241	11.99523
9.29805
0.6100143	20.98817	40.66016

62.45632
34.4364	41.6016	5.276437	51.52298
