SpeciationRateChanges
58.30589	34.48925

34.74392	30.22022
14.5495	22.80647	4.62411	40.07974
41.62608
64.09889
42.11449	37.62377
52.94265	1.435651
40.68179	4.8391
5.388341	50.05954
62.12575
15.64494
18.77758	51.7364	9.441597

49.16305	3.055575
52.57755	27.73883	31.51904	57.49948	29.77385
60.34339	28.58125	26.15559	63.98864
22.76172	10.62464

45.91982
61.72203
61.28889	37.43685	49.20945	28.89701	57.8603
57.75343	49.62285

39.14748	4.550045	36.4551

33.47648	19.53115
38.90729	24.06571
53.14907	23.8125
23.87366
4.734247
16.78898

32.20559
54.68256	48.63483	28.72499	10.9205


42.11035	13.03967	15.09938	3.130983
20.36315	60.19974	55.82774
58.68723	55.99592
47.00974	40.9703
56.98601	32.32923	50.37906
30.27455	53.86174

65.38328
40.60938
14.0584	63.14042
40.45897	11.65515	29.35616	24.13314
47.81017	3.60531
42.19411	12.13861	1.706348
23.87695	21.38392	33.17856



45.58223	65.29222	27.5241
62.68363
28.31218	25.10027	49.17839
16.70817
45.17716	16.55153
53.19115	25.70991	19.1548
55.66226
30.16147

50.86207	35.94514
48.08641	0.508996
57.00947	32.92644	43.81007	52.29263	43.13881
54.69997	49.84081
14.2256	31.51207
16.64887
22.20006	30.08574
33.82612
41.29052	57.87169	30.80693
65.61102
60.44322	32.85098	26.46379	4.08483	51.13751	35.02336	9.266261
16.00654	49.50034	33.33799

64.44803	26.6496

58.42178
22.56257	64.01291

48.29931
42.21038
6.455524	11.46632	21.7313	42.42322	29.78597	26.10007
22.49907	45.21574
51.02161	16.17758
7.89191
48.02866	45.2477

43.97218

50.51569
64.10636	42.06084	17.37695

13.7674
32.55115	53.36787	11.22323	61.73138	50.92273
51.40934
48.71979
38.49113	32.64155
44.46611	14.23699
14.09518
56.79367	49.71209
42.78602
57.81532	51.34426	55.52996
33.96604
17.51964	60.86508
34.50472	11.96931	11.7864	64.27807	15.58147
27.08849	10.06007	55.2598	42.71911	11.39693


55.34872	38.32046	63.81001


38.20628	5.863676	35.49513	43.52327	41.95873	38.17542	35.64044
36.33868	12.83342
21.61811
35.63555	18.8426
53.84506	13.20532
42.62702	54.08383

9.168803	40.75011

33.05035
14.41844
23.52175	1.890155
63.00154	45.58605	17.13475
60.93173	56.67973	41.99719	8.530253
57.49236	40.33043
39.58107
51.08214
55.59363	39.94855	40.92477
46.24528	3.344769
3.332743
22.66665
9.29854
40.45555	58.23326	65.22794	8.90774	34.99251
23.41264	35.6889	52.58079
17.12139
33.50685
27.70599	35.30611
13.00756
25.4931	57.71865
39.37625	24.84517	1.033705
45.81729
50.26527
26.54299	50.09498	35.94814
37.65095	17.08918	14.77892
25.22011
48.35103	23.04892
21.89813	1.102472	9.988082
26.92417	10.5627

53.90864

31.60868
31.85663	38.49482	32.95639

6.178598
26.72898	10.31244	12.35252
47.61627	7.726179
12.7745
3.938127	33.82787	44.94152	6.756202
51.40374	57.04151	47.51795	23.40885
17.67708	56.59701

38.52009	30.45275	64.02457
42.16993
42.1789	50.21984	6.487732
38.33333	51.72369	56.24609
1.608533	0.5729978
59.60202	8.902567
22.92785
20.17767
42.22486	58.13259
24.69055
13.11307	58.38174
50.42298


38.31038	13.64576	8.850308
65.60238	35.84365	3.41103

0.3169559
40.79768

48.10246	25.42534	34.87846	56.44614	32.47726
8.608415	33.13371
61.39346	56.60373
17.42516	9.710356
23.72659	52.89538

51.36702	12.43858
59.18943	53.27011
58.47304	50.2388	53.95072
58.08916
59.55119	43.44191	46.30879
3.907624
60.39715	49.2052	23.17071
46.19907	31.93167
17.39229
18.52591
59.67464	45.25261	44.8341
52.20351	25.14783
31.93055	13.48201	31.36595
50.80221	21.64784
47.65677
53.2741
26.8242
14.74708	26.92595	27.1218
7.235111	6.466145	2.261518
10.97826
35.88681	30.99392
46.15992	17.13852

55.43617

57.3948	54.86866
30.73293
2.527142

19.77222
9.689056	52.84542	35.98312
55.47409	23.8776	42.10223
38.58426	42.69038	31.74551	26.00575	37.98239
46.12468
6.053505
18.94381	6.252387
50.8433	62.13055	25.92859	41.4329
9.841168	4.574125	1.470296
19.74066
40.19942
53.59157
60.77505
0.4618721	64.29876
47.03969

9.710615	47.22789	39.64737	0.5146596
13.95278
26.18549	29.33066	31.06094	23.22276	6.378099
10.44953	2.153458
28.86163

19.79002	9.970843
35.49553	43.45779	18.90029	9.520355
42.65974	21.39565	15.70458
57.73248	50.22912
56.83102	50.32864	19.03891	6.807079	9.448677
23.7946	26.68173

34.36961	61.84545	10.96026
55.43938	62.71808	29.60098
36.3843
29.85256	54.03276	42.61955	65.55664	2.877509
7.93479

0.8286469
58.98871	30.30303
53.49447	63.17459
42.43269	21.31624	19.31149
45.40687
39.0013	11.02409
35.33681	50.30618
6.011744

39.55647	28.86504
62.16974	58.07153	47.63673	57.81963
50.86632	20.02768	13.48625	10.10937

19.13284	14.48594
23.97581	11.1878
50.48757	11.54064
32.27058
47.84287	58.55512
31.81643	10.63982
19.60606
18.77892	47.30123	9.876072	6.926956
42.55351
53.8165	27.59445
25.24055
56.59269	21.57413
56.80473	62.26906
30.1866
32.36532	62.1704	46.21655	30.10807
49.66129	11.89566
42.55503	35.06349	2.643582	50.00062

65.44237
64.90821	57.85283
29.464

43.28721	5.778181
26.01427	51.62945

41.33611	36.24517
50.98341	5.195019	27.21428	49.74098
23.52584	14.03733
50.02093	59.37404	57.57503	11.7568	50.92319	1.941825

65.2974
23.74317
53.54188	56.29946
27.71105
47.6246
12.73737	19.21155
28.16823	16.51266
43.99868	13.50254
5.777094	34.33637
3.356788


48.52799	62.80303
65.10037	51.05233
48.26331
54.68476
65.02612	63.83789
33.76216	2.544482
6.248033	40.42363
37.8895	27.61513
61.83626	25.73318	29.48723

0.1617119
50.29997	0.999815
5.156912	0.2582626	3.295034
43.98513	65.28875	39.13508

7.235174
46.81278	31.19257
5.491528	28.86784	34.2833	2.382809

63.70972	62.89916
58.741
40.72423	16.37633	56.50137	1.888537
10.49057
47.21126	65.27162	24.75635	10.07997
8.567159


22.89513	40.77583
31.69803	7.851442
18.11195
26.71549

65.03652	47.80352	21.39714
48.98141	57.94468	16.68812	1.380634
12.25101
56.93127
55.99477	40.60538	47.4639

50.01431	20.22017

22.7261
48.2855
51.05218
51.69971	38.87897	16.67636	60.43424
37.03304	53.10365	1.571186	4.207796
59.80461	36.36248
48.03463	17.73865	30.2374	27.42215	22.05904
18.18178

57.02027	49.28324	27.08655	43.0466	38.77545
57.04458	24.18785
8.841091
46.99256	30.40188	27.91081	9.224653	28.79894
39.84083	30.08193
42.39213	18.88984	31.33822	11.73279
43.52864
30.96079	26.70758
45.23919	26.24788
62.2549
21.017	12.36377
51.43068	64.03824	49.33975
63.79114	30.13841	21.95216	19.43158
60.21078	59.12224	26.43166	24.16988
58.30714	7.824369	6.917973
28.45979	1.356787
26.79358
50.83857	58.0441	13.16258
53.41622
59.70674	39.50857	61.63811	52.15236



14.58301	11.64647
57.02998	6.055572
8.703246	6.030389	3.9257

40.38727	62.41568
26.17412	9.330228
9.323733	52.98408
21.53246
26.24249

34.7589
48.18594	56.35974
25.23104
51.34896	36.83953	9.091085
21.28787	63.71069
24.46599
11.84956
37.02434
21.27912
30.90886	13.01618	10.17249	36.1592
33.78876	2.710885	30.10886
14.69998	37.9092	9.873665
16.61856

2.816098	24.70756	18.67885
11.72667


4.942159	2.543661
6.160527	61.47469
25.0736	56.5192	44.95783
9.421619	0.3045521	45.49827
7.101351
65.39716	19.56931	64.00366
3.250818
5.452385	0.8948296
30.38934
28.59641	8.160739	6.822018	27.94619

56.32121	20.20922
46.05377
25.05466	61.39563
1.378515	44.62198

26.94328	58.39498	16.40669

5.504666
24.02908	36.44311
48.57509
1.974631
32.01418
39.07052

52.32398	1.525334
17.36691	1.392638	60.0573	62.07343
41.65597	0.02987272
65.26114
57.68074	26.81596
57.50327	53.45241	64.16094


38.546

18.04689	64.85867

48.83181
60.16009
7.051669
37.14014	26.40575
54.89477	44.27282	39.45852
7.136689	35.45231
45.37436	43.94279	2.60815	15.53674
52.52053	62.11176
48.30392
1.94838	47.2581	29.64062
19.45444	35.84698
24.02433

26.40842
47.38101	47.10264
1.889726	3.631291

1.624481
6.917255	56.07565	30.56852	22.16266	53.21789	15.9503	55.40537
1.820976
0.8417961	23.36767	6.403181
2.521447	10.97129
54.65196	53.45936
59.5003	7.117014
49.16413	46.41366
49.3135	34.30243


8.474285	15.56922
21.23343

24.18369	23.09403	40.55536
56.32147
12.75749
53.22981	31.84312	36.68379	57.22589
47.468
14.32802	43.09045
48.30647	22.77225	8.050409
52.56961
51.00979
36.04662	35.59095	30.36876
25.42384	48.84227
64.55619
46.61426
53.79049	3.714937
49.72643	56.45096
44.24625	14.3877
9.588097	3.954372	40.76549
57.01026	38.74315	2.74274	27.35276
26.41263	9.538682
62.75825
46.83436	65.26097
10.22259	8.329144	46.40682
36.48164
53.91881

53.81331	63.06683
48.52953	65.63445
12.75095	7.16329	3.451949
14.02415	60.98817
64.3251	52.49355
56.41652
10.95731	0.7472182


5.751567

32.15339	4.260125	8.045831
7.552102
51.21863	17.17775
31.90428
30.45655

50.75028	2.773904
35.12122	2.240127	4.008088
53.52891	32.00612
42.3734	38.83613
52.177	24.17032	17.01197
61.79401	61.44998
2.645851	47.37393
43.42395
50.0585	64.75869

52.92495
4.815202
29.71412	65.39631	21.09716
11.80808	51.978
28.58366
58.1503	53.73219	33.10419
5.290326	9.258687
13.59316
7.380649	10.91551
49.40537
52.0599	43.14017	8.168967	62.24015
52.02212	25.67964	50.079
28.16759	41.41755
62.26641	58.94041
49.49883
7.432719	50.88134
56.30167	50.4924	33.72701

15.52311
36.43629	20.26354
26.27236	65.1246
25.77175	25.54814	60.70163
40.92696	34.75179
65.07265

39.02877	6.039146	46.21606
10.86171	39.51437	62.15775	55.28522
22.45514

47.90853
53.47371
40.78482

36.34085

58.20036	35.41476	62.62928	63.55219
6.375061
50.27122	58.07708	49.76678
38.12247	3.94154
53.74001	12.72211	1.642763
22.34722	32.39879	43.81869	14.07732	34.04545	4.742583
7.356937	65.29616	62.20691

26.31847	7.697807
61.69094
50.52856	20.00287	3.813249

58.6266	38.91852	53.57353
14.85593	51.26424

38.23852
10.24241	13.04006	64.27403
64.88778	1.850331	26.35935

0.8453925	31.23031	48.52766
23.61195
50.1106	31.59248	48.75999
65.27389
12.66646
51.58927	11.9662
65.06446	30.92062	39.83261	16.92392
20.421

14.32888	22.08106
20.35609	27.58527	59.31127
61.50117	60.78885	52.53751
47.2292	4.16225


57.44862	22.59058	47.6196	7.225355	24.06686	44.35886
58.29623	52.93268
65.69172


40.45714	65.22035	42.89027	60.99561

62.90233	7.989246
5.908068	39.80686

48.84069	23.7037	20.29404
