SpeciationRates
0.1614853	0.1986212	0.3207078
0.1754663
0.2709516	0.176195	0.2442151
0.1779927	0.1347329	0.1239652	0.206599	0.1501861
0.1516694	0.2140104
0.1809815	0.1720376
0.1685776	0.2028591	0.2150837
0.05411268	0.1942084	0.1499506
0.1210032	0.1828307	0.12731
0.1953826	0.1216388	0.1823823
0.1446705	0.1934564
0.1965672	0.2167085
0.1788389	0.1594764	0.216463	0.2294899
0.1533579
0.1263979	0.1589923	0.126615
0.1777881	0.2367996	0.2249778	0.1408013	0.1852699	0.1019675
0.1241874	0.1820199	0.246724	0.1580664	0.1890068
0.136467	0.2315381	0.1836529
0.1437781
0.1464202	0.1834802
0.1542713	0.1877532
0.165261	0.1586126	0.1340242	0.1448088	0.19678	0.1465899
0.1715295	0.1795387	0.2660263
0.1872548
0.3059474	0.2049294	0.156622	0.2140059
0.1339048
0.146368	0.1715752	0.2349443
0.2396397	0.1856963	0.1950827
0.1763601	0.1769324	0.1428036
0.2040932	0.1681318
0.1665853	0.1729161
0.2403612	0.1517944
0.1493821
0.1867892	0.1777726
0.1265259	0.2018699	0.1997252	0.1459182	0.1692571
0.1586555
0.1693076
0.1376521	0.1662799	0.140306	0.1616876	0.1889603
0.2051086	0.2145406	0.1732552	0.2345251
0.2472571	0.1974545	0.1945374
0.1630786	0.1513993	0.2203691
0.2487682	0.175084	0.1908432	0.2204213
0.2394314	0.2072718	0.2255989
0.1865401
0.1876479	0.1064265
0.2168957	0.2000353
0.2464313	0.1767411	0.1533209
0.1390594	0.1568908	0.1906683	0.2245564	0.02953498
0.2735405	0.2018831	0.1028302
0.08116455	0.1485948	0.08110892	0.1047893
0.1759379	0.2197543	0.1259538	0.1951749
0.1606472
0.1637678
0.1652846
0.1714025	0.1986179	0.1703044	0.1698215
0.2082394	0.1739494
0.1269528	0.1564847	0.18488	0.1742929
0.2891534	0.2032012
0.218566	0.1984723	0.2531348
0.1713439	0.1836762	0.1741227	0.1959015
0.1960278	0.1687252
0.2492143	0.1694126
0.1785187
0.1441405	0.157991	0.1025053
0.1986415	0.1917996	0.1394069
0.1236732	0.1795469	0.1597493	0.1908814	0.2347068	0.1360932
0.169119	0.2027947	0.272442
0.2109995	0.1467766	0.1584543
0.2069583	0.188714
0.2660038	0.1671813	0.1616148
0.1976414	0.1627527
0.2001825	0.1501201	0.1389247	0.2234855
0.1885357	0.1019551
0.1387778	0.1708825	0.1291442	0.2338784	0.2761968	0.1905303	0.1682216	0.2153644
0.1877251	0.2644786	0.1659365	0.2046948
0.1494476
0.2256086	0.1414859	0.2056394
0.2098361
0.2262985	0.1825876
0.169858	0.2669397	0.1098902
0.1788762
0.1001351	0.1616397
0.2147912	0.1615661
0.1415246	0.1404996	0.06931856	0.2491215	0.2021342	0.2020898	0.1353971
0.1297225	0.1634845	0.1381628
0.09348007	0.1559279	0.1002944
0.1076573	0.1793707
0.1652791	0.1869236	0.09318587
0.1688312
0.1170432	0.1804079
0.2055209
0.1548078	0.1963497
0.1931032	0.1967809	0.2287883	0.154553
0.15147
0.1329605	0.1663858
0.1624975	0.1126323	0.155896	0.1725769	0.1841995	0.2233174
0.1315735	0.155319
0.1039783	0.1588436
0.2001716	0.1762017	0.1556592
0.1316409	0.1419128	0.1127471
0.2447438	0.1833696
0.1849635	0.1745759	0.249005
0.1784714	0.189542
0.1507707	0.1847514	0.2653323	0.2778764
0.1984286	0.1808715
0.1807547	0.1543257	0.1556902
0.2430048	0.1945882	0.2652818	0.1082365	0.1825351	0.3279229
0.1797343	0.1313209	0.1508625	0.1581139	0.146129	0.1975165
0.1970256
0.175065
0.1363425	0.1941479	0.1605697	0.1739806
0.1908952
0.1951326
0.3329478	0.09784575	0.2147348	0.06559074	0.2118783	0.1429441	0.2522944	0.1994166
0.1751905	0.1958578	0.1586918
0.1663624	0.1877563
0.2324147	0.1528265	0.1872239
0.1122793	0.1529408	0.1119816
0.1962997	0.1718505	0.162322
0.1885007
0.1987155	0.163004	0.1787554
0.1779958
0.1396109	0.1987596
0.06753298	0.196706
0.1610047	0.1976143	0.1992148
0.1433426	0.1801162	0.1554069	0.176585
0.2031204	0.1605743	0.1892271	0.2099681	0.2383245
0.1669104	0.1465493	0.250221
0.1518441	0.1657913
0.09943548	0.1486395
0.2120754	0.1711567	0.1620856	0.1673305
0.1951006	0.1948646	0.2028025
0.2607867	0.2010405
0.1804842	0.1754553
0.2411531	0.1578566
0.2806076	0.3120389	0.2445907	0.1250472	0.2270378	0.194454
0.2471193	0.1382065	0.1220807	0.1465552
0.1324966	0.178039
0.191725	0.2135092
0.1893522	0.1391725	0.1521308
0.142836	0.1906994
0.1734197	0.1854959	0.174108
0.1986912	0.1801299	0.1263462	0.2325371
0.1658488	0.1747537
0.1597666	0.1849822
0.2471714	0.1406297	0.194901	0.1273367
0.1120571	0.1790729	0.131588	0.1773827
0.197931	0.1558248
0.2143316	0.2181884	0.1905274
0.2674267	0.170256	0.2094755	0.1622146
0.2078587	0.1711579	0.2003465
0.1904566
0.1443417	0.1906657
0.212583
0.1677003	0.2249635
0.1547905	0.2277591	0.2231622	0.2332898
0.1505055
0.2764609	0.1800215
0.1457909	0.1562652	0.3132472	0.2640113
0.2824639	0.172692	0.1331053
0.1031523	0.1755141
0.229665	0.1493114	0.09711218	0.1394058	0.1835703
0.09478765	0.2567464	0.1839585	0.1095861	0.1332141
0.1121221	0.1898929	0.1777366
0.1822201
0.2269764	0.2202821	0.232092	0.1922501
0.1449484	0.1540335
0.2201347	0.1513267	0.2096222	0.1724414
0.1251084	0.1493221	0.2292835	0.1698871
0.2420063	0.1729681	0.1814939
0.236034	0.1809651	0.188758
0.1815391	0.1798737
0.1860064	0.174995
0.218367	0.1798127	0.161615
0.1673577	0.153653
0.1804522	0.2142975	0.1962056
0.1376669	0.1675204
0.1967188
0.2060674
0.2212852	0.2250726	0.137037	0.2204734
0.1902471	0.1000913	0.1834968	0.1706708
0.1650658
0.2160889	0.2254384
0.09349795	0.1551292
0.1493839
0.1787342	0.2324749	0.1695004	0.1395415	0.1853382	0.2115376
0.07050476	0.1580603	0.1598788
0.1934376	0.1773466	0.1142846
0.2094902	0.1537455	0.2035905
0.2338363	0.2037541	0.1520812
0.1727287
0.1688044	0.1928983	0.1400069
0.1936727	0.2032692	0.2565913
0.1966639	0.1905464	0.2600861	0.2357882
0.2094221	0.1745151
0.1971775	0.163535	0.1698505	0.1925876
0.2053066	0.1503467
0.1637409	0.1760911	0.1755069	0.1194166
0.2289537	0.2117771	0.1075653
0.1751118	0.1502001
0.2072488	0.1730601
0.1330867	0.1818261	0.2131986	0.1447872
0.09564828	0.1626247	0.1133217
0.1810435	0.163925	0.1368944	0.2455359
0.1358729	0.1897612	0.1578884
0.1405997	0.2049065
0.1698062	0.1859018
0.1864867	0.1646904
0.1298005	0.185027	0.1782364	0.1972087
0.2466028	0.1796513	0.2004834	0.214959
0.2756748	0.211628
0.1938237	0.184529	0.162504
0.1507009	0.1858864	0.1652642
0.1815331
0.1713845	0.1931936
0.2012237
0.1871217	0.1773092	0.2561209
0.2242973	0.1645047
0.2670587	0.1678325
0.1981267
0.1771264	0.1492481
0.1397715	0.1528666	0.2373406	0.1945581
0.1913506	0.1817442	0.172708	0.1386313
0.2031415	0.1424585	0.1864563	0.101748	0.1959774	0.2707881
0.2131634	0.1438211
0.1977794	0.2052741
0.1657532	0.1643584	0.1945293
0.2248413	0.1384511	0.1681295	0.1217522	0.1167707
0.1988297	0.1835567	0.2634474	0.1668083
0.1906433	0.1950052
0.1387932	0.1951288
0.1397882	0.1986262
0.1684391	0.1632631
0.2443377	0.2027839	0.1960773
0.1336349	0.1826847
0.2188834
0.1449644	0.1945426	0.2134488	0.2296091	0.1194543
0.2177812	0.1737179
0.2131633	0.1762522	0.2266371	0.1631623	0.3159725	0.1566963
0.07125704	0.174433	0.1639289
0.2097631	0.1944759
0.1643515
0.1556581	0.1745253	0.1327026
0.1407569	0.09577574	0.162279	0.1605702	0.1884424
0.183742	0.1756241	0.205938	0.1383427
0.1756346	0.1951337	0.2914811
0.1296535	0.187386	0.2770134	0.2125592	0.1343464	0.1247883
0.134629	0.1858083	0.1831954
0.1582562
0.1892899	0.1382248	0.1459252	0.2154429
0.1712811	0.1923116	0.163866	0.2246891
0.1630036	0.1940932
0.1070213	0.2470796	0.2081005	0.1604553	0.1161144	0.1995899
0.1192203	0.1696446
0.1859931
0.1466795	0.2053056
0.2032281	0.1815526	0.2049598
0.1401418	0.2000165	0.193951
0.2455504	0.1906391	0.1072184	0.2542102
0.2019288	0.1865996
0.2436132	0.1706972	0.136417
0.1218934	0.169876	0.1605748
0.2284547	0.1706817
0.1529296
0.2047077	0.1518152	0.1558028
0.09417159	0.1928219	0.122525	0.1709038	0.1776967
0.2248475	0.1989533	0.157669	0.1891684	0.1592974
0.1676715
0.2212156	0.1670658	0.1663114
0.1704835	0.1625729	0.2588536
0.2652652	0.1616435	0.1151946
0.2092015	0.1736428
0.16492	0.1878071	0.185482
0.1089125	0.1294003	0.1837007
0.2005206	0.2026477
0.1428578	0.2038072	0.1974279	0.1956918	0.1385491
0.2285746	0.1657408
0.1223706	0.1591982	0.08876384
0.1951977	0.1616661
0.1572195	0.1473039	0.2321631
0.1969083	0.11868	0.1846371
0.141658	0.1884662
0.190726	0.1085042	0.1978202	0.146664	0.2318532
0.1664196	0.1740343	0.1264175
0.1923149	0.1442767	0.218344	0.174507	0.1595784
0.1626912
0.1980084	0.1142208
0.2172328	0.166847	0.2055532
0.2253665	0.1910802
0.1926233
0.2431513	0.2020741	0.1270041
0.2438573	0.1176259	0.1745284
0.1692578
0.197254	0.1870591	0.1474977
0.04994616	0.1816685	0.1546124	0.1341446	0.1519519
0.1552555	0.2211928	0.2675375
0.1631821	0.2701754	0.1910571	0.2183463	0.1650566	0.2680414	0.2387612
0.2035662
0.1713687	0.1412911
0.1831335	0.171846
0.09556851	0.2379756	0.1392723
0.1562341	0.2321255
0.1385775	0.1696313
0.1556471	0.2132072	0.1503652
0.09000608	0.1757157	0.1705335
0.2239679	0.1914477	0.1508842
0.283213	0.1783063	0.2024871
0.1048166	0.1594662
0.1680654
0.1681698
0.2127232	0.199225	0.1846362
0.2039126	0.1487706	0.2664325
0.1562786	0.1707847
0.2408587	0.1927152
0.2341442	0.1485374	0.2327264
0.1526964	0.1667768	0.2220124
0.2450724	0.1696739	0.1842621
0.1979542	0.1940802	0.201413
0.2356718	0.1779176	0.2081	0.168051
0.1827423
0.0828966	0.1628473
0.1825475	0.1810135	0.1104965
0.2361327	0.1886988	0.2497533	0.075448
0.2233886	0.2256889	0.1358094	0.1721707
0.1620864
0.1763135	0.1941801
0.2214899	0.1699159	0.1904994
0.1953262	0.2439489	0.1223025	0.198089	0.1852295
0.1954008
0.186938	0.1468429	0.2731347
0.2399242	0.2027907
0.2101918	0.2390873	0.3194143	0.1725498	0.2510873
0.2745755	0.1877275
0.2103804	0.2185235	0.1627646	0.2020931	0.22609
0.09975914	0.1613847
0.152706
0.2022883
0.1983468	0.1675592	0.1733554
0.1298611	0.2395317	0.1545411
0.1250435	0.2094127
0.2029113	0.1955644
0.1988062
0.1233039	0.1521247	0.1978227	0.1667077
0.2002181	0.2128073	0.1769566	0.1473401	0.207909
0.2342312	0.1821545
0.1906072	0.1700132
0.2232683	0.1886747	0.146149	0.2256113
0.1919467
0.1141571	0.1814492	0.1241288
0.1360642
0.1663891	0.1809761
0.1240226	0.1777703
0.117067	0.1832516
0.1820818	0.2046635	0.1635148	0.08411761	0.189624
0.2456936	0.1188303	0.1775483	0.2127045	0.2184984
0.2303607	0.1906361	0.2342882
0.1716757	0.1878151	0.1551933	0.1388857	0.2067103	0.2692035
0.1962603	0.1823599
0.1817345
0.2138682	0.1719441	0.2239096	0.1852077	0.1451466	0.2471033
0.2100726	0.1665974	0.2307597
0.1021835	0.1873723
0.1066912	0.1856031	0.1635886	0.1556341	0.1560543	0.1322291
0.1425021	0.1685801	0.1484358
0.1648164	0.1680725	0.1195764	0.1659499	0.1035202
0.1385867	0.1882312
0.2427729	0.1938209	0.1647932
0.1518968	0.1460115	0.168592
0.1324466	0.1819421
0.1700215	0.1819009	0.1561652
0.2093697	0.2093605	0.1836848	0.1522124
0.1425223	0.1940012	0.241905	0.1760627	0.1623406
0.2041792	0.2045102	0.2477833	0.211725	0.1803627
0.2952717	0.163912	0.2465831	0.2672095
0.221005	0.1783044	0.1998566
0.2190345	0.1632992
0.1189464	0.2770381	0.1835028	0.1980699
0.1406461	0.1875569
0.1194396	0.2649951	0.1640924	0.2024568	0.225108
0.225414
0.2096349
0.1745067
0.1687247	0.2083937	0.2862115
0.1857057	0.1617195	0.1923992
0.1540507	0.1983711	0.3346147	0.1593513
0.1978892
0.1614588	0.1414256	0.1902731
0.1812176	0.1761242	0.1862227
0.06688182	0.2016224	0.2079896
0.2152303	0.1868967
0.2955874	0.1976063
0.2007037
0.2127126	0.159965
0.1080548	0.1738132	0.1782629
0.2122121	0.1947805
0.1992313	0.2149963	0.1582332	0.2228706
0.2193166	0.1595563	0.1506458
0.1145944	0.1788518
0.1834186	0.1684841
0.119833	0.1619165
0.1988036	0.1609612
0.1212681	0.1869322	0.1447617	0.196794	0.1618702
0.2819387	0.1545779	0.1609476	0.1973621
0.2431989	0.1733246	0.1925562	0.2289301
0.2144476	0.1678397
0.1830765
0.04378227	0.1612928	0.1718086	0.2258024
0.222949	0.186494
0.1976524
0.1688005
0.2405658	0.1779353	0.2688874
0.1362095	0.1820339	0.1671534
0.1385607	0.2205901	0.1916091	0.2204203
0.2765711	0.1831462	0.1686515	0.1806712
0.1822176	0.1638124
0.1849557	0.1986725	0.2247927	0.1529894
0.2535552	0.1727362
0.2515807	0.1840863	0.1737651
0.2272171	0.1479615
0.1812485	0.1961852	0.1881511	0.328225	0.2044009
0.1580074
0.151929	0.1734264	0.2420405
0.1277586	0.1726074
0.1183154	0.1882513	0.1984527
0.2386654	0.1300788	0.1699169
0.1630723
0.2433163	0.2332286	0.1775873	0.2365248
0.1771131
0.1250532	0.1838739
0.1755245	0.1458162	0.1785036
0.1414568	0.1925926
0.108599	0.1713755
0.2058273	0.1724903
0.2097058	0.2220298
0.1886666
0.275365	0.1779637	0.1309254
0.1961353	0.2180984	0.329261	0.1417015	0.2464215
0.1990841	0.2105043	0.1750529
0.2263113	0.1458143
0.2678232	0.1705042	0.2285217
0.1599536	0.194775	0.2094571	0.1863776
0.1495413
0.1467861
0.1675241	0.1810781
0.1604651
0.1824268	0.1521393	0.1265698
0.1679952
0.08509066	0.155019
0.1729378	0.1827732
0.202829	0.1726605
0.2314106	0.1719553	0.2195326
0.1331394	0.1864422	0.1889544	0.156299
0.2927811	0.1754625	0.1856103
0.2660681	0.2034563	0.1653078	0.1840856	0.1934116
0.09820773	0.1378272	0.1773198
0.1777775	0.2093794
0.2240745	0.1993407	0.1617579	0.09999259
0.08925742	0.1771149	0.1894737
0.1363174	0.179883
0.165437
0.1628819	0.1752269
0.1659666	0.2195001	0.1828234
0.169752	0.3074116	0.1888979
0.2100369
0.07778663	0.1834631
0.01793939	0.2967982	0.1992998	0.1793392	0.1808089	0.2299207	0.32322	0.2274456
0.01845854	0.2037566
0.01071362	0.1860557	0.1826474	0.1609479
0.02216759	0.1748337	0.1944697
0.1716956	0.177702	0.189982
0.1526375	0.1693264	0.2308817
0.1449884	0.1814752	0.1905432
0.2426975	0.1789168	0.1646587
0.2012944
0.1937807
0.2447878	0.1645971	0.1385094
0.09671228	0.1835306
0.1871937
0.1513599	0.159761	0.2418091	0.1805902
0.1750062	0.1492447
0.2408834	0.154559
0.1435396	0.196985	0.07100513	0.1278893	0.1667526
0.08066214	0.1645689
0.1229116	0.2202149	0.2042505
0.2719543	0.1798162	0.1951039	0.1455736
0.1444783	0.1918707
0.1161704	0.1768693
0.1278186	0.1682358	0.184336	0.1783981
0.217532	0.1217727	0.1764235
0.1955917	0.162726
0.1139123	0.1772083
0.160696	0.1896552	0.1473432
0.1447496	0.275429	0.1884116
0.1356841	0.1503133	0.2069865
0.1526833	0.1930229	0.1586855	0.1876355
0.1910352	0.1579554	0.2073599	0.1681762	0.2335401
0.2490743	0.1583989	0.1695503
0.1562104	0.1392143
0.1197088	0.1742321	0.073296
0.1960008	0.1141244	0.1870801	0.1428324
0.1468843	0.1788867
0.1445481	0.1810681
0.1499532
0.1454163	0.2099185	0.1955309
0.173298	0.1951709	0.02865546
0.2318818	0.1667941	0.3118555	0.04643804
0.2434752	0.1253764	0.14706
0.136949	0.1760227	0.2769666
0.2404829	0.2118813
0.129094	0.1550595	0.1901654
0.1464572
0.1762665
0.1355528	0.1495972
0.185094
0.2680855	0.1829889	0.1254686	0.1451521
0.1681742	0.1483512
0.1559767	0.189299	0.1674883
0.1635283	0.1666293
0.1777374	0.1987868
0.1757616
0.1798431	0.1738796	0.1258411
0.1574964	0.1576128	0.2235025	0.1898655
0.169316	0.1953991	0.1269076
0.1806957	0.2376357	0.319006
0.09201148	0.173563	0.1207969	0.1872692
0.1837698	0.1648554	0.08335457
0.2653644	0.1589317	0.2038058
0.166147	0.1847424
0.08925677	0.1792	0.1509997
0.1914578
0.13599	0.1729468
0.1022708	0.1370657
0.1832889	0.1858861	0.08219903	0.1576029
0.1709872	0.1877782	0.211151
0.1938519	0.1965547
0.210157	0.1878278	0.236516	0.1964588
0.1703871	0.2000519	0.1915819
0.1760297	0.1756973
0.1541846	0.2868662	0.1842464
0.1657468	0.1668427
0.1061693	0.1691154	0.190784	0.1254859	0.2023451
0.1484187	0.1957993	0.10238	0.1712789
0.2328224	0.1946761	0.1743341
0.1684166	0.1609554	0.118404
0.1790352	0.2108611
0.3299602	0.1765214	0.1849992
0.194027	0.2005815	0.2352695	0.1548653
0.1756775
0.1693886	0.1690823
0.1608835	0.1597862	0.1161481
0.1630344	0.1864774	0.1111157
0.2406626	0.1348367	0.05867856	0.1696858
0.1716069	0.1604514	0.09655495
0.1717522	0.08113926
0.1668346
0.1505728	0.1584581	0.1348993	0.2089721
0.07614483	0.1893812	0.1754419	0.1852864	0.1621902
0.239648	0.1632799
0.187605
0.09489642	0.1570656
0.09824143	0.1816667
0.1971915	0.1798181
0.1577059
0.1318745	0.1583287
0.2265635
0.3199912	0.1648863	0.2131904	0.1905088	0.1678978
0.2288062	0.2190562
0.1708469	0.2616411	0.1903059	0.2037249
0.1522718	0.165838	0.115133
0.2263701	0.1656438	0.1288384	0.2723281
0.2036157	0.2451568	0.153253	0.1491866	0.1742853	0.1188467	0.1958791
0.1539707	0.1966363	0.1598023	0.1798179
0.1582144
0.2553929	0.1930668	0.2282457
0.1514033	0.1855655
0.2422743	0.1452888	0.05802843	0.1505913
0.1728919
0.1601943	0.1991401	0.223226	0.2433096
0.1600086	0.2026301	0.1971056
0.2071184
0.1565274	0.1678388
0.1488602	0.2463193	0.1759959	0.1984492
0.2361176	0.1348626	0.2297872	0.2214286
0.2028812
0.1545448	0.1589375	0.159555	0.1549292
0.1373873	0.1467626
0.1494293	0.1759338	0.155983	0.1332342
0.2266953	0.1043581
0.1168467	0.1652084
0.0941453	0.1600395	0.1135854
0.1532115	0.14378	0.1414627	0.1834531	0.1490405
0.1852907	0.1740042
0.1974635
0.2147193	0.172012	0.185086
0.2390862	0.2461129	0.1900813	0.155284
0.1730152	0.1744079	0.2407994	0.1917699
0.1464647	0.149283	0.1348482
0.179324
0.1715409
0.2468029	0.1838124	0.1746909	0.2645418	0.1730403	0.1458664	0.1522285
0.2686225	0.1712625	0.2030479
0.1611043	0.1373291
0.1794018
0.1764919
0.1380857	0.1856545	0.1437731	0.1819307	0.2026072
0.1478349
0.2840344	0.2021483	0.169988
0.07091843	0.1272895	0.1771391
0.1815596
0.1527077	0.1510088	0.1273985	0.1137892
