Iteration	posterior	NumSpeciation	numExtinction	numMassExtinctions 
100	-993.437993288721	4	2	2
200	-987.428118239838	3	3	1
300	-985.698086964473	4	3	1
400	-993.599841757981	3	3	1
500	-996.203985420378	6	3	2
600	-993.789154624677	6	3	1
700	-989.644412768333	4	3	2
800	-1000.39033197958	6	1	2
900	-996.914741733517	4	1	2
1000	-1000.17821112193	3	1	3
1100	-999.974711770144	4	3	2
1200	-999.958685270575	7	5	2
1300	-998.204349585755	3	2	3
1400	-993.24355558816	5	2	1
1500	-1003.05028058568	4	2	3
1600	-994.988973648927	4	4	2
1700	-994.250963345252	3	1	2
1800	-999.926971602266	5	3	3
1900	-994.070956090883	3	2	1
2000	-987.162177230539	3	1	1
2100	-987.820704499211	3	5	1
2200	-993.53542567097	4	4	2
2300	-988.673309079077	3	2	1
2400	-996.328397537169	6	5	2
2500	-998.579214263775	3	2	3
2600	-999.44757666259	6	3	1
2700	-1001.25932290737	6	5	2
2800	-1007.30591449791	4	2	4
2900	-997.647352803474	4	1	2
3000	-987.330736067851	4	3	1
3100	-987.832287184555	3	2	1
3200	-999.186488806587	4	2	3
3300	-1002.75308790256	3	2	4
3400	-990.998548787879	4	4	1
3500	-1006.42713269495	7	5	3
3600	-1006.63929512422	5	2	4
3700	-994.848388927312	4	2	1
3800	-991.884054566696	6	5	1
3900	-995.523007168944	4	3	1
4000	-989.404801821457	3	3	1
4100	-998.713802419005	4	4	2
4200	-992.214671951481	3	2	2
4300	-996.488165189258	3	2	1
4400	-996.368408509834	5	3	2
4500	-992.855773882305	3	2	2
4600	-1017.91100147448	7	6	3
4700	-987.704808490193	4	4	1
4800	-991.921785950253	3	3	2
4900	-1002.70955781771	4	2	3
5000	-996.836657784824	6	3	2
5100	-996.441269986962	3	3	1
5200	-992.299554372923	4	2	1
5300	-989.058582592407	3	4	1
5400	-998.543252333836	5	5	2
5500	-989.146344556194	4	1	1
5600	-1004.90577601854	4	1	2
5700	-990.018564622598	5	4	1
5800	-996.029498933366	6	1	2
5900	-1003.60845870266	5	1	2
6000	-995.906398338474	3	2	2
6100	-998.739159505987	5	3	1
6200	-992.225623853145	4	3	1
6300	-990.486173905079	4	4	1
6400	-992.079556930181	4	3	1
6500	-1002.63401803053	4	2	3
6600	-995.450953853141	3	2	2
6700	-1008.2761345	7	2	1
6800	-996.065454140894	3	3	2
6900	-998.13813116422	3	3	2
7000	-999.083695444195	3	3	3
7100	-990.12840780514	3	4	2
7200	-994.715268735687	3	2	2
7300	-987.144014010168	3	2	1
7400	-989.588395107479	5	1	1
7500	-1000.7313280026	4	1	2
7600	-988.752335010393	3	2	1
7700	-998.092540618602	5	2	2
7800	-999.358073533505	3	4	3
7900	-998.785046341594	3	3	1
8000	-992.263407060027	4	3	2
8100	-1012.44210590612	3	5	3
8200	-997.322780682643	4	2	2
8300	-1003.91601652506	4	5	3
8400	-998.278133620179	7	2	1
8500	-1000.06257567558	6	2	1
8600	-995.70461652355	5	2	1
8700	-987.881171185509	4	1	1
8800	-995.879640176436	3	5	1
8900	-993.450410756204	4	5	2
9000	-997.436112222884	6	2	1
9100	-991.105220001328	3	3	1
9200	-990.821062298692	4	4	1
9300	-1007.81151916346	4	3	3
9400	-999.679873678539	5	1	1
9500	-991.339392918812	5	5	2
9600	-999.879712945459	3	3	3
9700	-998.649664240643	4	3	2
9800	-990.956783670842	4	2	1
9900	-995.305445039832	5	2	2
10000	-993.842979330126	4	5	2
10100	-1002.09426000428	3	4	3
10200	-990.843211736132	3	3	2
10300	-996.815802432375	5	1	1
10400	-993.453931201825	4	5	1
10500	-986.339681731012	3	4	1
10600	-996.595650545274	4	3	2
10700	-994.505485898379	5	3	2
10800	-993.764022533651	3	4	2
10900	-1004.75215876002	5	2	3
11000	-994.725867130936	5	3	1
11100	-989.159223051561	4	4	1
11200	-995.508656224968	4	4	2
11300	-993.87693771879	3	2	2
11400	-994.917037621771	3	2	2
11500	-996.197935452682	4	3	3
11600	-1012.03367466632	4	4	2
11700	-987.64675818868	4	4	1
11800	-1004.40973679407	5	2	3
11900	-1000.15307901464	5	5	3
12000	-989.324712334219	3	4	2
12100	-997.730574846605	4	3	3
12200	-987.577063564545	3	3	1
12300	-996.379674831049	3	2	2
12400	-992.469763728623	4	4	1
12500	-990.083420916376	3	4	2
12600	-991.355679024375	5	3	2
12700	-986.918823974601	4	2	1
12800	-1000.44578781719	8	1	1
12900	-995.08606562126	5	4	2
13000	-993.620833624779	5	2	1
13100	-992.753435637111	6	2	1
13200	-998.787792319225	3	4	2
13300	-995.115571103116	4	4	3
13400	-1003.32141457971	4	1	3
13500	-1004.71623578363	5	5	4
13600	-995.638070170648	4	3	2
13700	-990.891350574845	3	5	1
13800	-997.012099576569	4	3	2
13900	-998.501869176831	3	3	3
14000	-999.329232955792	5	2	2
14100	-997.002341375038	5	2	2
14200	-989.527856601023	3	4	1
14300	-997.046000182419	6	2	1
14400	-990.295505500575	3	2	1
14500	-1004.23790638476	4	2	3
14600	-998.956621417022	4	2	2
14700	-988.401290386325	3	4	1
14800	-992.246294344658	3	3	1
14900	-992.547875269057	3	4	1
15000	-993.81503254244	4	1	1
15100	-1000.90979238716	6	5	2
15200	-993.964451326935	4	3	2
15300	-1001.08182712537	3	6	4
15400	-999.719890866239	7	2	1
15500	-996.394758486173	4	4	3
15600	-991.330266612361	5	3	2
15700	-997.046730879931	5	2	2
15800	-994.370437864443	4	2	2
15900	-1000.29238310916	5	4	2
16000	-992.532595577326	3	1	1
16100	-1003.22577267984	7	2	3
16200	-995.97005549222	4	3	1
16300	-993.92077601797	4	2	2
16400	-995.217164508739	3	2	3
16500	-986.971629640346	4	2	1
16600	-993.132171097014	4	1	2
16700	-987.496750545529	3	4	1
16800	-1008.75421774312	6	4	2
16900	-997.025174078077	3	2	2
17000	-992.366012633363	3	4	1
17100	-991.435490109045	4	8	1
17200	-989.368640956934	3	4	1
17300	-992.559800109442	4	3	1
17400	-994.714344626038	4	4	1
17500	-1005.25156537668	4	3	2
17600	-989.65269313285	3	6	1
17700	-989.000126647334	3	3	1
17800	-990.961077237188	5	4	1
17900	-999.507000805232	3	4	2
18000	-995.388322604166	5	2	1
18100	-992.216819076422	5	3	1
18200	-999.301213880443	5	7	2
18300	-999.5122976732	6	2	2
18400	-998.040926449722	3	4	2
18500	-1000.83400757946	3	3	2
18600	-1000.41018653327	4	6	1
18700	-989.771460732901	3	1	1
18800	-1000.99477122738	5	3	3
18900	-989.927341328394	3	3	1
19000	-991.498141550862	5	2	1
19100	-1000.94432042696	6	2	1
19200	-1007.02749299983	5	4	4
19300	-994.969001275534	3	3	3
19400	-993.958118930864	3	2	2
19500	-1000.01287391723	4	4	3
19600	-990.733401822961	5	5	2
19700	-1005.27450100283	8	2	3
19800	-996.387590219965	4	2	2
19900	-1008.3330269182	4	4	5
20000	-1004.32456094292	4	1	2
20100	-1000.49404114451	3	2	3
20200	-998.384026741605	5	2	2
20300	-996.893647931022	3	2	1
20400	-997.243311632947	4	1	2
20500	-1001.93359348991	4	3	3
20600	-1002.35392149236	3	4	3
20700	-1001.75920382917	6	6	3
20800	-1002.58695913423	4	3	3
20900	-1009.80699433286	3	3	4
21000	-1006.1756843037	3	3	4
21100	-1002.12962725473	3	1	3
21200	-1003.66570918453	4	3	3
21300	-1010.42325944894	3	3	5
21400	-1015.10196966868	3	3	5
21500	-1007.7110865886	3	4	1
21600	-998.668375488949	3	6	2
21700	-1004.88884881153	3	3	3
21800	-998.640970036822	3	2	2
21900	-998.338645115681	3	3	2
22000	-1003.49408072979	3	4	3
22100	-998.39299995607	4	4	2
22200	-1000.02760139632	3	4	3
22300	-998.101167838591	3	5	3
22400	-998.102585932432	4	1	2
22500	-999.653440717044	3	1	2
22600	-1007.87297923325	3	3	2
22700	-1002.26905943094	3	1	3
22800	-998.98280922854	3	5	3
22900	-1008.95412565749	5	5	4
23000	-1003.69153175238	3	4	4
23100	-998.458848775414	3	2	3
23200	-996.286660903902	4	2	3
23300	-996.563687610704	5	4	3
23400	-995.774556404716	3	2	2
23500	-1013.71199186142	3	2	6
23600	-997.440896523321	5	3	1
23700	-1007.00689874623	5	1	3
23800	-991.870435591058	3	4	2
23900	-1004.92570057735	3	1	4
24000	-996.867563106123	4	4	1
24100	-991.48771289245	4	2	1
24200	-991.441348001936	3	2	2
24300	-990.372336580416	3	7	2
24400	-998.939363561779	5	3	2
24500	-994.63567083476	4	3	2
24600	-992.930363683937	5	2	1
24700	-999.62319559854	3	2	3
24800	-991.644241346121	4	1	1
24900	-985.385712464379	4	6	1
25000	-991.720286399832	4	1	1
25100	-993.64206776624	5	5	1
25200	-990.729699228162	3	1	1
25300	-991.696646643813	3	5	2
25400	-1010.51991679168	4	2	4
25500	-989.647209015781	4	2	1
25600	-988.943777922002	4	3	1
25700	-990.885403534297	5	6	1
25800	-998.576572439651	6	7	1
25900	-999.808023364366	5	4	3
26000	-994.9891303353	3	1	2
26100	-995.957620829992	8	1	0
26200	-1004.56752248701	9	2	1
26300	-1009.83858557562	9	4	1
26400	-1006.22050918456	8	1	2
26500	-986.767732870709	5	4	1
26600	-993.630021903457	5	2	2
26700	-993.965710648264	4	2	1
26800	-1000.22694443775	4	3	3
26900	-989.72841459158	4	4	0
27000	-996.157195142195	4	3	2
27100	-1004.2950650217	5	5	2
27200	-1008.45652613739	9	1	1
27300	-987.373170640666	7	3	0
27400	-987.347635415606	5	5	1
27500	-996.506992208454	5	3	2
27600	-998.640541588044	6	3	2
27700	-991.404980703855	5	3	1
27800	-996.405875435016	6	3	1
27900	-988.690524180775	4	3	2
28000	-989.590101550695	4	4	2
28100	-982.667674235888	5	4	0
28200	-992.001566075122	4	5	2
28300	-992.160188098495	7	1	0
28400	-1005.27978006744	7	1	3
28500	-989.454194049979	6	3	1
28600	-989.026418122957	6	5	0
28700	-984.334109442087	5	4	0
28800	-989.329898949776	5	4	2
28900	-991.074200333302	8	4	1
29000	-991.722091753162	5	1	1
29100	-1011.65476306179	7	3	4
29200	-992.944440796088	7	1	0
29300	-992.761774309848	9	2	0
29400	-992.785540708209	7	3	1
29500	-1000.15535832226	11	4	0
29600	-994.821924311193	6	2	1
29700	-988.78194480454	6	3	1
29800	-1010.87833810185	11	4	2
29900	-1004.39909341357	8	1	1
30000	-988.255945129525	7	2	0
30100	-986.308526695156	5	2	0
30200	-994.891602156924	5	2	1
30300	-993.183326540172	5	5	2
30400	-997.390191664252	5	2	2
30500	-1001.56924573544	5	2	4
30600	-999.215570719838	4	1	2
30700	-996.945724493936	7	2	1
30800	-989.138281993479	5	4	0
30900	-996.208078851452	6	2	2
31000	-983.391989623683	5	4	0
31100	-997.71160675828	4	4	4
31200	-996.627807574881	6	4	2
31300	-992.978475771619	8	4	1
31400	-990.885721581425	4	3	2
31500	-990.345688672564	4	4	0
31600	-991.806323035833	4	3	2
31700	-993.400233505215	6	4	2
31800	-991.91538008304	6	2	0
31900	-994.407625393311	4	4	1
32000	-997.054918456149	5	2	1
32100	-995.485930889446	9	3	0
32200	-982.757527523099	5	2	0
32300	-1000.51254779552	9	6	1
32400	-1001.75889495572	7	5	3
32500	-993.572579976634	5	2	1
32600	-997.180882971223	5	3	2
32700	-997.357535780107	5	1	2
32800	-995.191304955099	6	2	1
32900	-992.222443542091	5	1	1
33000	-989.54154943396	4	1	1
33100	-998.352280712622	6	5	2
33200	-996.957288222199	4	6	2
33300	-986.233858897068	4	4	0
33400	-987.37817468181	6	4	1
33500	-993.475342316684	6	5	1
33600	-1026.93321539797	13	3	3
33700	-995.390341946821	5	4	2
33800	-987.624530985368	6	3	1
33900	-998.346545513322	8	3	1
34000	-994.496778080923	8	2	0
34100	-994.568332694155	5	3	3
34200	-994.400954888891	7	4	1
34300	-992.073415400639	5	2	1
34400	-1001.83017037954	8	1	1
34500	-997.641030244738	8	1	1
34600	-991.665732941039	7	4	1
34700	-985.296044332221	6	3	0
34800	-994.100196727404	8	7	0
34900	-993.730846827903	5	2	2
35000	-995.228546568228	6	3	2
35100	-991.094063054526	7	3	1
35200	-1000.95434195515	8	2	2
35300	-992.653949739867	6	5	1
35400	-995.382922363546	8	5	0
35500	-994.098499966239	6	2	2
35600	-984.253808930877	7	3	0
35700	-997.927779841727	8	2	1
35800	-985.241708880924	5	2	0
35900	-988.762831631936	6	3	1
36000	-985.536884861936	7	3	0
36100	-988.575528483468	5	2	0
36200	-991.173415965182	4	2	1
36300	-994.048895749479	7	2	1
36400	-993.806142474914	6	4	0
36500	-989.249559303702	7	6	0
36600	-997.833960589476	9	4	0
36700	-998.729888847645	7	3	2
36800	-998.695618465833	7	3	1
36900	-991.486863223742	5	2	1
37000	-983.49006569623	7	3	0
37100	-993.329577400472	8	3	0
37200	-986.319373640782	5	3	1
37300	-997.605315611388	6	2	2
37400	-988.183343206581	8	4	0
37500	-999.852654675522	7	3	1
37600	-995.854774236349	6	3	1
37700	-995.736024606177	5	1	1
37800	-986.264253388824	6	2	0
37900	-982.469630730421	5	4	0
38000	-1001.61976185047	9	3	1
38100	-1002.93433566911	5	1	2
38200	-984.695447768141	6	4	0
38300	-984.849663391693	4	4	0
38400	-990.331250894146	6	3	1
38500	-994.282155473701	5	4	2
38600	-994.695871523758	7	3	1
38700	-992.483724762247	7	2	1
38800	-993.120614089321	6	2	1
38900	-991.350618783579	5	2	2
39000	-989.462538860535	7	3	0
39100	-990.640470685277	5	4	1
39200	-981.844834958243	5	2	0
39300	-988.796899283963	7	1	0
39400	-991.419285249292	6	2	1
39500	-986.0858281241	5	5	0
39600	-990.015418021912	5	1	0
39700	-997.484734586838	9	3	0
39800	-998.004401869084	7	4	1
39900	-1006.10180447168	8	3	2
40000	-992.784179638317	5	2	1
40100	-992.097568176235	5	1	0
40200	-979.211450683652	6	4	0
40300	-997.070862203464	6	4	1
40400	-992.989242934301	6	2	1
40500	-993.420533713052	5	3	2
40600	-983.938387955564	6	1	0
40700	-991.36178156326	7	2	0
40800	-992.3474390708	5	4	1
40900	-994.366021718686	4	5	1
41000	-992.85133480542	6	3	1
41100	-992.838660493101	5	3	2
41200	-989.603382925116	5	4	0
41300	-992.174987142755	8	2	0
41400	-989.164833426673	7	5	1
41500	-989.519252912857	6	3	1
41600	-984.751751047338	5	1	0
41700	-1001.38635302133	8	3	1
41800	-994.449577242023	7	3	0
41900	-986.403732502884	5	4	0
42000	-996.969309509041	10	4	0
42100	-989.52049230444	7	6	0
42200	-993.211676165498	6	3	1
42300	-994.911511342283	7	3	1
42400	-996.316570168272	6	1	1
42500	-989.522082959795	5	4	2
42600	-988.529757805037	6	3	1
42700	-990.735240116191	5	4	0
42800	-996.640245188003	5	3	2
42900	-991.550729602518	6	1	1
43000	-987.018064477661	4	2	0
43100	-995.516312271224	7	1	1
43200	-999.416822192971	7	4	2
43300	-999.775623069206	9	3	1
43400	-1003.98785563505	6	2	2
43500	-992.275189741244	6	3	1
43600	-982.623593920809	4	4	0
43700	-985.563976488926	4	2	1
43800	-985.008745888524	6	3	0
43900	-998.97288226154	8	5	0
44000	-982.12142263676	5	3	0
44100	-994.038248572434	6	4	1
44200	-990.155201443827	5	1	1
44300	-994.167064704377	6	3	1
44400	-1009.85971705691	8	1	2
44500	-990.211520084783	4	2	2
44600	-985.342580181147	4	2	0
44700	-999.220888540443	8	5	2
44800	-991.463398476698	7	2	1
44900	-992.288346482745	5	4	1
45000	-990.40062574971	6	4	1
45100	-987.753940120677	5	2	1
45200	-999.34009766675	6	8	0
45300	-996.626834821083	5	2	2
45400	-1000.37187627809	6	2	3
45500	-988.536311958487	5	4	1
45600	-993.058723598732	7	3	0
45700	-1001.3188570298	9	2	1
45800	-986.944547394058	7	4	0
45900	-1015.6372237305	8	1	4
46000	-988.994770966042	5	3	1
46100	-996.843455981754	5	2	1
46200	-995.030142913529	6	3	1
46300	-994.750451233163	7	3	1
46400	-987.843714860071	4	2	0
46500	-995.544253729298	4	3	2
46600	-984.950321943832	5	2	0
46700	-991.916068091275	6	4	0
46800	-992.411759131313	5	4	1
46900	-990.831555404756	7	2	0
47000	-1003.12675725475	6	2	3
47100	-1001.88925434906	5	3	2
47200	-993.501961747309	8	1	1
47300	-991.01787863849	5	2	1
47400	-988.967639322485	6	2	1
47500	-989.314692602589	6	3	1
47600	-994.993536466264	6	1	2
47700	-989.562086442685	6	3	1
47800	-997.921440242386	6	2	2
47900	-990.47749996183	6	2	1
48000	-988.130077391779	5	2	1
48100	-999.585563080065	5	3	3
48200	-997.464504707859	5	5	3
48300	-985.588129224969	5	4	1
48400	-993.320922397384	4	3	2
48500	-987.025671660022	5	4	0
48600	-1001.51431197191	5	3	3
48700	-987.953110887375	5	2	1
48800	-1001.97257218616	5	1	3
48900	-990.996318618441	4	3	1
49000	-990.686614403723	7	2	0
49100	-991.180864434687	5	3	1
49200	-998.49955367787	6	4	1
49300	-1003.46756258005	4	1	3
49400	-995.709715848594	4	1	2
49500	-1003.34287734829	6	2	2
49600	-996.537116338084	5	4	1
49700	-1002.75683840383	5	2	3
49800	-990.349034253713	4	3	0
49900	-998.27643233216	5	5	2
50000	-996.497854345683	6	2	0
50100	-993.104268663993	6	3	1
50200	-995.363737579088	7	2	1
50300	-1004.32413211536	7	1	1
50400	-996.785084343637	8	4	1
50500	-991.886765734108	7	3	0
50600	-983.094435816436	6	2	0
50700	-994.245050310944	6	1	1
50800	-990.010022184375	5	3	1
50900	-992.592694617788	6	4	1
51000	-995.189362373153	6	3	1
51100	-1001.82001531168	6	1	3
51200	-993.150247064727	5	3	2
51300	-986.961558302073	5	4	1
51400	-995.481024732758	6	3	2
51500	-993.145946244512	6	3	3
51600	-990.736827696686	4	3	0
51700	-992.503956984942	4	1	2
51800	-1001.68669584461	5	2	2
51900	-983.693598106641	4	3	0
52000	-992.034115568709	5	5	0
52100	-994.422245892383	5	2	2
52200	-997.225831567445	5	1	2
52300	-994.553617147738	5	2	0
52400	-989.812951497307	5	6	0
52500	-1006.13229923525	5	7	3
52600	-998.320503437279	5	4	1
52700	-1006.19126623794	6	4	3
52800	-996.655251302384	6	1	1
52900	-997.635799290052	4	5	1
53000	-993.193029299233	5	2	1
53100	-987.367644111778	5	6	1
53200	-995.264814673667	5	2	1
53300	-992.321819512617	6	3	1
53400	-993.187596801894	5	4	2
53500	-994.484672398668	7	2	1
53600	-999.359636378456	6	7	1
53700	-985.809992099248	5	4	1
53800	-987.948698776316	4	5	1
53900	-986.154220610792	4	3	0
54000	-1001.42936701982	5	2	3
54100	-1000.41147974888	7	2	2
54200	-994.98745055484	5	2	1
54300	-1003.54960935157	5	1	1
54400	-990.492644156094	6	2	0
54500	-997.9053441679	6	2	2
54600	-995.312041355585	6	2	1
54700	-997.089531099249	5	2	2
54800	-997.423519215582	7	2	2
54900	-994.449852767257	7	4	1
55000	-988.682339995048	8	5	0
55100	-988.708863747944	6	7	0
55200	-1003.13169758901	8	3	3
55300	-987.212011590495	5	2	1
55400	-989.927045835664	6	3	0
55500	-990.81452179759	7	2	1
55600	-988.196620216589	5	1	0
55700	-984.390210560147	6	2	0
55800	-990.099153345258	7	1	0
55900	-1000.96908662261	8	2	0
56000	-992.944259115591	6	4	2
56100	-984.540876627804	6	2	1
56200	-992.907438430092	6	3	1
56300	-1002.41858741438	8	2	2
56400	-992.847036193884	5	4	2
56500	-991.829605944034	5	2	2
56600	-994.737064804017	5	2	2
56700	-1005.00272956053	6	4	3
56800	-989.276076162417	6	4	0
56900	-993.747819643526	8	1	0
57000	-990.558328208792	7	3	1
57100	-997.572775585256	5	4	1
57200	-989.310040768943	6	5	0
57300	-994.406232261496	6	2	1
57400	-994.254113726854	5	4	1
57500	-1001.82775244329	7	4	2
57600	-988.481367998249	5	2	1
57700	-996.229538264343	6	4	2
57800	-1001.51831268796	7	4	0
57900	-1005.16311355864	7	2	3
58000	-1004.67669817937	5	1	4
58100	-993.100088277258	7	2	1
58200	-999.210397879869	6	3	2
58300	-999.214027057021	5	6	2
58400	-994.116312354718	5	5	2
58500	-980.664868637341	5	3	0
58600	-1006.29336864109	5	2	4
58700	-994.173350018643	7	2	0
58800	-989.785518562853	6	1	0
58900	-983.682424985587	5	2	1
59000	-992.690793201634	6	2	1
59100	-996.987000458185	5	3	2
59200	-992.856800001013	5	2	2
59300	-993.425866273067	7	3	1
59400	-993.367630099717	7	4	0
59500	-998.364920986722	6	5	1
59600	-994.079547731741	6	3	2
59700	-987.086945238356	5	2	0
59800	-987.120576361835	5	2	0
59900	-986.108577970699	6	2	0
60000	-993.656819695921	5	2	1
60100	-985.977108381667	6	2	0
60200	-995.202277357237	6	3	0
60300	-994.764743499186	5	4	2
60400	-990.521943952919	4	3	2
60500	-989.698748942159	5	2	0
60600	-996.354906354942	6	1	1
60700	-998.859440137498	6	1	1
60800	-990.623772248887	5	4	2
60900	-993.907163841385	7	2	0
61000	-1003.56564065153	6	3	2
61100	-1014.61815691266	5	4	6
61200	-998.02148051292	7	2	2
61300	-1003.90621141671	7	4	0
61400	-1003.17910704386	7	2	2
61500	-988.291583640147	6	3	1
61600	-999.233068560926	5	4	3
61700	-994.28140286434	5	2	1
61800	-1002.35074265285	5	5	3
61900	-994.488219047391	6	4	2
62000	-1010.52397283631	7	6	2
62100	-996.639296301628	4	4	2
62200	-993.698051842292	5	2	2
62300	-997.467492564526	6	3	2
62400	-1004.90306935361	7	2	2
62500	-990.470434641194	7	3	1
62600	-1004.80544469336	7	5	3
62700	-993.827020261477	8	2	1
62800	-994.90198602003	6	4	1
62900	-994.084193040821	5	1	1
63000	-990.737635384117	4	1	1
63100	-996.011177757322	4	2	2
63200	-990.386225823106	5	2	1
63300	-995.978702274654	6	2	1
63400	-994.548630843959	5	3	2
63500	-1003.80139368716	6	5	1
63600	-999.693608385313	7	4	2
63700	-1000.01016647864	9	3	2
63800	-996.370570111124	7	1	1
63900	-984.367496545943	6	3	1
64000	-990.904548673476	6	3	1
64100	-1000.34586386006	7	3	1
64200	-988.798148518039	5	3	1
64300	-993.007999217444	7	3	1
64400	-998.691105251293	6	2	2
64500	-988.380059348746	5	3	1
64600	-985.699375958846	5	2	0
64700	-985.308819752089	6	4	0
64800	-996.395631007399	6	2	1
64900	-990.176273279104	7	4	1
65000	-1009.39968298233	5	1	3
65100	-981.118596839679	5	5	0
65200	-996.950735605954	5	3	3
65300	-995.244079284014	5	3	2
65400	-995.182336506222	5	1	2
65500	-989.535198020565	4	5	2
65600	-989.914582437879	6	2	0
65700	-984.277533777704	5	2	0
65800	-982.142166295387	5	4	0
65900	-988.045325617807	4	7	0
66000	-997.809540445917	6	6	2
66100	-986.785099469373	4	6	1
66200	-989.720369224525	6	1	0
66300	-991.968585998459	5	4	1
66400	-992.627532715565	7	4	1
66500	-993.674459757511	6	8	0
66600	-993.277452740911	4	2	2
66700	-993.364635182399	6	4	1
66800	-984.449268050524	6	3	0
66900	-998.198080381029	5	4	3
67000	-988.86563570479	6	2	0
67100	-990.345392905115	5	2	2
67200	-993.896014686667	7	1	1
67300	-989.469111886589	6	3	1
67400	-989.333387047961	5	6	0
67500	-996.301527422101	6	3	0
67600	-1010.42851397903	8	3	2
67700	-994.353483807894	6	3	1
67800	-985.343053742322	9	5	0
67900	-1004.3101493375	8	7	2
68000	-993.990678030772	7	2	1
68100	-992.047538360211	6	1	1
68200	-991.803017686732	7	1	0
68300	-999.876910803322	6	2	3
68400	-984.045099325559	5	2	0
68500	-1001.61887194104	9	2	2
68600	-986.654237606356	6	3	1
68700	-992.971571196816	8	1	0
68800	-978.61600784715	5	6	0
68900	-991.580791922747	7	2	1
69000	-992.2533360972	6	5	1
69100	-1002.61906151801	7	3	2
69200	-986.596165894032	5	2	0
69300	-992.919598037263	5	3	1
69400	-1005.30715471029	5	3	4
69500	-993.464938594044	7	4	1
69600	-986.727230386843	5	5	0
69700	-991.2969529744	7	6	0
69800	-1001.16078319983	7	4	1
69900	-994.658892203301	6	3	1
70000	-996.948219441725	5	5	2
70100	-997.971328072281	5	3	1
70200	-1000.77571018678	5	4	1
70300	-993.236136710565	6	4	1
70400	-991.037355709082	4	3	2
70500	-987.061084225061	6	3	0
70600	-998.291597794218	8	2	0
70700	-997.366833007873	6	3	1
70800	-1005.67060072087	5	2	3
70900	-998.68869308789	7	4	1
71000	-992.904206450019	7	3	1
71100	-988.700996140067	6	2	1
71200	-1006.05752006931	6	4	2
71300	-984.90991641088	5	3	0
71400	-981.786181097913	5	3	0
71500	-989.376970272714	8	5	0
71600	-988.53569892402	6	2	1
71700	-1004.3879282638	6	3	1
71800	-997.989867262569	7	3	1
71900	-992.896125067475	5	1	1
72000	-986.575168999757	6	2	1
72100	-994.283815061261	5	1	2
72200	-985.419327750078	5	2	0
72300	-999.651464101858	8	3	2
72400	-990.539264574863	5	4	0
72500	-992.9525319229	6	2	2
72600	-988.937677664804	6	2	1
72700	-993.06479722804	7	3	0
72800	-993.595290698203	6	6	1
72900	-992.445591364128	5	4	1
73000	-1000.94845241609	5	2	3
73100	-995.116077513563	7	1	0
73200	-999.068058795154	8	1	1
73300	-998.04560614847	9	2	0
73400	-986.55280989514	5	3	0
73500	-1000.53638476101	5	1	3
73600	-990.705870707597	5	1	0
73700	-991.859778352607	6	2	1
73800	-1000.29625288485	6	3	2
73900	-1002.50001721691	4	5	2
74000	-990.52418362604	6	3	1
74100	-991.736137351582	5	3	1
74200	-993.148498878499	7	5	1
74300	-981.618357235867	6	1	0
74400	-989.506496105508	5	3	2
74500	-1000.46705122526	4	2	4
74600	-986.933115777019	5	5	0
74700	-999.737422150028	6	2	2
74800	-991.144870566849	6	2	0
74900	-989.249626972598	5	3	1
75000	-990.243404406804	5	2	1
75100	-1013.19741732781	5	2	4
75200	-985.216192541258	6	7	0
75300	-994.5224712764	6	3	2
75400	-997.142347276783	7	7	2
75500	-985.075585326867	6	2	0
75600	-996.742660353441	5	7	0
75700	-983.92446545355	6	4	0
75800	-989.010507221396	7	2	0
75900	-995.564487127658	7	7	1
76000	-989.63613377781	5	2	1
76100	-988.215489688445	4	2	1
76200	-997.711987639817	6	2	1
76300	-998.660170711255	6	1	2
76400	-992.408569880764	5	3	0
76500	-995.769990777079	6	2	1
76600	-992.912189582892	5	4	2
76700	-985.915451657116	6	3	0
76800	-990.562340678124	5	1	1
76900	-992.975752579947	5	2	2
77000	-991.234328299963	7	3	1
77100	-996.509361709406	6	6	3
77200	-994.029387506012	8	5	0
77300	-993.730100630917	7	2	1
77400	-990.168312276103	5	2	0
77500	-997.850718299287	5	2	2
77600	-1002.51791502938	5	5	3
77700	-997.547354818601	5	3	1
77800	-993.197704657746	6	1	1
77900	-1000.52099971098	6	4	2
78000	-996.329044855799	8	1	0
78100	-991.401311318077	9	7	0
78200	-993.982002328649	6	1	1
78300	-988.813334900971	5	2	0
78400	-990.912233643021	4	2	2
78500	-996.725266120851	6	1	1
78600	-998.912349052352	8	1	0
78700	-997.239470478667	5	4	2
78800	-993.471557009676	5	3	1
78900	-992.505650505882	6	5	1
79000	-989.689166549539	5	4	2
79100	-1010.50193480759	6	3	4
79200	-986.655548449538	5	3	1
79300	-986.381744723194	5	4	0
79400	-991.203892038448	5	5	2
79500	-997.539020852627	7	3	2
79600	-987.727838645559	5	2	0
79700	-988.398017867862	5	2	1
79800	-995.588073132275	7	4	2
79900	-995.796069079191	7	2	1
80000	-992.077827835191	7	4	0
80100	-993.589343226913	6	6	1
80200	-991.63239778794	7	2	0
80300	-995.888861609549	4	4	2
80400	-994.774411173572	7	4	0
80500	-992.83548725775	6	2	0
80600	-991.078616698069	6	1	0
80700	-988.241536197381	5	3	1
80800	-991.649624651003	6	3	0
80900	-1000.09446046661	6	5	0
81000	-994.328385468115	6	6	2
81100	-1004.19365323225	4	3	3
81200	-983.988189293143	5	5	0
81300	-986.221465939787	6	2	0
81400	-992.806041950695	6	4	1
81500	-990.482682977814	6	2	0
81600	-988.113024685579	6	3	1
81700	-989.402106027137	6	7	1
81800	-995.191834183892	6	3	1
81900	-987.218223738541	5	2	1
82000	-991.108080777287	6	3	1
82100	-1007.90520725428	6	4	3
82200	-994.688988929611	8	4	1
82300	-1002.15980119793	6	3	3
82400	-1002.03056230051	5	2	3
82500	-990.555079422107	5	1	1
82600	-987.94293178474	4	2	1
82700	-996.314714736551	5	2	2
82800	-1004.68594501972	8	2	2
82900	-986.965318147297	6	2	0
83000	-997.433151890639	6	2	1
83100	-995.802192452139	6	4	2
83200	-992.250360948555	6	2	0
83300	-997.598172036938	9	3	0
83400	-998.398057309238	4	3	1
83500	-993.280259752163	4	4	1
83600	-993.743512126681	7	2	0
83700	-997.365397008781	6	4	2
83800	-996.049802028869	7	5	0
83900	-987.89974729722	5	2	0
84000	-990.176025679631	5	1	1
84100	-997.797709819971	6	2	0
84200	-993.623796193483	7	1	0
84300	-996.530083754144	6	3	1
84400	-995.750826139991	7	3	2
84500	-991.581484743024	4	2	0
84600	-992.145315905123	5	1	1
84700	-996.677988909389	6	3	1
84800	-1002.06047163685	8	2	2
84900	-1000.65056453659	6	5	1
85000	-994.366190822587	5	5	1
85100	-990.842424081233	5	3	1
85200	-996.57385196142	7	3	1
85300	-998.000461261761	4	2	2
85400	-989.250580998737	5	8	0
85500	-992.076005146464	6	1	1
85600	-989.061374084381	4	3	2
85700	-986.828965118835	5	2	0
85800	-987.624537069602	4	6	1
85900	-1001.37507872177	4	5	4
86000	-995.183934214412	5	2	2
86100	-988.362913846744	6	4	1
86200	-980.977288839735	6	3	0
86300	-993.503889804766	7	3	0
86400	-1002.36057096733	8	1	2
86500	-992.537386596881	6	3	2
86600	-991.492008859553	5	4	1
86700	-991.637347873057	5	6	0
86800	-990.40550589134	6	1	1
86900	-993.022167346905	5	2	0
87000	-992.216829120235	5	5	0
87100	-992.072865981621	5	1	1
87200	-991.310567040934	5	2	1
87300	-998.156198177422	10	3	0
87400	-992.79846182219	5	5	2
87500	-994.997014234943	5	3	2
87600	-987.644759079933	6	2	0
87700	-988.827334448872	5	2	2
87800	-994.361503871716	6	2	2
87900	-985.262195453135	6	5	1
88000	-996.815712651799	6	3	2
88100	-995.772613824151	6	3	2
88200	-991.763200497294	6	3	0
88300	-996.192819706219	7	3	2
88400	-985.779976541967	6	3	0
88500	-1010.50509125957	8	2	2
88600	-990.336103333869	5	4	1
88700	-994.178189197745	4	4	2
88800	-1001.83402796827	7	2	1
88900	-996.330235368288	6	3	2
89000	-997.640430786879	7	2	0
89100	-993.352889678611	4	2	2
89200	-1003.02490018643	6	1	0
89300	-993.576905595375	8	1	1
89400	-995.208134641373	6	2	1
89500	-991.725043503735	5	2	0
89600	-995.632093408655	5	4	2
89700	-995.14151596295	7	1	1
89800	-999.575194512242	7	3	1
89900	-992.624228123521	5	2	0
90000	-997.643944765385	7	1	1
90100	-1002.31792210083	8	3	1
90200	-995.581125573045	7	2	1
90300	-990.643970093228	6	3	1
90400	-1001.35171908084	6	5	2
90500	-998.846019189134	6	2	1
90600	-984.143350569859	6	2	0
90700	-988.431206968384	5	4	1
90800	-988.965064878565	6	2	0
90900	-994.585733402052	7	2	0
91000	-985.331641960049	5	4	0
91100	-984.764199911888	5	4	0
91200	-1007.71412659832	5	2	4
91300	-993.928917279406	6	2	1
91400	-997.830060057058	7	3	1
91500	-992.397589515321	6	5	1
91600	-988.075073614904	5	4	0
91700	-996.978991693475	5	2	0
91800	-997.375226334019	6	2	1
91900	-985.35051904665	5	2	0
92000	-991.347246299655	7	5	0
92100	-989.364084074523	5	5	1
92200	-983.749425120329	6	5	0
92300	-996.90803790219	8	1	0
92400	-995.600547209152	7	2	2
92500	-989.286861305796	6	5	1
92600	-996.45851386205	5	2	1
92700	-997.128879033126	5	2	2
92800	-991.482352399625	5	2	1
92900	-991.704789315931	5	2	1
93000	-981.080765634535	5	5	0
93100	-986.06134371583	6	2	0
93200	-993.738332899803	7	4	1
93300	-992.876177573882	7	4	0
93400	-990.107219633204	6	4	1
93500	-991.106669634601	8	3	0
93600	-990.138291882249	6	2	0
93700	-989.70763615811	7	2	0
93800	-992.348545511237	5	3	2
93900	-988.879160687768	7	4	1
94000	-983.507860477283	6	4	0
94100	-983.659408357578	7	3	0
94200	-994.263051592775	8	5	1
94300	-995.386668913439	6	2	1
94400	-989.465630355391	6	2	1
94500	-991.270811989121	5	6	0
94600	-981.526922153982	5	2	0
94700	-984.818407626253	5	3	1
94800	-994.385108799996	7	4	0
94900	-989.888566447834	7	5	2
95000	-1013.78017020298	9	1	3
95100	-994.596995991932	6	3	0
95200	-995.489123601213	7	2	1
95300	-1002.27817861744	7	1	1
95400	-993.543006459749	7	5	0
95500	-986.429436793704	7	3	0
95600	-999.275359246272	9	7	1
95700	-996.90190646027	5	3	2
95800	-995.234322934332	4	3	2
95900	-1010.970165711	5	3	4
96000	-988.438634837676	6	3	0
96100	-986.900965934541	5	5	0
96200	-992.021654891976	9	4	1
96300	-987.630994130054	6	3	1
96400	-993.87917212413	6	3	0
96500	-1004.6703934246	7	2	2
96600	-991.518242724951	9	3	0
96700	-988.407910595386	7	1	0
96800	-993.084521629157	5	3	2
96900	-996.939218626076	6	1	1
97000	-988.724600525746	4	2	1
97100	-1001.80386011985	5	1	2
97200	-1002.99741967776	4	4	2
97300	-1003.5453254725	6	2	2
97400	-1002.65870045225	8	5	2
97500	-995.346181956387	7	5	0
97600	-992.578971972704	7	2	0
97700	-987.287400652894	6	2	0
97800	-988.949674417561	7	3	0
97900	-990.029927173166	6	3	1
98000	-995.165133031314	6	4	1
98100	-988.890054053276	5	6	1
98200	-997.111440976746	7	1	1
98300	-995.623717381058	8	3	0
98400	-991.244217219569	7	3	1
98500	-989.970343743064	6	4	1
98600	-987.004315949007	5	2	1
98700	-991.793158493868	5	6	1
98800	-984.408423952552	5	4	0
98900	-998.104875181534	5	3	2
99000	-997.3169675054	5	2	2
99100	-989.187281807427	7	2	0
99200	-983.30418201548	5	2	0
99300	-992.877831054628	6	8	0
99400	-986.134454570509	6	5	0
99500	-988.075477361455	6	5	1
99600	-987.176916910676	5	3	1
99700	-985.712711099079	5	1	0
99800	-989.643680881386	7	3	0
99900	-999.749794815603	7	3	0
1e+05	-988.821476778279	6	2	0
100100	-998.202010543586	5	1	1
100200	-995.264865563965	5	2	2
100300	-1006.78315413698	5	5	3
100400	-989.14417230516	5	2	0
100500	-985.308787055016	4	2	0
100600	-999.683321237148	5	2	2
100700	-991.552522702315	5	3	3
100800	-993.770145957953	4	1	1
100900	-992.991095569844	4	3	3
101000	-997.889324921247	4	3	2
101100	-989.679309098616	5	3	1
101200	-990.640243622259	6	2	2
101300	-993.498690032503	4	5	2
101400	-986.597088863715	4	5	1
101500	-992.615569195319	8	3	1
101600	-996.198911112567	8	3	1
101700	-994.493870320471	6	3	1
101800	-997.191727140517	6	3	0
101900	-993.651145924729	4	5	2
102000	-989.882937350019	4	4	0
102100	-994.891659819342	7	2	0
102200	-990.201404406772	6	2	1
102300	-989.050215668498	7	3	1
102400	-997.627961374686	6	3	2
102500	-995.815213517052	6	5	2
102600	-994.536008397883	5	6	2
102700	-996.416611233686	4	1	2
102800	-997.632600403302	5	1	2
102900	-996.164791702741	4	1	2
103000	-1008.0170277285	4	3	5
103100	-999.246274094094	5	3	1
103200	-994.547038453139	4	4	2
103300	-996.216938468298	6	3	1
103400	-988.734042847557	7	4	1
103500	-984.468855555882	4	2	0
103600	-994.202693692743	7	4	1
103700	-1009.18370851783	6	6	4
103800	-989.99191965463	5	1	0
103900	-995.794975555984	5	2	1
104000	-994.086214509069	4	5	2
104100	-990.448774487372	5	4	1
104200	-980.506837254756	6	5	0
104300	-987.484859675449	5	5	1
104400	-986.405476705027	7	5	0
104500	-996.883796695417	7	2	1
104600	-995.279059314169	6	2	1
104700	-987.498930819427	7	2	0
104800	-995.18756260415	7	1	1
104900	-995.421359814496	7	2	0
105000	-992.193092432683	4	3	1
105100	-1003.27825858881	4	5	4
105200	-993.966461749146	4	2	2
105300	-990.109337271119	4	2	1
105400	-1002.26779442027	6	4	3
105500	-986.646901746701	5	3	0
105600	-991.267139912776	7	2	1
105700	-995.081825242944	6	1	1
105800	-996.696260692448	6	3	2
105900	-994.47502045855	5	3	3
106000	-990.966133843127	6	2	1
106100	-983.592799916986	6	2	0
106200	-987.014768185322	5	4	1
106300	-982.034761645211	5	3	0
106400	-986.943028529751	6	2	0
106500	-991.272330441236	8	2	1
106600	-1007.1633983184	7	5	2
106700	-1000.23234394038	7	2	2
106800	-981.711013421075	5	3	0
106900	-985.353942748121	7	2	0
107000	-988.522348946464	6	3	0
107100	-986.269387669329	7	4	0
107200	-999.547935199422	8	3	1
107300	-985.665871157716	5	2	0
107400	-999.39672140172	6	4	2
107500	-985.780697559433	4	2	0
107600	-1009.50825025993	7	2	2
107700	-1003.99412194235	7	3	2
107800	-986.227130901062	5	2	1
107900	-995.723061246786	9	1	0
108000	-992.81313234735	7	5	1
108100	-985.079818234694	5	4	0
108200	-989.581707461409	6	3	1
108300	-1005.01931226449	5	5	1
108400	-999.417258108299	6	3	3
108500	-992.075688465947	6	2	1
108600	-999.625776917217	8	4	2
108700	-985.633239705492	7	10	0
108800	-994.219365855615	7	3	2
108900	-981.421206408627	6	4	0
109000	-1002.07645950024	9	4	0
109100	-993.826503445788	7	2	1
109200	-992.685648882896	6	2	1
109300	-991.859264259759	6	6	0
109400	-992.090442158084	4	2	0
109500	-995.553253178908	9	2	0
109600	-989.942372276322	5	2	0
109700	-1001.50879467849	6	2	2
109800	-1000.76806325347	6	7	1
109900	-987.652010031156	5	2	0
110000	-989.117845680548	5	2	0
110100	-985.866103722759	5	4	1
110200	-984.922165530054	5	3	1
110300	-994.045883600556	9	5	0
110400	-990.862231516447	5	2	1
110500	-990.912115891244	4	2	0
110600	-1000.36635213494	5	4	3
110700	-995.373995416488	4	1	2
110800	-985.4724992932	5	4	0
110900	-1014.60299213676	9	5	2
111000	-996.128230003682	7	1	1
111100	-1004.0064477248	7	4	2
111200	-992.397499537551	6	2	1
111300	-995.307362269239	4	3	0
111400	-994.494645822813	4	1	2
111500	-994.99638336743	6	2	1
111600	-1004.86029859819	5	1	3
111700	-996.37491112106	8	2	1
111800	-1000.75091710529	10	3	1
111900	-993.198880777767	6	1	0
112000	-985.560785108437	6	2	0
112100	-993.965534202548	7	2	1
112200	-986.72809873838	6	2	0
112300	-1000.25984748909	7	3	1
112400	-996.623889301147	7	2	2
112500	-992.380400978438	6	3	1
112600	-987.619721338496	5	2	0
112700	-991.717944268539	4	4	1
112800	-993.141387723609	4	2	1
112900	-995.877656971654	5	5	0
113000	-992.126531502723	5	3	1
113100	-993.980057693249	6	4	2
113200	-985.884873210979	5	2	0
113300	-985.449523391238	5	4	1
113400	-996.704120286514	5	1	2
113500	-999.004725577993	6	5	1
113600	-991.581144907298	4	3	1
113700	-993.916786841433	6	5	0
113800	-987.033680749748	5	3	1
113900	-991.382370084153	5	5	1
114000	-1005.91776348522	5	3	2
114100	-987.467323103446	8	3	0
114200	-988.978443675704	6	2	0
114300	-995.898638942428	6	2	0
114400	-995.295464632657	9	4	0
114500	-1006.30375898762	6	3	3
114600	-988.08227611292	7	2	0
114700	-994.212541718739	6	4	1
114800	-990.161313418615	6	4	0
114900	-996.00657416356	6	3	1
115000	-995.634029358391	5	3	2
115100	-992.690944536863	4	7	2
115200	-990.329474967429	5	1	1
115300	-997.077577022366	6	4	1
115400	-993.749225358013	6	4	1
115500	-994.027554379993	6	3	2
115600	-988.144408272587	6	3	0
115700	-998.274256770736	10	4	0
115800	-991.66230986559	7	3	0
115900	-998.883513499349	7	3	2
116000	-997.712809748164	7	3	0
116100	-992.40318584808	4	1	1
116200	-995.857212406802	5	5	3
116300	-992.277142563109	5	2	2
116400	-998.298414975817	7	4	1
116500	-989.581282302235	7	3	0
116600	-981.358536548933	5	5	0
116700	-986.816698627343	4	4	1
116800	-988.971468097917	6	2	0
116900	-998.922991019383	7	4	1
117000	-990.152349743905	6	2	0
117100	-996.964866354469	5	2	2
117200	-989.569373213447	5	3	1
117300	-986.245228538847	5	5	1
117400	-1004.76236670148	8	4	2
117500	-1000.34293597656	9	4	0
117600	-994.135631204698	6	4	1
117700	-996.174735377404	5	2	1
117800	-995.821632257347	6	2	1
117900	-989.277159688664	6	3	0
118000	-999.283325336801	6	4	1
118100	-989.379515550233	5	7	1
118200	-994.930569232109	7	2	0
118300	-999.077343468161	5	2	2
118400	-998.104144655505	6	2	2
118500	-993.42391768853	6	5	1
118600	-994.56679995408	5	3	1
118700	-992.250517630393	5	4	1
118800	-986.496745843836	5	1	0
118900	-992.385457245855	6	2	1
119000	-996.878194194934	6	5	2
119100	-989.72046856944	6	1	0
119200	-984.525490419685	5	2	1
119300	-1000.46391247427	6	2	1
119400	-990.771304631167	5	1	1
119500	-995.034596244345	10	2	0
119600	-1011.31187641452	7	2	4
119700	-995.723471077762	4	1	2
119800	-990.809843076662	6	3	0
119900	-993.571464823969	4	2	1
120000	-986.746536616056	6	3	1
120100	-992.202287002299	6	3	1
120200	-991.60096486114	5	2	1
120300	-984.237451150415	5	4	0
120400	-993.546210450493	5	3	0
120500	-987.27621119453	6	4	0
120600	-990.001260902965	5	2	1
120700	-992.085819355545	5	4	2
120800	-998.669585521671	6	3	2
120900	-990.96347540273	7	3	0
121000	-1002.97671812271	7	3	3
121100	-995.075940108548	5	3	2
121200	-990.923289733879	6	7	1
121300	-1003.4325562136	6	1	3
121400	-1000.67443112136	5	3	1
121500	-988.281590671239	6	6	0
121600	-987.176163204727	5	4	1
121700	-983.853647931641	5	3	0
121800	-996.892199440213	6	2	1
121900	-997.300594324114	6	2	2
122000	-998.667900651084	6	1	2
122100	-996.093983934896	6	4	2
122200	-988.624017027047	5	5	1
122300	-992.964949089929	6	1	0
122400	-1004.45838349707	6	4	3
122500	-1009.99305339001	5	4	4
122600	-993.361817292875	5	3	1
122700	-994.744930597073	4	3	2
122800	-993.973235564934	5	4	0
122900	-986.444060459793	5	3	0
123000	-984.650028365383	6	2	0
123100	-986.699057479552	5	2	0
123200	-991.773029161302	5	1	1
123300	-987.423842723701	5	3	0
123400	-996.167931219661	5	6	0
123500	-998.001058850427	8	5	1
123600	-991.015543434004	5	1	1
123700	-999.06687529025	7	5	0
123800	-987.500007848031	5	1	0
123900	-987.559716404227	7	3	0
124000	-987.876178153799	6	4	0
124100	-990.870433141068	6	5	0
124200	-985.772511493474	6	3	0
124300	-993.166533159002	8	2	0
124400	-1010.53430611633	11	4	1
124500	-988.336858441119	6	5	0
124600	-989.7617026493	5	3	1
124700	-989.592354400064	5	5	1
124800	-1005.87453770685	6	3	3
124900	-990.017056394618	5	3	2
125000	-991.24022564124	5	3	1
125100	-988.994433912634	6	2	0
125200	-993.538388263842	5	3	2
125300	-1007.85297997764	5	5	3
125400	-984.522178467187	5	2	0
125500	-985.314714062718	7	3	0
125600	-988.76236953509	6	1	0
125700	-987.35211360691	5	2	0
125800	-992.230265698314	7	4	1
125900	-994.191935785055	5	3	3
126000	-996.940060265661	7	2	1
126100	-1003.55423836113	6	5	1
126200	-992.023337814723	6	2	1
126300	-994.812207016427	6	4	1
126400	-1013.96094155482	9	4	2
126500	-993.473850329339	5	3	1
126600	-995.936636617876	8	3	1
126700	-998.642116424694	9	1	1
126800	-987.3774643969	5	4	0
126900	-993.268526147501	8	1	1
127000	-996.613480909862	9	2	0
127100	-999.125930940751	5	3	3
127200	-991.533063516303	6	2	0
127300	-993.871176968804	6	2	1
127400	-995.503707618987	5	3	0
127500	-1005.88426731924	4	3	4
127600	-996.253988824296	5	1	2
127700	-1001.6990068411	7	5	1
127800	-1009.04481756597	6	1	3
127900	-998.063125504445	5	4	1
128000	-988.943361879192	6	4	0
128100	-1006.49200159947	6	3	4
128200	-986.552657756012	4	5	1
128300	-993.637618166311	5	4	1
128400	-997.067074893363	7	3	0
128500	-987.758087482697	5	2	0
128600	-1000.23126587753	4	3	3
128700	-982.188814006244	4	4	1
128800	-995.827512384703	5	2	1
128900	-988.23377294338	5	4	1
129000	-991.436748524293	8	4	1
129100	-1001.68166917044	6	2	2
129200	-995.171023798502	4	3	2
129300	-993.694262740348	8	4	1
129400	-993.685740776175	6	3	0
129500	-988.071346910851	5	4	1
129600	-994.356798138069	7	2	1
129700	-991.759195176995	5	4	0
129800	-989.400397454689	5	5	1
129900	-992.115093376576	7	3	1
130000	-996.781528249974	7	4	2
130100	-1001.4780697942	6	1	2
130200	-1000.80969608547	8	6	1
130300	-1004.28848978108	9	2	2
130400	-987.978519025318	5	2	0
130500	-988.28084628466	6	2	0
130600	-984.829690437243	6	4	0
130700	-999.374430372328	7	2	0
130800	-992.399000549388	8	2	0
130900	-983.771668369318	5	2	0
131000	-998.177272985657	7	4	1
131100	-1002.86640753716	6	3	3
131200	-989.983556317761	5	3	2
131300	-996.758252698851	5	5	1
131400	-990.327854807123	5	2	0
131500	-1000.67256914164	6	1	2
131600	-995.453037923692	6	4	2
131700	-1003.70129171322	8	3	1
131800	-990.916657945044	6	5	1
131900	-998.591450696271	6	2	2
132000	-991.044078814546	5	3	2
132100	-995.991385906392	7	4	0
132200	-999.496817943213	9	3	1
132300	-984.196641676201	6	4	1
132400	-991.947351566146	4	2	2
132500	-996.214177620338	7	5	1
132600	-998.439490271251	7	5	2
132700	-996.248940520284	6	2	1
132800	-1000.22158204396	8	3	1
132900	-994.784288846181	6	2	1
133000	-995.853936494708	7	4	0
133100	-986.750351553302	4	7	1
133200	-995.777484731949	6	3	1
133300	-993.682198331657	6	4	2
133400	-997.899676600396	5	2	1
133500	-995.969937006763	4	3	2
133600	-988.11395487303	4	3	1
133700	-999.297775499761	7	2	2
133800	-999.229891172566	5	3	4
133900	-996.830994930772	8	2	1
134000	-997.392749989297	8	2	1
134100	-995.84213890554	7	1	0
134200	-996.278570009172	7	3	0
134300	-999.144235032654	9	3	1
134400	-992.223804791636	6	5	1
134500	-984.66938214613	5	1	0
134600	-1015.00707156288	5	4	3
134700	-1002.82693525026	8	3	1
134800	-989.307515232486	7	2	0
134900	-988.522763838799	6	4	0
135000	-987.473470536084	5	6	1
135100	-988.143529853496	6	4	0
135200	-986.413015745219	5	2	0
135300	-1003.7092361495	7	3	1
135400	-989.818245033513	6	4	1
135500	-1006.67807466419	8	5	1
135600	-987.236418394761	5	2	0
135700	-984.222503914949	4	3	1
135800	-996.259159904344	4	5	2
135900	-996.470336763064	4	1	2
136000	-1001.64797906392	5	2	3
136100	-1000.50317130521	6	2	3
136200	-1009.87949276579	9	2	2
136300	-996.586569429972	4	2	2
136400	-999.966936146906	9	4	1
136500	-996.52835920416	7	4	1
136600	-1000.43606723771	6	5	2
136700	-1003.64576752453	6	7	2
136800	-999.984072009905	6	4	1
136900	-997.53789548492	4	3	1
137000	-990.591630803207	5	4	2
137100	-988.911293628824	6	1	0
137200	-1002.12124513472	7	2	0
137300	-994.245665116296	5	2	2
137400	-987.87673835357	6	2	1
137500	-992.546031487857	6	1	0
137600	-998.167885640594	5	9	0
137700	-990.133214007835	5	3	1
137800	-987.239057891996	5	4	0
137900	-988.731846655897	6	2	0
138000	-999.574109323727	7	2	1
138100	-992.171575754274	9	2	0
138200	-988.994417826525	6	3	0
138300	-998.687040640889	7	2	0
138400	-993.952965182425	6	1	1
138500	-1000.99036366933	5	6	2
138600	-994.702830037448	5	2	0
138700	-994.155114774465	8	4	0
138800	-985.610226007378	5	5	1
138900	-989.760457432316	5	2	0
139000	-1001.97547482209	8	1	2
139100	-987.675445243183	7	3	0
139200	-991.479117259288	6	6	1
139300	-998.660782773728	4	6	3
139400	-995.45725587483	4	3	3
139500	-992.687325655236	4	2	1
139600	-991.13652387008	4	1	2
139700	-996.784991842088	8	2	0
139800	-1005.00119620461	6	3	3
139900	-992.904318990348	4	5	1
140000	-993.947759921678	5	1	2
140100	-988.017419429979	5	3	2
140200	-993.57274221199	5	5	2
140300	-995.773598250152	7	4	0
140400	-1008.46297926755	8	2	2
140500	-993.189977532017	6	4	1
140600	-994.328175246931	6	3	1
140700	-999.342546252308	7	3	0
140800	-991.802222392921	6	1	1
140900	-988.493826367409	5	2	1
141000	-997.204066937438	6	2	2
141100	-992.084903363187	6	2	0
141200	-982.717060883041	5	4	0
141300	-989.60840295195	6	3	0
141400	-1000.69280932694	5	3	3
141500	-997.203639624286	5	3	2
141600	-995.102613920919	6	2	1
141700	-990.193174627076	5	1	1
141800	-999.000343636278	6	2	2
141900	-999.641850398177	6	4	2
142000	-988.687894530324	5	3	1
142100	-992.177973038575	5	6	2
142200	-992.5379900603	6	5	2
142300	-982.90031651872	5	2	0
142400	-995.134547246136	7	4	1
142500	-1009.07211649356	10	6	0
142600	-987.69566043611	5	2	0
142700	-1011.22897969207	7	5	1
142800	-1000.43145320083	6	1	2
142900	-1002.79554077076	5	7	2
143000	-998.707668126953	8	4	1
143100	-994.95687955385	9	2	0
143200	-995.374246686009	9	4	1
143300	-994.001673836057	6	4	0
143400	-995.433178774415	4	2	1
143500	-985.023774578523	4	2	1
143600	-987.49939501804	6	4	1
143700	-1003.43604323517	6	2	2
143800	-993.96885004197	6	5	1
143900	-990.681043134511	5	4	2
144000	-987.843780026823	4	1	1
144100	-993.745726097469	4	5	3
144200	-1001.04003557716	8	2	2
144300	-990.095453961974	6	3	1
144400	-993.662488722243	6	1	1
144500	-1002.82165884741	8	2	3
144600	-985.322390825177	6	2	0
144700	-992.90481104425	7	3	0
144800	-989.150560769399	7	2	0
144900	-992.502974214785	5	2	1
145000	-1000.84048593242	7	4	1
145100	-991.625318383255	6	8	1
145200	-986.428255245372	5	4	1
145300	-996.430425349556	4	3	0
145400	-999.267537561742	5	6	4
145500	-996.625531448839	6	6	1
145600	-997.530335173569	7	1	0
145700	-986.088605623054	6	2	0
145800	-995.543329993998	7	7	2
145900	-990.777059168024	8	5	0
146000	-991.272540117953	6	3	0
146100	-986.249601683215	6	4	0
146200	-1016.23165526654	9	7	3
146300	-996.146100260374	7	4	1
146400	-990.745567804991	6	2	0
146500	-995.838231255313	5	2	0
146600	-996.575005888557	7	1	1
146700	-999.543858205024	5	4	1
146800	-992.05182186084	5	4	1
146900	-1007.16845231097	7	2	2
147000	-996.964279485773	8	5	0
147100	-989.294231454524	7	2	1
147200	-992.422765568331	6	3	1
147300	-994.830953690289	8	2	0
147400	-999.442412057914	8	4	1
147500	-991.88474046769	5	1	1
147600	-1001.50725828971	6	3	2
147700	-982.898751670307	5	3	0
147800	-992.918158013817	5	2	1
147900	-994.032869763787	7	2	1
148000	-995.439092384077	5	4	2
148100	-985.986843951794	4	3	1
148200	-1018.44231596983	5	2	4
148300	-994.258462268927	4	3	2
148400	-994.830318905959	6	3	1
148500	-1003.27747435764	4	2	4
148600	-996.685036716551	4	3	2
148700	-1012.07468516004	4	1	4
148800	-983.374360302626	5	5	0
148900	-996.261554187396	4	2	3
149000	-991.836533212149	5	5	1
149100	-995.29462835246	5	5	2
149200	-986.120331021948	5	3	0
149300	-993.354208191271	6	4	1
149400	-993.399686729482	6	3	1
149500	-996.831750340319	6	4	2
149600	-992.099001307669	6	3	1
149700	-994.684328127907	5	5	3
149800	-997.38544504299	4	4	2
149900	-999.849602441617	6	2	2
150000	-995.570335693987	5	3	2
150100	-994.101527063881	7	2	1
150200	-988.610959789545	7	2	0
150300	-989.043759925236	7	3	0
150400	-985.8533118438	6	2	0
150500	-990.250508926055	6	4	1
150600	-990.821235726918	6	4	2
150700	-991.842069909035	7	5	0
150800	-998.001112933302	4	2	2
150900	-989.817001172596	4	3	1
151000	-988.406502553162	5	2	0
151100	-994.985269116885	5	1	1
151200	-1000.37636429164	6	4	2
151300	-993.561446163224	5	1	0
151400	-997.579370522539	4	2	2
151500	-995.99373954025	4	3	2
151600	-992.588251022015	4	2	1
151700	-990.729309243507	4	1	1
151800	-992.216670259648	6	3	0
151900	-996.583366490303	4	2	2
152000	-994.179221136431	7	2	0
152100	-989.398245047465	5	4	1
152200	-996.802031295279	7	2	1
152300	-986.358949830213	7	5	0
152400	-990.418631351978	7	1	0
152500	-983.01646168039	5	4	0
152600	-1001.56530560419	4	3	1
152700	-1001.34958217674	5	2	2
152800	-996.005996895913	4	2	1
152900	-995.095497402107	4	4	2
153000	-997.503673922306	7	3	2
153100	-993.045792014317	4	3	2
153200	-991.933741925138	5	4	1
153300	-994.58085277855	6	2	0
153400	-1007.03602493448	7	2	3
153500	-999.185887193423	7	4	1
153600	-990.830623410776	5	4	1
153700	-990.503829152985	5	4	1
153800	-996.980813502175	4	3	2
153900	-999.634345327302	7	3	1
154000	-989.735406802306	6	4	1
154100	-985.623747417126	5	2	0
154200	-995.396665468822	6	4	2
154300	-998.41584232206	6	2	2
154400	-1001.32913369365	9	3	2
154500	-987.948999811339	7	2	0
154600	-994.173706076208	6	4	1
154700	-989.221965478028	7	2	0
154800	-985.354849135967	6	2	1
154900	-993.146390257359	7	3	0
155000	-994.764994381535	7	3	1
155100	-988.957557414966	6	2	1
155200	-986.139605073668	6	2	0
155300	-984.868529850091	7	4	0
155400	-983.585045385265	5	5	0
155500	-1000.27173615845	8	3	1
155600	-1011.37155762068	6	1	3
155700	-987.84755443624	6	2	0
155800	-992.481065359684	5	6	1
155900	-999.339565436042	6	1	2
156000	-997.054542525663	5	3	3
156100	-997.908334525672	5	2	2
156200	-988.564078336897	6	3	1
156300	-993.241245966773	6	3	1
156400	-988.7002810386	5	4	1
156500	-990.432493542044	5	1	1
156600	-1002.69225011826	7	10	1
156700	-989.580955700802	5	4	2
156800	-994.415048340828	5	5	0
156900	-992.354958569131	6	1	1
157000	-1001.69895513413	6	5	1
157100	-1004.91879759615	8	1	0
157200	-989.555730303152	8	2	0
157300	-993.977144395568	7	1	1
157400	-992.635434605456	6	5	1
157500	-994.139006101538	7	1	0
157600	-985.478130823802	6	2	0
157700	-996.770107217313	5	2	2
157800	-995.370080409682	8	1	1
157900	-1009.11060669554	7	2	4
158000	-1008.87719473754	7	3	3
158100	-987.493304175583	5	2	0
158200	-999.780967328288	4	1	2
158300	-994.556645607706	4	3	2
158400	-987.670733697719	4	2	0
158500	-982.266569683681	5	2	0
158600	-991.747984963572	6	3	0
158700	-990.538263205973	5	4	0
158800	-1003.4678665026	6	2	3
158900	-996.51409489472	4	6	3
159000	-996.609229364009	4	2	1
159100	-986.258955275915	4	4	1
159200	-989.448093901553	4	3	1
159300	-992.970467619601	6	2	1
159400	-995.199261878548	5	4	2
159500	-995.412472692915	5	1	2
159600	-990.680260898293	7	2	0
159700	-989.195933515408	5	3	1
159800	-992.111971985242	5	3	2
159900	-990.668195962066	4	4	1
160000	-996.052710424746	6	5	2
160100	-990.697724390164	7	3	2
160200	-998.217364604089	6	6	2
160300	-997.681125739543	7	2	0
160400	-992.125087157513	6	4	0
160500	-1001.73767780009	8	5	1
160600	-982.418252877801	6	3	1
160700	-991.086606118561	6	2	1
160800	-988.305423540992	6	2	1
160900	-987.428126798038	4	2	1
161000	-992.345271779759	5	4	1
161100	-991.78490126199	6	5	1
161200	-1008.96006816666	10	3	1
161300	-994.845806774892	8	2	1
161400	-992.032687791049	6	3	1
161500	-997.75657669466	6	2	1
161600	-994.061040408797	5	4	2
161700	-994.378502024784	6	3	0
161800	-995.031940237557	6	2	2
161900	-1001.91184571533	5	3	3
162000	-1004.07771104744	7	2	1
162100	-1000.12034071207	4	2	3
162200	-989.472452074332	7	5	0
162300	-991.135056431043	7	2	1
162400	-994.526583790791	8	2	0
162500	-992.030266059215	6	1	0
162600	-995.345291868545	8	3	1
162700	-996.688568741903	5	3	2
162800	-994.544696451949	7	6	1
162900	-989.018533602551	5	1	1
163000	-1000.79212023225	8	2	2
163100	-993.417794520455	6	4	1
163200	-993.734337470081	4	3	3
163300	-1000.10730104469	5	5	2
163400	-1007.50829549007	7	2	2
163500	-991.764011186069	4	1	1
163600	-1003.48542828665	5	5	1
163700	-990.719809011912	6	2	1
163800	-994.891244904778	6	3	2
163900	-1002.22747116708	7	6	1
164000	-989.238089383962	7	4	0
164100	-989.618185130383	4	3	1
164200	-986.730772904706	4	4	1
164300	-995.284597748338	5	2	2
164400	-990.870833866736	4	3	2
164500	-998.820909719961	5	2	3
164600	-988.903613191748	5	2	0
164700	-995.102466678833	4	1	2
164800	-993.35211563657	5	2	1
164900	-994.905998406154	8	2	1
165000	-1000.8874913433	8	1	1
165100	-997.553141648252	4	2	2
165200	-983.701599294508	5	4	1
165300	-998.574764020997	6	3	2
165400	-993.625567853048	7	2	1
165500	-987.208681027323	5	6	2
165600	-992.651394948888	6	3	1
165700	-1001.69371269827	7	2	1
165800	-986.046921363319	5	3	1
165900	-1001.269388018	5	2	3
166000	-993.7879315233	5	4	1
166100	-994.233408086406	5	3	1
166200	-997.514037870626	5	2	2
166300	-993.863339062084	5	2	2
166400	-992.182914666073	5	3	0
166500	-996.14763063395	5	3	2
166600	-994.125484166075	6	1	2
166700	-997.42759237748	5	4	3
166800	-993.060245612801	6	2	0
166900	-1006.24547823532	5	1	4
167000	-998.359045041459	7	5	2
167100	-996.265679453508	5	3	1
167200	-997.865766235907	6	3	2
167300	-999.566991677776	6	3	2
167400	-992.898298958511	4	1	2
167500	-1000.14401189347	7	6	2
167600	-985.816834288894	4	4	0
167700	-991.77662856857	6	6	1
167800	-998.885903714875	5	5	2
167900	-997.990875985066	7	2	2
168000	-990.25966063625	5	6	1
168100	-989.65197960171	7	2	1
168200	-1002.23132264478	7	2	3
168300	-996.568416791828	5	2	2
168400	-992.859591121003	5	3	2
168500	-992.427532860598	5	2	1
168600	-992.197806613887	4	6	1
168700	-1021.06094889573	4	2	4
168800	-989.463340184688	5	3	0
168900	-989.463784280955	5	4	1
169000	-987.898790658563	4	3	0
169100	-999.272031825602	8	5	1
169200	-994.959149410559	8	6	0
169300	-993.518975837591	4	7	1
169400	-1000.62832971173	6	5	1
169500	-993.229615071709	5	6	1
169600	-1001.84626237643	5	1	3
169700	-995.035940898062	6	5	1
169800	-998.928851754457	6	5	2
169900	-998.742230238275	5	2	2
170000	-990.392440085431	4	6	1
170100	-994.79093605101	5	2	0
170200	-1006.45986538782	8	5	3
170300	-983.5895822505	5	3	0
170400	-999.763257010701	4	5	2
170500	-994.134408191553	4	4	1
170600	-992.111423157957	6	3	1
170700	-1000.5696744591	6	1	2
170800	-989.003664584957	5	3	1
170900	-994.107430124166	7	6	0
171000	-1001.36876893251	8	2	2
171100	-990.767974262252	6	3	0
171200	-991.021383076661	6	2	0
171300	-996.613332519053	6	1	2
171400	-993.744640412134	8	4	1
171500	-990.614128484873	5	3	2
171600	-984.909175158666	6	3	0
171700	-992.151093566227	6	4	0
171800	-995.696822853514	7	2	0
171900	-991.805944662065	7	5	0
172000	-993.18145084068	7	4	1
172100	-991.488712746996	6	1	2
172200	-992.17566440516	6	2	1
172300	-981.490717408424	4	4	0
172400	-987.774091014882	4	2	1
172500	-986.63690989032	4	3	1
172600	-991.869525341281	5	1	1
172700	-1003.7273197577	8	2	2
172800	-991.189960285498	6	2	0
172900	-993.846847766864	7	3	1
173000	-984.436176891409	6	5	0
173100	-988.199305804039	7	3	0
173200	-991.272463951427	7	1	0
173300	-1005.22738148673	7	2	2
173400	-998.346900706136	6	1	0
173500	-1001.14689288266	7	2	1
173600	-1005.48925786691	8	4	1
173700	-1001.19994368184	8	3	1
173800	-990.689789759972	6	2	0
173900	-991.06240479396	5	3	0
174000	-989.431260872202	6	4	0
174100	-990.68818978076	6	2	1
174200	-993.964682288146	4	3	2
174300	-999.828582489248	5	4	3
174400	-989.060828893705	8	3	0
174500	-993.551660709219	6	3	0
174600	-998.984806887416	9	1	0
174700	-987.185482405684	5	5	0
174800	-997.270011662507	8	2	1
174900	-990.829239079775	5	1	0
175000	-1002.75689353819	6	5	3
175100	-991.611704623448	7	3	1
175200	-986.780703005036	5	2	0
175300	-999.120151840334	7	2	2
175400	-1009.50377573044	9	3	1
175500	-1001.85602554581	6	4	3
175600	-991.107677627772	5	2	1
175700	-996.455411404337	7	2	1
175800	-1001.24630681956	7	6	0
175900	-1004.23188303833	6	4	4
176000	-988.301750106541	7	5	1
176100	-992.562626489376	7	3	0
176200	-1000.79676499159	8	2	2
176300	-991.491722410202	7	4	1
176400	-985.166708669716	6	2	0
176500	-993.350671403726	7	1	0
176600	-991.541277833463	6	2	1
176700	-983.654816588041	7	4	0
176800	-991.447176463407	8	4	0
176900	-1000.27433796267	4	4	3
177000	-1004.30660638831	5	1	2
177100	-991.299569915147	4	3	1
177200	-994.392690883666	5	4	1
177300	-996.195062799152	5	2	0
177400	-1000.05409631813	8	3	1
177500	-982.88295114809	5	2	0
177600	-988.348405471741	5	1	1
177700	-991.659374844416	6	3	1
177800	-992.143154520389	9	3	0
177900	-991.966526533291	6	4	1
178000	-997.751652686639	6	2	2
178100	-996.112220490373	4	4	3
178200	-992.811283069788	9	2	0
178300	-982.460402986522	5	3	0
178400	-997.859934364055	7	4	2
178500	-985.398065968279	5	3	0
178600	-993.972678426749	5	4	1
178700	-999.688911587251	5	2	2
178800	-989.139068852915	5	1	1
178900	-996.884824862955	5	2	1
179000	-989.971516113667	7	2	1
179100	-998.683816612468	7	2	2
179200	-991.237208728911	6	2	0
179300	-1003.90859540534	10	1	1
179400	-994.572428002931	8	5	0
179500	-988.41690434729	4	2	1
179600	-985.794763108643	5	2	0
179700	-1005.24655035417	7	3	2
179800	-992.030766988605	7	2	0
179900	-999.43395714871	6	1	2
180000	-998.51724839725	7	4	1
180100	-994.116775084941	5	4	0
180200	-1005.75092792335	8	1	1
180300	-989.902595547119	7	4	0
180400	-996.371228846391	8	1	0
180500	-990.30672441892	5	4	1
180600	-1000.2219940154	6	2	2
180700	-996.519711652771	4	4	3
180800	-991.653410399995	6	2	1
180900	-987.305969787551	5	4	1
181000	-986.251379022436	6	4	2
181100	-986.82745046006	6	2	0
181200	-986.576452775248	6	3	0
181300	-998.327685576289	6	3	1
181400	-989.902701135732	6	2	1
181500	-1002.35713305413	5	1	2
181600	-982.304309128412	5	5	0
181700	-995.817507805028	7	2	0
181800	-987.209289036709	6	4	1
181900	-1000.60840637767	8	4	0
182000	-986.569452451835	5	4	1
182100	-995.991435041179	7	3	1
182200	-994.73110382546	7	1	0
182300	-985.767992876502	5	4	0
182400	-992.132605534163	5	4	0
182500	-983.609436668847	6	2	0
182600	-993.837998485762	5	3	0
182700	-1001.61873441903	6	4	3
182800	-988.511669481901	7	3	0
182900	-988.635238938603	5	4	2
183000	-986.114894874927	5	5	1
183100	-992.536757266845	6	4	1
183200	-1003.57398530873	7	4	2
183300	-997.111650581458	5	3	2
183400	-993.49651171537	6	6	1
183500	-1002.92474403702	4	2	4
183600	-999.556653609083	7	2	1
183700	-993.421123344349	6	1	1
183800	-999.047760339603	5	4	1
183900	-990.576786132585	6	4	0
184000	-995.661631484847	6	5	0
184100	-985.657173997936	5	3	0
184200	-1005.1821143056	7	1	2
184300	-1000.3626308749	8	3	0
184400	-999.229323009123	8	6	2
184500	-1001.52181941823	8	5	2
184600	-993.142684197094	8	1	0
184700	-1003.00057595368	6	1	3
184800	-998.885823942989	9	1	0
184900	-990.922133813627	7	3	1
185000	-1000.14604999014	8	4	1
185100	-998.677029364531	7	4	2
185200	-985.400451675607	6	5	0
185300	-989.091870946288	5	5	1
185400	-991.30856152896	6	5	1
185500	-987.971738199811	5	4	1
185600	-986.181650221983	8	3	0
185700	-984.192634532777	6	3	0
185800	-991.513225287474	6	3	1
185900	-1004.28328104189	5	4	3
186000	-982.816935388856	5	3	0
186100	-989.735506462247	5	4	1
186200	-988.819864434706	6	4	1
186300	-999.203666834753	5	3	1
186400	-990.081011811692	5	4	1
186500	-1000.03232122645	6	1	2
186600	-1006.17110976153	6	1	2
186700	-998.672215243619	5	2	1
186800	-1002.2760476678	5	3	2
186900	-988.200824552557	5	3	1
187000	-989.709567756081	6	5	1
187100	-1003.31820169766	8	6	1
187200	-989.327137604026	6	1	0
187300	-988.389694940608	5	1	0
187400	-991.753083917472	7	1	0
187500	-991.96410787864	7	3	1
187600	-998.997266471451	7	1	1
187700	-994.97740901753	6	4	1
187800	-994.744854908952	8	5	0
187900	-1003.25436345133	9	6	1
188000	-989.198825011314	6	6	1
188100	-988.490904236924	6	3	0
188200	-994.536449959929	7	2	1
188300	-987.330845952573	5	3	1
188400	-1000.2742266444	6	1	3
188500	-990.571818382882	5	5	1
188600	-999.449354605343	8	2	1
188700	-986.692626980918	4	1	0
188800	-988.726128668256	5	1	0
188900	-1010.19847468594	6	5	2
189000	-992.620609591915	6	1	0
189100	-981.88867709069	5	6	0
189200	-998.596177777213	6	1	2
189300	-985.166584115945	5	2	0
189400	-995.470416188078	7	3	1
189500	-997.911009012049	7	2	2
189600	-991.602924877198	6	4	1
189700	-988.465753783686	5	3	0
189800	-992.873863530943	4	2	2
189900	-988.737359335941	6	4	0
190000	-996.168717188167	7	1	0
190100	-987.603100690929	4	4	1
190200	-996.575027933705	4	4	2
190300	-1004.54754382542	4	2	3
190400	-989.438580127485	5	4	1
190500	-988.026677458545	6	2	0
190600	-985.552083386516	6	5	0
190700	-986.54145363888	5	2	1
190800	-993.997306937413	7	4	0
190900	-997.559564103644	6	1	2
191000	-992.846473378744	7	2	1
191100	-997.838458867544	8	2	1
191200	-990.746599687732	7	5	0
191300	-994.952796574474	6	2	1
191400	-985.480918638803	5	3	1
191500	-996.876216241642	6	3	2
191600	-999.126167714722	7	2	2
191700	-1003.24996433915	6	3	2
191800	-1009.26768754095	8	5	2
191900	-991.786300145687	8	3	0
192000	-990.277146334456	5	6	2
192100	-983.946751861677	6	2	0
192200	-996.105564551684	5	2	2
192300	-993.626735082573	5	2	1
192400	-985.798246550682	5	1	0
192500	-997.602501216789	7	4	1
192600	-990.925003126156	6	2	0
192700	-999.493674126365	8	2	1
192800	-1001.09784427664	6	6	3
192900	-997.975576742801	5	5	2
193000	-992.335072167571	6	4	1
193100	-1000.12330602166	6	4	2
193200	-1003.76908810627	6	2	3
193300	-982.159038714513	6	2	0
193400	-986.410770548904	4	3	0
193500	-987.30507330936	5	2	1
193600	-994.291423619617	4	3	2
193700	-994.15572304587	4	4	2
193800	-999.974347969487	7	3	2
193900	-995.02916603361	5	5	1
194000	-990.086349718372	7	3	0
194100	-1004.31964133682	8	3	3
194200	-992.863762542953	7	6	1
194300	-991.208272081486	4	3	2
194400	-991.207291894216	4	4	2
194500	-993.957956877255	5	2	2
194600	-988.721073504732	4	7	1
194700	-996.618976532714	7	4	1
194800	-1000.2016850634	5	4	2
194900	-989.391355107867	7	6	1
195000	-1001.11751749289	7	4	0
195100	-988.478369980214	6	4	0
195200	-997.124616391277	6	1	2
195300	-993.303781700722	6	2	1
195400	-992.297629393611	5	3	1
195500	-986.920431955386	4	4	2
195600	-991.874849402802	5	1	2
195700	-991.293621041506	4	5	2
195800	-1015.50494687031	7	4	4
195900	-997.408602169613	7	3	1
196000	-999.714137020455	6	4	0
196100	-993.987172805894	8	2	1
196200	-1005.47418441126	7	1	2
196300	-991.720095388015	6	2	1
196400	-1004.26752133626	9	3	1
196500	-986.857435513616	5	4	1
196600	-991.289347351412	7	1	1
196700	-994.462322627992	5	4	2
196800	-999.901207786913	7	4	1
196900	-988.351887515827	5	4	1
197000	-998.98477662548	4	4	3
197100	-988.205757299037	4	2	0
197200	-994.657085457305	4	2	2
197300	-991.429107559799	4	2	1
197400	-1004.19743294215	5	4	3
197500	-992.295598246545	6	2	1
197600	-989.237974352472	5	2	1
197700	-1000.21007363386	8	4	1
197800	-985.794295516053	6	3	0
197900	-1009.16864917527	6	4	3
198000	-992.282929783689	5	4	2
198100	-993.831027639375	6	2	1
198200	-982.112174360011	5	3	0
198300	-990.192248222608	6	5	0
198400	-996.033464791802	6	4	1
198500	-990.999085589314	6	1	1
198600	-988.637961893305	6	2	0
198700	-980.062754874204	5	3	0
198800	-983.727279525287	5	3	0
198900	-992.346816514762	6	3	0
199000	-995.597369453214	7	4	0
199100	-987.884767277411	5	2	0
199200	-992.758269879674	6	1	1
199300	-987.745196946286	6	3	0
199400	-991.926045120332	7	5	1
199500	-988.636875834719	5	4	0
199600	-1006.50113496458	7	3	3
199700	-988.6491482823	6	2	1
199800	-985.518233356604	6	4	1
199900	-1000.21652194583	6	3	2
2e+05	-991.578674412373	6	4	0
