SpeciationRateChanges
79.10275	53.13125	18.63312
79.10275	53.31368
79.10398	53.0011	88.67656
79.10398	53.65472
79.10398	50.1547	13.72392	9.439209	38.71713
79.09628	53.48955	89.00322	13.37915	88.44055
79.09761	53.35746	28.90836
79.09761	53.16986	34.70231	3.587807	44.12272
78.99716	53.47725	10.92898
79.09178	49.87105
79.00563	51.44472	42.54651
79.0966	53.41435	45.16972	89.27197	19.00105	5.792167
79.08115	52.88783
79.06689	51.92621	26.62343	32.7242
79.06689	53.25973	1.677017
78.97832	50.60756	2.423212
79.08237	52.61619
79.16959	53.3257	89.0263	10.74211
78.99915	50.11699
79.14192	53.35186
79.14192	52.86998
78.96281	51.85585	13.79493
79.04767	52.76154
79.10017	53.21754	31.04368	14.9562	35.07441
79.14284	53.16356
79.32167	52.71208	1.785078	38.80187	47.40559
79.16896	52.27524	11.57529	29.52147	30.21145
78.97025	52.71978	27.90721
78.9604	49.38673	30.50355
79.07134	46.55136	89.0575
79.14449	48.72663
78.96536	50.06887	89.22624
79.17176	51.92976
79.14661	50.74968	34.54896
79.1404	53.29636	88.89075	47.25348	38.7888	34.41473
79.11377	50.18154	30.91939	1.986695
79.11947	47.62628	88.7374
79.19847	52.36068	89.28771	51.44669	4.407305
78.94507	53.32045	2.938169
79.14066	52.37216
79.11234	50.78737	38.30085
78.98455	52.99788
79.18266	49.96597
79.08504	48.34539	14.55692	46.36882
79.11819	53.10012
79.15712	52.92774	88.83656	34.67683	6.728912	2.281804
79.11619	52.69284	88.82208
79.0817	52.77586
79.11621	53.27049	53.00927
79.18547	52.90347	1.623151	2.693943	5.658144
79.23244	50.15164
79.17804	50.69738	2.883139
79.07285	50.87788
79.08895	52.80584	29.03085	12.0658
79.15917	53.287	14.92287
79.15234	53.41488	23.32962
79.09553	52.80855	10.74404	9.199751
79.09553	53.02465	45.05403	21.93227	19.99794
78.95644	53.05952	12.24924	21.76162
79.17436	53.0964
79.02009	52.10815	18.24057	17.86232
79.15889	51.95521	45.58657
79.0624	52.1371	27.13511
79.14432	50.00378	29.94081
78.95954	52.27739	43.75002
79.18968	53.24651
78.93456	48.49094	3.529684	0.07749614	8.739684	89.27407
79.00517	49.57934
79.07248	52.24041
79.33731	52.34428
79.07694	52.76793
79.09532	51.58761
79.09273	50.04323
79.09273	52.96292	37.00018	49.05886
79.06225	50.51374	28.30424
79.10791	51.61496
79.4377	53.2483	4.248463	22.57192
79.18451	52.88701
78.99875	52.59175
79.17022	52.85942	32.59785
78.95668	52.24888
79.0859	49.06162	14.90673
79.01809	50.44777	40.02887
79.07328	51.23322	48.91617	0.7773767	39.57583	14.36368
79.11799	50.44623	2.832293	26.88846	31.73772
79.23553	49.81724	6.275804	19.72068
79.08172	53.08962	89.23699
78.9457	53.02997
79.13146	53.07355	29.00772
79.00371	52.87027	29.51979	34.43077	12.00095
78.9898	49.49307
79.07947	36.09634	21.99308
78.94481	36.05852	21.39309
79.13627	40.35246	6.182886	10.97895
79.07461	37.67739	12.33124	0.3005043
78.95927	39.79369
79.10352	43.37123	29.5207
79.15321	44.89094	2.688588
79.07146	53.61512	47.1588	19.6189
79.00741	51.1182	25.45145
79.19153	50.94444
79.08473	46.04119
79.08473	49.73658	42.8851	43.77393
79.08582	52.08275	51.47174
79.1906	53.09082
79.15734	50.70588	29.47437
79.07428	53.12617	21.0162	36.57821
79.08586	53.23476
79.00017	53.24513	7.077379	4.284314
79.10379	43.40323	0.6728059	10.84135
79.12213	40.86479	22.75085
79.24923	40.13223	22.98862
79.10563	40.48709
78.9417	40.12148
79.23317	38.66131	33.59494
78.94783	47.24697	37.56048
79.26368	50.00467	88.89975
79.41466	53.14269	51.22728	24.91614
79.23881	52.82369	27.96543	38.82233
79.12715	52.39185
79.07791	50.79155	29.60498
79.10759	52.379
79.08777	50.98817
79.1007	51.32205	41.21955
79.10386	52.15749
79.0751	53.03685	42.20318	50.70954
79.01238	52.97841	1.264567
79.16384	51.95838	88.95268	15.78904	42.51788	2.791254	22.19377
79.15081	50.91556	49.57878	15.14927
79.23985	52.67503	3.580891	1.788951
79.12173	51.95418	30.12909	34.81636	21.88387
79.15853	48.10062
79.08028	48.93454	29.90593
78.96554	46.98312	27.05119
79.07248	44.45812	42.02115	25.41587
79.07248	47.85386	17.29043
79.0952	52.67177
79.24329	52.62909	24.4577
79.07208	53.41835
79.13402	53.4303	42.2563	87.95988
79.11485	53.63852	7.628524	2.029335
79.08359	53.42851
79.13976	49.22416	17.03772	3.867836	4.440262
79.16374	52.87926
79.12018	52.41612	18.57445
79.12016	52.76776	43.20732
79.19433	51.82547
79.16352	48.89058
79.12422	46.12819
79.08926	48.95899	21.50619
79.00825	51.29629	30.69871	29.84415	26.69738
79.16432	52.63607	3.083177
79.07384	53.03796
79.07384	52.60472	22.41838	27.48766	43.60753	20.86349
79.12997	52.55784	38.91075
79.12555	53.14696	89.26103	40.08021
79.19266	47.61909	8.208021	26.70297
79.35819	52.58333	27.65641
79.31558	52.87017	88.97823	22.96517
79.02392	49.87984
78.99296	53.19729	24.58935	26.81269	49.94951	9.536867
79.05102	49.05229	9.732334
78.96069	52.29208	26.1486
79.09592	52.69229
79.09592	53.19668	21.02223
79.11179	53.15375	24.46566
79.10435	52.53197
79.07264	54.82257	47.58213	29.86895	54.80023
79.41819	51.68396
79.27387	50.44243
79.17686	51.18482	38.0664
79.26657	52.93606
79.09405	47.27341	31.82046
79.09405	50.27523	33.2643
79.09405	53.22848	14.47607
78.92966	52.06774
79.09232	51.12067
79.08452	50.2693	32.28704	2.312126
79.34954	44.42239
78.99087	51.96471	39.05786	26.27918
79.27566	52.19344	39.43119	42.76197
79.10941	51.74822	38.94363	47.58845
79.18511	52.83579	18.59026	20.23399	49.2648
79.22668	51.52864
79.24703	52.62956
79.04726	54.55633	2.182921
79.08561	50.7851
79.20577	52.12533	88.89457	51.08793
79.178	51.63532
79.12876	50.02506	25.5236	34.64562
78.99827	45.7497	39.02161	33.5211	39.74081
79.07637	51.22598	43.5511	43.09601
79.07637	51.96656
79.08638	51.61185
79.09681	51.4231	17.03657
79.13213	50.55521	35.14342	12.97894
79.10403	50.08741	31.0594	6.740175	36.45801	47.88778	88.75057
79.07837	48.6151	5.194729
79.07837	48.86923	89.2052
79.31226	44.82124	17.71983
79.17603	43.72998
79.32484	39.81889	36.80165	21.62298
79.17993	35.00071
78.96378	27.25966	19.24487
79.1044	31.88698	22.35781
79.105	27.06446
79.1437	20.4207	9.038721	88.87032	9.377476
79.1199	17.1885	88.39973
79.07501	14.10415
79.15155	9.582083
79.10123	9.320645
79.02274	4.431542	3.264908
79.1657	4.092931
79.45897	7.255478
78.96919	8.528791
79.09452	2.141462
79.07818	0.5924091
79.09029	2.078988
79.26765	5.132508
79.27728	5.973026
79.3505	9.00265	89.23389
79.18459	12.95942
79.25163	17.8031
79.08659	23.38927	2.859734
79.08659	19.78837
78.99412	19.07759
79.12252	15.66415
79.00207	25.39313
79.13478	22.05305	9.235869	9.474802
79.3684	19.15768
79.08083	23.9795
79.08083	25.52529	5.813878
79.14214	30.59884	89.02769	0.8023375
78.97866	30.33231
79.15184	31.82719
79.23997	36.72977	11.55585	9.987968
79.16803	40.37674	32.14782	3.704613
79.07672	40.15694
79.15156	35.89264
79.26554	42.02548	1.750418
79.17672	47.90481	39.97395
79.11039	53.39415
79.03428	53.26214
79.16017	51.10781	89.00705	3.838436
79.10821	50.8331	88.88858
79.20136	53.0393	44.99719	89.53555
79.08107	52.27445
79.07587	51.22801	25.5549
79.07587	53.19968	38.73963
79.08348	52.84763	40.53301
79.07724	52.95522	0.7642904	43.13093
79.19419	52.8688
79.09488	50.12741
79.21378	50.96462	76.9325
79.07004	48.32615	17.12018
79.09761	49.72038	17.76931
79.09788	51.61019	44.40177	45.36264
79.15885	53.0261	30.96101	21.66919	89.64685
79.15395	48.75356	45.43256	38.87909
79.11699	52.75134
79.35595	50.58832	5.465817	73.56776	66.1448	42.99743	18.60249
79.43591	53.28313	73.60277	66.45557	2.959256	38.4507	18.43618	48.11408
79.12643	73.96431	65.78015	39.48485	18.18361	29.77082	12.23223	3.743567
79.07451	73.95698	65.70958	36.87323	6.424645	26.86121	89.59683
79.10274	73.90044	65.79095	89.26011
79.14223	73.97563	65.80922	89.31724
79.61626	73.92294	65.78412
79.40309	73.6093	65.9029
79.20272	74.00894	67.00748
79.12176	73.89183	65.61427
79.89177	73.94047	66.15854	51.47206
78.90246	73.70486	65.86034	48.52562	11.70843	41.13807	15.17112	44.25347
79.08826	73.79359	66.32838	52.42231	7.724876	79.02058
78.97946	73.56217	66.12371	53.41432
79.19946	73.78551	66.64355	52.92891
79.14068	73.91998	66.60442	51.31718	49.40184
79.14068	73.91227	65.88991	49.17551
78.95832	74.10919	65.73547	49.94441	11.29764
79.10735	73.97941	66.00125
79.26552	73.97941	65.72902
79.33698	73.93981	65.95872	89.03987
79.1948	73.89278	65.90478
79.0842	74.09616	66.20405	39.51567	18.7664	17.49396
79.0842	74.00917	66.07503	38.10154	17.04917	23.12507
79.0842	73.93845	65.81967	40.25538	28.59946
79.0859	73.96188	67.20953	38.6571	9.203094
79.0859	73.76697	65.87359	39.77098
79.0859	73.98685	65.76977	42.19999
79.0859	73.96337	65.66974	41.88543	89.26137	12.43045	16.57074
78.9941	74.00821	66.30785	40.85403
79.17944	74.00821	65.96332	41.54117	23.27565	2.490264
79.09852	73.83695	66.24883	53.26911	31.68529	15.9264
79.09852	73.83695	66.23482	52.75773	36.36231	36.54794	88.62241	43.86029
79.09852	74.09703	65.78944	53.30198	6.696415	15.14027
79.09852	73.78882	65.81076	53.08508	0.5950829	88.0272	89.67287	25.51096	10.1077	35.53358
78.95822	73.70486	66.29494	53.25743	3.41344
79.12352	73.9159	66.01252	52.87302	14.49374
79.17575	73.68845	65.89934	51.64003	24.65988	1.170805	34.40029	9.576781	4.588611	3.412667
79.12579	74.02531	66.3328	34.06884	21.95816	60.48929	88.87405
79.12579	73.82583	66.3916	52.85778	21.18099	28.68443
79.00479	74.03517	66.46421	53.24639
79.06594	73.82076	66.28436	53.3059
79.35101	73.87269	65.91349	7.422528
78.98112	73.92613	65.99925	88.71778
78.98112	73.95475	65.88937	37.81437
79.25417	73.86052	65.88805
79.329	73.88049	66.37328	42.11043	1.936246	0.1257386
79.05916	73.96207	65.99725	53.42731
79.07582	73.93162	65.97498	51.50509	89.39218
79.07582	73.93162	66.51966	89.10489
79.10399	73.99503	66.55072
79.1016	73.91449	65.90856	50.31193	18.1755
79.08742	73.9824	65.917	48.77744	46.0598	2.410081	46.61368
79.22993	74.03272	66.21344
79.19407	73.6544	65.946
79.07802	73.78545	65.68171
79.16993	73.8464	66.04079	17.16537	53.70631
79.13516	73.74659	66.48336	35.26232	36.78374
79.17819	73.28375	66.11217
79.04674	73.58332	66.00412	53.63439
79.24193	74.10886	65.88523	53.09647	20.06291	36.80032	4.165354	33.5977
79.30957	73.98806	65.86875	49.94174
79.30518	73.98806	66.38209	53.17036	88.73292	11.91458	27.19499	16.14302
79.42154	73.98806	65.9081	51.75854	32.3188	7.568681
79.35626	73.6897	65.76616	54.44659
79.26776	73.92851	65.72017	26.09179
79.12195	73.90393	66.12517	3.561199
79.09423	73.98993	67.5782	16.89223	65.95524
79.07879	73.75218	66.44232	17.96763
79.12936	73.95484	66.07367
79.08452	73.96933	66.25653	5.179066	88.94127
79.13829	73.95224	66.13337
79.1518	73.80675	66.14569
78.96292	73.8792	66.29385	49.5378	45.21666
78.97817	74.00114	66.19613	47.38723	27.56227
79.16124	73.98206	65.85391	45.18189	33.57287	40.02103	18.42298	14.85715	29.8144	28.27773	26.03249	1.267076
79.12661	73.81878	66.0324	8.034556
79.07363	73.81878	65.76062	8.491973	6.573918
79.44385	74.03429	66.05984	48.43122	28.06838	8.147176	36.04579
79.35162	73.97834	66.62835	53.17152	5.368669	49.19951	45.37981
79.10325	73.91776	65.886	53.1468
79.32438	73.61831	65.9837	27.64423	79.20837	28.14799
79.08396	73.83181	66.25607	52.18634
79.08396	73.92456	66.52684	52.3227	40.93563	34.60587	18.72799
79.17947	73.91912	66.17981	48.94585	7.101131	22.04967	35.09298
79.06972	73.76823	66.3139	53.81137	1.926781	51.65466
79.19718	73.97596	65.89461	51.9065	11.73827
79.0988	73.99853	65.77523	53.11205	39.79969	33.09861	52.46709
79.09548	73.88272	65.69775	49.74395
79.09548	73.8016	65.94717	52.57467	24.70539
79.09548	73.90697	65.65781	52.63856	1.867315	16.53701
79.09548	73.79463	65.92807	53.28814	24.85184	20.90727	13.77767
79.22053	73.92665	65.97937	53.2349	37.3845
78.95264	73.92665	66.3803	53.54962	3.497485	40.88547	26.68349
79.06498	73.9768	65.98108	52.34913	36.4934
79.06498	73.96019	65.94091	52.97225	11.90568	46.89737
79.19489	74.0316	66.26312	53.9664	88.59073	22.73148	32.36592
79.20539	74.08437	65.75442	50.25752
79.15832	73.90055	65.70124	52.70405	88.95833
79.2666	73.93604	66.0579	49.01022	28.60236	38.91389
79.00709	73.93604	65.84987	58.08045
79.52231	73.97061	66.20944
80.14589	73.97061	66.39862	79.14013	41.5235	39.05071
80.17185	73.97492	66.02532	79.62942	41.11984
74.01296	65.83498	79.16777	42.1457	8.761649	28.96117
73.85281	66.45925	79.16777	41.00064	62.58454	17.11904	59.67177	16.00995
73.85281	65.82038	79.10527	39.50929	27.57257	30.07098
74.13649	66.20485	79.25175	38.98571	66.39073	36.2167
79.10913	66.07442	73.84101	53.92083
79.13405	66.31239	73.90861	52.89053	88.73749	42.47209
79.10326	66.32491	74.01254	50.69743	88.18852	22.82898	49.88189
79.17624	65.83773	73.94852	52.19587
79.10311	67.06845	73.94852	53.21671	41.82067
79.24444	65.76664	73.84373	50.77137	6.963039	44.24369	48.69857
79.44226	66.12251	73.58537	51.87415	3.56493	37.92722
79.17031	66.49219	73.92922	40.62039	31.17037
79.48216	65.7385	73.99102	49.3513
79.08148	65.77029	73.99102	50.90051	14.1252
79.17636	65.89904	73.8116	51.49763
79.10543	65.94139	73.9953	50.5897	35.10707	87.02481	48.17462	11.09291
79.21486	66.27938	73.78876	52.71706
79.08561	66.29762	73.97437	52.00589	8.059977
79.08561	65.81704	73.97358
79.11983	66.15384	73.96956	48.67657	89.0601
78.98149	65.82831	73.57057	51.53037
79.10967	66.13362	73.98096	53.13243	14.72522	32.04285
79.10903	65.68492	73.98096	52.28737	43.23411	21.53864
79.00217	66.3025	73.74672	53.62691	14.74505
79.19881	65.99573	73.99141	53.20147
79.13634	65.78951	73.75975	53.18427	17.36797	43.78107
79.13634	66.51717	74.12876	51.17846
79.12517	65.75652	73.94559	52.75707
79.1218	66.27613	74.00178	52.99661	26.02112	20.07485
79.20746	66.01376	73.72892	52.37768	1.255438
79.20746	65.77885	73.94688	53.24076
79.04825	65.74874	74.02773	53.39487
79.81323	65.97754	74.00075	51.2054	89.11868	20.6439	30.19189	79.53959
79.57458	66.93799	74.0028	51.16059	5.642379	33.41151
79.23386	66.03167	73.96373	50.31483	48.5576	13.73275	28.25199
79.25975	65.95218	73.96373	89.20103
79.22159	66.44949	73.9398	37.12446
79.1848	65.90315	73.95818	52.74494	7.917582
78.96308	66.14921	74.08243	51.39947	88.62651
78.95293	66.08948	73.88591	48.09456	17.93297
79.25309	65.9708	73.62374	49.56595
79.08158	65.90159	73.95928	53.34189	0.04042492
79.08745	66.89457	73.74255	52.95499	16.71384	45.49157
79.08745	66.97328	73.74761	52.53807
79.43787	65.94575	73.89634
79.32214	66.02832	73.99834	41.527	31.58791
79.1307	66.03875	73.77372	45.62679
79.08703	74.02731	52.3374	66.22317
79.38011	73.85639	50.722	66.12029	29.92475	23.89103	27.58897
79.07743	73.9552	53.37124	65.8549	51.0877	24.84617
79.07743	73.76022	55.11188	66.00191	53.0042
79.07242	73.65155	52.81978	65.95964
79.57211	73.91281	50.7451	65.98968	15.59583	62.26593	36.05641
79.20683	74.02612	66.07238	3.180155	50.09637	36.49596
79.10007	73.96645	65.76622	50.32248
79.28965	74.05892	65.76036	53.05185	8.138718	42.53033	25.76703	16.08227	49.82002
79.09077	73.86786	65.89869	53.43727	13.43344	7.033471
79.10258	73.96567	66.07959	50.03283	26.12486
79.09567	73.74035	66.00027	37.02959	7.247213	88.9647
79.09567	73.74536	65.60879	35.15842	24.41118
79.11333	73.94161	65.89713	35.43017
78.98176	73.9177	65.92627	39.91656	17.35675
79.23061	73.57656	66.0122	31.47181
79.08418	74.04312	65.9715	30.71742
79.08418	73.72286	65.96542	34.13401	37.15987
79.12561	73.89279	66.42447
79.08207	74.01119	66.07346	88.72972	47.01664	31.62591
79.08207	73.96773	66.30148	47.21058	29.45326	38.87602
79.11121	74.09261	66.02961	53.86772	34.14011	22.47903	31.84944	40.2399
79.11118	74.00294	65.8356	45.00642	1.759953
79.11118	73.96194	65.98211	40.07821	39.78772
79.10198	73.96394	65.86565
79.12355	73.96394	66.02875
79.07725	73.9645	65.90081	53.60516	30.23242
79.30874	73.80618	66.28344	52.43936	42.45182	15.83088	22.67481
79.13786	73.97115	65.757	51.09812
79.20066	73.88024	66.37455	49.74209	27.64048
79.22387	73.93791	66.25744	53.2124
79.14625	73.92173	66.00149	49.63941	7.519361
78.99503	73.94982	65.67245	24.65898	7.948274	49.35512	35.48937
79.13796	73.8015	66.02301
79.08459	73.94249	66.3943
79.11253	73.54515	65.74017	53.42634	11.85845	88.90677	41.54916
79.11253	73.94042	66.03882	53.32594	28.68921	21.97189
79.16315	74.03313	66.58247	35.05946
79.43937	73.9637	65.7575	30.98454	9.125989
79.24411	73.89269	65.98033	45.56006
79.37146	73.89269	66.68914	52.81278	12.2459
79.10039	73.83925	66.22947	53.09638
79.08371	73.86345	66.08823	51.49786	43.93857
79.07563	73.8461	66.86172	51.91734
79.08457	74.08262	66.57855	50.16333	29.40728	9.809264
79.10767	73.60304	66.30739	40.55759	7.418949	27.39201	6.69028	15.96226
79.10767	73.73895	65.66712	35.08103	89.01884	19.29844
79.10767	73.85836	66.67285	37.67638	33.6145	13.62714	87.76156
79.13709	73.85836	65.8053	37.55573
79.37989	74.02069	65.67059	46.08856
79.18412	73.97205	66.06204	46.16378	11.57028
79.1898	73.92028	65.73979	44.86759	27.44121	13.92853
79.20396	73.97554	66.03203
79.36048	73.98981	65.78754
79.08288	73.98981	66.22052	54.52164
79.16714	73.98981	67.18315	50.75705	1.664944
79.18498	73.98981	66.34939	41.08938
79.18498	73.77379	66.47509	46.1136	7.788784	29.06874
79.00441	74.02729	65.99963	45.87718	12.2756
79.27656	73.1944	65.94461	51.89645
79.10883	73.96431	65.82593	53.12506	2.916363	43.17948	12.13844
79.14678	73.80671	65.68021	37.4847
79.2046	73.85731	66.01798	38.8332	33.76822
79.22811	74.00287	65.88008	36.67993	89.2195
79.08121	73.70254	66.1937	41.02315	88.87419
79.08121	73.9672	66.20712	42.28328	4.098912
79.08121	73.97874	65.6995	50.1367	20.86855
79.11012	73.932	65.86415	89.05817	48.87755
79.20794	73.9202	66.36193	89.04683
79.25612	73.95573	66.30351	88.54843
79.18051	73.88712	66.28094	6.562746
79.12117	73.80836	65.97467	24.3239
79.10452	73.76712	65.84656
79.10691	74.00149	66.1228	18.54754
79.14329	73.96106	66.79456	20.35964
79.08976	73.98737	65.85669	13.09291
79.08842	73.9033	65.99371	21.71889
79.08373	73.97023	65.68226
79.12104	73.91025	65.66034	35.51236	5.843793	5.503101
79.12104	73.66347	65.99056	29.58307
79.2263	73.63367	66.19822	30.48738	56.00601
79.1487	73.6981	65.5163
78.97733	74.02274	65.9539
79.31529	73.67977	65.93258	25.16659	74.23152
79.16456	66.06234	25.45515	73.51969
79.52463	66.60531	26.80056	74.02959
79.26255	66.30552	73.39096
79.29036	66.08335	74.01377	89.01833
79.12893	67.15544	73.75575	45.43976	21.24386
79.16914	66.1414	73.939	47.24026	5.733846
79.33009	65.73024	73.87878	50.48321	9.214026	46.70642
79.34961	65.80827	74.013	52.97161	15.59052	35.4472
79.31684	65.71122	74.03664	12.68996	53.15426	9.925081	35.43301
79.19531	66.32492	73.79706	48.2762	40.40902	56.45736
79.15525	65.89738	73.92992	50.50244	89.2616
79.0905	66.05895	73.88566	46.66036	23.15047
79.26133	66.35555	73.75729	51.24287
79.38072	65.88787	73.74469	48.19172	35.03792
79.29227	66.48886	74.03179	18.94189	12.66117
79.09759	66.38912	73.87742	18.58107	89.11517
79.26761	66.33065	73.88416	20.6993
79.21344	65.87131	73.88416	21.49956
79.20215	66.11445	73.86607	29.02364	19.50079
79.1676	66.27409	73.99188	89.2316	65.24792
79.13694	65.79071	73.66984
79.09548	66.01481	73.94033
78.97319	66.60761	74.08199	16.28586
79.07332	66.53568	73.94299
79.25661	66.2479	73.97185	25.1789
79.14651	65.98517	73.79564	65.39767
79.20034	65.82333	73.99621	73.49058
79.05019	67.05704	73.84451	88.60647
79.20453	65.82734	74.00954	21.9811
79.27032	73.89989	65.28547	41.12718
79.08685	73.20204	66.59703	39.81128
78.98066	74.06015	66.38921	47.36126	20.30537
78.98412	74.07425	65.79645	47.91798	22.23454
79.32799	73.99888	67.74176
79.37262	73.99888	66.94637	89.08771
79.09062	74.03231	66.02511	89.06557
78.9726	74.07116	66.1849	20.38424
79.17382	73.89323	65.91173	44.79682	8.657084
79.09579	73.75181	66.14799	41.58759
79.09579	73.86683	66.05832	39.55444	65.82401	35.56658
79.24421	73.41015	65.99902	39.02614	20.78173
79.08074	73.37727	65.88042	38.18502
78.95974	73.96163	67.17664
79.37705	73.96562	65.68347
79.04925	73.65661	65.82254	9.583538
79.23026	73.42774	66.40607	51.25759	9.930053	10.12931
79.08038	73.94046	65.65616	46.85783
79.45317	73.34381	65.87925	61.66972
78.99105	73.78454	65.7385	65.49148	88.83667
78.97879	73.85242	66.30006	40.05297	0.7727859
79.12468	74.09867	66.18499	45.38456	70.22653
79.37411	73.81841	66.40986	3.741584
79.14931	73.99101	13.50879	88.97792	65.84983	5.495758
79.17281	73.88034	65.93576	40.10511	31.96363	20.70788
79.10889	73.88034	66.01478	45.9795	5.160043	88.77735	9.973582
79.08491	73.94144	65.93519	53.1873	19.10054
79.27398	73.99488	66.1	52.6196	50.97091	46.35312	7.980839
79.08791	73.84762	66.30392	53.4577
78.9968	73.8083	66.09013	53.25474	49.54924
79.12935	73.85277	65.91217	51.32045	88.98158	28.27883
79.10982	74.02829	66.02656	48.4773
79.07345	74.02829	65.90263	48.5447	88.86875
79.11876	73.96054	66.05032	42.78723	36.64546	30.48892
79.14889	73.44086	65.75912	41.21102	35.1951	78.95727	35.11247
79.11474	73.4433	65.77544	40.81035	22.69653
79.08647	73.93	65.94857	41.25331	88.99156
79.15288	73.84069	66.2775	42.43609	1.245534
79.14944	73.93454	65.78106	53.35521	48.85066	0.4245971	23.53953
79.10171	73.89181	66.19783	52.7789
79.10171	73.90509	65.76253	52.61678
78.97939	73.81642	66.01789	52.0498
79.07044	73.98559	66.71763	52.51318	2.984552
79.06406	73.9615	66.38658	51.65687	32.28602
79.18231	73.8566	66.39375	46.12985	88.86688	23.54589	27.87112
79.08796	73.8387	66.06244	89.05282	39.82822	25.06193
79.27016	73.01526	66.40708	39.07758
79.07066	73.97995	66.24562	38.40003	18.42591
79.42348	73.81644	65.72345	38.93257	16.9072
79.00367	74.08732	66.17079	41.07457
79.10133	73.49839	66.50894	38.63094	33.00763	10.08799
79.35643	73.91084	65.95893	39.88064
79.34551	73.98983	66.26703	53.76781	18.68933
79.19158	73.91358	66.63382	53.58223	24.83298	73.87108
79.11433	73.91358	65.94467	19.78205	56.34207	2.975547
79.11433	74.05875	66.36299	36.46352
78.97643	73.99197	66.23962	88.82253	29.05976	25.0471
79.07253	73.87292	65.60809	29.72571	82.78362
79.07253	73.87292	66.05298	25.36714
79.09021	73.75006	65.93483	26.24658
79.1032	73.8088	65.89291	49.81227
79.00321	73.52786	65.93274	52.51845
79.24258	73.87643	66.46235	51.81705	5.655991	9.431306
79.09608	73.70839	65.66443	53.4423	1.564053
79.10601	73.9415	65.75735	53.01484
79.13213	73.98259	66.83061	52.99096	6.621099
79.05617	73.80782	66.35203	52.83393
79.09777	73.80782	66.07004	53.89614
79.09777	73.68523	65.9692	51.87771	2.202308	10.26862
79.19953	73.82079	66.48855	47.43587	32.10816	18.07413
79.2503	73.95727	65.79706	23.60545	9.024333
79.04696	73.87128	65.80407	48.85336	20.94674
79.37359	73.60441	66.04153	48.90557
79.12291	73.95768	66.29809	51.47855
79.06452	73.99359	65.78684	49.64419	25.07247
79.13209	74.00907	65.65407	50.88504
79.22972	73.99947	65.88987	89.11291	42.42708
79.23679	74.0175	66.43487	34.32367	13.40046
79.34189	73.71761	66.11307	88.72969
79.20146	73.98439	65.9019
79.10342	74.03182	65.91368	25.8604
79.10342	73.96104	66.08179	27.74173	62.23013
79.08776	73.96437	66.76896	0.7320224	73.8536
79.09522	73.96437	65.89197	44.53005
79.10252	73.81429	66.06417	46.75435	23.47708	31.69376
79.26312	73.81157	65.74263	37.67616	24.26271
78.97205	73.90957	65.78055	28.88097
79.14349	73.49569	65.77039	39.12574	89.0062	28.13801
78.94348	73.87485	65.99915	40.52447	83.37576	27.60524
73.86487	66.34963	41.77427	79.3044	89.11987	22.53135
73.72276	65.94371	40.29031	79.0356	22.52755
73.95274	66.23879	79.24332	89.20271
73.82701	65.89404	79.09202	60.60968
73.97814	65.72179	79.09202	35.49698
73.82892	66.41918	79.1743	39.32859	65.25575
73.95533	66.49948	79.16663	35.88906	2.863813	10.83315
73.8748	66.17424	79.0777
73.87133	66.01907	79.07855	35.31236
73.85581	66.50861	79.48254	40.70649	3.795941
73.80204	66.35082	79.15423	37.15043	89.2813	6.816514
73.81819	66.19418	79.12351	36.78567	89.01248	16.12458
73.90033	66.34237	79.21818	19.12161	8.119812	68.56821
73.8237	66.03599	79.14887	45.53601	9.08345	36.84	89.32661
73.51525	65.83342	79.17898	31.37764	1.68371
73.87648	65.89628	79.17898	33.15812
74.08349	65.77442	79.09408
74.10736	66.94424	79.07958
73.91484	79.19613	46.2166	66.44493
73.89963	79.04741	65.92503	17.29944	7.135638
73.85589	79.06505	65.90582	41.18607
73.98894	79.0063	65.97381	33.04585	37.56387
73.95072	79.0063	66.26995	40.86593	14.94878	38.10253
73.98162	79.10485	65.7575	42.18384	28.52571	31.78082	30.39975	4.597238
74.04207	79.09734	65.85053	39.95066	88.96685	57.30497
73.81066	79.09734	65.96661	88.82848	38.18652
74.02544	79.07351	66.55171	37.95122	28.93612
73.98068	79.0873	67.16734	37.59188	8.961308	11.05412
73.93227	79.0873	65.85028	38.55995
73.70163	79.22172	66.0574	41.16217	34.46347	26.67888
73.86984	79.87211	66.30839	41.60727	79.14471
73.91998	79.1479	66.29768	37.5076
73.92802	79.08662	66.22725	50.7102
73.99067	79.08191	66.28101	47.61281	1.9456
73.91948	79.15603	65.8614	42.41816	20.35286
73.91948	79.14956	65.61967	52.6201	4.306859	8.967385
73.69945	79.12225	65.62323	48.27766
73.74254	79.12225	65.8009	49.09479
73.89712	79.12225	65.96372	52.20567
73.80523	79.18806	66.43405	0.6882753
73.80498	79.16618	66.05374	3.12057
73.91032	79.1599	66.12019
73.83215	79.11546	65.68609	9.182689	29.84001
73.94381	79.07428	65.84679	37.3138
74.011	79.07428	66.03008	31.75227
73.98501	79.09019	65.94262
73.86122	79.12848	66.42235	16.04199	0.2397939
73.99104	79.12418	66.03398
73.55435	79.12613	65.75738	53.20951	16.10032
73.97173	78.93599	66.57958	49.85798
74.03251	79.17186	66.06603	48.29118	30.44492	66.0123
73.79386	78.99003	66.37288	46.82548	36.33792
73.87201	78.97201	66.26826
73.97439	79.09308	65.95773	52.23276	20.88395
73.95197	79.09308	65.89551	89.08239	52.03605
73.86367	79.23527	65.68936	53.63748
73.90267	79.22226	65.68612	50.62138	88.64702
74.00137	79.14456	66.33153	52.80208
73.98421	79.32281	66.17238	52.94878	9.699118	43.85871
74.02262	79.31074	65.82692	53.42507	5.71575
73.80441	78.97115	66.22726	51.89827
73.85026	79.56468	65.90824	39.42387	0.7395576
73.98681	79.24061	65.67105	42.50892	27.8785	15.63262	40.48488
73.88948	79.24061	66.84352	17.4237	0.05902798
73.82991	79.28654	62.96451	52.93844	65.9431	59.67289	34.23909	51.87547
74.0214	79.11964	62.8622	50.05293	65.89374	59.73841	20.50639
74.0214	79.11964	62.68698	50.70686	65.97058	60.16995
73.81246	79.11964	65.66464	50.96759	4.465857
73.81246	79.12377	66.43224	53.4626	25.90532	38.08595
74.06071	79.1388	65.84283	53.05487	11.05119
74.02714	79.28628	65.84138	50.08423
73.91073	78.99956	65.98135	52.24266	88.91198	39.96523	37.28457	0.1404881
73.81548	79.08259	65.92687	49.46593	21.55055
73.81506	79.07839	65.9879	49.75012	4.323956	29.84743	14.65068
73.97111	79.07839	65.98874	52.19697
73.42779	79.07839	66.02377	53.39195	89.02191	9.907553
73.58454	79.07983	66.21852	30.92808	23.0114
73.62298	79.15514	66.04918	30.26504	6.816436	19.21287
74.03314	79.14382	66.2132	40.89839
73.84883	78.93726	66.05175	39.15923
73.92272	79.09491	66.72034	38.6291
73.83773	79.07354	66.31895	46.56019	89.07815	23.51244
73.99631	79.33693	66.34232	50.09529
73.99631	79.05239	66.50222	50.27411	13.12907	2.636494
73.57132	79.14635	65.99663	51.7815	30.01799	65.30769
74.0532	78.95691	65.89147	37.56421	17.19568
73.61659	78.94623	66.37177	34.50998
73.98526	79.01065	66.08745	17.9115
73.72483	79.16619	66.04029	8.268001
73.78574	79.28853	66.10464	32.39863	22.28407
73.93337	79.11787	65.91284
73.9595	79.20375	65.91517	46.74614	46.12636
73.94626	78.97949	66.88823	49.73242	12.20491	6.715492	2.764585
73.94564	78.98122	67.23824	32.49647	28.42399
73.91236	79.45913	66.46146	33.29591
73.93546	79.10589	66.0486	52.38613	18.03124	8.729547
73.82332	79.0924	66.06997	50.54539	32.71932	52.28252
74.01341	79.08678	65.92785	51.3274	50.40574
73.89535	79.33433	66.04669	35.24128	71.66124
73.98199	79.08258	65.77073	48.82533
73.89644	79.20118	65.72158	52.19773
73.93353	79.08506	66.58764	54.36737	35.44126	36.9424	38.10168
74.00207	79.08506	65.98314	52.65783	7.11441
73.6085	79.08506	36.17744	67.71121	15.08911
73.88358	79.08506	66.42621	6.297086	41.33734	26.83152
73.90465	79.01765	65.86467	19.02414
73.8836	79.25385	65.96526	21.09118	88.97533
73.86798	79.10786	66.51303	52.04692
73.87018	79.15034	65.89456	52.39459
73.94308	79.25644	66.26889	48.97383	52.22363	51.57091	40.88855
74.00583	79.22048	65.71375	48.28374
73.65623	79.15695	66.02253	52.99044	51.2452
73.92474	78.95524	66.02997	52.77985	65.89288
73.81896	79.15925	66.27882	53.48571	13.9542	71.33164
74.0225	79.02365	65.88346	39.23639	23.81321
74.07289	79.14339	65.94371	44.22431
73.80707	79.16031	66.34516	50.05688
73.804	79.0136	66.59679	48.49838	10.85675	11.85996
73.86233	79.0191	66.11027	51.44579	4.019081	49.29279	22.40579
74.05787	79.08056	66.00921	51.79923	21.70354	2.601395	28.45716	11.35177
73.86817	79.08056	66.31948	47.50127
73.69209	79.13794	65.95891	3.568754
73.97445	79.26441	66.31088	28.82585
73.87781	79.06894	65.8121	21.64813	33.73088
73.89047	79.09219	67.18045	48.84819	30.18079
72.73334	79.11261	66.23503
73.9415	79.34899	65.75389	52.96951	40.38674
73.90287	79.14262	65.9865	51.53215
74.01526	79.14262	66.36821	89.01991	53.90326	41.01355
73.97815	79.08248	65.96554	89.03177	50.13986
73.88686	79.15768	65.95178	88.95636
73.73602	79.09309	66.28895
73.8897	79.0863	66.49672	30.28312
73.91097	79.29889	66.46152	40.66325	38.82482
74.03342	66.35818	79.36585	51.92105	64.02751
73.81035	65.69877	79.30468	52.27465
73.8932	65.80521	79.10851	5.296392
73.59593	67.14667	79.01541	39.37013
73.88733	66.33596	79.18161	17.02833	22.56653
73.91637	66.19837	79.11454	52.69701	25.77255
73.9467	66.1918	79.18747	48.69463	56.87823	18.45912
73.9467	66.44353	79.16274	52.3677	89.14264
74.08305	65.91711	79.18955	46.6031
74.03519	66.15061	79.14126	46.62225	13.54142
73.9604	65.80309	79.02716	45.13019	37.88237	24.93988
73.9604	66.38309	79.007	29.6207	33.5946	26.96579
73.9375	66.30338	79.11049	44.28083
73.89283	65.89498	79.3139
73.93962	66.42915	79.27823	32.84944	28.01445
73.91269	65.96238	79.02748	42.54813	2.250037
73.57301	66.06153	79.53543	50.66979
73.95228	65.91764	79.08122	44.70557	5.866416
73.99368	66.28525	79.19361	47.15324
73.9449	65.65451	79.22939	45.77535	13.87415
73.982	66.34813	79.32818	38.7182
73.99111	66.2722	79.09837	53.80956
73.86547	65.89733	79.09837	53.55952	10.81043	18.94763
73.88576	65.82186	79.08708	51.47175	28.03292
73.67347	66.27143	79.03003	52.81776	28.59142	26.80016	22.06253
74.12698	65.75707	79.1268	45.08307	1.048374	33.6368
74.09787	66.37691	79.1268	13.20777
73.84473	66.50183	79.1268	18.89421
73.67484	65.6866	79.1268	36.10836
73.96121	66.02945	79.68686	25.68005
73.90095	66.04702	79.12975	53.46024	89.31074
73.90095	65.69976	79.03335	53.68494	36.76353
73.86221	66.27082	79.35217	53.83134	0.2045338	45.90296	89.6173
73.66443	65.67031	79.10827	49.99393	60.14133	63.29019	28.65003	57.43989
74.0387	66.57945	79.10827	62.54236	60.22368
74.0387	65.74695	79.09694	88.64595
73.81688	65.76188	79.08957
73.86711	67.01854	79.11373	24.37194	18.15766
73.97386	65.97708	79.08852	27.93176	3.742914	88.80134	15.79312
73.9374	66.01962	79.07255	27.71409
73.65943	66.46113	79.14359	41.4804
73.61958	66.54837	79.22703	42.40569	1.596155
73.92364	79.19202	65.93936	30.93865
73.67756	79.2538	65.85981	34.96652	10.60518
73.97961	79.12539	66.10266	42.60082
73.96414	79.13071	65.85817	41.86723
73.92208	79.10601	66.31367	31.52368
73.92208	79.09183	65.8878	28.45936	11.9333	13.59307
73.79923	79.25885	66.04871	51.74474
73.8339	79.17008	65.89847	53.4043
73.95861	79.09474	65.70889	53.29525	17.54067	26.26906
73.52514	79.04694	65.77126	41.52659	3.930507	88.80517
73.9608	79.06713	65.92666	38.07928	9.438581	15.75849
73.95121	79.0454	67.44392	40.27444	59.0623
73.97516	79.11886	66.30448	63.8636	26.97667	19.05171
73.81995	78.97976	65.95658
73.81542	78.98459	65.70552	29.56876	73.46751	88.83482
73.9827	79.14022	67.81366	42.22774	23.44645
73.80415	79.16354	65.76463	40.68593	58.22236
73.93623	79.17442	65.81841	35.8842
73.74845	79.03933	67.026	35.85309	21.48763
73.99605	79.58612	66.9874	65.68515	26.35573
73.99392	79.0662	65.73948	25.97248	89.03928
73.99392	79.06439	66.06025
73.91458	79.17082	65.98152	28.24365
73.99436	79.18464	66.0393	52.19739	52.12088
73.99436	79.49126	65.7161	50.83444	88.72188
73.99436	79.22508	65.85366	49.6006	72.28772
73.98402	79.08871	66.42484	51.3879	27.43931
73.95818	79.14988	65.96847	51.41103	31.1645
73.98874	79.16665	66.11185	53.49399	22.68523
73.98874	79.09168	66.09908	53.26841
73.99395	79.09168	66.29354	51.51985	64.88503
73.83973	79.35867	66.27094	49.96833	27.13434
73.75388	79.36984	65.93193	20.52265	89.29043	4.761049	63.51776
73.88463	79.00208	65.89696	19.25518	5.589776
74.02435	79.07237	66.51727	62.01204
73.71177	79.19274	65.77434	37.69901
74.08341	79.20653	65.8995
73.76619	79.12064	65.93527	7.16238
73.9032	79.12064	66.37635	0.3703318	39.98811	64.93171	3.01291
73.85305	79.10968	66.28996	39.45009	23.06318
73.96301	79.10968	67.14568	29.31495	16.04921
73.86531	79.12492	66.2831	37.14912	0.5464791
73.80011	78.99001	66.00203	9.271756	43.04018
73.93244	79.19522	68.2041	66.337	66.47273	62.9695	65.63831	18.79591
73.75772	79.38085	65.66585
73.48779	79.32733	66.40255
73.86862	79.1182	66.27318	46.47772	22.42751	23.16502
73.95087	79.1182	66.11	47.45198	70.75313
73.90593	79.10355	65.65528	48.95736	8.899985	0.07019552
73.90593	79.11056	67.36896	48.2677
73.92254	79.2733	65.81255	16.37665
74.01888	79.17677	65.85135	11.67985	66.87673
73.86889	79.30675	66.26962	39.17203	7.333308	37.01871
73.84531	79.30675	66.58327	41.54199	33.84983
74.01184	79.06368	66.29827	40.76389	73.62797	12.37913
73.69898	79.27114	67.00045
73.94678	79.18913	65.89146	57.15944
73.79153	79.07706	66.68955	27.38414	14.63333
73.84794	79.07706	66.22479	30.42828	60.13071	5.04922	15.60126
73.97955	79.07706	66.51151	25.8951	88.96695
73.40082	79.14508	30.26375	65.92386
73.80262	79.36693	31.06403	66.05734
73.61755	79.12905	66.96009	63.67057	33.43698	60.00251
73.90036	79.29479	65.89559
73.98568	79.09507	66.42514	24.69389
73.94052	79.16643	66.32231	18.67069	63.66121
73.9887	79.09672	66.40398
73.97719	78.98006	65.64905	16.99712
73.84264	79.07367	66.07119
73.55277	79.07367	65.85913
74.02891	79.35637	65.94103	53.50862
73.991	79.11947	65.9003	53.38535	19.56971
73.97164	79.08015	65.9003	52.70696	21.50991
73.97164	79.08747	66.4864	51.99413	6.629678	11.06624
73.83489	79.10808	66.35031	51.14333	0.7647697	38.7359	48.46475
73.73893	79.13541	65.94677	51.56935	3.346021
73.93766	78.94901	65.94848	36.46252
73.99713	79.13818	65.87171	40.66344
73.93862	79.08521	65.97572	42.89212	42.3596
73.93169	79.15237	65.94636	48.55029
73.80723	78.96658	65.96889	50.07637
73.99274	79.12405	66.10854	52.1302
73.96431	79.11702	65.86702	52.41258
73.81977	78.93803	66.36395	53.21194	19.95415	7.845132	37.49655	49.46289	27.32211
73.70967	79.1909	65.89455	53.26759
73.98726	79.41018	65.86731	53.75176
73.59287	79.08807	66.6045	53.02691	2.710908
73.89058	79.08807	65.90931	53.23258
73.97493	79.16251	66.2876	52.42334	14.02286
73.93243	79.12	65.95607	46.10324	36.86587
73.93243	79.2328	66.36298	51.96655	35.29946
73.96052	78.93889	65.77416	47.73492	22.94984
73.99842	79.055	66.21658	50.71032	38.72173
73.90022	79.08051	66.04934	52.90082	32.95444	39.34537
74.02073	79.08051	66.05789	53.4265	28.45222
73.73343	79.26572	65.62862	48.23295	11.9138	58.65755	22.12791
73.84261	79.16827	66.17555	62.8407
73.7542	78.98627	66.04555
73.98125	79.1272	66.27882	65.75799	3.389063	66.04976
73.62409	79.15961	65.92189	49.19874	71.85636
73.8709	79.0851	67.24067	48.62372	40.68626	5.808704
73.77137	79.0851	65.84773
73.46935	79.02531	65.72137	42.94726	68.29015
73.90571	79.18042	65.87955	39.34741	35.62728	88.43293	16.17083
73.98947	79.15552	66.22493	37.72349	36.21718
73.98947	79.55982	65.84255	37.03877
73.69536	79.42194	65.96106	41.79996
73.69536	79.22876	66.1568	37.67313	10.41765	65.66621
73.9463	79.29444	66.37631	18.02872	88.8254	60.08598
73.93201	78.98782	66.13737	6.37735
73.73169	79.08014	66.59305	46.04785	88.56835	24.79216
74.03392	79.04317	66.00325	50.82212	89.35936	19.55279	3.861919
73.92507	79.19817	66.45877	52.29979	46.05764	51.5365
73.96047	79.18344	65.75877	53.19348	8.587754
73.82029	79.18344	66.02336	50.57668	20.90624
73.42727	79.13013	66.3571	48.13305	58.8118
73.98819	79.13562	65.89028	50.67559	62.57968
73.96318	79.13562	66.11492	47.89892
74.01748	79.14136	66.4685	53.3053	30.08969
74.02981	79.14136	66.47484	50.80618	50.58565	48.51845
73.73347	79.12231	66.16996	52.90763
73.9236	79.12231	66.00035	53.03724
73.83551	79.20638	65.73671	47.72921
73.93283	78.94828	66.30021	50.36177	28.88521
73.86629	79.21365	66.47718	47.01603	6.478221	40.04164
73.81419	79.11558	66.0431	51.29998	10.83294
73.82227	78.99191	66.12463	53.81297
73.97644	79.05049	66.24646	88.85845
73.61552	79.24114	66.17123	29.979	19.99302
73.94713	79.13981	65.81128	46.67669
73.94713	79.2783	65.86684	53.7585	0.03436399	51.02685
73.42589	79.15451	65.82321	52.91348
73.88236	79.0782	65.68942	53.61319	44.94433
73.98709	79.07346	65.69834	51.03021	17.26477	37.03688	27.0332
73.98709	79.07346	66.51068	49.82845	44.95427	65.63255
74.03283	79.25154	66.56053	88.87126	21.11821
73.64006	79.17327	66.04211	20.73494
73.88572	78.9829	66.77391	17.30285
73.3622	79.09177	65.75201	15.07101
73.92421	79.09177	66.14496	32.8625
73.92421	79.09177	65.64984	36.18724
73.98683	79.09078	65.75842	34.03914	65.67832
73.91381	79.09078	66.29124	51.9175	39.20481	15.48455
73.66002	79.10581	51.08857	66.75074	4.557776	88.65262
73.66002	79.07706	52.51609	66.4285	28.21948
74.17579	79.07706	52.82644	66.78807	73.92815	23.53324	40.13023
73.43223	79.17561	47.62408	65.95009	73.05475
73.64514	79.01341	48.87692	66.30968	44.67719	15.79871
73.87208	79.16181	51.32061	65.99848
73.99428	79.08119	50.71141	65.82724	47.7587	15.13845
73.99428	79.21898	53.7343	66.00939	88.60495
73.69811	79.08793	51.45605	66.03296	89.01244	1.957978
73.84365	79.10163	51.91394	66.05078	88.30997	9.479959	88.92518
73.81962	79.10163	47.96929	66.0651	27.15694
73.99409	79.10163	50.53551	65.88539	41.36705
73.76581	79.27736	52.5189	65.9817
73.95094	79.08969	52.97596	65.88567
73.92041	79.08969	52.88143	65.80089
73.46182	79.01695	52.95301	65.77512	89.67275	7.04912
73.97039	78.95637	47.62292	66.12051	39.26975	88.70541
73.97039	79.25757	48.49945	65.66074	29.17754	26.38178	16.67323	14.55949
73.93978	79.45199	65.94261	35.28301	89.17047
73.91504	79.19779	65.95736	38.46221	50.66856	14.0185
73.63999	79.36769	65.83893	50.224	9.794877	13.73669
73.4689	79.47605	66.52127	52.05037	78.99778	28.51865
73.9462	79.21397	65.95869	53.18802	11.18846	13.46925
73.83683	79.22991	66.73832	52.99199	50.39725	47.40639	30.12625	0.3118953
73.75076	79.09835	66.06457	52.49562
73.57218	79.13382	66.01003
73.87546	79.10371	66.38587	66.0248
73.89024	79.08627	65.73497	28.51722	38.17059
74.01181	79.10867	65.89185	47.44503
73.93996	79.21542	66.02798	45.77393	32.58261	3.092182	23.93017	88.97447
73.93996	79.16849	65.85484	42.10828	10.84109
73.96335	79.14849	65.74478	51.29518	49.15939
73.93211	78.98061	65.8738	48.2547	18.1666	1.285028
73.86649	79.07581	65.96408	48.78044	4.50347	13.87165	33.4752	88.80973
73.97476	79.07581	66.26747	52.0567	17.5473	34.13816
74.01707	79.07581	65.67105	45.71216
73.99634	79.32371	65.97619	41.50813	30.665
73.98881	79.17029	66.41032
73.97437	78.98628	65.83221	89.33536
73.54078	79.45217	66.26578
73.9061	79.01171	66.69269	32.29056	10.06967
73.9061	79.01441	65.84264	28.44351	69.70957	69.0698	6.427645
74.03232	79.08754	66.74335	28.03799	88.19822	17.73137
73.94432	79.23125	65.80176	51.39914	23.95858	14.69469
73.92809	79.30315	66.20767	52.33112	43.62937
73.92809	79.20152	65.93841	52.59739	9.894483	48.01455
73.92226	79.12576	66.02838	52.99051	5.834259
73.47214	79.12576	66.47829	52.6924	23.59213
73.87983	79.22108	65.91493	52.83491
73.92766	79.3687	65.99272	52.81214	38.35695	12.90199
73.88832	79.32791	65.68627	52.79638	89.27244	48.40484	3.709074
73.93316	79.18114	65.66178	49.29088	38.22567	12.43185
73.90912	78.99662	65.93106	41.67998	22.8971
73.94652	78.9728	66.11316	40.0281
73.91977	79.28681	66.4752	38.51497
73.9786	79.07718	65.77289	30.03337
73.51768	79.07718	30.20596	66.47724
73.98034	78.95822	32.95662	67.51204
73.98034	79.1715	65.80954	47.32361	23.7035	43.69302
73.97221	79.01308	65.86064	50.12369
73.99827	79.10081	65.97307	53.52753	60.11516
73.87203	79.11051	65.95323	52.84292	50.19168
73.96208	79.10271	65.88543	1.930319	50.8662
73.9395	79.17555	65.88063	51.28705
73.84693	79.18898	66.35641	52.17509
73.98946	79.08429	66.18074	54.20771	32.69926	6.18504
74.06697	79.13488	66.0546	50.85585	36.20383	39.45948
73.98384	79.15475	65.91889	42.04283	4.342202
73.98384	79.37145	65.65218	40.83466
73.72673	79.3094	66.44906	36.40056
73.10079	79.3094	66.63721	37.88608
73.80923	79.38687	65.70361	88.85948
73.80923	79.04319	65.97347
73.70732	79.03432	66.42799	89.02197
73.68081	79.11979	65.88928	88.93795
73.2812	78.99043	65.65298
74.00378	79.09706	65.92755
73.83596	79.11563	66.24686
73.92196	79.11563	65.98574	13.03922
74.00268	79.18012	66.5171	26.4454	88.96535
74.00268	78.97648	65.96683
73.88311	79.08565	66.09304
73.43907	79.09895	66.00352	53.19891	26.20779	89.03583	12.50679
73.86041	79.09895	67.38914	53.27397	89.03583	22.16252	57.4046
73.83579	78.94065	53.07393	36.43829	65.98575
74.139	78.95405	66.3101	29.77407	64.26344
73.96681	78.95158	65.8005
73.81829	79.1214	66.05326
74.10144	79.15488	65.21359	36.30311	24.39576	35.28546
73.7291	79.15488	65.92814	50.80167	40.50476
73.99957	79.15488	65.86185	52.71054	33.48891	30.35218
73.99957	79.14678	66.06212	49.95528	1.019456
73.90409	79.4616	66.14243	52.4996	88.85591
73.57267	79.09626	66.08119	50.9364
73.92821	79.09626	66.12907
74.03039	66.17686	79.36509	39.86706
73.98812	66.16914	79.25985
73.82233	65.80162	79.07332
73.29155	66.35967	79.21882	88.95426
73.94097	66.38426	79.24498
73.87455	65.80546	79.20932	37.01171	3.75091
73.89291	66.54132	79.13182	42.85439	89.03212	15.57121
73.86396	65.86501	79.13182
73.93274	66.23742	78.98064	20.99089	20.35202	89.18668
73.86593	79.18767	66.60309	31.48224	11.17033
73.96162	79.19098	67.28023	45.28188
73.8735	79.19951	66.15762	77.08313
73.93156	79.10858	65.79032
73.92321	79.07257	66.11969	56.49329
73.57066	79.07257	51.57819	65.98126	89.02481
73.67671	79.1665	53.22296	66.5255
73.81511	79.31863	52.95653	65.98195	47.17896	28.81576
74.02421	78.9337	52.529	65.89925	41.73053	9.407597
73.74354	78.9337	65.79027	35.14033	18.11198
73.8962	79.15807	66.60711	63.05596	88.92582	60.07713
73.8962	78.96391	66.01786	62.96807	60.10045	89.24361
73.70936	78.99091	66.10019	32.56952	88.71879	32.1001
73.8819	79.11463	66.28013
73.87761	79.16749	66.28588
73.87728	79.07038	65.92048
73.94396	79.10929	66.08861
73.99503	79.24083	66.63968	18.43087	62.62182
73.99503	79.23409	66.00352	46.68133
73.93065	79.1198	66.20975	43.49306	10.93048	28.72536
73.99319	79.11955	65.68211	50.80055	47.79854
73.99319	79.13982	66.22683	53.5942	29.77095
73.85856	78.96876	65.88544	51.53289
73.81004	79.12226	65.90192	49.57684	32.40767
73.91337	79.14054	66.46656	52.19653	88.94087
73.85478	79.14054	66.28229	53.34102
73.99218	79.16451	65.71095	53.25156
73.95769	79.15855	66.01645	52.7755	38.26778
73.96529	79.1219	65.81114	49.72659	7.835794	32.88909	88.65095
73.63023	79.10178	66.97938	51.45107	60.28192	31.47296
73.84068	79.08763	65.80127	50.15722	13.01108	73.81639
73.8583	79.08763	65.98465	53.47934
73.99789	79.13906	65.78887	52.62409	88.99041	26.42483
73.666	79.24152	65.84562	52.60476	27.98523
73.98862	79.12728	66.14317	53.04626	26.30398	1.595704
73.88421	79.06588	65.92592	52.62769	39.76362	7.849973	55.86671
73.7911	79.22535	65.88919	48.77482
73.80661	79.01308	66.05532	25.56654	41.32713
73.98535	79.01145	65.90252
73.27191	79.51333	65.78633	32.02048	64.38407	60.73288
73.89982	79.08207	52.04206	66.37718	24.00432	14.05055
73.94223	79.14225	53.3817	65.83351
73.91351	78.95926	52.13849	66.02449	6.904593	6.20321	30.49403	13.70733
73.51147	78.97913	52.87212	65.8749	45.80893	18.90547
74.01264	79.13582	50.78819	65.76845
73.8103	79.18071	66.74151	88.98924	41.37052
74.10534	79.22748	66.38044	41.29246
73.90335	79.10716	66.20373	39.28853	13.24373
73.98122	79.20392	66.13891	42.48018	4.611996
73.98122	79.20392	66.13514	15.0189	31.99326	24.77984	88.66075
73.75326	79.09068	65.95964	48.27966	20.05142	1.035665
73.78487	79.13393	65.88176	53.00654	9.296592	13.09376
73.9378	79.16184	65.88176	51.54718	13.17788
73.1037	79.16184	65.80059	50.6308	17.26538	40.75083	41.09918	32.10239
73.68225	79.20459	65.92608	49.7589	28.28952	24.61463
74.0411	79.29037	66.09996	53.09113	43.327
73.95549	79.0561	66.27158	49.6897	45.83787
73.50121	79.10482	66.19511
74.001	79.10482	66.02636	43.30612	32.59696	57.29648	41.70579	23.88786
73.99379	79.24337	65.76059	2.727523
73.82499	79.11719	65.66338	4.835427	71.32483
73.95817	78.97885	66.3847	89.00742	16.22144
73.95817	79.08343	67.18358	46.34805
73.50959	79.12758	65.79476	49.03653
73.96218	79.09323	65.90187	52.55219
73.7953	79.12553	65.8867	49.0422
73.81088	79.07313	65.88348	45.37325	14.67906	33.1062	58.80887	42.70958
73.93104	79.04143	65.88348	48.46699
73.74827	79.0567	66.07055
73.91268	79.10003	67.08193	71.63087
73.91249	79.10003	65.71305
73.91249	79.18223	66.42808	24.95291
74.07458	79.09569	66.13454	29.31019	7.114704	4.647099	28.11704	72.72016
73.81326	79.09569	65.8391	46.91094	31.27008	10.56725
73.73169	79.09569	66.019	24.8191	15.24122	14.07464
74.08626	79.09569	65.6524	49.75852	39.7334
74.19825	79.14953	66.49123
73.87874	79.23444	65.75077
73.80107	79.23444	65.91693	48.83612	12.99902
74.02036	79.11576	65.7125	64.96442
73.71785	79.11576	65.79624	48.84266	78.56852	77.25054	79.03134
73.80008	79.17545	66.96391	46.34237	78.56852	76.69233	34.61608	88.96573	13.32133
73.88616	79.17545	66.04528	50.28243	39.38463
73.96126	79.1127	65.84693	52.90368	46.17586
73.328	79.1419	66.51676	52.89815	88.97438	45.26513
73.69032	79.14782	66.6674	50.97222	9.949844
73.48719	79.25207	65.758	50.82278	1.86416	28.32939
73.86591	79.14892	65.89811	53.33776	89.0856	2.886846
73.96921	79.27188	66.34915	53.16483	19.69922
73.96625	79.14138	65.95672	8.265699
73.98361	79.11648	65.9433
73.82124	79.12278	65.95657
73.99375	79.46286	65.97368	20.55944
74.02593	79.11359	66.69273	29.18152
73.87466	79.02851	66.03685	27.11809	88.85563
73.99373	79.09037	65.66897	29.19371
73.9114	79.09037	65.98023	31.04348
73.97208	79.10582	65.81114	14.65488
73.75767	79.09207	65.90397	10.15537	34.91147
74.19048	79.09696	66.08397
73.87267	78.97723	66.56565	45.58687	25.55958
74.00094	79.24793	65.88599	51.0724
74.00094	79.06238	65.97924	88.03532
73.92904	79.09946	65.85835	56.13916
73.93074	79.06851	65.97557	29.00593	53.04395	14.18795	10.46612
73.72695	79.06807	65.92151	52.49306	19.94964
73.89209	79.33385	66.65958	53.04243	23.25209
73.96246	79.0434	66.0242	52.89569	88.96866	89.0339	21.84417	33.49122
73.42007	79.36277	65.97371	52.67412	16.12365
73.95464	78.97951	66.48226	51.58682	47.21753	65.76162
73.98185	79.05529	65.71357	41.47135	37.23396
73.97957	79.21683	66.61586	37.05551	35.18699
73.95361	79.21544	66.53215	28.77246	9.004496
73.95177	79.19781	65.93627	27.1346
73.9026	79.19781	65.94874
73.94788	79.09913	65.90157	56.99272
74.05073	79.04493	66.37006	13.47188	11.25949
73.75519	79.19603	66.33084	37.53371	28.84963
73.99806	79.10029	66.09778	40.4795	20.77661
73.78951	79.0908	66.04572	31.04699	44.08136
74.01673	78.99263	66.33162	63.86622	62.15834	41.90881	88.32629	58.95761	33.6364
73.97356	79.21357	65.77209	89.08038	18.83855	0.02980757
74.04493	79.20066	65.89314	42.04044	89.09322	32.43344
73.93108	79.13931	65.65147	33.85876	89.17919	26.86324
73.93108	79.09228	66.0093
73.88218	79.25472	65.95453	78.95642
73.91901	79.05211	65.98896	19.52156
73.81527	79.17721	65.89756	52.3506	51.57646	41.28664
73.93544	79.17721	66.07455	39.37242	26.79559	38.11662
73.81295	79.13863	65.84631	48.88344
73.77466	79.13863	65.90164
73.93509	79.14125	65.79566	57.10305	40.14938
73.98218	79.14125	65.62177	38.83844	35.37928	0.3881755
73.99518	79.10878	66.43173	23.9421	6.272849
74.07976	79.1652	65.68577	26.32118
73.90033	79.10262	65.94117	58.49741
73.79499	79.11938	66.66474	33.37356
73.77896	78.99789	65.80799	46.97825	11.79754	54.77227	22.75437
73.78274	79.07676	66.62598	48.61553	7.253959	39.52529	19.94987	39.81741
73.68954	79.07676	66.30865	19.0388	14.67247
73.74155	78.94253	65.97742	24.55944
73.30844	79.09453	66.79914	53.14818	19.56364
73.77916	79.30728	67.02432	47.75623	21.41852
73.7098	79.30292	65.56193	47.23349	1.453906
73.84864	79.08685	65.90183	44.58188
73.9763	79.08685	66.51508	51.03625	21.76365	3.295043
73.72456	79.1513	65.90891	53.43753
73.91554	79.30306	66.05672	51.67712	11.93539
73.86848	79.14248	66.02392	49.98388	88.95198
73.70674	79.30787	66.34565	89.00528
73.88667	79.34792	66.36853	89.01434
73.92367	79.07422	65.9009	47.39117
73.97478	79.43081	66.26673	34.3377	4.522796
74.03428	79.2587	66.17392	30.98519	30.38025
73.99136	79.05204	65.74265	33.94716	89.00655
73.99136	79.14154	66.21641	52.99554
73.99136	79.20199	66.23935	50.29834	2.542611
73.92644	79.20199	66.55531	52.71193
73.78707	79.1734	65.76829	52.78853	89.00442	34.71495	39.98155	16.89134	19.65913
73.80125	79.09602	66.05857	27.51332	17.72482	16.1788
73.50857	79.0657	65.942
73.94011	78.98504	65.98667	20.73136	89.12643
73.98631	79.28503	66.12106
73.98659	79.08396	65.93229	43.2434	88.911
73.98659	79.08396	66.61983	41.33628	46.1639
74.00709	65.83329	45.38775	79.17828
73.93096	65.77789	42.78105	79.17828
73.93096	67.09839	41.25105	79.30086
73.83969	65.64878	38.14422	79.14026	89.42979
73.98112	65.83436	79.10701	89.10224
73.87887	66.15573	79.22841	48.54049
73.87887	66.25032	79.25096	44.14012	12.77619
73.87827	65.67202	79.14359	42.10485	4.475508	39.02916
73.90301	65.97782	79.08045	42.02291	32.17337	11.41709
73.68416	65.80078	79.08045	43.89716
73.63758	66.29765	79.01735	41.54064	21.01857
74.0479	65.82073	79.13505	38.8005	13.65209
73.9104	66.21217	79.35904	26.56252
73.94772	66.70854	79.08122	48.4457	66.34198
73.99469	66.20016	78.94838	50.45507
73.99469	66.65641	79.09883	48.67821
73.7031	67.01949	79.1564	44.41421	28.63717
73.94353	65.69143	79.2007	53.72888	46.31044
73.44348	65.90466	79.26551	52.81873	16.85627
73.92506	66.15423	79.18826	44.70597	18.82149
73.80806	66.01607	79.12979	45.71066
73.47624	66.14304	79.22123	45.7325	1.376778
73.72586	65.73427	78.97937	47.30799	42.45097
73.97319	66.87002	79.11521	28.79523
73.50624	66.12364	79.11521	28.66513
73.77153	66.25148	79.04323
73.90544	67.25624	79.38618	65.64825
73.97992	79.31227	66.74896	53.08842
73.97992	79.07534	66.33359	53.40518	2.668419
73.8159	79.01836	66.24432	53.1947
73.85176	79.13349	66.24661	20.98193
73.98507	79.07448	65.66669	87.59528
73.9532	79.01334	65.78184	36.37363
73.83864	78.94103	66.09927	30.60988	88.88171	3.943607	26.77466
73.78249	79.0849	65.93731	32.67427
73.39508	79.06424	65.79416	29.78286	65.24326	12.63129
73.88347	79.14835	65.6674	44.75005
73.76038	79.14835	66.01299	47.21812	22.72181	38.59954
74.03242	79.17203	65.79813	41.51959	35.37919
73.91307	79.28078	65.8751	52.02931	61.31758
73.95645	78.96465	65.76877	53.02346	4.625195
74.15818	79.22235	66.28344	52.26969	88.88011	51.58851	0.4216269
73.87929	79.24636	66.00827	50.5221	36.55112	38.51182	33.58672	1.303064	18.18739	39.48571
73.87762	79.0626	66.00827	51.0961	47.35895
73.76185	79.0626	65.95941	52.43453
73.8986	79.17126	66.67257	23.17913
73.93218	78.98357	66.22618	28.28985	31.47811
73.99357	79.09705	66.25377	30.3123
73.71899	79.17148	66.30068	16.16426
73.85389	79.29088	65.82708	52.77054	17.60475
73.95263	79.28446	65.84387	49.60348
73.76064	79.08547	67.29908	2.647702
73.88437	79.10632	66.28472	89.1775
73.961	79.16163	65.92716	50.08454	88.97716	0.3217619
73.9683	79.1241	66.04258	51.99763	22.88316
73.82737	79.08639	66.38729	53.12532
73.99562	79.08639	65.85563	50.23879	37.78	15.55194
73.99562	79.08639	65.95839	49.26801
74.02284	79.08639	46.50522	66.38771	25.77492	11.49676
73.49307	79.16179	48.5773	25.05425	89.18669
73.87662	79.16496	66.31885	13.79356	88.83456
73.87392	79.26708	65.98891	24.4263	3.543069
74.23628	78.98044	65.66372	18.54555	73.92348	19.6407	56.89732	22.01698
73.61452	79.11715	66.79439	53.32826
73.63499	79.23454	66.39005	48.19844	37.55552	15.87936	9.281688
74.03272	78.95473	66.34646	53.03674	13.7016	28.92506	21.36611	45.68055
74.02146	79.16134	65.67008	52.42749
73.98979	79.09038	65.98706	51.33776	39.86146	88.92727	38.52478
74.0111	79.10838	66.7009	45.921	89.03852	1.444958	39.33464	20.31818
74.0111	79.10838	65.92688	1.139051
73.99652	79.25962	66.69298	63.14465	17.13973
73.56111	79.25537	66.27193	42.51387	9.258696
73.90568	79.17247	65.96532	39.93434
74.0452	79.38759	66.47786
73.7321	79.09719	66.24609	11.20963
73.78303	79.15391	65.98138	39.21696	5.945924	5.104992
74.01286	79.21	66.81214	42.69905	27.2356
73.48637	79.16535	65.95612	56.81517
73.80786	79.09262	65.72925	53.25735	46.43558
73.84765	79.09262	67.04723	50.67625	65.98221
73.96065	79.23206	66.68431
73.55635	79.20572	66.30933	30.64786
73.3036	79.22443	66.00624	57.19736	17.96052	19.90614
73.8174	79.12838	66.11145	46.09061
73.65073	79.14999	65.83455
73.97329	79.17664	65.98534
74.04898	78.96458	66.56428	66.27565
73.95577	79.16743	66.35975	45.85499
73.91841	79.09221	66.22167	32.42054	2.494388	31.83404	89.07536
73.69312	78.9384	66.26059	34.35289	25.77527
73.72088	79.35514	66.4304
73.92769	79.09619	65.85564	31.66567	89.22959	24.05506	6.095204
73.57674	79.33391	66.10745	33.21698	6.711165
73.87139	79.10853	66.49582	51.54679
73.87139	79.14289	65.76433	52.16211	10.90546	0.3580105
73.97902	79.18433	67.31056	52.93327
73.78226	79.07431	66.64885	23.72757
73.93779	79.16501	65.83198	22.20604	15.2085	57.14282
73.82029	79.07356	65.94788	53.98436	41.6796	41.22855
74.12623	79.22179	65.85474	39.42222	12.07679
73.86555	79.09008	66.59904	43.80254	22.00765	15.50137	62.50496
73.95008	79.19806	65.87233	52.37467	23.44907	40.73945	50.57736	13.5808
73.9707	79.33815	66.11073	50.35015
73.95546	78.99709	66.56983	52.23873	88.79831
73.92402	79.21894	66.04192	53.16789	23.14027
73.86759	78.98644	66.23479	53.53121	68.71097	28.18114
73.86759	79.11267	66.36131	52.46738	38.84989	30.22669	78.97823
73.83585	78.99473	65.65877	53.34974
73.82018	79.2637	65.77316	50.48481	60.53483	8.061719
73.46415	79.01371	66.65651	49.14292	39.43236
73.94727	79.10655	66.36418	37.65026
73.43318	79.1081	65.95583	1.048753
73.96812	79.21975	67.25154	47.25092
73.44857	78.96109	65.92341	14.98597	11.15801
73.97998	78.96109	66.4031	0.7614295	46.27456
74.00029	79.08577	65.51071	6.874764	29.87765	27.6788	17.02394
73.79787	79.20955	65.77812	31.96612	24.95301
73.77884	79.1345	65.81016	35.80706	21.02163
73.70194	79.11245	65.92439	33.92296
73.88135	79.17603	65.74405	39.0084	27.65728	25.17313
73.89659	79.17603	65.91891	38.90309	18.21643	7.264671	89.0095	18.97528
73.9937	79.12947	66.09226	34.3319	19.29626
73.9937	79.12947	65.9531
74.01905	79.17356	66.20311	18.51087	89.01228	7.403412
73.86612	79.1791	66.17098	65.9608	65.97763	11.61669
74.07327	79.01133	66.40917	30.00894	8.182241
73.75693	79.15675	65.94309	45.23263	89.30995	7.131179	6.710601
73.79395	79.10653	65.85251	32.31149	1.845143
73.95305	79.15957	66.65933	32.80454	3.040167	15.01475
73.72377	79.23473	66.41777
73.96136	79.15052	66.62644	30.7292	3.240764
73.87638	79.18659	65.88983	30.65898	87.71011
73.81376	78.98939	66.36558	5.030956
73.83939	79.44576	65.66567
73.88346	79.12276	65.85874
73.98199	79.29138	65.96738	7.702759	32.44555	29.67429
73.98199	79.11826	65.76316	46.40122
73.98199	79.11826	66.07121	33.23301	6.124068	57.14521	8.270108
73.98199	79.29108	65.93612	53.71862	38.3326	3.400906	48.75401
74.02347	79.15518	65.92648	52.87317	6.053539	33.22924
73.62763	79.34056	65.72616	53.92329	39.00959	22.167
73.53137	79.17748	65.88132	52.42175	0.2613985	30.12936	88.20724	33.36658
73.74361	79.08531	66.42971	53.44698	47.49926
73.83483	79.16725	65.78848	52.26347
73.22734	79.28496	66.29041	51.94738
74.01048	79.36066	66.6637	53.45664	19.6228	10.21584	54.12495
73.82048	79.0915	66.33566	2.216403	42.37851	89.1911
73.90134	79.0915	67.19127	42.30183	49.21905
73.85625	79.08012	66.37829	48.5817
73.67703	79.16265	66.00168	45.63585	27.60458
73.76045	79.12416	65.97562	37.5489
74.00069	79.23886	66.16812	48.34301	43.83834	2.464011
73.99482	79.24049	66.02602	50.68304	0.3176037
74.05041	79.35	67.28434	51.10862	41.43731	45.98294	6.248098
73.71422	79.20068	65.86558	49.74071
73.89654	79.13874	65.71682
73.89831	79.24941	65.97357
73.96039	79.14349	66.20109
73.96039	79.20397	66.10351	19.04699
73.95175	79.12356	65.99789	29.06626	89.02971
73.88435	79.23198	65.99981	27.22788	5.146851	53.23027	47.40766	15.10118
74.09769	79.1739	66.36921
73.87509	79.21255	65.90372	47.38208	21.89829	70.57341	8.409011	38.52951
73.88756	78.96139	66.10527	49.52468	18.94371	8.381839
73.80928	79.38624	65.68829	46.15738	76.3101
73.81287	78.98412	65.56516	42.9219	4.838382
73.92637	79.07406	65.95633	64.04069	59.97466
73.60853	79.07406	65.62839
73.84945	79.05941	66.04934	89.24718
73.99487	79.0861	66.28082	27.99253	27.01538
74.10758	79.38467	66.85564	0.5732428	66.30326	13.50667
73.63343	79.16964	65.90302	46.33946
73.83726	79.12121	65.93512	49.02949	24.04296
73.66035	79.12121	66.47133	53.64883	14.21052
74.10253	79.11328	66.91887	53.1766
73.95118	79.11328	66.08713	52.27715
73.95118	79.13809	66.16789	23.01516
73.90894	79.13809	65.7705	42.29654	9.802281
73.5759	79.50017	66.47715	47.85312	42.41849	0.4570779
73.94208	79.08947	66.78729	62.94341	43.12176	59.57631	35.526	33.15855
73.77508	79.08947	66.32718	41.18243	25.70974
73.64214	79.10793	66.30446	57.19834	68.41658	24.27471
73.96181	79.09606	66.03794	9.313734	15.04813
73.84908	79.40378	66.27052	66.03017
73.9959	79.15356	65.67892	17.85257
73.94381	79.20328	66.26636	89.15257	55.89013	18.20972	36.53607
73.71173	79.11066	66.03647	49.94912
73.84943	79.145	67.04568	52.448
73.85874	79.14424	65.90424	46.35051	9.188625	42.43315	1.043918
73.88828	79.09258	65.89812	35.67479	0.7914141	39.55698
73.53083	79.10269	65.89037	88.97126	17.42961
73.87611	78.97438	65.77308
73.89925	79.06356	65.97114
73.7477	78.97949	65.98761
73.96113	78.96279	66.00938
73.80237	79.35516	66.39122	49.76041	26.85286	47.29002	44.67542
73.93321	79.2263	66.17166	7.363515	28.50304
73.9429	79.04808	65.89082
73.9429	79.02879	66.01512	53.17003
74.0008	78.95972	65.89028	52.82334
74.0008	78.99657	65.98388	53.26111
73.84045	79.74818	66.32825	49.58225	21.98939	32.12333
73.76223	79.47045	66.65789	48.84525	12.12444	22.41405	27.78368
74.01311	79.16639	65.76417	48.50738	12.72043
74.02692	79.08012	66.29462	48.21945	5.643056
73.87411	79.00817	66.03768	50.42605	62.60383	29.97548
73.75515	79.1193	65.94746	25.6922	22.7443
74.0325	79.07257	66.16477	8.329164
73.94711	78.97467	66.39263	15.59641	89.11861
73.96206	79.33625	67.59047	51.35032	25.09714
73.82928	79.19387	65.8699	49.51083
73.98157	79.23473	66.39347	50.29488	1.33205
73.81737	79.39209	66.04004	8.651767
73.65885	79.20572	66.03233	88.52067
73.77522	79.27359	65.97689	89.01901	63.82496
74.05232	79.19023	65.91608	42.45983
74.0026	79.11192	65.69387	38.48855	36.12812
73.6684	79.11192	65.66808	5.698383	39.1713
73.69163	79.1092	65.79426	36.19008
73.57104	79.27402	66.0765	40.18622
74.04005	79.23229	65.93219	46.27047	2.985819
74.02642	79.09167	65.86389	50.89563
73.99964	79.42213	66.82184	51.08545	23.82172	79.33714
73.75347	79.08869	67.04914	51.62153	5.626871	65.88933	60.6774	60.09144	37.75324
73.93416	79.01953	65.98457	27.47352
73.78063	79.22791	66.53195	23.39032	3.304586	62.64924
74.03313	79.01904	65.96775	30.8268	27.23505
73.96379	79.413	65.74352	62.73099
74.09727	79.377	65.81581	62.18124	60.03579	52.06101	4.190872
73.65509	79.25887	65.81581	62.89529	60.07316	30.85662	53.53641	61.82932
73.93042	79.08144	66.03953	64.02962	59.39555	52.82407	2.634437	38.48211
73.93465	79.08144	65.96859	63.21726	7.242426
73.72133	79.12505	67.08686
73.91814	79.10025	65.907
73.84627	79.18046	65.77356	26.97732	24.91125
73.70675	78.96439	66.04936	27.75068	10.58003
73.63457	79.15996	66.36336	41.35397	8.549346
73.7516	79.1885	65.92114	3.654716
73.79153	79.08089	66.0377
73.94257	79.08089	66.36849
73.6376	79.23195	65.77625	32.70138	89.15948	5.159309	19.79359
74.00868	79.12734	65.9299	88.86283	3.419857
73.96578	79.16462	65.96232	52.78977	13.71041
73.97266	79.112	65.7831	53.62329	34.24438	52.59879	0.05565137
74.03502	79.15386	65.96456	53.29695	49.44632
73.73969	79.15386	66.3652	47.71148	34.70552	6.315166
73.83709	79.09587	65.77491	51.92878	6.426638	51.60886
73.97039	79.06337	65.93767	54.17769
74.07919	79.33765	67.06884	52.07375	47.44675	64.76636
73.8971	79.16842	65.84488	36.60031	19.52155
73.8971	79.16842	65.5967	5.397232
73.94855	79.07328	65.72302
73.95684	79.07328	66.33512	88.97551
73.76131	79.07328	66.29093	47.66444	89.56431
74.08659	78.96147	65.85387	50.17552	23.78674	39.82148
73.97057	79.01823	65.96072	50.94112	10.47188
73.93947	79.01408	65.78019	49.90399	49.39233	12.86575
73.93947	79.01408	65.6666	50.99387	0.3152247	51.78179	9.96344
73.92949	79.1906	66.30391	52.32955	10.36936
73.06136	79.08237	66.09517	53.17623	6.227961
74.06446	79.17691	66.1678	48.21953	9.816121	15.98734	23.19323	41.07507
73.85577	79.23024	68.07298	41.91096	66.33707	34.07386
73.57459	79.01866	66.40177	35.57339	88.71281
73.97518	79.30073	67.00976	18.52531
73.78184	79.14236	67.12952	17.96154	66.30528	4.054028
72.81655	79.15317	66.06257	3.568812
73.90017	79.16503	66.85439	1.253316
73.90017	79.16503	65.99482	49.5468	18.10079	41.56626
73.98774	79.07819	65.95541	48.81815	30.06141	22.33545	4.850379
73.98774	79.07819	65.91426	50.32236	47.88451	27.95622
73.86165	79.24258	66.34674	48.4992	29.52965
73.91996	79.37237	65.75064	41.23678	27.35228	88.94733	18.88533
73.91996	79.09292	66.58741	39.90713	5.763149	39.31276	7.502087
73.91996	79.09292	66.35486	38.12104
73.93326	79.03635	67.0214	32.47537	10.27175
73.71284	79.11634	65.75672	46.53917
73.96409	79.09594	65.92497	37.30936
73.98003	79.09278	65.91753	63.08136	89.07773	55.87451
73.86428	79.49246	66.81729	79.11249
73.71636	79.12745	66.37306
73.9665	79.3842	69.33915	45.98803
74.07685	79.09348	65.6574
73.81292	79.1648	66.64917	23.39227	11.57527
73.89961	79.09843	65.80011
73.97582	79.25133	66.45747
73.97944	79.12007	66.18811
73.79574	79.08298	65.83064	20.88695
73.97315	79.09709	65.89313
73.98992	79.49158	66.54212	65.98957
74.01913	79.06742	66.04555	15.52177
73.9027	79.26115	38.14993	65.93759
73.93557	79.08735	38.1788	66.26489	29.48785
73.4081	79.11108	38.9408	65.66055	23.88388
73.85441	79.11108	34.65378	66.35597	14.78928
74.06732	79.11108	35.1658	66.11147	88.98646
73.73921	79.27459	65.83116	89.06734
73.84661	79.28151	66.35983
73.8394	79.05992	66.31472	66.25628	37.02017
74.05555	79.17733	66.16342	48.60073
73.86569	79.15768	66.26651	53.56428	51.58781	30.48924
73.9767	79.15768	66.36009	51.4853	13.60211	7.133486
73.77761	79.12893	66.43205	47.74431	15.43605	20.86186
73.98025	79.11011	65.99968	38.87628	22.37385
73.99814	79.00159	66.3262	39.43007	17.44572
73.99926	79.09896	66.01192	41.65579	28.90112
73.84402	79.16503	65.79369	41.06839	68.62675	31.81018
73.80741	79.10037	66.21929
73.73193	79.10037	65.85467
73.98726	79.15501	66.40187	19.24626
73.83937	78.95394	65.88225	53.34632
73.949	79.07221	65.9699	32.11621	18.6525
73.49784	79.12722	67.04068	31.13879
73.84823	79.93085	65.79989
73.86092	79.18425	66.15429
73.72143	79.29887	66.1665
74.06012	79.09361	66.69891
73.95564	79.10168	65.94529	25.15504	16.6815
73.97797	78.97915	66.27804
73.77507	79.07727	65.66874	51.46259	88.33231	65.43024
73.5061	79.07727	65.98424	52.77646
73.95823	79.12141	65.79699	50.51096	25.43079	88.65508
73.72795	79.12141	65.67492	52.61054	33.20153	49.56476
73.96484	79.05717	66.09699	53.14739	25.40832	16.57493
73.68477	79.17129	65.95464	52.66114
74.17547	78.9616	66.27422
73.80131	79.27407	66.91058	24.21927
73.80131	79.48761	66.19997
74.18843	79.2542	65.91386
73.86873	79.27429	65.86723	49.87308	16.38578	36.32042
73.71176	79.06206	66.27068
74.01619	79.38031	65.96452	52.12015
73.7345	79.11962	67.00021	48.35794	47.36868
73.98679	79.1626	67.58291	43.60908	15.79174	65.09779
73.98679	79.3017	66.54674	17.17569	17.81271	24.18425
73.9105	79.19319	65.97234	24.89136
73.98544	79.09074	65.76268	88.87725
74.02908	79.1339	66.44515
73.82936	79.46688	66.03671	52.39632	73.7029	48.67874
73.91617	79.28923	65.90206	53.0092	19.25583
73.82643	79.18259	66.41641	50.03122
73.6337	79.11305	65.82408	41.59719	88.85436
73.61505	79.26313	65.81183	42.38859	9.678367
73.43854	79.19926	66.2946	40.14154	62.58956	60.2249	14.04869	3.658434
74.02114	79.14762	65.99448	41.36928	7.235218	17.97936
73.95028	79.13182	68.39362	48.04088	20.18843
73.99386	79.11295	66.07376	48.3538	23.10237	20.2304
73.99386	79.09293	65.7584	53.28689	36.80925
73.99386	79.15696	66.36828	53.37011	29.22845	19.95123
74.01002	79.07523	66.19192	51.20626	18.63731	22.96947
73.98016	79.13853	66.02749	53.21298	39.45322
73.82832	79.1263	66.0961	53.21453	11.09379
73.92434	79.1046	65.6661	53.53094	22.5434	14.45583
73.96642	79.1046	65.89927	49.39747
74.00308	79.13855	65.8051	54.95368	61.56437	25.1744	12.53835
73.97986	79.00685	66.90307	34.81219	65.54583
73.99662	79.26121	66.19863	37.51867	14.39805
73.99662	79.10671	66.55777	28.8153
73.92711	79.11038	67.28916	18.07045	45.94535
73.68695	79.11054	66.53578	16.75346
73.91462	79.07324	66.44056	32.07555
73.98709	79.07324	65.78402	41.31549	37.35098
73.75666	79.15965	65.97836	40.49196	28.03358
74.02965	78.94449	65.90073	40.27687
73.83804	79.07742	67.22332	1.12414
73.96563	79.08311	3.665158	65.96776	71.95935	59.17462
73.93324	79.08311	66.18322	51.06633
73.85034	79.08311	66.12498	45.63679
73.97134	79.08016	65.85496	19.63358	4.793107
73.62506	79.24858	65.7901	35.88632	33.87484
73.91238	79.08255	69.486	28.76156	41.38867	56.99502	48.67362
73.75591	79.09518	66.03512	62.27399	24.5648	41.40049	60.13267
73.69651	79.09518	65.96973	63.96532	58.05972	52.92179
73.93314	79.09518	65.8948	51.40402	49.06462
74.01389	79.20712	66.23137	50.10378	4.684321	25.77253
73.84922	79.13683	65.79121	51.37073	23.60647
73.9486	79.3853	65.75974	50.36134
73.94198	79.17953	66.33336	53.03013	45.63419	28.0702	33.80898
73.34802	79.18097	65.92798	48.78472	4.227307	31.69624
73.93299	79.18097	65.81988	46.75816	65.78751	36.33855
73.69286	79.08591	65.87018	34.29664
74.06995	79.26623	67.23695
74.04027	79.14254	65.97939
74.02821	79.14854	66.69288
73.96052	79.08871	66.47373	48.90161
73.89486	79.36048	67.38491	48.40444	15.40301
73.87766	79.25893	65.91077	41.15224
73.8647	79.07056	65.95848	63.36724	58.84161
73.91156	79.14995	66.46858
74.10421	79.14433	67.25731
73.64973	79.14189	65.98422
74.04019	79.02527	65.67278
73.97194	79.03864	66.33411	11.69025	5.60163
73.99281	79.20887	65.65097	2.803586
73.79122	79.26759	65.99493	50.74947
74.04036	79.08691	66.3279	53.49357	12.52011	31.44162
73.95229	79.22105	66.01227	35.1246
73.84744	79.1095	65.8262	30.29156
74.02415	79.10208	66.38183
73.96952	79.11379	65.87416	48.39871	43.35468
73.97946	79.11379	66.07302	50.65893	89.09533	9.644284
73.93208	79.13833	65.71325	51.46853	22.94597
73.86819	78.96024	65.8995	25.59052	49.90159	81.14084
73.86819	79.27804	65.75868	48.21693	80.12974
74.01516	66.16436	49.34871	79.32688	16.50286	0.3723295	40.77853
73.96559	65.88181	53.17813	79.07841	88.97723
73.96559	66.33051	52.17834	79.09727	89.15707
73.96559	66.33743	48.85348	79.07891	12.51411
73.77559	65.72953	79.07891
73.9339	65.90071	79.07891	88.63144
73.99252	65.70775	79.12015	37.55342	15.84875
73.81025	66.46845	79.20368	39.95449	38.77743	58.81175	27.5788	35.93342	13.15461
73.97771	66.36828	79.25989	39.05477	64.86896	59.52521	66.16615
73.97771	66.23817	79.27382	41.82888	50.93824
73.76265	65.98348	79.2169	9.685318	8.183966
74.03185	65.85575	79.2271	17.82
73.51997	66.4852	79.35378	16.22769	14.58909
74.01102	65.933	79.08254	19.65535	7.704112
73.90818	65.88835	79.12134	21.09888
74.15327	79.13693	66.34565	40.52602	73.92912	14.81103
73.54022	79.07929	66.71452
73.93033	79.00461	65.77159	48.0539	39.96071	9.740812
73.8102	78.9673	65.97912	49.49065	63.01021	59.88528
73.86129	78.98183	65.94023	52.7967	64.13568	58.65145	29.25386
74.11802	79.0997	65.65791	46.47158	89.68722
74.04145	79.0997	65.99964	47.77398	17.56734	31.71199	25.62618
73.79793	79.21062	66.70697	30.36274
73.99884	79.30304	66.11439	29.29256	27.76674	27.18168
74.03469	79.11957	65.73161	25.25281
73.73267	79.1749	66.07889	27.23442	25.50825	66.06651	17.72999
73.67081	79.18131	65.84609	32.13539	12.65282
73.97995	79.07907	66.65647
73.92394	79.17265	65.95228	51.63608
73.99497	79.0626	66.46899	9.231666	6.397237	68.7887
74.01707	79.13577	66.37596
73.98684	79.25952	65.71131	17.09728
74.03814	79.14792	65.89033	89.13561	46.46208
74.05229	78.9553	65.79157	39.32793	20.82453
73.88093	79.13442	66.56441	41.59821	12.44848	65.6932
73.96855	79.16035	65.78278	51.18951	47.78219	15.30499
73.90561	79.1716	66.32154
73.90905	79.1049	66.38783
73.86483	79.10889	66.37341	72.89822
73.70391	79.07698	65.91603
73.83916	79.07698	66.26963	0.4990849
73.85444	79.17851	65.69574	37.37165
73.79271	79.18425	65.8513
73.92055	79.05105	66.55243	12.44686
73.98894	79.06233	65.88766	49.12698	42.07467	10.01425	22.10223
73.76625	79.19612	66.10896	0.1852517	27.98342	41.17486	12.60762
73.94472	79.19612	65.98568
73.94472	79.07653	65.95983	20.34653
73.91188	79.16549	65.95313	46.31935	5.21136
73.99627	79.16549	65.71119	45.08279	11.63852	12.66872
73.85847	79.13908	65.8956	48.2335
73.8913	79.15624	65.65515	39.67855	14.67375
74.01392	79.0744	66.17271	38.92289	52.56177	17.00047
73.87203	79.0744	65.66146	51.56772
73.89914	79.35842	66.62791	9.33175
73.66563	79.32744	66.20056	14.37472
73.40322	79.26027	65.98324	26.89162
73.91456	78.96665	66.58226	24.86814
73.60893	79.12679	66.28471	10.92057
73.84855	79.26401	65.93482	27.75271
73.99112	79.09609	66.36048	30.22407
74.0008	79.09609	65.99959	37.57621	1.156909
73.7347	79.12899	65.80302	3.393228
73.85745	79.07855	68.22129	66.5444	63.59546
73.85798	79.07855	65.89621	1.431727
73.90291	79.11517	0.2861858	65.80846	65.29403	89.01956
73.74631	79.10373	65.90472	17.07284
73.52251	79.10373	65.82757	24.50616	27.0803
73.98083	79.12629	66.25973	30.46859	0.3884745
74.00228	79.29538	66.40215
74.00118	79.08981	66.1779	36.77822	88.90342	16.68358
74.00511	79.08981	66.09494
73.38291	79.12012	65.74962	50.17699	89.15414
73.6183	79.08091	65.88075	53.08542
73.67243	79.07129	66.3576	52.77294	19.10123	66.12795
73.96022	79.05162	65.92927	53.64532
73.96022	79.1774	65.85574	53.39727	88.90776	48.57914
73.58852	79.08967	66.0728	47.52561	40.78827	60.49933
73.66432	79.08509	65.69712	45.77612
73.94549	78.95759	65.65173	41.63735
73.95977	79.19087	66.1453	87.67287
73.78254	79.07696	66.55021
73.96562	79.29125	63.25486
73.98477	79.2281	66.29117	45.33396
73.83987	79.09662	66.03291	30.56494
73.942	79.09662	65.82301
73.87066	79.21711	65.80525	56.58335	34.12313	28.48376	20.67016
74.06116	79.13948	65.64639	52.46191	30.96214	43.95605	39.94125
73.83047	78.94984	66.4604
73.94031	79.37431	65.65771	8.525971	78.92664
73.98505	79.11718	66.02889	26.05311
73.90767	79.20512	65.78265	29.91398
73.98396	79.0811	65.88978	5.118737	88.8452
73.79082	79.1503	65.9976	36.67233	13.20008
73.21815	79.08293	66.43038	2.878461
73.83801	79.12431	65.90097
73.98106	79.14499	66.89953	31.6291
74.02502	79.11054	66.14472	46.77813	20.85382	19.69438	44.39949
73.97145	79.16737	65.65904	50.26468
73.81901	79.28548	66.02461
73.46604	79.13077	65.85124
73.80531	79.15012	66.0319	3.270374	89.03736
73.87419	79.21482	66.29957	5.73166	46.90971
73.77255	79.18316	66.36971	53.55178
73.78607	79.29723	66.33637	50.68538	88.98634	70.85504
73.77691	79.08101	65.95002	51.07807	50.39238	18.34164	9.190419
73.9958	79.17183	66.40526	50.0346	65.65945
73.94949	79.10072	65.83728	49.85128	89.1669
73.55877	79.08444	65.92842	53.12109	46.53632
73.98017	78.95887	65.79929	51.26229	4.867938	40.85251	9.13922
73.98017	79.13303	65.98696	51.51439
73.97539	79.13303	66.27413	51.59602	42.85453
73.84686	79.08724	66.72534	53.01781	28.22189
74.04558	79.11826	66.03455	52.54591	16.45735	18.81082
73.66283	79.09585	65.71486	52.52708	89.2461	12.34408
73.60803	79.09585	66.22112	53.43139	19.31232	88.98949
73.98862	79.09585	66.14873	51.93634	88.98987
73.91965	79.0946	65.75899	51.33879	43.02795
73.88272	79.08804	65.9158
73.97168	79.111	65.60176
73.98741	79.11957	66.42151
73.87698	79.07387	66.4634	15.50953
73.97396	79.09582	66.40765	42.49303	4.191527	34.14698	10.44259
73.76702	79.08779	65.91134	49.1603	34.6755
74.00556	79.18172	66.01872	50.96214	11.06859	26.9655
73.95204	79.16043	65.98495	47.49718	37.45241
73.98148	79.0764	65.87691	51.18048	88.86383	21.82373
73.53048	79.07615	66.06174	51.83078	1.782036	10.65414
73.19845	79.07615	66.23467	53.84515	88.87305	7.125445
74.06688	79.07615	66.85413	4.436732	69.31984
73.77848	79.62966	65.76269	33.19797	47.38668	0.8984251
73.67538	79.12216	67.77398	48.08535	67.48974	1.667187	4.892556
73.85588	78.99029	48.51532	67.09299	48.31186	43.08979	6.682631
74.08223	79.11206	46.2981	65.65809	41.41169
73.96076	79.01319	47.08738	66.8956
73.75892	79.24412	65.85909	47.75632	46.78278
74.07842	79.09448	65.80256	23.27712	15.15514
73.94229	79.12562	65.99395
73.75312	79.06705	66.28282	33.31444
73.99937	79.12194	65.7595	30.94969	51.4337	2.656511	5.807542
73.90887	79.12194	67.04691	49.66931	63.82354
73.22721	79.12194	65.71755	53.10026	65.27923	59.11337	36.60086	63.58623
73.86915	79.1843	66.45839	47.92984
73.75078	79.12908	66.32019	52.07327	12.81607	23.24294	22.54469
73.49158	78.97045	65.93945	50.40987
74.00532	79.27399	66.06678	38.16785	65.8192
73.91031	79.09912	66.40243	43.48079	27.30973	33.63194
73.8545	79.09912	65.85515	42.17403
73.89514	79.10754	66.76498	31.69005	7.776104	31.80051
73.98619	79.10754	66.15633	36.81381	11.49694	33.95349	62.07454	39.5824
73.81182	79.10754	65.65092	17.40956	15.85628
73.92355	79.10754	65.95232	18.16094
73.85071	79.09928	66.81665	59.89679	37.16539	15.40347
73.7766	79.21344	66.89277	39.36271	66.36489	11.10411
73.99845	78.98061	65.70475	88.5815	46.62391
73.99845	79.15545	66.21251	49.72153	42.05413	32.33861
74.0808	79.12506	65.9042	53.39593	37.49599	45.62068
73.74303	79.12506	65.90102	52.22673	36.50867	28.28877	32.09801
74.03755	79.11019	66.04222	53.26204	34.95384	26.29551
73.96712	79.09727	66.14269	53.27701	19.34951
73.79657	79.09727	66.37946	53.31023	35.40993	35.87982
73.87761	79.12843	66.56436	53.45201	12.13774
74.02498	79.09193	66.26939	50.60246	43.79105	15.56935
73.6437	79.07615	66.60096	53.69848	89.16474	35.43398	53.38053
73.76165	79.07615	66.05732
73.6702	79.07615	65.57319	64.91176
74.02906	79.12079	65.98313
73.99111	79.39719	66.20919	21.08469
73.30538	79.10342	66.77923	12.54102
73.81343	79.15982	53.56425	66.62664	32.79823	44.58391	52.30725
73.93651	79.12187	53.38042	65.78087
73.97681	79.12187	53.3698	66.33466
73.86797	79.09322	56.08822	65.88808	8.353222
73.99957	78.97817	52.86386	65.9589	44.64505	26.72962	41.81204	17.62154
73.98802	79.07416	66.0404	24.69391	23.0376
73.72256	79.12188	65.66662	8.193257	7.363279
73.86805	79.12188	66.4676
73.97451	79.08015	65.88068	6.784691	51.68311	8.517174	17.16651	35.65183
73.93358	79.23172	65.91392	51.38231
73.93358	78.98408	65.90286	51.10691	10.99373	4.440327
73.78359	79.23467	65.77068	17.04494
73.70151	79.08317	65.89222	57.37591
73.87616	79.37213	65.79233	54.61383
73.91618	78.95755	66.30166	52.75449
73.51735	79.3433	65.65901	48.3031
73.79777	79.17065	65.95362	45.1531	89.27581	5.722797
73.7537	79.19957	65.84869	38.08008	89.07669	6.095286
73.73138	78.95134	65.76156	47.74533	29.5958
73.75016	79.094	65.80874	47.95648	24.05566	35.4133	37.32347	12.9594	22.29165
73.87412	79.094	65.88533	50.43154	64.28131	59.54991	37.94208
73.87412	79.08052	66.01007
73.96981	79.12483	66.07557	48.71084
73.96007	79.12483	66.27711	45.90657	13.71688	39.78975
73.96007	79.15836	66.46093	41.59193	38.46718	23.13193
73.95177	79.34319	65.94507	17.19969	14.90951
73.43475	79.11267	65.85197	88.90467	69.23649	49.61944
73.8222	78.95948	65.871	48.80437
73.93498	79.10422	65.97134	52.10511	48.35326	5.651341	22.6368
73.70144	79.0249	66.31203	51.83476	5.619605	30.27154
73.88735	79.07452	66.01586	52.36422	8.41753	9.450798	23.84739
74.03491	79.19957	66.36693	53.23249
73.92693	79.27065	67.00103	52.58194	21.7567
73.97391	79.07425	66.71247
74.0228	79.07489	65.80045	52.98821	32.76813
73.90775	79.07489	66.03049	50.91358
73.91833	79.07489	65.92603	24.61632	6.649887
73.99315	78.98592	65.69846	52.79957	52.51774
74.02592	79.24026	66.14381	52.90916	2.14365
73.89019	79.26703	66.1574	53.35592	6.621904
73.57892	79.12365	65.67767	53.3917	21.7093
73.82081	79.39149	65.72337	34.18716
73.86057	79.14408	65.88344	49.98126
73.86057	79.139	65.77723	53.36245	62.06807	59.46695
73.88884	79.17289	65.96459	53.50426	38.68979
73.88939	79.49403	66.28659	52.57173	9.884435	42.34798	31.12284
73.9992	79.1141	66.17187	52.62784
73.9992	78.98233	66.34766	53.38168	44.99363	28.97217
73.98733	79.38835	65.95711	53.23579	0.4135493	2.751664
74.00743	79.08539	66.27631	53.38705
73.19589	79.14561	65.93759	53.89017
73.92862	79.14561	65.81573	53.20712	89.17656
73.81777	79.21207	66.34235	52.66657
73.89348	79.26718	66.22112	52.38107	28.66686
73.82695	79.1671	66.62385	49.83832	13.75142	89.00746
73.95135	79.15031	66.23256	52.10277
73.93923	79.11159	65.86755	51.29386
74.07246	79.07569	66.41829	47.4623	6.283905
73.56506	79.22428	65.75657	48.38531	26.05955	8.124975
73.85314	79.22428	66.67463	46.34847
73.95597	79.13462	66.77472	48.11827	14.2681
73.95597	78.94711	65.71895
73.99198	78.97777	65.7224	40.21542	6.506892	20.01623
73.99198	79.03125	65.98848	49.90555	27.8862
73.4833	79.0002	65.9309	50.96869
73.74428	79.09399	65.65114	51.50532	50.43667
73.84127	79.34603	65.91177	52.46549	7.896551
73.77318	79.07776	65.77965	53.62039
73.64045	79.01389	66.70754	53.16352	44.94934	6.583025
73.91255	79.28913	66.1266	50.71242	63.27963	52.57717	69.31625
74.03225	79.08356	65.72009	53.1999	51.16997	0.4666971	2.067154
73.90853	79.1668	66.31988	52.01318	65.72073	11.57607	32.01757
73.98414	79.15186	65.82287	49.23892	88.66548	27.54297	21.74733
73.70112	79.0579	67.22581	52.74185	65.97711
73.9779	79.36345	66.43146	30.2524	35.65598	25.45715	52.97447	24.39623
73.9779	79.08094	66.14696	53.29301	19.92607	7.931837
73.97176	79.08094	65.68354	53.20501	11.223	31.04616	16.35008
73.69463	79.08094	65.95338	52.99275	16.76224	38.23655
73.94388	79.0913	66.28431	52.42332	14.4751
73.79929	79.0913	65.91646	55.63639
73.94957	79.08449	65.89518	53.42724	4.422061
73.95213	79.16274	66.06297	52.91004
73.98076	79.24895	65.90594	52.67861	43.70583	26.77556	45.92361
74.00041	79.17931	66.49504	52.6063	57.50735
73.87063	78.97535	65.84819	52.36389	0.2784584
73.88534	79.17907	66.10873	51.16103
73.95173	79.10695	65.90361	52.1938
73.96306	79.12878	65.97378	48.92842
73.79834	79.10415	66.08454	15.85459	89.09951
73.76945	79.10415	65.89008	60.81377
73.98622	78.99688	65.66323	27.55959
73.41944	79.14538	65.64989	31.01042	13.01724
73.92732	79.25684	66.23336	29.67958	15.27388
73.70007	79.37221	66.79781	22.25608
74.10092	79.11975	66.29829	63.13061
73.5235	79.08867	65.99576	24.87726
73.98772	79.1925	66.40801	27.06318	2.245463
73.86412	79.22729	65.68202	47.00602	2.497097	51.16858	89.2318
73.94745	78.97885	66.04573	53.21137	2.577686
73.95399	78.99519	66.37598	51.61093
73.98912	78.95462	66.2102	49.62532	88.96934	45.19935
73.98731	78.95462	65.86917	53.49419	89.13315	23.94497
73.92046	78.95462	66.06634	53.34627	19.02502	14.14153
73.99839	79.23865	52.31812	66.58248	79.03913
73.99839	80.38523	50.74254	66.26924	79.19713	40.3156	7.921482
73.99839	51.0776	66.42804	79.21946	6.690486	61.58014	8.453883	43.61817
73.99839	52.27322	65.94304	79.12338	11.12599
73.87857	49.2089	65.79504	79.12338	6.330278
73.96257	50.38159	66.52619	79.12338	88.62254	32.84607
73.96257	65.67392	79.07235	35.97582
74.03524	65.72623	79.07235	24.91518	88.6774
73.95856	67.25194	79.09345	35.49436
73.99269	65.94296	79.25345	41.10513	36.75006	39.92413	3.540288
73.99269	66.32908	79.18185
73.8876	65.90686	79.18185	31.17933
73.85974	65.80614	79.28092	50.8324	6.267154
74.01005	65.71244	79.43232	50.50586	19.36792
73.85645	65.90994	79.48466	52.87808
73.47029	65.94202	79.24085	52.27898	45.21382
73.90638	65.87755	78.9715	53.58274
73.85337	66.46796	79.17666	52.74264	21.69242	10.75541
73.59425	66.39974	79.01702	53.41109	52.93302	44.53158
73.93792	66.38	79.2478	51.91818	1.990775
73.92281	66.82463	79.06379	49.3321
73.881	66.59801	79.07629
73.97256	68.5519	79.07629	41.17919	66.33706
74.00767	65.94074	79.16769	42.667	15.17562	8.051174
73.9176	65.9622	79.22541
73.91531	66.00084	79.18876
73.98433	65.68515	79.48902
73.85852	65.95967	78.95959	44.93524
73.85852	65.66542	78.98278	47.0574	13.03143
73.92264	65.72146	79.07959	52.81646	43.30045
73.96297	66.5116	79.09271	89.22931
74.10402	65.78894	79.1575	37.06778	73.73244	19.0209
73.97563	65.77419	79.21428	42.71099	1.475656
74.00281	65.99598	79.21428	39.37791	19.46411	27.13505
73.8826	65.71036	78.97762	41.29389	63.73683	9.767003	58.29393
73.96527	65.76705	79.08938	45.42482	34.35359	27.16857
73.96527	66.00547	79.12355	8.926839	73.95545
73.76616	65.87607	79.10781	89.00428
73.76056	65.88814	79.14965	88.80155	53.3804
73.8767	66.28185	78.96782	50.52072	37.00973	26.80538
73.36097	65.72794	79.25642	53.56635	4.602796
73.91297	66.31466	79.24973	54.15809	31.72582	3.044558	37.19316
73.91297	65.59251	79.14271	40.99881	89.31982	22.00915	0.948881
73.91297	65.77412	79.26591	42.54839
74.00141	65.91965	79.14887	40.45077	27.07769
74.00141	65.73187	79.22338	42.01177
73.83077	65.75635	79.17001	52.62716
73.85472	66.15769	79.14635	53.34263
74.08683	65.99098	79.18376	50.82565	32.43624	30.33449
74.02275	66.09168	79.1698	49.75036	1.390014
73.98152	65.94229	79.27422	49.77339	7.159163	27.6755	11.51233
73.73435	65.91798	79.10111	28.77327	9.116341
73.67803	66.02686	78.96935	52.32902
73.9472	66.29291	79.08573	48.81051	7.631079
73.9472	65.6639	79.30887	28.97736	79.1193
73.77585	65.8237	79.01815	28.5289	19.61905
73.88525	65.93252	79.07903	50.83363	89.24182
73.81579	65.87522	79.07903
73.94748	66.16934	79.07903	47.88384
73.80815	65.88619	79.07608
73.76983	66.20751	79.09197
73.82475	65.88712	79.03745	1.130703	37.0186	13.5975
73.76533	66.05517	79.18688	30.79497
73.54721	65.77146	79.07331	41.09405	89.07589	73.41178
74.03493	66.51228	79.10496	25.1756	62.95457	6.426246	60.29553
73.78965	65.75601	79.10496	63.74755	59.6219	53.66799
73.85089	66.06078	79.23158
73.93116	65.82821	79.07725
73.96546	66.56572	79.11243	63.57356
73.83852	65.855	79.19682
73.94276	65.97477	79.09803	39.72539	53.85227	21.96077
73.94321	66.10226	79.34255	40.42504
73.86516	66.09162	79.2091	45.54287	0.6728472	42.88329
73.87855	66.69201	79.25025	35.79762	24.02394	6.265241
73.92252	65.93744	79.1786	33.11669	23.89349
74.02847	66.07083	79.1786	39.79184	39.099
74.07948	66.276	79.0846	50.12936	46.84907
73.95978	65.65529	79.18739	46.97809
73.97586	65.92489	79.14932
73.97141	66.26998	79.0806	89.30205
73.78551	66.18949	79.0806
73.87228	67.29949	79.19153	33.25906	2.952436	14.749
73.95619	66.3221	79.16951	15.44373	66.52283	14.14924
73.42398	79.19936	66.03112	34.31104	24.56195
73.8791	79.00182	65.95109	51.3984	88.8913	40.14429	29.04509
73.81305	79.20002	65.79466	52.53999	23.74643	81.27822
73.88033	79.09416	66.27779	16.75747	10.28528
73.97839	79.10677	66.26556	19.4651	36.33509	9.428914	88.99149	14.29383
73.97839	79.10677	66.27295	52.6788
73.89704	79.10677	65.9535	52.05507	23.76299	34.32349
73.96249	79.4106	66.52893	52.30827
73.99096	79.4827	66.6244	69.32235	59.46387	36.25968
73.99096	79.07219	66.61743	39.26319
74.03162	79.11247	66.25011
73.81601	79.09581	66.116
73.91314	78.97329	65.66275
73.76398	79.14054	66.44419
73.53321	79.17007	66.22218	26.39145
73.99192	79.18245	66.45378	44.95557	36.08027
73.99192	79.12248	67.8945	39.42816
73.41604	79.11338	65.91814	37.54396	25.97785	24.77017	17.9982
73.95957	79.11338	65.94609	35.9412	31.32936
73.4335	79.09978	66.43563	73.18265	88.93244
73.90101	79.09978	66.09968	39.7451
73.90101	79.19375	66.03141	38.88652	22.0076
73.97226	79.06291	66.04275	44.90642
73.97978	78.98196	66.71155	42.77254	36.06398
74.02308	79.13205	65.91336	47.59201	40.91306
73.942	79.10742	65.98751	46.05117	22.13701
73.96928	79.00119	66.01546	48.56345	35.00938
73.96928	79.14798	65.90888	52.88908
73.61122	79.08276	66.04519	52.7498
74.0656	79.10186	65.81694	52.68211	52.50706
72.78158	78.99002	53.92383	66.28806	14.10198	33.27963
73.72764	79.38797	66.57128	39.81843
73.85331	79.01189	65.80312	53.32972	25.99357
73.7956	79.3957	66.0168	50.72365	88.70162
73.61317	79.11637	66.38824	50.78462	89.03744	43.46038
74.12998	79.07905	65.63873	48.24046
73.78331	79.09514	65.86367	52.89194	5.61866	18.45482
73.86162	79.09514	65.73454	52.04848	89.0571
73.90259	79.07813	65.90696	52.12586	89.10239
73.2957	79.05026	66.03373	50.04517	15.00261
73.74663	79.02286	66.75506	53.78496	51.04025
