SurvivalProbabilities
0.4188401	0.3335335
0.1951097
0.241986
0.4924343
0.4790671	0.6600533
0.303814
0.3113483	0.9119568
0.3213753	0.5401558
0.3016801	0.7706493
0.2982025	0.4156602	0.7482464
0.3439141	0.8022967
0.3413219	0.6043775
0.3301082	0.5921473	0.2196673
0.3233088
0.4763863	0.8558117	0.7849476
0.4082858	0.1387741
0.3031471	0.9279405
0.2920075	0.5860116	0.7844908
0.2988374
0.3217301
0.2386561
0.3491762	0.4971409
0.3242711
0.3643523	0.1846709
0.2362426	0.7638274	0.8400275
0.4188694
0.3172881	0.8629374
0.2839574	0.669239	0.4060027	0.665313
0.2463084	0.7874128
0.250498
0.2280878
0.2492803	0.7352661	0.9386892
0.3449593	0.8546774	0.5549669	0.8355606
0.2591107
0.2706916	0.4668127	0.6937835
0.3151603	0.7912564	0.556141	0.9801281
0.3568064
0.3575049
0.4691377
0.3177105
0.3955633	0.9146364
0.238731	0.9071438
0.3491358
0.2513862	0.9767913
0.2454702	0.9714392
0.3664706	0.6070336	0.4422168
0.3690506
0.2934474	0.482489
0.2868112	0.8507871	0.5687057
0.2788034	0.9481319
0.260821
0.3028469
0.3760301
0.2212361	0.9497673
0.2453079
0.2621947	0.9756863
0.3099173
0.3128825	0.6290392
0.3778521	0.9034549
0.310094	0.5670991
0.3259599
0.3516223
0.4206643
0.3295644
0.4282689	0.5390968	0.4881956
0.2801855	0.4707673
0.3510952
0.3561297	0.8996511
0.3393545	0.532483
0.2662045	0.779872	0.3014027
0.3579629	0.6644127
0.3794228	0.4819027
0.383483
0.2550527
0.447038	0.5232007
0.2512258
0.2950946	0.9071902
0.37761	0.9168312	0.3633761
0.3739949
0.3088947	0.6726679
0.3270199	0.9000192	0.5193075
0.3298474	0.1658459
0.289262	0.63251	0.4296617
0.3501278
0.4168721
0.2145404
0.3380057
0.2486754
0.1872883	0.08408934
0.3453727
0.3078403
0.2915926
0.3558247	0.5089009	0.4789919
0.3713625
0.3517589	0.4518755
0.4001792	0.7547709	0.5638498
0.3055002	0.7963227
0.3410977
0.3531351	0.7869981
0.2306849	0.9427168
0.3925121	0.880259	0.489145
0.2931487	0.4761913
0.2572695
0.3450497
0.3337321
0.3144888	0.470578
0.2823641	0.9883545
0.2414755	0.6789431
0.4465915	0.8052072	0.8898326
0.3042333
0.3254294
0.2548295	0.1570912
0.3641956	0.8127991
0.3460485	0.4397999
0.4109579	0.5983767	0.7979595
0.3999015	0.7877454
0.2790656
0.2936888	0.4773533	0.71144
0.5779028	0.5692066	0.6560084
0.2858897	0.4552293
0.369926	0.9792496	0.7742784
0.2812394
0.3989526	0.9259802
0.3952043
0.293686	0.9437897
0.2515516	0.1776082
0.2456173
0.2931412
0.2784314	0.9065884
0.2341502
0.2936364
0.307691	0.7430659
0.2743909	0.505571	0.7499833
0.4004374	0.8782889	0.7698621
0.2981643	0.7579161	0.476723	0.6532026
0.3583739	0.995941
0.3661018
0.3464529	0.2638639
0.3212798	0.4011103	0.734915
0.2791786	0.6795881
0.7067494	0.4780332
0.2429475
0.3870267
0.2551005
0.2555134	0.654655	0.3665373
0.2720044	0.7373743
0.2860874
0.3411371
0.2352458
0.3525126
0.2768594	0.7405761
0.2230206	0.8753405
0.3082481	0.6512672	0.6136257	0.8634325
0.3382272
0.4541926	0.6210187	0.8569612
0.2507396	0.9426683
0.2493236	0.7781724
0.3021726	0.9089173
0.4322528	0.3014739
0.2173554
0.280908	0.385923	0.3615117
0.3772992
0.3257066	0.8833182
0.3513609	0.8540216	0.6537837
0.2328599
0.2826999	0.7435474
0.4036839
0.4377588	0.5175716
0.3526039	0.2737832
0.4456093
0.3106686
0.3006854
0.3167263
0.4179646
0.3213209	0.8186918
0.2922759
0.2854724
0.297732
0.3439978	0.7171152
0.3481183
0.2806795
0.2941001	0.5362584
0.2921058	0.9942699
0.3071543	0.3820022
0.2973341	0.9542463
0.3013039
0.3447814
0.3693096	0.7363101	0.9462873
0.4426935
0.3309566
0.3051537
0.2149063	0.6314646	0.7980217	0.2846064
0.3544636	0.6755768	0.2048079
0.2326799	0.7251139
0.2690932	0.3142624	0.8396745
0.2864958	0.9206412
0.2929611	0.9690572	0.5229399
0.2773785	0.6860594
0.3226269	0.606735	0.9464739	0.8174535	0.6177253
0.4161158	0.4794318
0.4246199	0.7481277	0.5786171
0.3586994	0.3227455
0.379514
0.3671814	0.3117202
0.3690381	0.5622731	0.9864883
0.3669377	0.5240851	0.476952
0.402216	0.2180018	0.5787339
0.3064521	0.232661	0.667348
0.4233907	0.5225622	0.6544908	0.3525802
0.4171168	0.6599632	0.747593	0.7062113
0.3347787	0.503787	0.3713275
0.408111	0.4603607	0.8921086
0.2852465	0.4238198	0.3234864	0.9090825	0.9761449
0.2205081	0.2570036	0.269123	0.9448556	0.611462
0.335576
0.3878519	0.5458972
0.2832751	0.5217931	0.2978914
0.4337711	0.7092129
0.3285322	0.3346336
0.3797062	0.3552273	0.5924082
0.319035	0.312036
0.3439248	0.2128617	0.7531812
0.3909466	0.3829936	0.9727471
0.3068871	0.4905905
0.3584909	0.6146934
0.4970523	0.7123312
0.3196183	0.3196694	0.9215008
0.3284733	0.3313357	0.8164531
0.2514354	0.3257594	0.1840377	0.7055756
0.3178869	0.6232275	0.336248	0.7912102
0.4816871	0.4628141	0.5239975
0.2751043	0.185771	0.5020966
0.283602	0.6980729	0.6692675
0.2936854	0.3479357
0.2904972	0.4497898	0.7576894	0.9360762	0.7360889	0.7596071
0.3262189
0.2636011	0.5494784	0.7810386
0.3808163	0.4430409
0.4115067	0.3541251	0.9521393	0.3502012
0.2491635
0.2680445
0.2764626	0.5230698
0.3150929	0.7069091
0.2949721	0.9256364
0.2945569	0.8792144
0.2625227
0.2536642	0.7120886	0.9718744
0.3448526
0.2574269
0.2764838
0.2955026
0.4984945
0.274286	0.4939199
0.2444887	0.5547303	0.9338887	0.4161506
0.2854069
0.2903487
0.2950352
0.3104633
0.3691628	0.7177407	0.4675209
0.3297258	0.375995

0.879449
0.9405444
0.1989657	0.8219772
0.4339241
0.1915361	0.4173525
0.6221704
0.5464263	0.6067545	0.8164607

0.9718046	0.8650578
0.5534515	0.8921237
0.6521633

0.5345485
0.6297028	0.8954357
0.4460405	0.1142365
0.7797548
0.8043674
0.2904615	0.9666521
0.5426318	0.8548311

0.4533379	0.387327

0.4103391	0.658982	0.2970272
0.677677


0.9205017	0.7257818
0.485806
0.5422308
0.4522298	0.3736275	0.66078	0.3622164


0.7859355

0.965589
0.9400874
0.5221723	0.742108
0.1500681


0.9810841
0.8042007	0.9908519
0.6323649	0.9799547
0.8806811	0.7345108	0.593694	0.8570212
0.7612903	0.0912109
0.1727148

0.4932546	0.7676476

0.8909191	0.4445548	0.6614223	0.2512582
0.554824	0.9185435
0.5382283
0.368528	0.2070601

0.8689388	0.8966179
0.5312677	0.3305141

0.9450345
0.4869376


0.97267
0.9079239	0.9120174	0.7657038
0.6766308
0.6152103	0.7553997
0.2507986	0.3156152
0.5911185
0.3930945
0.4004447
0.8099631	0.9906526
0.4199534	0.4977441

0.9665185
0.686621
0.7053829	0.7726803	0.6914386
0.749684	0.6725426
0.4496822
0.5796417

0.8491659	0.7903777	0.8764767
0.2270966
0.8737541
0.5471635
0.9692444
0.857399


0.9606358	0.8779258
0.7186283	0.9276631
0.9528957
0.6484681	0.8122799
0.4747525

0.5738487	0.06355777

0.193284

0.8099777


0.3384492
0.3294215



0.5544886	0.5339201
0.6580567
0.9814531


0.688272
0.790358	0.512272

0.4961064
0.9723827
0.344599


0.9231274
0.05142786	0.4117594


0.8314399
0.8288862	0.5261886
0.3564044
0.2251225
0.6316099
0.321236	0.8017568

0.7615064


0.636688



0.5239284
0.3921239	0.900353
0.2053628


0.6230874
0.7261765
0.6168728	0.379101


0.2865688
0.1742395
0.7207104
0.5418059	0.6241473


0.8075835
0.9360119

0.6314549




0.8923968
0.8652581
0.6347619
0.6965625	0.9069394
0.5834214

0.5774637	0.4822796
0.7055977

0.04760437
0.5488389	0.6679143
0.9087674
0.7569721	0.8015449
0.3339862

0.8001597



0.8153134
0.7284821
0.7090986
0.5668631	0.01593241
0.682938	0.2721614

0.3072446	0.625717
0.09420554
0.2098131
0.7244422
0.6884278

0.8570895	0.5389849
0.5883277	0.5298778	0.3963869
0.78793

0.9433239

0.2102192	0.116212	0.122664	0.5840479
0.7905858
0.4566116
0.2580505
0.4265279

0.4724502	0.9606068


0.9804849

0.6116195	0.6391858	0.9107962
0.5664565	0.6189219
0.8379416
0.9185504
0.4106947
0.6008876
0.6632656	0.647603
0.7226651
0.740556	0.5578089
0.623463
0.4005323
0.5284574	0.9795959	0.6252589
0.4826379	0.6483753	0.5909572
0.5587818
0.9461074	0.6621941

0.917911	0.8914204	0.6264437
0.207288
0.475281	0.3931888	0.9715222
0.2121568

0.5572342
0.5026999
0.2112567	0.9384986	0.3248808
0.3592425	0.5852
0.458488	0.6668608
0.5442896
0.7083954	0.6704071	0.8732904

0.7335436	0.8453439

0.7170439
0.9265623
0.9049206
0.5037704


0.4791299
0.91506
0.5473926
0.3615587
0.6917536	0.2581649	0.9086413
0.6914856	0.7066675
0.3270281
0.3374556	0.6758453
0.569298	0.3071268	0.6577115

0.5743855	0.5371802
0.1931784	0.9067273


0.6249698	0.4033691
0.8374943	0.2931234


0.880328	0.983831	0.371737
0.9906899
0.9136322	0.335521	0.549389
0.4718902
0.560454
0.8033434
0.4084611
0.4968561
0.9090123
0.8935331	0.4232301
0.3088599
0.6379137
0.8758865
0.6221135

0.4280121	0.9006396	0.6466078
0.4875508	0.5659772
0.6596805
0.4058579

0.756152	0.414632
0.5109502
0.4588056	0.7004589
0.4414344	0.1414128
0.3602293


0.9159838	0.9191295	0.956522
0.7582195

0.7658851




0.4833048	0.8894047
0.8251272
0.960586
0.9408087	0.9451042
0.8550053	0.7889943
0.5821776	0.6017361
0.8188633	0.937374
0.1478184	0.6980039	0.7853708


0.6839619
0.8078283

0.9661751
0.9235309
0.4760019	0.8642794
0.7240141
0.9665936	0.3978126

0.568635	0.6454252	0.5421801
0.8939727	0.7705762	0.6064026	0.4411806
0.9004593
0.3620619	0.4450351
0.3135492	0.8794966
0.5284469	0.8706325

0.6643069	0.7708777	0.8991801	0.6667037


0.4562519
0.6560757
0.6289769	0.4571823
0.998752	0.9177647
0.7876829

0.6657262
0.7287181	0.885139



0.7872875


0.5519402	0.8857193
0.5772633	0.4248098

0.5408302
0.3289248
0.9278316	0.9258972

0.3020256	0.5445058
0.4268803	0.8398195	0.9754469	0.7067249	0.7080101	0.781138
0.3634336	0.871933

0.5889979	0.5758745
0.5329905
0.3551553	0.7050059	0.1828243
0.2598952
0.7723779	0.993863	0.7697075
0.9328643	0.5919884
0.3405247	0.3713416
0.5748701	0.7497004
0.9643256	0.8410382
0.8758348	0.5814884
0.8275956	0.5453252
0.4761177
0.6592159	0.8497575	0.7531283
0.8024635
0.3978188
0.6019235
0.3007677
0.07884353	0.217259
0.8483581
0.8435324
0.9391991	0.9381996
0.4345471
0.496178	0.7947471
0.527772	0.9174987
0.4887255
0.5334587
0.5467468
0.8868891
0.288472
0.7347726
0.6516495	0.7772641
0.9919411


0.829258
0.8634474
0.63278	0.8454924	0.5485356

0.8083679	0.5567954	0.6728097
0.6082326	0.6128502
0.4456257	0.3540236
0.5911782	0.3277491




0.2199682	0.5337991
0.2814225

0.3916605
0.5159597

0.9995352	0.873414
0.3845452

0.6968398	0.7213998	0.4095316

0.6744168	0.8740478
0.9853819
0.9445902


0.3441958	0.8332713
0.5864487

0.8232161	0.4815571
0.4360078
0.6544161

0.5906788	0.8231383	0.1526985

0.5088773	0.5072664
0.6259559


0.8258252
0.6285082
0.919984	0.5635561

0.2206773
0.462415	0.8551536	0.9825326	0.9502205
0.4171421


0.9800035
0.5673292
0.8278241	0.7205975
0.442525
0.7089407
0.7392356
0.2369568	0.8451146


0.58402
0.8736127	0.7778639	0.9723307
0.5003064
0.3075859
0.1730449
0.4964862	0.9269492



0.9386416
0.6676456
0.6420141
0.3073667
0.455094
0.3441004	0.9104787

0.5905321	0.9099108

0.4381056	0.7902815
0.4828665

0.2514184
0.9420646
0.4187758	0.4787143	0.5291921

0.3277313


0.868868	0.9891137	0.7310154

0.4586103
0.7288053	0.09421864
0.2276152	0.4331478
0.9487255
0.6142861
0.9730474

0.4605752	0.2801409
0.876183	0.8783256	0.5198135	0.5977582

0.96749	0.6513443

0.6954155
0.4154384
0.226426	0.1910824	0.6549402	0.445023

0.6228752	0.9615131
0.5864272	0.8154039




0.9869444
0.5525034
0.6165228
0.7169147
0.8549986	0.7439596

0.9178289
0.5718055	0.5899885

0.5993738
0.5684921	0.5000407
0.6061626
0.2450141	0.9923929	0.4634112

0.9697971

0.4654094	0.3079153
0.4015532	0.5748014	0.2469628
0.5285607
0.3547305
0.7995743	0.9540105


0.5455145

0.4745931	0.7783446
0.4208565

0.6095346	0.3338768
0.8102634
0.3145007
0.6362302	0.5379018
0.6179639	0.7945473	0.6721785	0.5407238
0.9776597

0.5362418	0.8900059
0.5511816	0.3281382

0.7008918
0.8170428	0.6888477
0.8873103

0.6573943

0.5536052	0.9991004



0.3430535


0.9322938	0.4085449
0.5204455	0.486884	0.2784284


0.9319896

0.3180603
0.8720721
0.8756938
0.9406537
0.97549
0.6194327	0.1149899	0.8136128
0.6146086
0.5120096	0.8552172	0.9538537
0.6561783	0.7469112	0.6484392
0.5221047
0.6023433
0.2997585	0.8741
0.9285007	0.8050211

0.5234662
0.6726159	0.813784


0.6631489
0.5851341

0.883594	0.8972152


0.46668


0.8522578
0.3389032	0.6835904

0.4321148
0.7179217
0.8831753	0.7712533
0.8183302
0.5392428
0.8314784
0.5045377
0.5730685	0.8628005

0.7879828
0.6762021	0.8531332

0.5710027
0.9935972	0.443413	0.3163611	0.5863112
0.2455062	0.8772337
0.72813


0.6497466	0.3864925
0.9957406	0.9042474
0.6611336

0.3918987


0.7299243
0.4245725

0.5952721	0.8666084
0.4437823	0.6296553

0.623257	0.7221047
0.3305349	0.7824121
0.5834969
0.8097533	0.9506712
0.9123135	0.8670614

0.358604	0.3682572

0.4751722	0.4960716
0.3208423
0.2919477	0.6324181
0.8053592
0.5561305	0.4904476

0.7851362	0.5177917

0.4107314
0.3890992

0.9790438	0.7918056
0.5574497
0.1418852

0.6919032
0.4761881
0.4255346
0.4532764
0.806141	0.5535319
0.2375503

0.834208




0.8562402	0.7602298	0.655379	0.8315468
0.5518472
0.638192
0.4610716


0.5319505


0.8648807


0.9240719	0.7677064
0.3722334
0.6567626
0.5458162	0.9819499
0.3046069
0.9073042


0.9557032

0.9836997



0.6429522	0.1691974
0.9056195


0.1908818
0.5723913
0.9847462


0.9311681

0.7056792	0.7219152
0.5591163	0.9400718	0.309698

0.345438
0.1585522


0.5288458
0.0935005	0.1149711
0.3478684	0.9910094
0.5754955	0.4533024	0.9930269	0.6002186


0.4546972
0.6426319

0.9505815	0.7740289


0.5534391	0.6062357
0.4605049
0.4998384
0.2715199	0.9621108
0.2653865	0.8684637
0.4407979	0.7336083
0.302569	0.9682199




0.6960214
0.5775444
0.7219874
0.5969893

0.8319946
0.443171
0.5141728
0.9285577

0.8613846	0.2921801
0.4155006	0.5438729




0.4353208
0.5844598




0.5171003
0.8365808	0.4698784
0.9718933	0.7503843	0.6425319


0.1933694	0.130407
0.6700302	0.5507037	0.6257913
0.3336104
0.3760366	0.7650918	0.2299933
0.8394201	0.4458064
0.6073746
0.3905726	0.8515629
0.8348026	0.9425313
0.7724064
0.9959251
0.9966814
0.9540413

0.4260357	0.8347954


0.7989265
0.5279204
0.4024122	0.6052509
0.7825432	0.666327
0.6244309	0.4307925
0.2999548	0.6969491
0.5682356	0.6466589
0.1379894	0.7550694
0.4779677	0.7217806	0.2389197	0.7394089	0.797298
0.8776448
0.5540731	0.9082981
0.5727297
0.9257645

0.5587876
0.7331546	0.4168289	0.6018779	0.7072785

0.8697294
0.458652	0.7054836
0.3724512

0.8097241

0.7210401
0.3924878

0.4161

0.6473041
0.7752953	0.8579853	0.7558928	0.733963
0.1943626	0.4901122
0.926103
0.5563259	0.4585796	0.3348491

0.6060688
0.1824007
0.5856758	0.8765421
0.4490449	0.06465236	0.7194259
0.9219747

0.5571566


0.5382666
0.5581448	0.9723449
0.7548108	0.9811428




0.5266214

0.2532487	0.9088491

0.8852286	0.7186418
0.7418705	0.7990065
0.3072631

0.8803834

0.5029897
0.9706236
0.9521259	0.4276171	0.7409228
0.4999187
0.894559	0.5679499

0.7628671	0.9002948


0.3193678
0.2811099




0.5249439	0.8646153
0.1703035


0.955181
0.693759

0.933609

0.6309183	0.7705097	0.9907222
0.2788311	0.7168531

0.7016238	0.9679836
0.7832279
0.5195924	0.6465594
0.8700695

0.5618778	0.3870483
0.7470501
0.8991335	0.7347881	0.285162
0.3531225
0.7762973


0.666633

0.3991255
0.489278	0.8719827
0.5600636

0.6301625
0.7503545

0.5648188
0.5445338	0.8411627

0.7675859
0.8254335	0.7507823
0.2601746
0.4782127

0.813951
0.4143263
0.3714704	0.9091662




0.8844958	0.8638351	0.8581521

0.7503018

0.6197017
0.8332277	0.8655715
0.8516189	0.9610909
0.7120807
0.4343909
0.6841169
0.7978346	0.6438271



0.8128218	0.587555

0.1881368
0.4360295	0.222799	0.8346051
0.3681414	0.9181074
0.8990011


0.4020101

0.8380586

0.4119486	0.4310731
0.4579968
0.3803603
0.6447317	0.6678513

0.3821327
0.648813
0.3959903

0.2380381
0.6025962

0.9938807	0.9775378
0.8151768	0.7124097
0.8962589
0.619822
0.2140465

0.7772361
0.9097677	0.6497584

0.9482983
0.2244464
0.3714802

0.6358973	0.8003301	0.9865579	0.5648244
0.9894596	0.4104831

0.2989807
0.993223
0.3966572
0.3283512



0.9136753
0.4999541	0.5576105
0.5049699	0.7247455

0.4106702	0.352405	0.8647177
0.3833078	0.3355901
0.7064556
0.914306	0.6940727	0.6087339
0.2659414

0.457028

0.7216407
0.7788715	0.313229
0.3101445	0.6614538
0.8708372	0.8448438
0.9294888

0.4182684	0.6959302	0.6228743
0.756125	0.8062321	0.8039082	0.9119376
0.6842155
0.6860034	0.6180884




0.2375964


0.410962
0.7383066







0.9897341

0.7091764
0.5556873
0.893551	0.5164472	0.508859
0.5941458	0.8574277
0.719452

0.9729114	0.7360299
0.5907328	0.6794154	0.9004824




0.486347
0.9229502	0.8783452	0.5085909
0.8169762
0.4352938
0.5348492
0.5321285
0.4036242	0.6638968
0.627955
0.5675106
0.901863

0.6402935

0.5530342	0.8258403	0.8166046

0.4301097

0.6744818	0.7996527	0.9047558	0.8599543
0.3334686	0.9832181
0.9375616
0.6382576	0.9485884	0.9566049
0.5577635

0.6825865	0.6963526	0.5138786	0.707866
0.6188011
0.3738901


0.282216	0.5417875	0.3835435
0.5291484
0.7490299
0.6413749
0.7591991
0.7175105	0.8556307
0.2691355	0.6366852
0.3473606

0.590406
0.603442

0.4205958
0.365252
0.5486358	0.9011251
0.7962896	0.8579431
0.5449006
0.4834999	0.9710755






0.923116
0.725264	0.5688953	0.8659441
0.5999989	0.4275886
0.8456973

0.3334548	0.7404078
0.4313748	0.3911937
0.2778565
0.5842434
0.7557276	0.6951677
0.6456629	0.5993014

0.9942726
0.3252414
0.4464018	0.8661869
0.7350457
0.8927298	0.5860476
0.3132047
0.9461851
0.3709307

0.6419228
0.7853298
0.8215643	0.5970127
0.8773971
0.4675401	0.3870103
0.5568811
0.689219	0.50944
0.5290182	0.9174621	0.376886	0.4594746
0.495352
0.7235614


0.5974012
0.8159851

0.8447191	0.9697061	0.8634345
0.9676112


0.3434194


0.9820944
0.9830216
0.5281205

0.2727554
0.6271924	0.9597889
0.8521173	0.5829721
0.8698549	0.6349464	0.5092062
0.5808088	0.3985035	0.9386963
0.4605602	0.8354228
0.3900008	0.7103558
0.5714129
0.6231136
0.6204078	0.9655238
0.4429749	0.8523165
0.9726611
0.2924903
0.8135903	0.962822


0.7510977	0.4228555
0.3497546


0.3383659


0.787559



0.6515714
0.3559345	0.7669878


0.8111995

0.7718568	0.9901298

0.3089475
0.2426048	0.9333719	0.5708552
0.5679115	0.7732925	0.9128017
0.7248891
0.5442167	0.5305351

0.7679465	0.9493005	0.4393863
0.594067
0.821193	0.9200193
0.7705044	0.985468
0.9505086	0.4043407

0.6706887	0.8047676
0.609512
0.7717849

0.3681606
0.8788988
0.4915787	0.3912727



0.5258733	0.887206	0.7247666
0.3106386	0.3700554
0.6166597
0.7248235
0.9473817	0.8221139
0.7233381	0.5291233
0.9020374
0.6234103	0.9095035
0.7020952	0.672713

0.9291541


0.7998111
0.3880799	0.9215059
0.9961495	0.6644737
0.3953837

0.3696428

0.8488808
0.4370712
0.3170827
0.511621	0.9559842
0.2332402
0.5981418	0.3939785
0.272449
0.5092725	0.7968429	0.3666921
0.5482931	0.743536
0.8323253
0.8648881
0.488138	0.9646565	0.7483568



0.5258055
0.8474725
0.4001877
0.2208898

0.6709281	0.5776538	0.8128477	0.8159772
0.5367527


0.955669	0.06504274



0.4909609	0.5334037	0.9172947
0.5451228


0.3943674
0.5476175
0.8502475
0.5368884	0.9570206

0.9944371
0.2870715

0.8758904
0.6823428
0.7413053	0.5541415

0.5016647
0.2098166
0.4728406	0.5484787
0.4488221
0.9126427	0.4386132	0.9529359	0.690729
0.5400569	0.9333587
0.4147984
0.8777199	0.6168338	0.6224616	0.6654366
0.318312	0.3464374
0.5104779	0.3734895	0.8753408	0.2660276

0.918791	0.7780723	0.6395997
0.8992194
0.5719917	0.8433159

0.7361771
0.925041
0.4110327	0.8665905
0.8740722
0.2722535	0.5038522	0.3581918
0.87142	0.9645672
0.7405971	0.7223294
0.6450923	0.9975866
0.7252325



0.8422068
0.9588123	0.4860062

0.4246314	0.4648404
0.5510147

0.1856942
0.8935597	0.401558

0.3540647	0.9290737
0.9251282	0.3750811
0.5214953
0.6003915

0.7074904	0.93396

0.3841631
0.3133065



0.7902418
0.2951722	0.7876245
0.2286428
0.5559811	0.7024552
0.9200197	0.7461837
0.1734895	0.6250505
0.5415568

0.8483029	0.8463656	0.4091479
0.5801099
0.7115785
0.3239795
0.5897656	0.520718
0.8341929
0.959459

0.7197067	0.7042159
0.9619299	0.8762569
0.2406528	0.5100434

0.6251985

0.3123024

0.9443912
0.4999149



0.2635898
0.5767679	0.9063555	0.8091615

0.5747026
0.5253138	0.7028109
0.5402413	0.8571857	0.01875093
0.9414195	0.7808237
0.5045885
0.9071363
0.7711015
0.3337036
0.6098106
0.7152979	0.4717827

0.4687199
0.77768


0.7903319
0.7758053


0.3829457	0.9891837
0.8882446
0.8238252	0.9578275	0.3307539	0.6898333
0.7587915	0.1095612	0.4398416

0.6308343	0.3193299
0.5273317	0.5497385




0.6614711	0.9078971	0.9052688
0.4831399	0.18366	0.9017684
0.7283346
0.1656303
0.451156
0.8121621
0.6270214	0.581024
0.9881118	0.9312269

0.599125
0.652523	0.4885642
0.9739837
0.5670265	0.4764377
0.7549056	0.7947957
0.8458574	0.7038826


0.7689366
0.5705329
0.4760344
0.6900335
0.2894866
0.2894945
0.4247081
0.686043
0.7658156
0.9259944
0.3444165
0.6390531	0.847981

0.2283575	0.7278829
0.8475729	0.2810862	0.5945452
0.5302306
0.6272959	0.3480816	0.2355187

0.5720151


0.9030944
0.4018825	0.4900512
0.822811
0.3172217
0.3930568	0.9022376
0.6496242
0.4860473	0.5962615	0.88262
0.7651226	0.8660073
0.1848913	0.6226594
0.6482264
0.3470045
0.3262038
0.5888674	0.6702817
0.8521124

0.7536625
0.4147687
0.5644964	0.6071919
0.2893759	0.3098486
0.5242137	0.8634478	0.9699956

0.6442229	0.5594675
0.4693804
0.8519908
0.7519739
0.7476745	0.8978474
0.6113516
0.7094657	0.5655625
0.7498428
0.9861892	0.7199504
0.5263354
0.9126206
0.9921082
0.5440646	0.6634792	0.7763336
0.3432398
0.7728682
0.5810924	0.415215
0.3555341	0.4217337

0.3385707	0.8646457
0.6468937	0.4164259
0.6267193	0.4007491	0.7040237

0.3779139	0.7685518	0.6943427	0.5928778
0.4539618	0.9538133
0.3230625
0.4897825	0.9529226
0.6868555	0.5641735
0.2825394	0.6241333
0.7762548	0.2072839

0.9851776
0.8322933	0.9843839
0.763074	0.7544078
0.8863747
0.6173137
0.7346779	0.8642992	0.5332666
0.8276817	0.5447947
0.2020504	0.4835801
0.3779588
0.8262747
0.4062591	0.9461694	0.8515377	0.2533154

0.2597655

0.7596846

0.557468
0.5237589
0.6177188
0.9764142	0.940628	0.7138883
0.7527713
0.9720488	0.8652695
0.4583843	0.4815542
0.5522835

0.2646637	0.5831587	0.8502225

0.444484	0.9874733
0.8487473
0.2798382
0.1722871	0.5741333
0.7879534

0.5370343	0.7100585


0.9955028	0.6720535
0.7812925
0.7748766	0.8450272




0.8022615
0.7074753	0.7148811
0.9388441

0.3051036
0.747752
0.5312283
0.9936684	0.8578398

0.6693229



0.9492881	0.593471

0.6943886
0.4017984
0.4940115



0.5985228
0.3773116	0.4296919
0.2938477	0.7948353	0.5404614




0.8435399

0.4290839	0.9262572	0.6287491
0.4768219

0.6879689	0.6370469
0.4475045
0.2054761	0.9667327	0.7739013
0.8244356
0.9249924

0.902859	0.6943961	0.5046423	0.6682105
0.6121201

0.5984264	0.2830945
0.9076546


0.4899195


0.5491912	0.8400401	0.9255775
0.8038222	0.4363908
0.4091847
0.4603777

0.7265447

0.9583376
0.7452336

0.5920782
0.4325615	0.5517418
0.8202868	0.2780615	0.7235389


0.3334642	0.9923436

0.4342584
0.6259887	0.4397899
0.9268081
0.828847
0.7461685
0.8452125	0.5493087

0.6279036

0.9989664

0.680553	0.7950584

0.7173628	0.436807
0.9879397

0.7421343


0.8868197
0.9732517	0.3100348
0.257733	0.5981823	0.6286516
0.8892889
0.9351723
0.5046006	0.8534744


0.5600629
0.1207473
0.5207842	0.3703193


0.1871883

0.762695
0.6003347





0.7889773	0.9059415	0.7865985

0.6760199	0.9006414
0.8019815
0.7964596
0.7805882	0.4329483
0.417994	0.7445513
0.544066
0.6439133	0.2579484	0.4944457	0.5098639
0.9211981
0.557659
0.7315292



0.8584924	0.7216165

0.5866539	0.4926555
0.792012	0.9196627

0.6002006	0.9618221	0.7336979

0.09231612
0.77128
0.7430036	0.5107072

0.563513
0.5818556
0.861639


0.4972703
0.5723067	0.675537	0.793935

0.4065594
0.5166611
0.6607799
0.4909109
0.5091328	0.5242408
0.3564297	0.7830331
0.3677892
0.3899506	0.9380905
0.3634878
0.5206208
0.5102179



0.9018882
0.8157114
0.5912493

0.8065348
0.5566823

0.6859642
0.7344434
0.7546383	0.3350873	0.4685196
0.475218
0.3724471


0.3310905	0.9783198


0.7976905	0.6443519

0.8108986
0.8478685	0.8448133
0.9932439

0.4670536	0.4291338


0.4043384
0.8319983	0.336557
0.5944201	0.9205833	0.9310012
0.6899023


0.9881688

0.1928321	0.6576219
0.4828843
0.7538246

0.5346235
0.7178236
0.8855025	0.1775856
0.9791609	0.3472979
0.5666983	0.03126488
0.829786	0.5821286

0.621322	0.7823758

0.4437266	0.9093026
0.1873832

0.4429557

0.8521913
0.8265329	0.6951994	0.4846985
0.2699234	0.4417553
0.8259384
0.2323565	0.9683468
0.28596	0.8654838	0.4754722


0.3154257
0.4199468	0.6347132
0.3082389	0.7422455
0.9032368	0.5800229
0.8839551

0.5496903	0.4212444	0.5488986
0.4239241
0.3355846	0.3017085
0.5253562	0.5409833
0.5852284	0.4862676
0.7445775
0.7163034
0.872633	0.8128652
0.6989038


0.6376117	0.5944781
0.5965673
0.9945264
0.2321948	0.6904531
0.8277322	0.2347034
0.4655053	0.8727478
0.4470737	0.5009301	0.9167959	0.4535958
0.1643984

0.7017592
0.2771799	0.9344524
0.5312602
0.8646217
0.9332918
0.4721782
0.892556	0.826129
0.6724152
0.4677061
0.3410307	0.9574291	0.805657

0.3419701	0.3787491
0.2704774
0.9543832	0.6060287	0.7508787
0.3651524
0.4863691
0.3507371

0.3564763	0.7745543	0.7132086
0.5176588	0.9215576
0.4464652


0.1000727
0.3912494






0.7561223

0.8227157

0.3004523	0.5031953	0.9549379
0.4984627
0.4359498
0.7480052	0.7568073

