ExtinctionRateChangeTimes
3.627265	27.95637	22.58723	0.420722
26.99825	18.25813
12.03949	5.430457	7.860444
23.23133
2.12441	21.32037	8.532802	22.78115
5.593915	16.13963
13.22763	19.90857
13.31302	22.58865

26.93335	9.966143

10.18562	2.926651
1.757854	25.65125	13.67214	13.15412
19.80164
6.770066	26.68301
7.482306	22.32545	6.420728	4.369286	9.783643
6.668307
24.76532	6.954803
18.62346	11.00486	13.94696	22.35908
1.050615	4.375994	10.2208	27.78018	18.16507

12.17929	4.300245	22.62628	7.074333
27.80749	5.075046	14.68558	9.21457	4.638503	21.95961
11.18417	19.32244

27.26271
3.101805	7.032227	4.883984	2.148588
12.86869	19.64537	25.59872	4.855336	12.13627
25.59146
6.192671	20.34271
4.926663	22.32291

18.69495	3.185054	6.786797	13.9921	10.25989
19.26848
5.582435	6.861101
0.09673749	19.00564	26.8728

9.54727	13.09032

24.73488	11.69329	2.137196
27.71145	13.3229	17.64861
14.21317	13.20551	11.12415
8.674972	5.83903	23.74497	12.17587
2.713748	22.42522	6.896994
25.16375
11.61308	6.788532	21.0184	20.789	21.61695
2.26157	24.17102
11.22215
8.099329	15.31254
11.08179	18.78265	17.85661	0.61235
16.38802
5.611162	23.31652	22.4952
15.43025	25.85058
17.36392	22.63878	28.25454
9.473376
21.96658	11.90961
14.58225
23.68684	23.9116
7.038855	11.22993
3.98526	5.724108
0.3287296
1.586228	19.21554	3.105033


25.33368
2.548484	10.86695
20.79226
5.065267
5.416764
10.37245
3.871776	8.422163	23.31884	11.86963
5.40696	11.95723

16.69717	11.70155	9.820793	9.795291
10.20729	26.38185
0.7662829	23.83361
24.57896
12.30133	16.50876	17.14482
3.133943	28.22038
6.571081
11.68594
27.07879
26.84568	8.881744	2.314916
15.68635	4.553629	10.23362	25.84758	1.039632
3.052814	16.07002
25.11883	1.958321
16.67543
18.15664	17.78417	19.37858

6.045722	6.713201	26.51577	17.04541
19.25766	24.31822
23.99386	18.21855	2.18682	10.05974
12.61177
16.41494
11.92941	3.190536	2.784692
16.05487	27.31477	21.08816	17.12416	4.471156
24.55455	13.58584	1.412256	21.45159	18.16337
23.59645
9.989078	19.64974
21.21142	16.10991
17.71552	18.18794	6.178388	14.57554


7.792709
28.36978	20.44749	11.66186	14.11022
1.389439
16.51657	13.99712	3.380789
18.56451	7.356059
23.99101
20.00709


16.69702	26.22869	3.716594
2.890032
25.23405
15.24283	27.71409	13.28066
16.37118	17.15959	20.24236
18.82476	3.859367
0.08721139	8.344582
24.12051	3.72563	3.851979	13.58412
17.05055	16.79462

14.98216
13.12972
11.70489
8.689497	20.32769
8.924412
9.989063	10.26257
8.07996	13.32508	7.466236
12.09786	10.94515	10.38587	14.83794
17.97569	10.48172
22.58407	16.67155	9.132297	21.41443
5.822022
7.003703

25.51576
4.909674	19.03638
26.83877	14.53184	8.145588
21.05224	26.72728	12.37314	19.65119	4.506624
2.033761
3.24563	1.117783	13.99426
6.660951
12.42241	7.444512

22.44285	15.42507
25.18718

10.03281	0.6788827
7.454758
17.44315	24.61718	3.256696

26.19885	9.004777	8.874847	27.64449

0.8101656
27.15958	6.295557
1.167574	8.158113

25.18991
14.65563	24.13138	10.40089	4.927108	2.591788
4.287207	25.68514
4.93409
16.32505
14.57773
19.58933	7.626162	7.958419
14.84434	21.10241
1.618812
6.420737
15.90168
16.05179
20.66522
10.09975
27.34751	15.27808
23.10876
25.97927	1.27669	10.58779	4.209012
10.80989
26.06709	22.03368
18.6654
18.30892	3.292577	24.06322
13.99098	4.996753
19.05799	5.28121	16.32088
8.333098	4.574264	24.31101
0.5099382	3.109787

27.40321
1.345458	18.89137	0.3650441
23.13684	9.969477	1.153585
24.38092
12.69688
14.79636	4.216069	27.99855
17.88388	17.64405	26.73093	27.38083
6.991805	16.39775
1.588059	7.683453	1.687496	4.482288
17.54687
16.57859	5.08439

27.8223	12.56464
14.55649
3.544091	9.209498
7.133615	9.849291
4.607197
24.80281	18.93736

17.00662	10.78989	10.51098
5.064257
28.24568	5.30822	10.53052
26.62051
13.82644	13.00156	25.76414
2.554162	5.586049	28.22218
10.16727
9.387081	25.41595	15.32952
23.75092

9.233408	17.98532
27.2854	0.6076491	1.698321
18.38046
3.210407	7.222909
6.116475	17.35566
13.93352
4.360429
2.360538
26.90858

9.377395
28.04694	3.863776

10.39481	25.05256	24.72621
9.547407	11.62894	21.61872	7.998789
19.44743	4.880761	22.49477	0.7267267	10.2166
11.2169	5.543691
0.03800147	8.681005	17.33599	24.38318
26.27689	13.40352	6.608292	8.393958
21.39454	0.7091668	22.64915	19.81386
14.45883	1.835837
10.52998	5.484201	9.819214
2.896995
11.8776	18.91669	21.1043	25.28611
26.09371	15.81617	10.65315
0.2398787
4.922121	1.09822	19.20192
13.00271
16.60731	27.2	19.96303

28.19113	11.51108	12.61821
18.64101	6.294302

23.64597
20.86882
17.64773	3.00028
2.09271	28.33542
16.67546	8.132231	5.243511
18.65575	7.472331
5.669677	17.45455	1.520658
9.144949	6.765649	20.01888	0.949627
3.37711	1.996109	20.21243	4.618499

0.3822043	11.09493	8.833151
2.558269	28.09108	8.860197
0.8853876	14.29807	11.70703

5.597512	16.4465
20.30659	4.772258

28.20355	12.34175
0.7549105	8.418709	8.321071
0.3690075	27.45475	3.806608
9.486691	19.08815
9.879984
5.56577	13.16902	16.71408
27.1088	27.35978
1.588949	20.80035	11.29182

1.561786	23.97776	18.62376	18.13011	16.69207
3.225358	3.817544	3.057765	1.984454
15.1717
18.98709	1.16198	13.69505
7.697137
22.67994	1.190802	15.01194	20.3143	20.27334
1.034035	2.066545
17.75529	20.84311	14.67473
27.35619	19.99181	5.881393
3.021322	13.39564
21.00377	6.171491	24.68104	16.93497
21.33475	26.65085	5.732726
22.92841	27.07661	0.1846243
8.65582	3.826939	9.799695	13.52165	24.03762

11.12254	9.56093
23.77463	10.27392
26.24789
28.10477
8.225801	16.78575	7.531656
6.741777	11.40895	8.146762
4.596785
9.651782
22.44841
21.82888	9.943356	23.78062
15.91488	25.45202
15.4368	6.807617

25.11381
13.13479	25.72443

18.2854
15.95141
26.88949	25.4159
4.936517	8.348256	6.309153	4.253032
18.90837	12.2382
25.21805
17.11213	4.312244
19.20963	24.51567	6.285313
12.60819	7.392709	2.376983
13.1107	11.77727	14.7075	9.490476

15.09549

26.38335	26.60584

14.94643	10.59422
6.764529
23.05157	13.37336
26.83093	12.76508	16.58128	26.06877
27.5752	18.84414	18.33107
14.06826
19.85874	6.37382	23.00357
5.714428	3.692176
16.32773

8.929175	5.676527	0.3133633
6.336552	23.40835	8.381864
11.21829	17.20604

25.53199
0.04591267	9.885098
23.60276


26.03708	13.38761

5.109794	14.10643	6.435644	18.8733
3.8829
19.52672	7.592876	5.758958	22.95161
0.1937001
20.2864
21.97107	13.72995
14.24092	16.15371
25.07959	5.657073	25.14	8.142749
14.64589	25.93932
11.05858
17.64013	24.46564	1.600123	9.655441

6.332762	27.993	21.34568
17.93411
6.329135	19.22945	15.81938	21.76647
13.99826	4.877724	6.059219
20.27467	8.155247	16.3073
0.3395458	13.71117
18.88175

15.47186
9.424768	17.1218
25.3037	10.04485	16.54031	1.582819	28.26904
17.45053
14.92568	28.03951	21.32116	24.96858
1.705824
26.93768	22.14064	23.95063	6.411491
0.8512613	5.738035	26.96603
17.4751	5.403554
6.294002
14.7603	7.311681	8.429794	9.723615	11.16901
19.28058	18.46738
11.98137
9.87409	22.93791
0.9397276	18.37765
4.813751	7.55479

4.932434	8.945872
16.44616
5.182011

13.70468	9.761037
12.48017
20.08944	10.7038
13.52788	0.404032
13.1571	22.60534
24.53955
6.428556
14.82361	8.657235
8.945122	17.81051	1.996411

20.24104	5.231256
0.4637271
1.127591

13.89267
20.58419	26.974	0.7610736	20.57892
2.816875
23.86354	5.603925

11.36842
13.70824
6.611903	17.21673
15.98777	23.56748	18.89457
27.99721

27.78567	7.354341	0.3866591
23.76073
14.49175	15.41081	28.074	13.19016
23.67028
8.023588	16.25412	4.325741	3.336423	9.204089
8.357473	24.42678	5.351876
6.452435	16.62172
3.914334
20.12073	0.9443495
25.58366
7.306241
2.351794
12.28983	4.131431
12.48084	15.84476
8.549754
8.307078	4.693047	27.01906
25.16977	19.51432
25.0894
16.62025	9.983964
5.717296	10.54494
14.58097
3.085255
17.38356	25.67488	15.84025
8.741037	5.427042
22.22914	24.5929	28.11671
12.25242
21.90767

14.50305
6.951511	18.08225
6.118335
12.46303	10.30701	24.43171

13.17473
19.5689	14.36501
17.39387	0.911582	25.65641
12.20802	4.560359
6.768	22.97859
25.79723	22.62602
2.399814	11.23945
0.3164699
15.49415	27.10476
23.67306	16.82991	18.73698	27.37895
8.613767	9.139886	12.2048	8.50098	10.42337
10.24579

11.49761	23.07562
26.74402	7.315619
8.955494
21.56551	22.00253	21.20331	4.605061
19.61861	13.45242	27.94446	16.60143	18.69397
27.23398	13.55784
11.15062
15.06671
26.04142
24.79854	23.38093	23.33977
25.28672	23.86838	19.96101	11.56306	8.328704
10.97631	15.46363
24.41301
8.860846	16.1197	12.3686	16.14252
7.833898	7.74454	1.474565
15.73162
2.698809	8.100233	9.317948	6.660591	15.54517	1.519391

27.69824


10.74984	18.22157	0.4503923
9.399192	23.92022	15.62222
25.01992
23.18759	23.67767
14.86502	6.99051	22.65397
15.4902	18.36019
6.193211	22.46535	13.81476

23.15644
21.16892
17.08876
1.617254	7.002775	1.774287

2.192559
1.970573
4.297258	5.60045	9.213639	21.61899	18.30314
22.58011	28.07623
11.93017
11.40061	14.12961	18.66511
24.52711	3.605068	0.4348557
18.04606
10.30599
6.933144	20.60594	0.463636

21.91959	22.36786	25.25205	13.2015

22.57282	27.29113
2.502569
0.1128494	18.61474
27.26254
11.13982

3.179691
9.304445	19.35622
0.05306136
5.27635
16.95621	23.63418	19.89185
6.047685
1.244981	20.23497
