ExtinctionRateChangeTimes
3.62607	55.49654	49.55235	63.1117
56.352	50.00429	63.11054
56.28342	52.31374
57.68627	45.30313	36.83458	54.49034
50.27531	57.75329	27.51509	57.24631
58.75183	52.67149	26.18164	15.87493
59.50507	50.52894	27.96969
57.75365	49.23763	29.13954
57.8623	45.10858	17.62496
57.8623	51.07659	65.77253	33.4019
56.96748	47.85796	33.2904	18.05486	29.24399
56.99714	49.30576	26.26139	19.28827	25.99106	2.621251	65.81438
56.32966	50.45439	31.29717	65.64682
56.60132	14.55245	50.00897	13.79217
50.1656	56.07198	20.90489	19.96745
53.10393
49.1588	39.33304	29.13294
45.38851	21.60615
25.90019	48.26657	58.99796
49.31456	20.85979
51.72096	18.21414	3.426634	50.78119	58.42242
49.73981	34.57267	22.93308	33.02127
6.994587
8.327527	22.11078	45.33943
51.55184	50.11885	3.426504
48.90628	22.92118
40.48127
27.20523
49.69362	22.13841
54.42289	9.132725

17.48214	8.303205
8.808686
9.310187
49.35879	1.391796	20.55429
49.58165	33.80741	58.53592	7.565845
48.61754	62.582	18.57353
50.83323	6.358474
58.55162	49.20355
49.68628	24.76925
49.61183	15.7778	11.42964	4.914612
47.38495	0.9281218	64.79187
50.10534	13.03231	58.76037
50.10049	17.86437	7.943815
50.60948	44.74531	43.73629
52.19998	41.99576
47.92399	39.23953
51.68242
21.18173	48.10894	53.48046
46.39799	24.59401
48.38178	31.88109	20.83999	64.51595
42.79969	37.76211	25.23957	6.961424	37.4244
40.16813	24.8839


16.71132	14.28071
28.93564
26.82019
33.22274
31.62067


9.369687	53.13102	1.530906
16.7291	50.2168
50.00226	35.11059
53.00439	49.36098
53.7634	12.85548
52.86503
50.58426

47.47515	10.82142	9.270944
7.811063
43.32113
8.932593	0.6868067
40.60368
45.77164	17.6618	6.167657	42.30674
51.73741	23.28002
49.79014	19.27678
47.72931	37.40742	6.568434
47.91847
50.23568	37.28947	25.8883	16.43847
27.53628
49.54965
50.73551	64.82648	7.91778	65.64564	46.66119
51.4888	32.3917
54.33231	26.66096	53.80643	47.16602
49.69602	40.39218	32.36227	44.68509	25.64292	10.27574	12.06564	40.82436
49.64448	28.16304
46.2247	18.60765	61.29416	60.23128
50.70583	17.91472
18.44938	58.28429	61.91314	49.6847
20.40046	58.45428	49.58615
57.13819	49.35679	34.21317	45.53254
62.08088	48.2315	57.34674
49.07453	57.31731	12.47487	6.876683
49.73433	57.22671	8.343949	62.06737	58.37962
48.4308	10.3282	62.52026	58.25276
49.21993	62.8152	58.25276
47.59089	62.96351	57.78985	33.62145
48.79783	57.85138	59.65776	56.27145	33.67529	1.490757	0.4602667
52.83267	59.11031	51.37786	42.26672	37.10914	35.1788
50.93332	58.9364	29.82738
46.16364	60.2808	14.16611	3.218904	43.95419
46.97542	61.67499	62.15475
48.57492	57.11306	21.99611	13.76493
50.54267	56.79347
50.31005	17.26117	8.480969	49.35312
48.73144	4.486392
49.47834	10.81038	59.86372
58.88434	23.7426	6.916317

2.926891	21.08099	65.49963


53.2869	10.96088	6.923183	4.139046

41.67507	12.73759	6.178349
48.32954	19.65653	63.18351
46.08544	26.53349	42.64629	61.87451
20.17969
39.93111	27.42964
49.06266	30.85705	5.789237
48.88377	35.98341
51.27923	64.72654	37.02395
45.72565
34.41769	51.03131	24.40206
45.6252	0.3328103	23.43758	31.78668	6.542218
61.94514
44.45368	24.0553
56.03806	62.0242
50.99365	30.91526
42.67412	13.19178	8.176824	41.59951
22.08877
26.64746	61.75203
13.63729	47.25581
54.55653	14.59088	28.43742
53.45298	33.70026	8.205848
53.77199	14.34518	1.460046
53.30336	22.27095
53.16745	15.32352	33.36102
55.54008	24.56509	52.1159	32.70377
45.87797	22.18568	3.957454
58.57909	55.46771
43.26339	59.80537	11.48732
52.80456	58.45952	9.872017	57.27041	64.43471	42.88991	35.27586
51.99744	58.36497	16.60153
53.01587	56.40011	46.20361
52.08425	58.44616	58.28084	17.10449
57.91965	45.86776
61.22509	47.6636	5.907899
59.32373	47.43465	23.36056
58.51139	50.74154	25.47011
59.23478	50.61572	32.05764	21.77782	22.98804
59.54218	49.59596	7.262568
61.35159	48.39793	11.08334	3.478043
60.01611	41.69029	6.422099	35.50284
60.00714	50.85988
62.0333	47.54721	42.9605
46.5088	62.65706	30.8065
19.9956	13.59088
48.24278	5.336128	60.98177	22.29391	47.34502
45.02617	16.79704	9.131604	15.81383


44.73852
19.38151
20.00144
49.83181	10.35975
51.15155	4.623532
43.02114	18.09623	27.48187	29.41062	4.302446	32.67858
47.11089	27.93578
24.45257
7.930566	57.73456	30.28087	22.52756	24.65029




23.18989	31.99402	20.26957
7.675061
22.70865
46.7833	27.52227	5.879095	33.99715
40.77995	32.785
36.00653
23.00385


9.255287
2.427899	60.80724
60.96846	4.617135	59.3068	65.37603
56.94145	7.97057
57.91816	22.87057
54.76962
57.19642	65.59684
63.78131	40.42514	56.4127	60.35311

40.51745	23.17394
2.610998
3.671569	18.28888

61.53226	34.98224
14.3359
16.1038	42.10712	38.93435	8.034627
62.74953	33.30539	49.34203	8.768797	56.38547	30.19367
53.91815
28.97276
10.40173	1.937544
9.872951
24.19803

52.42489	38.04856	12.07998
0.4763463
12.48145
32.51042	4.695233
44.75541	18.3293	25.99328

23.83671	29.18275	16.21988	3.344254
16.61947	11.08308	29.12177	4.960014	4.068063
21.82803	59.83123	46.54112	29.27612
44.0351	16.9559	0.4824674	11.24708
50.37829	30.80728
50.42098
46.38587	61.02611	17.54814
45.51386	29.30147	33.60193	58.79743	3.600402	65.15735
65.36522	7.256418
28.31075	47.05402	29.40631
48.76146	30.92947	12.70852
48.47078	34.26171
48.73258
53.81951	63.36754	46.01668	53.28025
54.87175	7.680711	39.8598	63.43789	51.0671
53.30999	23.69528	44.85515	64.38427	6.914849	48.65592
52.57456	28.21274
53.40088	29.67652
53.95595
49.94339
45.01648	31.80385
60.03221	51.87987	56.93987
16.85598
50.85323	65.63194	20.34985	5.110639
27.56575	51.91072	2.070302	61.30656	59.33274	11.92324
0.2584006	49.0362	60.00871	61.49155	39.94352	33.47909
55.41652	61.18673
26.64196
9.05008	1.515768
52.17156	45.94113	35.98856	55.55829	4.686159
45.18118
34.60494	31.19747

27.15626	6.986466	21.56422


7.556261

22.88818
46.18786	32.42886
56.63576
59.75964	0.3469695	58.51846

49.04047	29.71961
58.87763

40.99891
31.72288	31.64675	10.22661
30.47743	60.10491
48.89316	29.21373
47.66438	19.23598	11.89162
50.13573	23.00346	12.88346	57.48895
17.42399	56.00502	49.30417
1.236403	59.13708	49.92141	39.14063	33.04401
63.08067	43.54233	58.86784	8.978983	7.782119
43.96987	59.33889	31.93275
44.65292	58.66954	33.84816	61.4584	39.96459	16.96399
48.13169	10.69226	61.89994
60.26788	0.3062385
61.30003	12.23863	14.14991	16.43966	10.63878
29.239	60.48243	7.526348
60.00934	65.12027
59.23868	50.58548	63.6424	64.52071
46.91391	61.5296	27.66858	3.851781	0.9350882
64.00776	1.070899
7.554858	63.51737
14.03963	3.560968	12.64581
9.726678	50.20828	36.71276
49.63509	34.91733
49.00971	60.80569
28.97547	12.1984
34.60844	8.601659	52.64049
43.30186	46.92391	60.72145	38.48901	37.61103	60.51015
47.48639	26.14648	23.9863
33.5929
44.725	39.26681	18.57368	19.98891

3.553607	2.89042	2.25508	2.40211

46.5019	34.70662	62.72339
53.2689	12.53478
50.17625	28.66385	22.51203	22.67876	12.93284
48.58438	20.68524
48.91782	16.44697
44.45896	33.82129	9.946191	43.53927


60.13426	56.76142	46.44848
62.75707	50.67705
33.6786	28.92532	26.32367
30.49568
22.02999	64.61476	5.973317
2.63086

46.20246	18.35339	26.23731	24.40516
59.52428	1.724561


7.994203
28.62504
30.91678	14.676


12.39807	36.14071	31.66231
18.65404	7.960518
41.56686
22.88511

38.87331	44.31961
62.6569
51.0146	58.35945
25.77583	15.76886
52.25613
44.73356	26.53598	30.10282
32.16676	4.416976
19.87168	48.8785	10.10565	16.05233
36.85242	25.94766	27.38213
25.24089
48.34907


15.95313	6.373091	15.67154
51.07148	28.2892
48.98841	47.4812	30.30457
54.37618	62.44188	24.65637
46.67765	1.201139
52.39676	15.97203
46.24203	30.83179	33.15296	0.9038055	27.20166
51.88774
49.15001	22.06045	21.83676
53.69922	8.894624	55.86201

20.16186	20.04677
0.9104041

51.41511	48.16847
49.42872	20.90589	63.15585
46.29029
28.75357	46.57435
41.67723	16.61241
18.14414
16.82263
48.47262	65.04349


10.14407
24.00815	8.417319
5.016229	60.63218	10.52308	4.883124	55.67567	4.643071
13.03184
6.532942
17.242
21.96754	64.14136	17.06326	4.197819
47.80984

51.64222
52.56055

7.99606	30.52833
49.82996	28.42059	42.60272	1.76379
29.20494	48.27145	24.41072
48.20347
47.72258	16.35225	54.57469	11.53415
11.47923	4.287876	8.19617	0.1308514
33.02723	20.05081	11.80778
53.16614	62.6327	4.638448	65.15175	64.23376
11.77031
10.3943
52.72344
19.87776	24.56071	61.65921
1.394469	7.99315	9.314711
2.577429	0.9191438
41.69049	33.97345
32.99551	48.32443	29.88171	63.7023	9.032796
13.8184	42.02305
45.64172	37.31442	3.515883
64.6847	50.78263
49.31932	35.44749
56.73539	24.91076
49.71272	64.44561	29.00409	23.64708
65.79641

37.7215	9.942511	20.94421
10.38881	7.42037	3.954925
9.857647	49.97136
54.06756	28.12033	41.19369	20.86221	27.58565
46.46787	17.09544	64.86305	31.44219	53.2215	54.79937
40.96312	44.10515	24.67656
49.06704	29.40323	53.21304	55.02632
46.55486
24.98901
55.18245

1.963234
12.62757	1.190986
9.523973	61.72761	3.948991
57.10949
54.49575
56.43134	35.69755
56.5642	62.31529
60.01026
59.00003
58.31871	47.37549	36.05875	37.93844	1.185664
54.81833	48.89219	8.23369	33.57339	41.0095
58.00546	10.72388	49.15856	21.19656
5.17199	54.7082
51.84582	56.57776	31.88693	15.2902
53.54473	41.74931
52.80341	8.455305
47.14122	5.806805	24.76087	8.5865	65.70132
47.3721	4.010551	3.086529
49.03212	10.61247	30.94253
51.19691	39.43051
53.46991	41.17342	7.9873	36.83151
47.03742	42.69374
43.046	31.15226
50.14671	4.085488	41.00545	48.16783	13.66809
50.03052	23.03894	63.30841
47.88675	16.04413	9.085406	15.2096
34.85078	36.38017

37.44305
14.04466	10.81308	1.924746
7.524371	1.829182
9.633542
23.9074	8.546248	7.494188	18.22959
1.770057
18.61197	8.946174

19.09403	59.46333	47.81846	25.8065	56.81266	14.8057
51.06721	57.75725
41.97456	57.84586
61.31249	50.59789	5.553272	5.972823
48.48205	64.65463	8.662266	40.70807	15.8497
50.70773	44.59725	13.31131	17.85684	9.503647	0.1263927
50.68653	42.64844	1.388286
50.54887	48.11867
48.7148
51.98251	2.371681
45.9158	38.16748	23.95858	29.23138	2.098942
51.29176	13.62491
47.53594	12.86742	27.74126	43.86993	33.54283	30.63536	37.39255	46.37057
49.91363	8.953165	15.33547	29.84187	23.60659

23.80117	23.58472
15.94529
41.22526	33.44639	40.34724
28.88928
30.38604

47.515
8.955216
7.713795
1.376648
9.584062

28.33396	65.16896
19.42525

53.63253	10.07895	39.76195
29.17941	52.50827	65.60635
52.19274	22.45347	2.129671
52.37633	31.65255
56.54332	47.79846	34.27715
14.31567	11.12709	2.421053	51.82198
32.82609	50.3929	53.71449	45.28539	28.31529	25.02566
40.32401	19.98533
49.59249	21.12199	3.305586	21.59797
27.40489	61.16883
33.73611	27.69822
46.92769	65.2847
49.43215
23.67916	51.66714
41.73181	33.86748	60.74314	26.8326

61.70249	5.470476

9.40511	23.47143	65.44205
10.04014	54.02361


21.55375	47.82761	16.05306
46.54802	28.69208	36.74184	4.530452	20.74897
30.09051	64.8783	40.10238	6.012075
65.00081
52.19992
53.68111	37.04023	63.44879	43.95554	42.68512
54.49052	43.17533
39.30327	52.92691
18.77809	54.73877	37.05575	33.6082
49.04794	8.907599	23.2171	13.27839	44.87714	16.41582	45.72648
52.33323	25.94135	49.93803	23.34559
55.80446	47.8847	30.00659	47.12621
49.64131
50.2687	64.23877	22.78895
53.4719	6.280773	2.930698
51.09657	23.2918
14.08749	61.6226	35.86711	61.13953
27.94603	47.79186	24.40375
43.77965
8.941415
58.71441	13.58285	63.59529
50.1426	12.97443
40.46558


25.45045
1.728859	0.2611181
42.92236	16.81103	32.01352	62.18053	5.675192
47.78691	51.17512	2.09083	31.93941
33.4401	51.22156	37.05061	51.12759
50.26901	31.20569	24.99751


46.27655	34.90373	5.670902	3.551794
50.13139	20.65152	9.696271
64.47424	49.46712
51.79354
50.50545	3.545333
47.3635	9.674026
50.19811
45.33974	28.57787	25.11708	4.145333	24.90364	5.304262	28.14355
3.48768	57.64063
3.884712
53.10634
15.53264

8.563409
58.81913	3.626251
33.47402	25.99801
42.74213	30.77878
50.58684	16.75217
49.70896	21.3652	47.79788	9.890334
50.12849	12.31668	13.65876
44.13337	30.91372	39.74362	28.90993	22.00424	38.92675	64.33535
48.59035	43.24255	1.095943
47.33334	23.79276	43.22276	59.14913
54.20249	41.60945
50.9444	3.075329	57.40056
52.84951
50.97884	24.74319	4.000509	7.680657
46.11115	17.99212	45.15029	3.229151
53.8252
45.78589	15.79691	41.1473	3.818571
47.48212
14.61499
19.08631	6.627983
39.06399
36.43445
47.16873
44.11219	34.67142	37.52945
49.02547
50.75751
9.984245	59.97323	52.26	55.13702	23.33565
18.0268	47.19784	15.42688
50.57736	8.117917
56.69626
48.23363	36.91059	10.00511	24.3823	63.08524
54.19511	57.24579	49.4923	45.18786	11.26651	55.06557
30.05774	19.14726
64.42265
7.311913
39.29311	49.24769	2.848415
56.82745	21.3065	49.93702	8.031717
49.92588	55.70552
49.60752	55.34112	12.66505
20.14797	44.49044	6.000487	5.931274
48.17967	58.58259	11.30222	46.57418	28.85772	3.268603
10.02669	26.16536
45.68696	4.986124	23.96969	22.66105
27.15	16.74772	10.78623	4.188319
28.81605
30.34063
14.48634	47.52704	62.34145	65.61717
49.50693	35.15761
30.22292	17.64595
50.83317	8.287939	22.9929
51.22597	16.62401
53.35476	17.35907	56.84956
53.29132	46.89977
48.42051	21.23122
48.99359	32.36006
46.15658	38.25975	2.309157	35.91827	20.83534
7.152576	52.56466	57.20057
50.58738	30.26207
53.50051	25.09922	51.43446	1.043224
50.20333
43.23973	50.03201	1.156407	42.81149	25.33459	32.6701
50.30186
51.16887	10.22775	29.37826	16.06852	5.947362
55.96089	38.63596	3.071351
11.99048	10.18295
14.33506	0.03900409
3.849628
9.417757

1.227931
30.82771	24.80231
52.00266	23.80101
46.43427	19.91094
13.42488	6.391918	40.32128
1.930983
4.264845	24.01856
37.98304	12.1015	30.23877	19.099
4.937576
21.42376
34.25184	18.12515	1.397506	31.56254
49.548	40.69294	47.86994	10.46213
12.73755	47.92063
50.14611	40.0449	8.016296
48.71953	55.97144	21.49324	34.86795	19.08202
51.74738	10.11492
51.98101	58.57177
50.6799	58.81854
32.1623

52.9701	45.458	26.59379
10.56569	34.96305	63.6569
30.02191	6.402542	64.18255

16.75523	2.700761
31.64332	43.9043
47.2578	29.01933	1.657642	19.80429
49.76874	31.39118
37.14374	30.58136	54.46792	53.70819
57.27054	8.740618	6.681856
52.39543	25.82078
53.40914
52.56661	34.59826	3.621446
52.98389	39.85239
50.19342	35.0435	14.98331
52.7625	37.7577
49.52459	1.852475
48.80389	14.01091	40.20243
53.87496
51.36188	1.098949	35.63951
49.05765	38.28431	27.42972
50.63441	15.70388


57.32483
57.00168
16.02604


10.13989	43.15005	18.66181	64.34936
21.45133	4.669618

35.56183	20.66258

46.76615


47.58054	27.01445	62.33825
51.27097	31.65986	21.11639
55.86105
54.05931	4.698014
53.63615	0.07525476	48.55469	45.66074	53.57669
49.96002	1.936445	17.16733
46.73166	7.093925	3.123361
25.81353	23.98717
29.26465	16.55817	2.486988
24.64943	8.276443
45.98861	28.11793	11.8968
48.5544	13.75563	5.297401	47.77893
46.85435	52.31101	25.37299	52.38893	30.64588	47.03967	29.68215
50.11838	23.60815	14.33116	61.65915	47.24468
29.89626	24.26869	16.10135	8.961664	12.69241	5.656609
19.91505	18.99056



0.7910152
64.68052
59.67322
57.64739	65.95028
62.916	62.70499	5.759846	63.87601
11.65066	61.80763	59.53319
12.02497	8.994521
54.26645	15.11172
30.79145	48.7522	8.614822	57.08821
15.90653
33.84769	21.00346
32.07916
0.2457178	45.66181
62.32596
45.49553	53.51972	52.33026
8.46145	51.8301	31.26251
49.27089	2.508489
43.682	34.743	58.68882	11.09431	26.60538
0.6076242	2.942865
5.405631	49.53628

21.19042
40.41634	22.75101	2.564595	58.79872	37.77095	4.891169	37.19444
4.047091	21.15585
24.37982	9.598138	18.20711
48.5634	19.61889	62.87817	22.53045	7.879059
48.89499	45.24385
49.41426	44.63009	31.38712	10.62726
47.54006	45.06742
48.91696	37.01785	41.74073
47.5321	46.12757
17.181
0.889322	38.38712	37.19563
7.292252	40.95066

15.16926	10.08399

21.41236
44.01883	15.49838
60.2069
14.47424

25.42796
15.4929	28.91403	51.96599
47.4251	44.06849	65.91137
9.526263
17.7031
59.70868	39.74434	29.35074
1.362371
50.48734	59.21491	47.79278	58.10576
49.36995	35.81525	63.41128	13.9372
55.60129	48.51075	63.22792
54.32731	48.71727	63.30558
62.69362	51.04646	42.81003
53.20909	25.71858	34.20991	7.776322
52.38352	40.34931	47.29489
28.3269	7.411777	50.53055
49.84509	8.703963	34.39337
29.53876	59.39715	27.35128	65.65939	11.79886
26.20774
0.1672523
41.84096	39.52964	5.440752
46.4024
49.84503	31.93377
49.84034
50.67011	9.549648	48.55776	38.71454
8.385933	45.01867	30.16951

19.20048	8.136771	7.944971	1.609248	18.54338	8.490753
42.16952

33.69777
29.19419	22.68301	59.41468
65.91031
28.32306
52.28003	52.27902
24.67298	42.55082
48.3217	3.15381
46.26427	15.50296	5.304818	44.70278
49.24446	48.04385	44.95586
9.90482
50.66097	62.15396
60.62181	47.28081	36.51795	59.66016

31.8728	17.7328	1.864214	51.98841
7.952331	27.66187
1.613941
35.9222	13.62835
52.07753	5.695363

20.22595
49.58647
6.486479


29.46734
16.13058
41.8231	65.04108	3.508549	0.6050913
32.47528
5.137778	62.61343
34.61242	7.327113
45.40256	15.68131


40.29424	48.82859	32.0791	16.68879	2.095288


38.33316
31.63245

15.02121
13.35991

8.737931





32.19816	44.33879	25.43111	61.95611

48.12799	31.84821	29.26539	9.773361
16.85322
4.060043
39.6529	37.1645	25.55209	61.71772
14.68451	50.14366	2.782928
38.99373	34.91692
4.705146	62.18389
11.52503
10.85084
57.20332	17.09275	47.82172	65.37619	64.78099	3.775668	63.63007
56.79603	53.40257	63.63007	49.43929	45.84363	28.5247	45.58684	14.13254	10.17981
56.63808	53.28547	11.63123	11.11864
58.41597	42.50979
59.51012	48.45798	20.37314	54.96383	54.93967
49.45109	58.11471
53.06838	59.19013	33.80567	39.26082	2.477951
6.812098	51.55257	53.05099
10.10928	44.18514	27.30901	62.23079	59.07157
44.33629	5.979376	4.665012
41.16581	0.7970543	32.58594
42.95224
47.72131	5.683256	6.554952
52.62257	12.27174
52.1301	17.6049	14.95932	8.79945
59.9042	26.94669	20.00882	16.52063
58.30133	0.6820818
8.992597	51.59948	19.84024
35.70213	33.60263
48.17599
1.484898

10.1745	3.23562
5.66844	21.869
22.62507	28.53586	19.76883	49.25817	11.0508
43.57707	57.04933	43.55883
12.58834	0.1947216
14.45637	9.391961
43.16801
54.70467	17.42896	50.89726
55.20851	19.11587	63.13233
50.40995
45.04731	31.41063	3.976151	62.42881
48.81208
22.81677	12.13082	7.821796	6.904001
53.29564	40.15569
16.62347	48.31776
20.47814	53.55652	35.97701
22.98289	64.48031


25.64031

10.00255	41.33355	21.37402
54.15023	28.0385	13.57915
53.18246	21.70035
43.93385	30.53126
47.67994	63.9959
58.9198	13.87447
19.50707	55.78885
49.15212	29.84313
50.19473	57.63942
50.20674	10.82269	8.824808
52.20792
52.30932	61.12058	60.97076
54.9628	18.51034	58.64677	8.861301	35.23931	4.400668
50.77033	0.1398741	24.38616
50.36399	20.24605	65.14811
48.23395	11.06752	38.80022
13.32051	47.76333	63.51495	38.74121
49.6596	52.78082	44.27328	41.49514
48.09927	54.40645	37.32639	9.170326	60.87848	62.20067
48.03114
50.43806	12.95992	29.70348
48.97123	13.6279	6.747305
52.16826
52.81282	47.49943
51.19914	28.9756	18.91687
54.03248
49.18876	36.02755	27.35847	27.04247
52.78644	28.41761
58.60291	23.06146
49.69458	0.386126
49.41996	31.61292
54.57278	28.22309	9.459973	10.00994
53.99433	59.12482	30.90644	10.30536
49.90506	19.75195
53.36332
54.83564	40.14317	27.7564
54.37716	19.07446
54.35308
53.68275	40.55654	34.33788	46.30648
47.94315	24.27298	30.25964
4.883062
42.4873	30.10202
54.81809	56.54653
45.59948	32.00953	31.00497
52.10429	50.2199	3.762256
51.89306	15.30063
51.27117	19.3707

1.777308


49.38013	16.43738	35.52347	34.78471	21.29303	7.31848
50.41865	25.61004
51.76172
47.28606	52.77445	21.13467	26.29029	46.29178
51.87851	7.476657	29.80019
16.46554	48.966	6.096139
43.76739	35.19434	60.1066	30.04039
60.58361	11.66774	10.14996	65.16993
16.65956	9.178295
19.4211	13.636
47.87437	31.09969	25.08909
52.16047	25.32745	50.38503	43.68491
50.13944
49.07606	13.99102	1.051399	60.84632	47.69657
51.55663	19.85738
53.36698	10.73241
51.82574
3.484655	8.017924	51.47125	12.22498
49.39047	36.39216
44.16912	41.27694	29.48902
47.89364	32.1114
52.42218	26.43492
53.40903	16.01777	25.92772
51.42996	31.59173	10.27321
49.37202	30.87068	8.421678	52.6434	65.55406
49.88854	35.08089	34.4287
54.24732	18.195
16.49402	51.56651
29.01576	48.49754	11.71245
49.1987	32.88034
51.47628	63.67159
47.05251	50.57167	58.22907
47.47425
55.23197	54.01452
52.77498	32.09701
49.05389	23.38685
49.56564	23.88746	40.60688	64.22897	24.77852
43.54116	11.92287	35.52723	1.230981	42.50211
45.17656	12.26126	41.15562
7.981698
48.04817	33.08429
42.50104	50.07763
0.5250286
18.92168	9.971212
8.101335
8.374101	0.4324933
0.0839635
24.84463	12.01585
26.34778	61.06397	50.16809
12.6288	1.397283

20.23939	61.3495	0.02217254
9.505112	59.25709	2.483403
17.56186	42.50139

1.606849
6.893393
47.88658
60.90486
48.19766	42.7593
50.50306	39.57173
51.62946	19.90279	10.71464	18.9997	12.01485
46.4281	27.81523	65.09376	19.31472	9.315296
64.97004	20.23252
18.71145
51.89911
47.08094
49.67249	26.41781	5.895844
49.38647
50.86675	17.76298
45.03802
49.65024	3.418764
49.6966	35.28201	10.30024
46.68824	29.79724	11.75667	39.15425
45.83598	44.0874	27.01332
50.49213	49.69563
53.13832	42.58867
52.97984	19.62174	51.17598
52.44578	57.84131	22.96011	65.35437
53.09443	55.73844
44.68833	59.17612	18.132	56.80604
57.18543	31.97364	49.68757	23.44945	52.82868
56.00036	30.2955	50.36478
58.41366	17.27267	8.234686
55.65261
61.89871	65.26974
42.40656
14.6087
22.45192
31.80505	17.1397	1.061815	0.5270342	26.02175
47.40889	16.60876	16.49006
41.01661
46.22802	21.91037
47.11569	21.25925	29.69143	7.540365
51.85939
50.9832	37.51671
49.73706	38.92468	47.49787
47.16915	25.73279	16.48035	4.354025	62.76654
50.99278	22.78955	20.5129	13.72518
49.72904	17.60124
50.9269
6.578221
34.24519	11.52518	9.152434
37.34195	63.36984	59.77431
61.80291	62.81436
45.38525	33.03647
62.57598
15.58765	60.63748	6.332716	57.06478	52.14943	10.8434
50.65188	16.60466	60.88302
26.27323	57.94498	50.43455
52.39358	9.159602	17.96747
52.95075
48.52352	2.706135	47.25836
62.88838
5.73374	44.33871
35.13591	33.96224
34.43119	45.94862	0.1239345

3.803116	44.10988	38.51925
53.81605	18.19096	36.78086	19.66649	42.32371	11.04522

31.35633	28.85286
29.95721	54.59254
18.21315	65.98001
5.286838	48.79034
51.84837	13.91955	36.89083	34.63999
44.60902	30.86489	24.37022
47.37711	35.37353
44.97681	43.483	63.93865
53.5694	21.04759	48.31171	20.04091
36.49725	21.30636
47.9625	36.70544	36.5466	32.43838
47.74342	28.06756	17.26941
50.9421	7.265479	2.108976
52.20287	64.43069	0.4506505	6.750669
43.86336
54.85513	34.16254	48.81645
53.26643	9.377927
50.52281	20.10534	2.655172	42.10089	21.11358
12.09562	65.45218
24.8385
42.13827	14.70755	8.792267
53.14764
49.94021	4.945797	50.96672
47.19727	7.212139
48.70362	35.68056
50.08376	26.06294	48.24043	19.21127
52.1352	15.99921	64.41305	3.755229
52.43212	3.530711
46.13572
53.46774	26.897	53.04108	65.35856	5.640165
27.58061	13.10156
25.98345	62.55347

7.534144
6.670076
7.411821
49.44939	32.31474	47.57059	21.50298
51.09873	28.9943	6.779052	27.04142
50.6041
49.05501	28.38933	17.69013	7.513434	35.72754	5.811438
55.20465	44.52574	18.86422
50.4065	34.44144	24.59232
52.63807	64.54381
50.13555	29.2016
39.59601	35.91745	8.166724
45.20799	3.826127	20.65716	24.83843
50.33897	1.029526	29.49631	7.587697
51.2344	33.1063	27.71007	14.20889	10.43871
52.65515	28.53959	3.637158	2.496022
55.91373	13.55755	47.97584


3.824182
13.66335
4.723145	28.31538	14.94739
19.23939
49.16402	41.88539	32.84505	61.54467
47.44859	31.21064	56.13868	18.92591
47.29233	34.68751	33.09769
30.81442	6.153155	18.47799

49.5698	58.22427
51.38816	30.87678	8.560442
19.15141	10.62263
32.0301
50.70883	65.79844


9.609907
11.41622
10.04535


45.79808	43.59288	60.34625
46.59581	42.13826
11.01027
7.194006	1.545164
25.36739

15.76554
13.72151
29.93467

33.62999	43.55824
35.44904	51.67173
54.84821	14.80798	21.74684	49.23582
51.62529	21.56276
51.33631	28.36518
2.858515	46.02759	46.78233	34.2437
49.33363	9.858103	23.173	17.73404	32.25963
47.18667
50.05837	9.579409	35.16638	14.74363
13.83096	50.3105
48.57682
50.34541	29.73661	3.906936	43.97093
35.4582

44.76839	31.29678	26.64654	22.43449	18.5639
19.26943
41.72806
47.96004	9.049709	33.76302	25.83901
48.42323	34.77359	34.29254
49.80183	38.27906	21.74029
47.35449
49.47219
50.78941
27.4435	0.1346665	51.02498	7.12425	59.71176
16.45011	56.97923	36.53667	51.4012	17.71093
48.53598	57.49946	30.85343
33.64916	54.49963
48.20095	64.49244
51.49985	15.4525	49.5924	19.58653
48.2964	41.56996
51.45202	15.09225	46.79421
49.87586
54.91113	32.34137	46.57215	0.3080532	0.0005846474	49.36097
36.91851	48.13015	61.7995	9.636486	7.422686
51.21652	27.50185	16.07365
46.07862	17.76062


52.97686	27.3793
53.42398	60.85387	32.70568
40.12849	13.08717	63.43082
8.120147

62.20856	40.9046	10.61781	24.19391
48.54319
48.88443	32.38682	8.757758
22.80984	12.51286	64.84483
47.3976	25.82517	31.72968	25.68316
49.00068
50.80028	16.92499	58.74134
52.70252	16.62957	55.83705
51.60869	56.34681
50.50531	53.3825	28.38331	13.74867
25.4109	50.68806	54.76402	40.15593
49.12501	4.23957
48.82905	15.48433
53.86018	25.65045	24.02882
50.60174	31.83165	29.77417
62.07819	33.41878	14.46547	8.463394	49.92366
32.84824	49.44491	54.09129	20.53412	7.587167
22.71213	47.76099	57.17117
47.84152	59.47336	60.11526	63.18995	19.64757	28.12734

14.7723	59.1882
50.85952	14.84074	54.31244
50.54275	24.49328	57.92396	60.72334	5.932809
46.8133	59.89527
49.22635	59.5742	49.14684	65.30253
50.75993	57.77418
49.63608	57.77418	30.76399
48.62888	57.56433	3.397297	1.841099	1.525131
51.0738	59.50933
49.98394	57.67065	48.41979
51.38236	56.80056
49.33943	57.22858	21.54303	7.328214
47.81899	57.60106	24.28944	3.208792
51.73943	58.04669	11.24878
8.324145	61.06856	7.415873	3.478537
61.88791	43.73994	59.82691	16.00797	7.316326	63.58534
52.983	5.383175	57.262	31.56309
53.44155	37.33151	57.58978	2.344803	47.4277	1.199194	17.04707	61.91179	57.37082
49.57799	56.85419
59.09251
39.73942

43.61832	58.61825	51.98763	8.705592
32.42894	46.54702	24.69247
15.56457	46.85277
47.46811	6.330795	24.38412
30.36077	9.04177	48.82391	5.47898
63.18589
41.80037	37.59628	37.78596
49.64953	60.62678	47.05222
47.78478	20.09101
51.36231	15.94033
47.86392	34.82219	59.72385
48.42593	21.39942	4.244759
49.57155
10.25586

43.51643	38.57083
44.73999	28.11306	40.88471	15.5494
49.55119	60.24023	26.42983
50.48602	60.03893	46.23661	42.61193	5.799863
52.41079	56.26961	21.45041	42.6804	18.339
52.07801	56.19843	8.575326	6.224062
52.11865	56.61547	0.4187845	13.98341	44.71693
47.6664	57.79814	1.609667
57.66434	8.296756	52.12829
58.52354	49.55099
58.60335	48.74755	8.497786
58.60335	49.88302	35.96395	14.28467	25.1494	25.28589	17.17349
65.27796	51.92067	57.42963
51.42175	57.9864	34.09795	16.93642
46.59572	59.27816
47.24848	56.89808	40.80076
53.65191	17.38184	13.35369	51.80178
51.76823	18.92526	3.769734	3.093201
53.08309	64.59117
52.72086	34.40096	39.87134
51.94622	45.80792
48.62318	15.63878	2.268074
50.45465	25.67261	24.24701
50.85375
49.11269	35.45599	10.59054
46.90389	22.00601
39.90733	9.280326	34.86123	37.71997	9.023339
55.17462
49.59102	37.1731	47.80868	9.620073
45.4859	16.81226	43.94401	10.29109	39.84585
49.50456
50.55742	35.08102
50.55083	30.29054	24.08164
52.18952	23.50121	36.10206	42.54595
51.7343	45.70519	31.57218	46.06019	39.18975
53.23042	3.558915	0.5700088
52.65278
60.80232	46.66345
48.76092	3.378601	65.723
50.25266	22.6747	7.06552	1.377078	0.2214557
49.39291	57.16955	36.26783

28.88968	42.16587	19.67413
46.60557	61.60402	60.64656
33.84995	50.54035
52.05968	0.6027314	39.85721
52.26714	27.77512
65.96701

49.82618	1.43873
43.37805	21.53159	17.1654	27.77629	17.5775	6.427688
9.849188	8.886541
44.02234	34.87241	2.769911

60.42774	48.29699	8.579601
1.690896	52.22084
53.42421	38.76732	8.668362
51.2993	50.92784	22.90329	21.41467
50.0509	26.84477
49.34268	62.16703	32.76858	27.33012
19.43764	55.20839
0.1650232	51.21977
45.60769	25.43607
20.60676	0.5077152	19.33217
20.52817

17.41175	47.57651	33.81011	18.33588	5.605582
6.058572	26.32137


42.61286	10.05443

5.923666	34.5663	29.1607
44.41219	37.61375	34.83653
52.55021	32.46627

44.36372	10.80788
63.98478	18.65392	0.7384968	3.599024
63.86668	12.90691	0.250938	2.200872
62.23649
13.56502
49.35133	30.01653
10.85149	32.05498	41.77336	9.780561
8.567467	6.716285
30.43352	1.960584

40.32587




26.28786	58.7144	6.599756

5.948672



56.20253	49.52358	19.70113	10.44447	45.58736
55.40043	51.2659	35.68915	51.08835
41.11012	32.68123
0.1132772
10.22195
63.44898	65.79456	65.3872
57.48904	12.33045	13.19173
46.26713
49.73558	36.14753	32.90634
60.61397	27.53529	65.17464	51.56388
47.65031	21.9024	3.702367	17.17931	38.73468	13.13752
48.952	43.63185	16.50932	55.34142
48.90148	24.6543	48.04482
55.23833	9.02997	46.60636
52.49835	51.69871
47.95031	25.13715
50.15083
45.84142	45.10207	36.59499	61.07168
40.6586	10.57581	14.25932
48.1886	37.22405	35.48055	45.60017
47.92802	21.02047
55.10007	24.36157	15.27894
57.26203	18.2289	52.25427
52.2133	19.01873	0.3408896
48.29132
49.75371
48.74558	4.232168

57.07629	12.71523	22.19258
10.33026	4.664599


1.136657
49.14766	33.07777	21.32585
46.56167	35.08638
51.04255
47.61776	1.732857
53.58544
48.6068	24.59361
45.91875	29.28236	16.14183
21.35885	51.50045
8.300367	51.28611
15.3305	49.72766	11.44952
10.4521	49.26061	23.71498	28.3348	31.21612
49.38075	15.42295	14.68786
53.87549	48.51506
47.62007
51.42296
47.89439	21.4809
45.73331	8.080354	21.06813
51.18885	31.89341
22.77081	47.99142	29.56913	5.566181
48.58228	28.12962
48.54449	13.66918
50.06525
49.29686	21.67138


18.87548
12.77782	42.60348
18.3359	43.57147	1.535982
19.73509	55.42501	47.03616
16.33447	49.58112
24.34276	13.03497
14.41271
53.29275	61.74969	29.78655	52.18877
46.45299	60.37095	18.71207	47.89222
48.41307	60.37095	20.7133	63.13013
49.60807
53.61123	18.3904
38.81877	7.400352
7.741338
8.765693
8.097453	27.86571	50.95529	4.064765	58.05882
43.81578	57.50864	32.01004
47.79217	61.92651	44.08347	6.282258
59.92766	49.79134
59.33645	48.51898	34.68314	6.290834	29.35831	12.98085	38.29875
58.15683	49.93434	33.06623	9.753176	0.1011648
51.46762	27.78159	54.48505	9.915114
52.4062	49.35942	56.88579	34.28652	10.12075
52.88332	57.27919	22.66897
50.88615	33.72036
56.86863	48.48363	39.30908	35.4028
48.33438
53.68824	30.79231	30.53362
45.33969	18.7701
51.67964	11.23796	23.69254	12.53913
50.28264	28.54471	18.09251	12.772
47.21355	42.37363	29.97174
59.14507

15.62857	9.719867	46.48561	6.379167
44.34163	31.1875	29.84003	63.23932	26.65344
50.05121	15.32518	64.36231	5.855606
50.28268	25.13029
50.2809	37.52795	10.8453	51.74281
52.66031
54.11739	22.76432	35.76765
48.34189	20.47619	46.31473
49.57223	37.32773	18.78384
49.65394
52.75648
50.6777	35.54822	24.82228
41.81894	65.98111	64.61366

22.93801	57.44639	9.346774	15.24602
40.54683	18.8639
4.667235	55.05692	3.825301
9.645383	52.13593	41.97108	36.62928
51.32704	20.68273	4.264984	17.32121
8.44378	13.26598	53.45618
34.85267	65.0369	43.32436
40.75024	55.04642	9.379214	34.25157
49.94427	22.29894
54.08495	31.11874	43.58138
49.32564	33.45173	26.0283	21.23276
51.55158	37.40748	27.67984	6.388397	49.8065
53.4483	37.29532	49.7486	5.975703	0.7874296
52.9534	35.54232	8.728317	64.36397
53.46969
53.13446	27.45313
51.22848
52.23491	33.19634	21.30797
18.23714	64.64239	49.53858	28.00041
49.8922	27.86821	47.75028
43.83526	36.07297	10.27755	34.65699	1.954305
49.17457	5.796027	60.73019	34.51767
49.347	57.83893	22.20586	7.725203
46.14701	36.07634	7.883866
53.49679
43.61035	25.99771	25.25329	7.542034
48.48443
44.80454	34.99084
53.04247	9.071527
52.60079	13.42883
43.33693	58.40482	57.98267	61.80487

10.31338	36.25336	57.17018	13.60487	51.91772
8.153806	33.13476
8.060046	30.21312
38.51287	34.33838
33.56549	9.098027	1.4193
4.371927	0.1864203	4.234074
48.57427	1.232567	34.85789
8.851306	50.75731	14.83653
57.82217
50.19921
19.43347	65.50351	51.34738	49.934
8.227529	60.40991
10.17588
53.84301	5.64485
8.238843


3.871084	26.81862
21.14442	48.97638
53.57905	22.94604	22.21506
53.42778	18.0579	63.35631
51.91754	13.27266	9.438983
49.33456	60.80487	56.17983
57.40636	48.80223	28.85038	23.84337	34.83667	22.30079
53.29804	37.70805	51.24006
45.91143	28.54735
48.0829
52.33732
51.30808	3.371398
49.12087	40.01861	5.936738	44.90002
50.67125	17.21298
48.58649	61.41809	34.91168	22.04535	65.0062
42.35929
59.03371	37.73067	47.38137	2.715934	30.15283
51.08487	31.55809
48.56037	20.04066	1.096872	45.40942
52.82977	28.39651	36.1367
6.159816	63.43253	54.08236
19.38394
61.38576
1.714864	39.134	36.16031	36.75103	60.68402
57.09996	25.08789	3.246414
56.6217	18.73007	40.54958
22.81783	35.58126
49.40262	12.46481	38.05746	46.96179

27.83588
26.33693	6.495991
5.749614	3.297834
50.95996	58.25241	21.42303	4.583257	48.15157
47.2346	19.69055	4.579605	3.613887
52.70817	6.74356
50.38529	26.83113	45.97099
44.35413	34.18651	65.84483	21.60058	1.483975
7.296279

41.12144
53.66903
51.78258	19.66116	58.69081	13.71216	18.98577
53.30192	30.78667	57.37091
54.92675	36.20626	57.99417	64.40119	60.95534	48.67914	17.3356	29.1633
50.44702	57.33002	2.851292
41.21267
50.05712	56.04629	26.55326
47.10551	31.36479	22.86026
54.0969	6.747507
35.21809
9.930187
12.39061	63.65243
62.28293	51.2017
62.8355	57.02314	51.8097
5.431032	45.83873	4.412227	42.14724
49.40725	30.88069
54.08708	15.17822	13.40443	36.48201
48.24873	16.30273
46.74439	30.47523
50.01214	31.49178
48.0732	18.52338	3.66035	44.78578
45.96456	20.25147
53.03604	16.22781	51.64051
50.21254	30.80437	62.712	21.35547	65.91729
54.35841	35.2309	61.35021
33.8034	17.73605
47.12474	27.26615
39.52266
16.40078	13.76938
19.79314	4.071725
65.31784
22.8348
39.01085
5.845306	50.14866	17.66488
58.2807
50.00708	20.93541	38.95228
47.62057	58.65365	63.44908	53.61073
47.94244	57.67262
48.4513	47.69517	54.58894	41.59168
56.23363	6.567051
56.95495	39.90496
54.34144	0.547437
52.62119	63.43718
52.03903	20.46526	4.588894
52.85087	13.0883
54.35635	20.34014	22.78177
54.24465	4.304786
55.44966	27.67907
49.06859
49.63024	24.38989
37.8734	25.14257	3.251451	38.32144
51.30692	53.47339	39.83387
47.0727
48.04234	50.8305
47.30599
49.99701	15.97903	15.23073	3.345175	46.92127
52.1765	21.69436	14.05892	61.4016
48.44395	13.94809	30.99954
52.09288	50.12418
50.90287	19.28123	12.12633
49.41984	18.71277	64.80638	5.276916	34.39217
49.87596	15.12649	8.659944
48.79172	2.819707
44.4643	35.77791
46.76407	28.40649	12.9768
51.57137	34.371	14.1498
51.74971
46.5806	10.37895	19.36155	22.96349	29.83783	47.47586	18.09444
46.67454	18.74537
47.44173	31.12995	4.995848
46.33163	65.866	16.78414
49.73463	25.18992	31.31024	1.626438
54.54675	23.33452	1.303023
50.19719	30.1084	38.71507	17.75817
32.96513	44.90065	17.4177	25.84128	10.714	23.63155
51.47488	32.02484	9.394061
51.2342	59.12061	1.877819	31.83505	50.26466	48.34592
53.95903	47.52559	4.943974	36.22111	51.53598	36.65562
50.4276	17.03402
33.31523
50.42994	18.40044
46.95287	41.89716	6.042078
52.25108	37.50388	36.05459	1.88224
60.53457	2.667325	43.95941	65.73863
65.00825
3.894926
9.797386
28.62239	8.674276
53.91288
49.44788	38.61517	36.37235
52.79841	26.10406
52.98433	30.76919	2.009552
52.67065	45.38412	37.80376	37.82386
52.14877	61.74627	5.688901	58.18149	40.90115
53.29493
55.0247
52.441	46.0527	51.62881
55.0093	51.57726	10.15281
47.57128	57.51046
40.06156	23.55142
43.25658	11.86301	59.92746	38.43509	58.70897	9.58988
23.37108
37.14243	1.01262	19.70199
58.07989
53.42267	18.24323	6.920831
42.59957	27.98712	59.40188	11.42701
0.640292	25.90229	15.15449
11.8152
17.0955
36.14657	4.877958	27.3042

1.69464	1.391034
62.25328
43.28863	15.69527
49.01121	22.45456
22.12563
18.17928	10.75883
40.90454	62.90742	65.55198
6.86443
48.73356	38.6396	16.31104
50.82219	22.00234	5.886058	4.474484
18.87251	49.72937
51.37826	18.36388	7.829276
51.41679	33.95926	7.204218	33.79106
46.45023	24.39533
52.24118	26.9412
58.2181	19.06117	39.87013
48.55497	48.35124	5.976082	15.14027	25.12923
65.04741
48.20221
48.40096	31.67312	60.90002

26.77273	12.25708	13.16002
27.35684	17.8437	12.06163
16.72395	4.167609	3.116394


2.267562
23.59301	9.791264
30.4254
30.13623
57.63859	25.12196
6.391965	65.21788	2.71115
25.9075	1.569277	5.967887
9.938661
30.27125
49.88876	48.6403
47.03343	41.38544	11.6474
9.562728
50.11617	41.5322	24.61126	37.34367	63.79396	12.89076	2.954461
58.17136	40.39524	23.39437	9.168333
4.552775	10.73705
2.826419	63.53637
22.60123
41.05793
7.92685
25.54119	41.60348
6.655873
50.37038	37.57577
48.76115	22.60916
53.62604	14.36576	4.435247
63.93897	49.82761	60.11943
46.34545	45.48197	26.51607	11.33558
41.99113	6.871224	64.60256	6.652084
9.308591
48.22216	11.31335	64.4714	5.111151
50.12424	6.940548	28.44597	62.05896	45.40112
49.35283	30.8704
52.85607	13.52079	6.421696
47.24344	52.70583	42.85275
49.80557	34.62698	11.46447	4.695949
48.6636	24.09654	44.59002	4.933859	0.1576574
54.47142	33.39091
54.09173	60.51464	8.158897	23.64965
50.77461	19.38985
54.59162	24.14617	27.82413
45.29818	18.40209	2.371743	7.721755	4.670798
5.438342
23.02077	6.670637
3.846825
11.25255
27.035	20.83553
42.35143	30.92439	21.96279
46.165	23.46253	7.754619
49.58659	22.2493	61.79648

25.73399	27.44658
39.85997
25.50615	33.7837	50.46286
59.04963	10.27548	40.03833


15.92751
56.38288	17.50933	54.62844

18.8835	17.13135
3.180848
44.71237	37.36109	8.432724	28.9987	60.86929
48.00208	26.366	42.07191	6.418546	6.346429

58.9065	64.04257
63.97183	57.51602	16.62802
57.60631	23.81463	38.83296	29.59057	50.54191
58.62856	36.12019	63.90101	33.55089
58.7745	4.923207	29.74048
59.39223
60.29534
58.21971
59.15618	62.7898
57.5577	17.17097
26.50861	44.07849
49.48966	65.94406

49.91902	33.1527	30.78714	48.01668
55.38087	37.38535	50.67131
45.16024	38.4331
49.45643	17.86862	6.600315
50.75746	14.94094	3.633648
50.86862	27.56009	47.82652
45.97437	25.95925
60.65145	51.73083	34.66748
60.56757	50.08508	54.99082	30.16877	7.406258
62.6449
25.02135
56.08643	5.307818
33.24304	21.0542
25.80061
54.50995	29.5629	64.74461
28.92965
51.95765	31.0838	8.591446	20.46189
22.76197	6.824997
30.76549	28.12554	27.31064
21.67681
25.12848	63.57517
38.24341	1.921205
28.38647
52.45653
51.94757
3.616743
23.6885

5.266709




16.52303	20.41258
23.38179	55.06695
32.66908


29.78183
32.74837
8.738449

5.235279
34.81214	8.786287	31.69388	53.44961
11.48956
33.93239	62.02462
33.9522	63.79894	62.55277
34.8907	2.789096
31.39514
2.209101
27.94631
11.67868	45.49725
51.18852	0.1109426	19.33768
17.58928	62.39701
35.1841	29.01319
5.791168
9.415391	51.73517	21.20509	3.09426	32.38403
4.993767	53.12245	33.32928	63.65642
15.05373
27.78046
1.051767





5.237901	38.72901

44.61678	49.89998	33.10543	37.36851
54.10039	47.06278	14.99211
55.31874	6.82798	52.56995
53.17076	6.80528	46.87821	18.01951	52.77683
53.55325	49.25064
37.42253	3.687025
7.448222	37.04205
19.28111
38.97372	22.07182	3.741098
32.50428	30.34576	27.6684
30.53543	59.24478	40.86939
58.88057	47.89755	43.34789
59.17208	40.54888	4.498528	53.58678
57.65224	52.89658	42.48753
41.06381

5.439798
18.87146	10.60329
5.379579	35.06441
48.34913	15.87009	2.52431
27.13382	0.4079291
3.855483
25.12256	24.75552
63.27159

65.7652
11.67387	3.001229
9.177081	7.143236

3.098529
65.21466	46.61409	36.8563
26.14616	2.800586


60.40013	21.75822
59.60569	61.72662
58.7827	65.21232	59.48207
57.25924	57.18603	12.13242
57.91046	15.86237
57.91046	6.164284	3.839808
60.60357	10.72378
59.34701	46.07093
58.26161	44.78876	8.819994	21.89574	15.73531	36.66608
60.11013	41.37499	7.072628	32.33315	5.81121	3.916156
60.11013	49.47915	9.995903	19.13473	15.89466
58.67084	46.56399
59.54995	39.65088	60.86505
59.14731
60.8544
60.37978
57.96959
61.51448
60.62718	31.15232
19.27074
1.385426	34.55565
24.8313
7.959147	53.33667	57.16754
7.680233
8.152462	30.05626	63.51774
26.61956	13.54975
31.19282	41.92362	27.2538	20.9645



51.13483
50.07734
50.55719	31.01076
26.57972	52.64867
7.603743	0.6294121	50.27835
40.47733

15.47573
20.7861	14.90115

47.02843	28.67499
46.96376	43.65755	6.091739
50.79013
48.60541	30.45021
0.02464369	48.81815	31.14494
51.44485
52.4302
44.93696	60.64717
53.62411
50.379	22.51819	60.34348	36.04857
48.02069	22.47602	33.46637

2.470861	62.64424


10.88573





17.43591	42.21213
52.66694	32.3421	28.04159
50.53031	18.19243	15.56507
46.84379	35.09547
48.81995	58.79378	16.88389	11.40864
45.98574	59.03032	20.6511	18.80409
58.78662	15.00375	11.71146	5.087225	55.01372	48.26419
59.76344	55.67552	8.103584
60.15274	55.58744	61.70453	40.82207	17.64267	63.17122	55.30806
46.38727
48.04372	1.96793
34.65251	20.91781
5.21915
15.47915
32.72472	45.12954
49.9892	21.92785
2.774486	37.67238	8.78688
12.24407	9.542191
46.94428	26.72288
44.79725	6.331182	41.17539
22.64942	57.3494	56.4231	5.349294
65.26123



9.214795	61.6869
4.156809
24.24914	46.2919
46.93266	44.44198
48.63212	18.80825	17.39374
56.72319	31.92429
53.25131	22.85857	8.564095	30.47058	13.60898
52.42019	4.383473
49.99738	25.72509	15.55682	25.69557	52.96694	37.45117
45.29797	32.46415	12.3917
46.52416
51.09209
49.1881	24.79254	43.54459
49.80542	39.46612	48.0417	35.92488
44.93021	29.327	3.310686	41.73324
47.53166	23.7989
45.53694	31.024
15.82283	62.64311	62.1028	15.55557
42.3939	36.19323
36.46311
40.73568	50.74856	34.09484	45.13133	48.58303
45.1522
61.54334

62.53665	62.29446
38.38023	31.86964

59.4757
7.247245	55.5489
11.01284
11.75719	16.03855	3.695769
55.0386	50.16094	26.83444	17.61007
22.61115	53.64677
50.9025
51.2671
51.82372	22.29002
60.05031	7.723452	51.6845
25.61692
23.38606
19.2898	14.16741
10.1967	32.66292

13.24669	8.949692	0.3103791
62.50898
63.91013
6.249098
8.368762	22.22622	3.58082
4.479337



9.114516
39.05927	34.37267
13.21616	11.08395
38.31365	2.12352

20.9274	11.79293	62.46537
34.84811	21.5214	17.72434	33.64241
62.84792	51.20856
57.23568	56.32072
58.46925	7.118441
56.7877	6.236244	33.73206	24.3853
51.65549	27.65193	13.98953
7.243585	61.61343
14.88783	50.33061	57.41434	13.45513
53.11858	58.09021
8.416345	0.8133759
32.53061	57.999
25.5524	34.8125	3.928039	16.60949
27.41013	9.025097	24.84107	6.838506	24.48399

35.09461
15.94478	5.317596



11.53404	8.756663	34.32777	1.606939
47.61669
52.07362	59.12374	2.456903	13.64159
51.39624	60.02284	48.86519


55.67351	5.708404	49.69151	34.56295	11.96776	40.40992
49.06555	15.79365	3.997706
48.93425	41.0558
51.29627	48.24558	45.88988	25.98295	2.303873
48.70881	38.45677	8.375932
52.08833
54.62747	24.34978	38.29041	15.63702	35.23837	12.6514
45.86578	27.93931
47.12652	39.81542	5.787747


