MassExtinctionTimes
65.70423	38.66654	8.964068
65.73834	37.23328
65.73569	41.36991	7.975653
65.72368	48.51192	56.09494	5.72476
65.71591	2.200936	7.009885
65.7012	8.135327
65.71831
65.72802	0.150233	0.7103871
65.72413	51.31318	45.41572	48.31725	6.233001
65.73429	1.942457
65.72221	9.101266
65.70665	30.56965	51.26205
65.72589	21.29815	51.91466	3.171753
65.73843
65.70768	8.225036	20.91432
65.70768
65.71598	4.30977	43.3814
65.72258	43.75593	5.074711	36.99992
65.7346	16.26232	50.96399
65.71807	8.641318
65.68878	6.856328
65.7199
65.71466	54.70794	4.718454
65.72248	39.37175
65.7357	59.58776	45.55984	1.917072	9.027477
65.6727	59.1938	38.18653
65.75366	59.6239	8.614186	7.772813	35.2647
65.74467
65.73401	57.08687
65.73638	54.44557
65.73464	63.19789
65.7209	17.85661	8.431154	33.55984
65.67685
65.70414	43.54045	63.14781
65.73029
65.72679	19.99384
65.7456	4.94187	0.809733	48.48985	16.98446
65.72615	2.418883
65.70809	47.27372
65.73195
65.70628	5.029799	38.88598
65.72341
65.73747	36.0773
65.70237	9.144645	26.02639	3.131483
62.11215
53.01607	34.84794	40.5506
8.514818

14.38463

9.169467
62.63555
5.333927
7.43554

9.645596	3.442252	22.45997
45.84464	1.439228
14.83727
3.540623	35.63442	12.0595
38.29191	43.73586
37.37957	62.42701	13.17375	8.796626
37.80511	61.26585	64.28309	43.78226
38.38223	65.62945	0.04500862

22.18677



2.914535	19.96614
38.85823
30.61519	31.83348
21.10012
6.670563

39.25788	44.87837	60.65013
44.12437	1.794688	3.292192
19.25823
6.979595	4.087217
5.195913

8.163552
37.83335	10.00971
42.05569

2.135758
60.74795
39.65064

43.10867	9.313608	14.82853	23.65136
9.548439	61.02934	40.38624
1.997212	40.24088
1.622259	45.62178
17.31201

45.18178



8.187583	2.160098
44.05158	30.28128	37.38914
6.709041
2.154136	1.217664

61.30615	40.39898	16.49191
64.98666
21.45527

5.412856

36.98437
21.27666	6.380964	4.387014
9.703594


59.98622
38.92247
39.52899	46.07208	8.771054	25.43347
45.00253	6.809032
8.567813	8.736865	9.418535
44.01877	4.485912
45.31012
39.81874	33.64439
4.329702


51.66681
9.341464	5.113711	46.02427	1.983449
44.96029
45.33913	37.36151
44.08062	6.096368	8.313265

44.39801

5.77929
61.39259	3.208373
61.2002	1.88173
60.84164
61.34842	36.06977	5.798909
38.25046
59.6213
37.87534	6.544886

30.05797
19.16198
44.89128
6.19565	42.19347
9.527188
4.974395
61.42338	8.799153
59.32757	65.7652	5.685576
48.68182	2.426418	18.03244
9.532406	25.30203

37.31205
11.67314

5.380729	15.35307	37.49629


20.98522	48.41329	3.006206	3.346326
22.82259	14.92211	19.50861	7.271583
35.60031
34.67601
9.999867

45.61158	34.67736	42.89044
9.872305

4.748666	56.83377

38.56733	61.30995
19.43519	3.110652
48.52862	6.432145	44.40901
51.66225	1.193868	0.8612999
61.75987
9.079704	0.3108755
3.094704	30.61362

46.13368	18.65356
12.93334
17.77089
17.02144	30.67059
0.7067553	29.73379
51.92481	22.85793	9.662719	5.45883

7.998967	30.97727
9.660573	59.72886	24.31923
51.31435
1.068784	48.50266
54.63543	9.923273
9.978403	14.32737
3.906562
3.621928	5.636816	38.13604
22.9012	2.05252
37.67078	50.43998	0.9292099
37.83876	46.89248	6.943195
38.05473
38.09522	32.24533
37.22671	30.94249

44.31568	34.48571	3.789748
44.66581	0.4551999
9.264441	43.59343
42.84381
12.1775	59.6262
40.33774
9.523087	38.04439	20.60476
43.74843
4.450313

34.67101
5.726051	7.168379
8.10048
20.03746


33.14453	30.69638
0.6924327	3.31563

6.698736	21.33954

17.56643
9.498207	31.28453
44.73498	7.143874	39.0155
9.54661

9.235246	14.92346
54.62608	60.66348
44.87349	6.453218
20.97175	16.62621
0.4564801
25.39465	0.08920726
35.38853
0.232646	9.136033
60.23017
44.51967	20.72408	20.15946	8.645252
40.23742
38.13893	43.09598
47.36833	30.88388
8.336585
48.4728
6.762915	5.280239
59.61787
42.24491	15.23287
45.09113
6.864146	23.89592
9.836568
28.19557	37.81563	1.514578

61.04058	8.057809
57.63343	31.08878	24.06685	43.78764

60.97074	22.66092

32.90898
37.43798

19.1296	33.36586
6.194363	15.27175
7.786394	37.79861	23.27243	61.91394
40.34681

34.54027	47.24764	2.808493
18.67678
26.57877	62.71011
33.2122	31.54573	3.555479	11.23153
9.381318
7.533131
32.17472	14.50821
44.08923
18.87255	28.15903

38.77177	47.55509	13.01002
39.39357	12.91646
39.64116	20.54919	23.55028	8.742464
39.5342
3.934202	6.554757
28.07926
2.103873	19.90009	45.04791
27.17772
45.27613
9.95847
21.43254




2.775084	12.49965	19.28324
40.12728	6.42855	3.075382
36.87505
18.18425
44.14191

48.82732	43.21334	29.61304
37.72635
5.428119	2.79097
5.472953
18.66193	50.87803
5.806154
32.47456


5.765544	0.810606
12.77757
37.44737	21.25968
54.51432	19.2452
3.6971
21.52276

45.24198
38.34643	9.830648
38.3071	33.38887	9.008398
39.04084
45.82707

23.61992	29.05358	44.87192
52.7439
2.96714

43.10028	7.669315
38.11434	41.15805




10.45535

6.779489
61.02947	44.46801
44.46246
8.265128
21.70529	31.15398
3.901557

37.28788
37.75943	45.10503	8.46684	63.63881
39.72276	9.560783

20.16502	18.85729

4.804959
25.13296
5.678799
3.32167	27.86223
7.24116
41.43678
37.83645
41.87219	4.07278
43.20736	62.52631
39.38464	19.83234
37.32276	46.02158
62.70568

2.164165	63.27737
37.62732	43.33497
7.116268	0.4489205	31.89456
63.27007
6.758829

9.233361
50.22988

36.92981	17.48655	1.085497
45.29439	2.736724	64.60997

43.75649
15.85362	41.68091
8.593582	28.01133

18.13209

24.86786	7.610945	38.06883
2.351728	15.31572
30.41207	4.646296


48.34012
46.85477	37.91508
1.511528
61.0705	8.508171
35.24475	46.52166	5.521252
1.710387


5.87551
48.04294
41.34654

39.3171	46.7139
34.58278

29.75281	9.219859
2.289191
60.72263	7.927929
61.30289	8.653045
63.217	42.90446	2.404309



39.2848
8.009419	13.30007
9.210233
9.359793
8.218024	20.14902

39.08786
2.162883
33.18019	5.394694
43.2658	3.069047	23.92955
43.12469	2.331583
57.76846	0.9022943	45.26265	5.922052

8.607208	6.152257
7.710892	38.61674
4.928939	19.10664	13.05484	22.03447
47.51443	23.3474
4.489746
3.017037

40.95455
38.42289
60.92886	36.51177
42.30538



3.416363

63.41035	26.60124	2.571659
44.79694	5.500763	51.21243
7.392009	16.56167
9.261188
25.21485	7.795164	3.22092
29.87097	7.506479	44.26268
45.45908	38.09987	37.87649
38.57572	37.95564
37.92201	51.74249
61.33155	49.97618	36.85838
42.85465

36.30016

35.88227	31.26216


45.30273
61.30024	23.0216
61.42115	59.59586	25.27211	10.65733
62.09203	37.02163	2.709742
37.86433	6.572743
0.6972262

37.92276

36.52929	64.50264

1.301974	7.656157	11.89629
7.801515	44.31151	0.1926852	6.978497	47.67713
6.706236	35.09673	8.977579	5.727056



7.869551	22.52557
1.961188	30.85223	6.854979

39.21611	39.07866	17.71929
9.786601	34.88095

39.38654	34.97149	3.524774
37.5776
37.63931	45.50703	61.32026	6.146558
43.20905	2.300319	46.96234
49.79063
8.469998

4.7529
22.99883	5.099439
6.65276	26.03355
6.296677	30.77317

7.316583	46.15154

39.33236	20.85474
6.45249	4.195548
1.252734
36.82447
9.823536
5.209077
8.391516

4.444505	9.887994	9.480581
9.455431
10.4715
19.52815	6.56523	12.17318

9.576551	26.94149
63.1489	34.5894
8.329015	24.35468	5.371181
7.616344	55.0828


15.28904	3.483161
4.260934
5.859268	48.58718
16.80702
5.06248	8.224274


9.554252

1.07754
38.03178	20.63366
21.28436	1.962195
39.57656	47.22567
39.32341	9.837048
38.07672	24.72328	46.15631
38.63836	45.25216	5.329686
45.86558	36.38862
7.557087

32.12892

5.794904	37.58008
9.93515	7.950976
9.385434	36.09251	44.41604
21.89318


0.3398127	43.22736

1.663026
38.08335	8.855447

39.44857	7.563565	57.58583
56.97192	51.66038

34.97349
47.7004	42.44307	27.9603
46.11368	37.99304
0.3759606
31.83637

38.04275	49.90245	26.47299
37.23719
9.486041	32.42545
62.18352	38.81722	4.022401	58.52746	3.555213	33.27092
37.40487
36.18914


62.57754
60.68836	8.910669	15.59859
19.6829	35.56211
0.02964619	10.92306
5.663944
34.05059
9.741527
1.624476
9.382264	4.072391
37.95427
27.58001
0.4963793
26.0688	12.56258	13.00257
45.28138	7.890331
45.86858	51.75413	28.83912

38.24135
44.81775	19.30571

9.713165
34.16932
33.40843

35.80816	47.47976	44.82853
44.45114	18.42739
7.138891
38.19398

2.939888
9.861666	2.10512	8.65197	9.390744

41.42572
36.49027	9.879558	45.30036	0.7279589
44.13899	8.792938


9.658485	30.98463	14.01183	9.834357	11.22977



0.3364566
4.842902	7.62734	43.33133
6.133755
46.97478
37.2761	51.58742	2.987837	44.04405	30.92329	4.316083
26.19085
30.72436	24.64304
9.327428

38.6576	7.868105
39.88417
8.5467	30.10194


39.57512	5.902079	27.99286

1.497465	28.91991
39.98603
54.33102	8.912913
44.77143	9.152715

3.216822
6.706931
5.671398	24.22207
1.338361	34.34591
7.732547
8.634953
48.67501


22.78739	52.0113
25.77998

38.39321	6.507353
8.866596

23.38374
61.40252	9.058409	45.10182
45.29269	36.78853	13.72899	31.51884
38.36072
9.768552	61.29789
7.912142
35.89891	1.382948
34.1586	22.23013	4.5692
44.26663	37.32902	9.143956	21.63939
23.71318	3.894038	37.74726	44.88414
8.811779
43.90112	7.198235
9.567083	42.93655	12.95748
7.546965
4.473929
10.68883
22.72513

5.340269	7.954413	6.766468
60.69806	38.43895	22.1304	30.42089
61.36544	51.66108	45.79053
51.94828	42.00298
44.96508	4.498032	57.95244

9.612543

37.08352	0.8784699	22.11986
41.64659	39.89809	2.210536




37.85961	44.23663
43.99379
18.84194	44.81256	32.40002
9.607679

38.59571
40.0392
55.6706
8.494563
44.33653	36.25252
9.110865	3.451688

0.8054208


50.59263



33.52934	5.996371
37.40878
62.66611	20.84203
20.32658

8.208331	44.91503	8.402798
38.91368
3.568218	38.05193


5.766206
64.57244	20.50964
4.269977
61.47102	46.51525	10.083
43.76548	9.830679
44.89921
1.678977

37.09434	17.46641	46.02179

48.62685

32.3177	44.9948	35.95361	4.682658	6.691264	23.03099

46.04295
4.510279	60.7821
50.14279	46.12612
38.77266	35.87157
1.642567
37.38576	1.018237
37.99462	25.89129
0.537182
37.96499
8.957355	21.47884
42.35937
8.150409

30.05825	4.509815	41.9897
20.77159	29.21511
43.35229	4.859702	39.41402
6.417837	15.73783
19.70691

24.54154	38.58547
8.827094

35.78727
36.65523
23.69015	5.651593
23.69036	3.951658
7.323383	30.90699
57.78473
32.49088	7.638604
45.765
9.746608	37.56265
7.21004	16.45948
5.584672	53.77927	7.914484
6.27761	26.60453

3.568248	4.89193

9.329863
0.1912425



6.722732
14.87536





7.105495
5.312848	26.1434	8.287374
7.973539
9.6564	8.036316
26.95259
35.51385	39.0018	3.741065

13.17323

4.347374	9.752905
36.07016

9.899737	60.72524	15.04134	32.54925
61.40808	9.64822	38.27362




43.23358	9.836211

11.52876	13.70609	40.47786


39.79557
38.64535
37.3252	48.7166	8.185066	42.53498
37.25337	47.34414	44.31247	41.27285	8.076324	38.47184	8.304854


9.677652	28.15682
38.06699	9.156593	7.484253
6.980287	4.042686
9.647122

20.42046


6.153467

37.62716	5.050784	59.19811
3.161175
5.159302


62.68222
16.6938
39.01448
33.7246	1.204575	45.68936

9.364355
3.400578	44.20908
44.35823
4.088168
45.92181	9.711037
18.49355	36.25766
58.15343	21.64474
0.6932007	64.43523




6.292685	0.9740056	35.97361
4.73596
44.41991
44.16668	37.53367	38.00593	46.4313	7.70755
39.27698	37.94111
37.82036	47.45432	14.06307	3.366941

6.01378


3.001661
6.466628
39.23604	8.690815
47.13352	4.526828	6.540844
30.14955
5.207297

43.57751
6.630118	9.523025
44.13249	1.917265	35.73067

4.329976	39.55889
4.594254

39.85902	22.02336
64.76147

47.60271

14.49478

3.108969
48.00901	56.66375	6.058983	23.78097	7.732875


62.47528
44.87056	4.2938
6.901234	21.06516	18.71927


57.36563

44.9214
38.35843	25.36058
38.47878	45.2189	22.56789
37.9101	44.59929	13.63541
37.68392	45.17619	21.96866	60.65984	7.847568	1.909578	55.36799
37.5284	6.137965
38.81452	21.04975
22.17346
20.677
47.47916
9.72447
37.12091
12.8886	0.967137	36.98899
31.86531
53.79897	3.886906

62.14116

43.84782	3.913001
5.527782	25.84358
3.176307	6.884948
8.452213	33.56695
7.79613


8.533029

8.504794
46.92128
41.14069	38.52983	0.2990292	4.875344
31.43183	19.47274
39.51559	0.9193784	63.54474
32.22052


8.723447
6.116759

0.6978536
7.919048

37.70952	23.21164	5.455807

9.138576	8.122797

61.44129	7.915242
39.69698
44.53816	33.26619
64.56422

40.25307
23.34276	7.769727
3.274085	39.78043
59.42727	5.651516	63.05694	8.237085
4.354192
7.583231	40.3577
2.227476	8.605651	37.16478	7.65934
60.32496	51.51483
7.573386
35.83781
49.32997	9.99282
9.388721



25.62585
5.829994
6.683087
45.55723	36.80668	27.85515

5.627956

39.44085
7.305731
8.499339	34.0148
1.145396	2.849797
37.9516	7.057661
1.444868	2.247316
2.587837
30.8771	3.397463
12.02267	8.346062
19.56942
51.9305	2.246657
6.498378	36.27837
6.443639	19.17661
1.837672
23.74196

5.352236
5.147553


8.874076	62.5878
7.176435	29.63296	47.7854

9.678214	2.806788	34.3166
30.16834

8.309483

53.66658
43.92316
49.40754	45.29071	51.95352
33.51473
2.794231	23.4517
26.06115
1.370627
16.22188
2.855803
8.793307	41.06763	47.64752
8.101453	39.53312

41.09871
0.6926093

17.7752

1.587343
24.55065	35.73041	20.00603
23.98595	1.441674
44.53244


27.4146	39.4658
37.75458
20.81226
38.34756	0.9847684
48.76006

43.4952
53.53986

4.937802	6.492675
8.691055
7.237316	17.8112	54.11942
7.603481	4.108691	46.29052
65.0977
4.832552
62.9875
10.67584

27.29788


27.54942
54.71922
3.017908	16.90749
6.868131	41.25533
42.88954	35.23477
18.22312


5.131859	7.292308
7.332181	8.660304	7.214268
39.87709
8.848719	8.354337
5.864369

8.980167	8.350785
2.147278
37.92925
22.61008
8.458815



7.91013
13.86446

8.613539

31.97901	49.60661
62.48441	6.320857	34.81066

26.37571	21.68556
36.68664	19.32572	64.58767
1.301529
5.126157
3.076089
20.83266

44.42577	58.19717	6.415461	8.694724	7.80313	37.70481	9.754802
7.354224
7.584762	15.66615



43.99002	36.19096
22.23469

8.410861
51.98846


38.67828
5.089414
39.58921
36.36954
0.6633181
65.72526

10.04896	13.96946

47.49974	19.72598	47.99143
9.32328	8.854431	4.400349

60.78646
17.99428

15.98355
38.18343
42.73475	51.4356
43.3682	6.732892
37.4748

64.93322
38.86607	4.991214
23.65704
63.97575
2.63017	46.71963	9.629487	38.05656
48.4956	1.412633	6.47523
25.79123	45.11803
16.62011
6.080829
32.17556	1.569299
9.000916

38.77828

8.710615
58.72756
58.96952	37.9102	61.83606	47.97471
59.36131
8.374577	1.892985	5.985292	54.52559
8.897754
35.19106

39.20281	8.098676
34.42981	61.09117
4.775822
4.270304	2.117437
1.434224	0.2869727	2.027192	30.73339
7.028816	19.96895
39.32359	46.76942	31.63429

5.395711	42.17146	7.650277
3.322978	1.348459

39.28149	8.802298	1.777721
7.922916	39.67796


30.61686	6.682848
38.89507
43.40193	36.64872	35.96582


30.92531	7.830466	59.18158
8.47231
34.24313	4.067236
39.59786	34.69541	16.36319
7.251692


40.1417

27.72463	8.999951
7.046413
62.88844


8.180603

39.19223	4.201185	25.07234
37.83362	43.71942	9.640566	35.3199
35.60074	11.60755	36.19102	6.327701

39.55231	5.359483
39.65102
3.635974




7.54825	61.17336
3.372204	15.89852	7.407674	31.93469
8.241036
34.39657	7.071527	9.964152
49.09622	50.39712

4.32452	0.01233559	33.52731


5.848367
2.542027
35.47755

16.18323
46.28178
64.96226	45.12618



9.65511


8.575535	23.02875	61.32587	57.06443	2.415344
43.42505
14.03129
2.407967


7.657748

45.39086	26.27249	9.444446	4.835004	27.19612
48.72326
34.8741	4.619115
0.8051192

40.25937	6.90519

5.533608	57.51209
28.14677	8.949467
8.064383	6.934789
8.996551	40.02372	6.528958	21.90686

9.445976	4.453547
45.12028	7.292633
60.65224	4.961239
28.18735	36.78226
7.578664
9.911539
21.09161
22.9593
20.45888	6.381641	30.0505	0.3102161	60.74587

46.81573
44.93618	26.42057	22.24838	22.4614
39.55824
4.996152
4.993915

17.82152	38.31974
38.61246
37.35409
6.188471


35.72937	37.99714	47.2939

7.68082	24.20579	21.42139	17.6542
37.22886	4.674192	0.3493021
7.683284	29.50578


9.338017


6.520485
37.91249	3.042893	45.64318
37.8971	45.35188
46.19817	4.937298	26.73813

3.983504	2.63801	3.130036
6.22557	5.976807
2.692946	2.343512
9.730203	4.976745	41.10098
18.56449
62.58397	3.852915	41.35609	3.373054	3.013176

8.661539	18.95122	23.44373
5.995766	20.61698

33.89805
19.25699
46.17492	4.765744	38.93526

38.42457	37.81574	21.96289	22.86895	7.093422
60.31863

8.157186
39.75235
46.44764
44.45084	28.71194
44.99927
58.21995
42.63681	21.93798
4.496921
10.0129

30.38086	6.523037
15.2423	2.957993	37.72577

3.485225	9.644003
38.12979

8.698283
4.2135	38.72071	11.8613

7.664851
63.1889	40.11217
22.53432
39.39098	45.34714	30.48007	24.20465
45.73745	37.32348	65.1864	2.108002
36.85749	62.84073	36.12663	18.49207


37.93361	25.73906	48.90782
39.21098

9.998166	31.37507
37.44957
9.829332	60.67512	43.96405
54.77975
5.228513	1.303382


33.58164


8.592989	3.632201
8.297174	16.22462

65.27504	47.15937
2.656736
5.118626

14.7288	2.6385

24.50747

50.83523
22.1679	7.223796
37.97199
2.033263
6.546584
35.57698	34.62045
20.85719	45.83932	2.084679
43.89306	36.03535	10.67347	7.873799
43.33874	8.657181
25.65174
11.25616

42.29421
47.53656	17.66672	47.73445
47.1985
38.99493
35.77831
62.31066	60.91299	5.341207	8.841518	4.884481
38.64787	4.91459	2.342143
39.44729	32.22313	9.833732

8.704832	17.5478	0.6265621
37.31068

40.36438	7.059656
39.2703	1.400755
38.77733	0.2129251	8.983959
12.36838	31.96817	63.4771
33.61752

36.29803	7.342062
47.21989
39.8747	3.010992
4.951984
7.628536


8.360478	0.003633621

31.54584
60.63072	50.08158
61.44588	1.749684
60.64267
6.554958	7.794501

44.01818	58.23236	38.70689	7.001867
7.16942


13.00092
8.712979
5.342594	2.080105	8.8169

0.3562812
8.657127	37.98299

44.37351	39.62605
39.67928	20.35358
45.06639	64.3205
38.12804
31.93697
26.83603
34.97901
39.52471	51.47577
39.51278	63.19886	64.21433	5.294824
43.43369	9.349752
4.6071
8.085248	9.672703
8.03254	1.273229
7.976303	8.885898
7.825286	9.763697
9.033313
45.4044	5.92367
30.17566	3.061391
39.46877	13.64015	7.62145
58.90738	4.519998

45.48581
6.113191




5.676865	36.14923
30.65824
5.343494

1.831209	6.92871	5.79135
65.1117	24.69469
57.77271	3.679191
8.785072
8.460287	24.39907	36.3337	7.009625

9.71518
3.223717	7.586386	6.320844
7.766549	51.57889

37.6039
36.23009	9.81583	2.030544
38.02845	8.424847
37.84324	8.81543	61.35673
41.87721
9.059947	18.88562
8.991019	47.86553
19.17404	9.340865
3.69241

5.374006
2.205432


11.58549	52.22238
6.156097	44.42199
48.92424	30.95873
8.310565	2.268797
6.944206	36.50967
4.210391
45.34272	9.306999
29.78713

31.93298
34.0932

30.30393	23.07713	1.36558	8.430018
9.944926	35.31395
27.68595
7.664463
9.736045	62.23218	42.53869
9.621148	5.031249

9.082579
37.89117	27.52341
35.90383
2.123183	32.17945
42.21188

41.25655
44.36871	9.829377	22.80559

39.4055
2.099177	31.27259
63.3699
21.88479
16.35142	61.16081	31.17713
0.3138271

26.41684	1.752113
8.889721	38.73285

7.815964
23.84125
4.363984
25.43601
47.03834


56.26222	13.61225
9.801568


37.93201

44.06098
6.971078


44.94804	18.88375
37.77441


45.51775	6.167595	39.342
45.12852
1.882136	44.37871
6.031782
49.37802
43.1647	3.439243
4.749806	8.612545
0.366024	7.564552
2.255641	10.00025
9.185697
21.23888

39.29596	4.086161
4.174298	43.17749
9.950514

19.78121	39.76407
4.812829
7.767823	41.23759
61.37108	31.26577	37.52704	8.294329
37.78144


9.708025
9.78228	11.41407
4.00597
54.41688
43.652	9.955882	1.831613
9.368825	32.42923
40.88204	7.920143
9.954879	5.456983	7.622112
39.55543
38.51276
37.38616

17.94945
17.65342	8.643238

6.947042

45.01053	38.54824	4.988922
37.9115	14.60046
8.492628	45.84505	36.90465	36.6811
37.53933
7.486461	8.892217
7.915966	23.80274

7.077261
60.36409	18.84043
27.20953
60.80732	6.992271	2.202832
55.64486	22.60597

37.81305



23.95766	12.62324
3.676247


9.601189
43.67665	4.018957
43.26284	6.703789
51.11852	48.69319
35.68605


34.60549	4.278018
7.21262	43.36298
9.899439	22.7128
7.415677	16.78466
47.14814
4.902782
5.087353
10.85416
63.17309	45.29217
61.35456	45.25412	6.711234	36.70833	47.43083	39.90201

44.99798
2.795855	9.003217	39.82595

4.71285
45.50014
16.98364
8.494667	32.15516

5.064978

16.46993
40.02997
39.28877	61.52632	45.8148

39.58324	5.67622	3.724499	23.0245
37.21907	46.69545

7.32847
7.141208
40.07911
3.681662

1.183166
9.785253	2.089424
37.80052	6.144213	55.79535

3.767765
38.295	8.267286	10.83052
9.421614	42.59687	41.9835
5.682043	17.28309

8.153114

7.246754
1.845047
4.543392	8.139949	7.852822
5.765841	19.2533	29.31279	31.71059



38.39686
9.005286	8.25705
6.46733	34.01757	6.717504

12.07381
19.59287	9.494876	54.71573
38.20981
48.51908	9.428745	34.18498
7.95717	20.77368	20.52098
9.962891	30.35992	21.22717
6.289687
65.47962
7.17516	6.322228
35.97472
28.62115
27.09307	3.116513	6.420842
0.4514563
42.20426


20.44458
44.23786

47.67325
0.6714539
0.05301092	3.855663	33.9682
7.764694
30.08598

8.564836	59.32634
1.500989	6.119251	30.54105

43.99838	2.821634	39.32589
9.481871
42.90329
1.739716
56.80246
21.12866
35.6556
27.92459
60.59243

5.257227	0.150406
5.306234	4.214498
5.00258
5.870567

5.012652	4.85894

6.214934
62.0777
61.28057	36.93373
61.48601	0.9792149	1.984984
61.35746	7.830354	7.699166
61.23315	34.09519
61.38105	17.39522
61.31231
61.23417
61.38671	7.631301
61.36843	39.8207	46.65588
61.48911	46.97362	37.28539	30.0349
61.54189	39.42911
61.33147	39.79002
21.34354	5.495166
37.75844	7.841306

34.71941	11.66892

37.5102



44.061

48.63417	7.847643
36.85743
4.756134
6.001622	43.27268	0.8050277
42.95098	0.4529119

0.6475833	32.19526
7.925305
2.619809
22.74571	12.64506	3.113244


39.5361
37.92955	27.03652
5.825513

9.348802	60.37186
35.96378
9.733117	1.145737
8.17102	12.74863	4.686309
5.381573
22.48898	19.41195
44.52768
26.22481	39.32657	7.530055
21.42772	10.91236	2.172696
5.276303
8.359577

5.849478	1.309168
37.73492	44.98882
63.5209	62.1061
7.404415
37.70351
49.77989
2.636534
46.76478	1.829544	63.0763
9.157439
4.586495	4.164322
0.2241758
39.60901
9.282397
23.74339
9.05005
46.98441
38.6604	45.27576	8.045139
5.457607
37.63515	6.309056

9.302818	3.559587

32.62753	8.989144

9.964262	8.201617
5.862157

37.88048	48.62528
44.75932
38.53305	30.56834
39.54117
5.62953	47.89351	2.29629
9.030391
6.692769

30.82988
21.97899
33.45727
39.08518	45.35672
7.691847

6.284226	4.876347
8.931189
45.43329	36.14592
47.30895	7.179043

38.20658

39.90645	7.779369

6.13913
38.97733	4.657648	17.77614
1.780678
8.57879	15.6165

42.11477
39.51923	21.6691	3.424825

9.688073
41.48955
60.55437
39.00477	3.695173
37.93436	6.846642
9.149974
8.067238	2.891558
49.84871	0.3262791
11.12366
61.11251	8.928793	23.8551	19.47493
9.932189
7.130117	13.58191

8.116945	38.64347	4.07401


39.25216


0.7164013
51.68129
6.911264
8.547489	7.772341

24.96277

37.11357	18.80165

29.964	19.11424	5.263517
31.03584	34.02982	28.31467

62.58801	22.79916	7.583439	13.49507
23.3791	6.401897	30.39456
19.90554
18.87763
3.142145
24.5393	5.941701
8.097883	39.94037
37.07909	44.44135
38.03749	47.42064
37.09976	26.53994	46.73278
38.20397	45.29632
45.20555	14.44235	6.605347
2.213113	35.26249	2.09747
35.98658	1.883474	42.98135
45.33901
36.25746

51.48608
53.23314
24.12408
3.907393
35.95689

26.52404

42.92966	17.54737


35.52409	9.814201	9.231476
9.493531
9.710101
3.276992
24.00135	4.70181	9.840699
5.44896
7.118605	37.76097
44.38308	1.829952
56.7687

8.503197
6.778484

8.105145
8.805542	37.71025
8.286187	24.82856

32.72329	51.82018

8.441445	57.99807	46.37177	31.43378	20.46872
33.62301
43.19196	6.500298	35.40862	2.343138
48.91176
62.4361
6.728317	30.02209	36.99495
5.049556	8.735265


2.312445
2.558518

45.33453	3.981682	0.858035
9.358665	1.251393	39.25165	9.319781
44.32153	40.83825	31.22087
45.25817	27.84506	60.62802

37.05846	2.760929	48.53908	15.03643
47.67185

38.44181	3.157204	36.01971

6.981389	5.671746
38.08586	7.443759
36.77345	45.38947
45.27369	35.52576	9.830606	21.04803
44.97522	35.30383	5.523507	50.4533	23.11279
38.82409
40.02916	27.64982
13.22843
7.747432	5.286675	38.97045
6.52998	39.59676	35.39002

39.19965

37.8512	47.37616
6.611176
5.982415
44.83441	6.570748	8.782787
48.98542	8.151534	8.961072
61.88339	10.02217
61.4626
22.70473	5.605561	6.785485	57.64294

38.48273	4.432124	4.917451
37.67315
36.01513	54.60001

9.261922
33.96264	8.189205	27.02276	40.94085
42.93342	5.083757
1.911158	6.979008


60.17546	20.79678	8.17567	3.09965
39.56188	17.92484

44.90346	39.35243	0.6175207
37.38769
47.83961	42.23295
61.03323	9.467772
34.60306	43.83181	18.18732
44.25309	9.098591	23.25284
45.22266	8.095062	20.67323
36.65895
9.694636	18.27222
37.95653	49.00113
37.72133	3.132243
5.715522
6.76008
61.3523	8.984653
5.789025	16.29284
25.87085	19.49865
2.723842	24.73621

24.65518
6.168249
46.57237	40.1903	30.61429
2.129733	44.43238	23.80029
44.37365	45.17816
45.22866	51.12287
45.58992
64.97827

5.161623
17.53552	22.04798	5.092515
5.451192


24.40167	7.392757	38.94222
39.93707	22.59318	35.33429

39.53671	3.447938	0.4371317	8.093333
6.217299
17.25053
59.27547

37.75739	47.93766


5.649624
61.16586	45.98961
7.393257
4.940178
21.88716
6.289691	23.5446
15.44658
4.610827	39.30308


6.068404

5.128375
45.25231
9.324354	5.507472
6.576148
38.00171	44.8745	5.260333	4.157728

65.66514
6.812719	46.0067
35.86448	9.758403
38.34555

50.42424
47.1537	32.11861
8.925199	0.9807012	38.37143
13.7991
30.96019
18.65705	37.0217

46.01097
7.280714
38.43131
42.21957	29.03858	5.313636
27.87885

39.64272
26.16209


56.04802	5.527903	9.612741
0.2198604
51.77498	6.718627	60.9086

10.08197
37.88373	6.469999
5.712999
42.61738	56.41834
18.40162	8.758029	3.463224

37.86859	46.7217
34.73953
8.499267	42.92397
8.792934


0.9750751
7.235557
2.841775
8.332756
61.24147	8.619358	23.53256	7.331234
38.23129
3.151886	28.85141	39.4534	3.541826
37.81146	45.27918	30.32266	16.73572	23.05983
3.349661

49.47809

30.92417

8.26854
9.912717	17.56238
38.39741	28.75928	45.13835
49.92641
38.2214	7.402876
6.197112
42.95446
42.82145	7.105779
5.722147
48.79406
5.984097	32.12556
5.199784	3.811634	20.14522
37.74029	64.93878
2.966195
38.00975
4.490583
44.01095

48.26642	8.140252	19.06157
