SpeciationRateChanges
63.18174
63.02189	22.77484
63.24464	12.65272
63.24328	12.78449	39.33744	7.282231
63.39384	27.31025	19.53643
63.33422
63.27729	10.15458	7.610723
63.27729	10.52698	8.441716
62.59957	4.936577
62.51086	8.399291
63.2396	2.718812	1.126683
62.63278	5.735479
61.89532	5.67102	5.283863
62.53682	9.589538
63.39408	8.322119
62.66919	6.414404	55.3335
62.70236	5.078145	55.55908
62.5918	55.63617	8.608911
62.63254	4.589955	55.88672
62.59291	9.59184	57.30795	56.16456
63.26497	2.574538	55.4966
63.28533	56.15057	30.41613
62.57696	56.33623	12.33471
63.35965	26.57774
63.39526	28.41512
63.3363	6.507873	53.54703
63.37128	38.27881	35.75154	57.1962
63.35843	46.17278	52.42193	25.34595
63.32023	55.05479	47.17111	61.39238	23.52684	38.47766
65.50082	55.2316	61.80746	47.68864	29.81854	29.51434
65.50082	53.77257	61.35927	47.53466	26.18929
65.51303	61.35927	48.53015	57.31686
65.72952	61.32856	48.74863	55.20284	47.9242
65.12091	61.43795	53.45855	45.2881
65.04169	61.24154	55.48598	51.35513
65.08629	61.30249	53.69694
64.9704	61.32844	55.07909	50.99904	4.722802	9.088572
65.03548	61.18224	55.74899	22.66255
65.65859	62.6315	54.11	20.78809
65.51362	61.08899	53.61252
65.11282	53.4107	63.27364
64.81957	60.79942	63.05208	55.15307	1.520635	59.10014
65.74405	62.901	53.47645
65.74405	61.14413	54.25075	27.36774
65.72557	56.18773
65.70986	55.39846	61.21816
65.70986	55.03984
65.72656	55.90631	56.19477	30.97988
65.72656	55.51022	54.1411	41.74397
65.73263	56.5426
65.76036	53.88915	0.7355102	46.98099
65.70821	55.07237	2.097409	57.39226
65.74014	55.72465	3.378405	65.73247
65.74014	55.03724	47.45479	28.12303	15.27223
65.74014	55.18523	45.44053	15.24599	4.33312
65.74014	53.45347	13.28101	47.43244	1.394641
65.74014	55.02952	16.04064	42.19163	54.72944
65.74839	55.51264	14.7776	38.48861
65.74609	55.16495	51.61019	51.4036
65.74609	55.84496
65.74609	53.57997	51.48295
65.75994
65.7385	54.31809	32.64287	32.14063
65.7385	52.54226
65.7385	55.46449
65.72148	53.55009	16.87793
65.73972	53.49694	32.03197	6.274225	44.40173
65.73972	53.59174	45.9614	57.02761	18.81539	15.33609
65.73972	52.56624	56.68731	16.98168
65.73972	55.94516	28.36111
65.73972	55.27102	5.128057	14.0563
65.73972	55.37016	12.2801	49.9559	5.330617	29.19582	38.48337
65.73972	55.00695	45.85397	27.52156	38.20604	11.41489
65.73972	55.14054	47.61477	32.87706	31.21369
65.73972	55.32946	43.72543	29.21025	46.29214	22.78614	24.09839	17.53668	42.71874	4.905031
65.73972	53.2089	21.37982	45.13659	39.50357	10.61567	46.71908
65.73787	53.49968	48.69808	45.7801
65.73787	53.50252	17.73136	12.29103	42.37983
65.73787	55.26872	64.99431
65.73787	53.41346	0.5059	42.19163	51.98383
65.73787	53.47163	52.32674	51.17914
65.73787	53.78447	47.56439	35.2132	36.16468	28.22344
65.71125	55.87494	27.23822	44.13654	58.51198	50.67648
65.71125	55.09367	24.03662
65.71125	53.51488	21.84702
65.71125	53.48459	4.749686	37.53636	16.38023
65.73443	55.23359	40.65038	23.90815	14.02986
65.73871	55.9203	31.60299
65.73871	53.81377	43.87241
65.73871	56.04572	42.90746	53.04613
65.73871	57.90829	44.07983
65.73871	46.2364	10.19164	45.44245
65.73871	44.36556
65.73871	48.60507	35.5511	29.96037
65.73871	28.02368	26.34246
65.73871	33.67627
65.73871	40.33798
65.73871	44.54987	0.612283	56.34754	38.57114	29.55168
65.73871	53.82655	16.88767	41.61192	33.59515
65.73871	53.90878	10.66415
65.73871	3.143824
65.73799	30.67679	9.517254
65.73366	3.328897	43.80747
65.73366	3.368547	33.62353	22.09616	20.53108	58.47983
65.73366	34.4065
65.73366	35.20792	53.40859	20.62627
65.73366	53.42793
65.73366	56.44523	18.28558	6.027531
65.73115	56.43472	53.49232	49.77483
65.71705	53.68857
65.72751	53.59115	52.02564	19.25294	7.319589	30.62692
65.72751	55.15376	47.43625	15.84663
65.72751	55.58386	45.85489	25.55221
65.72751	56.28897	28.50449	46.18705	61.25421	37.66344
65.72751	55.04021	47.62864	12.57998
65.70465	55.53337	31.06326
65.70465	53.57905	19.13622	51.73755	41.77968	63.73653	63.21512
65.70465	53.52566	63.80654	31.78141	29.29105	1.099655
65.70465	55.09308
65.70465	55.73636	28.44217
65.70465	50.23032	36.26591
65.70465	53.67449	38.42544	34.44705	62.62747	7.617189
65.70465	53.69783	34.64997	43.44497	38.74389
65.70465	55.23344	24.05154
65.70465	56.24935	32.79506
65.76569	53.64954	61.70068
65.63367	56.85982	54.37128
65.71743	55.82135	42.83117	41.66445
65.71743	56.20436	29.1787	25.43844	1.267088
65.71743	55.60979	44.01339
65.71743	55.74677	5.550293	32.24794
65.71743	56.59677	0.3119392
65.71743	55.76785	17.05081	13.61167	50.27798
65.71743	54.55457	50.03459
65.71743	54.49017	54.43326
65.71743	53.77555
65.74055	53.70384	11.91868
65.74055	53.48363	17.70841	50.71628
65.74055	53.50484	6.686463
65.74055	53.54318	4.459435	50.25859	48.44246
65.72788	53.60394	38.47202
65.72788	55.5453	21.99231	12.54049	13.66626
65.72788	54.41443
65.72788	55.00749	15.92652	34.23465	18.05374
65.72788	29.74363	14.90743
65.7441	24.54392	8.762602	20.11684
65.73408	18.47454	34.27816	32.53578	28.29654
65.73408	29.01272
65.73408	34.2149	61.87821
65.73408	44.48587	32.48361	1.061906
65.75439	39.75127	7.941065	32.9206	5.229885	20.08086
65.75439	15.13469
65.65061	0.6607577
65.69857	29.62716	58.69322
65.71691
65.71691	9.06629
65.71691
65.71691	22.27351
65.71691	56.06024	64.1161
65.73497	56.52957	42.85117	1.024468	9.918716	35.43517
65.73497	55.81113	48.69697
65.73497	57.83727	46.81677	42.40162
65.73497	56.26163	46.80239	14.36932	1.966659
65.71715	55.60936	48.53129	6.438576	26.15981
65.71715	55.54279	50.85045	9.549635	24.78393	22.18468
65.71715	54.14904	9.604279	11.94535
65.66619	58.47871	8.323822
65.67882	55.10646	13.39602	9.381171	2.29777
65.67882	55.03416	10.04938	48.10726	35.57141	32.31634	44.46007	64.87697	3.147028	3.857071
65.67882	56.16895	7.580105	33.32003	16.81952	28.11143
65.74735	56.81451	5.397559	16.45296	13.47502
65.74735	55.98191	2.749009	31.37539	48.46576	10.97664
65.74735	53.48826	6.230104	10.85935	49.97994
65.7088	55.66181	10.78233	47.79648
65.7088	54.64694	45.12658	27.37957	44.46708
65.7088	54.56765	47.64822	21.8727	6.507062
65.7088	54.93888	47.05204	11.06646	25.25305	5.713211	35.11774
65.72352	53.57229	48.82454	17.83667
65.72352	53.52802	3.864884	47.26661
65.72352	53.50123	51.48719	17.32481	55.85333	23.83924
65.71597	53.78939	19.94623
65.71597	55.49107	21.73167	25.47006	38.9615
65.71597	56.23225	47.68751	27.33661	55.05373	37.44429
65.71597	53.69487	27.42669	12.76284	45.95172
65.74473	53.62084	45.75176	17.30425	12.5066
65.7674	53.55522	44.90639	10.13389	7.24179
65.67367	53.55522	48.73132	18.26472	26.5778
65.71904	53.70747	47.72285
65.71904	48.84962	57.0044	11.57381	6.677611
65.71904	48.59766	55.60636	11.61755
65.7364	47.29302	55.91866	16.89088	61.22296
65.7364	58.35119	45.23281	11.20399
65.7364	56.61019	45.15687	12.86283
65.7364	55.41425	47.94095	64.32373	29.97822
65.7364	53.76135	49.38194	16.20468	9.069453	4.357485	53.48181	52.69707	38.51937
65.7364	55.74693
65.7364	56.28051	18.4636	11.4442
65.7364	56.12595	18.52279
65.72039	55.05877	24.11616	19.79807	12.95371
65.72039	55.65169	18.46342	47.4447
65.72039	53.44688	25.2094	14.44927
65.73879	53.83216	50.13241	5.663004	14.60764	51.26792	41.21516
65.73879	53.69929	53.5001	8.757717
65.73879	55.48772	11.31103	50.30377	62.1163
65.73879	55.29381	47.51943
65.73603	56.00808
65.73603	55.0888
65.73603	53.59161	51.4641	25.97301	60.69738
65.73603	53.8459	46.97342	21.09907
65.73603	55.58296	38.90971	17.83015
65.73251	56.15146	46.19241
65.73337	47.96603	55.04521
65.73337	55.17566	45.15484	24.64573	14.41469	64.87362	20.61135
65.73337	45.77944	55.73228	15.58307
65.73337	49.00779	55.19891	26.02104	24.19116	17.6839
65.73337	50.03865	55.76495	25.92282	27.33804
65.73337	47.3963	55.30319	24.43488	0.0572957	64.82631
65.73337	55.85365	18.0618	37.02759	33.94012
65.73337	56.22318	24.56271
65.73337	56.24178
65.72223	56.22574
65.72223	55.68391
65.72223	55.37054
65.72223	55.67361	34.7459
65.72768	55.38962	7.443584
65.72768	53.81197	37.10088	14.82509
65.72768	55.0593
65.72768	55.2502	30.71838	53.10997
65.72768	53.50217	56.46909	14.92981
65.72768	53.4682	21.78217
65.71206	53.5506
65.73871	53.38408	15.97997
65.70664	53.42073
65.71455	53.49919	30.49048	21.93869	62.28469	52.24615	53.38022
65.71455	53.61698	12.89911	5.666228	11.29896
65.71455	53.86142	30.80921
65.73567	56.14361
65.7588	54.3812
65.7588	55.06966	54.09653	65.99158
65.7588	55.31645	11.22396
65.7588	56.6945	37.0904	16.32152
65.7588	55.16919	37.46535	15.94643
65.7508	56.12173	39.64533	25.25953	40.8911	8.355264
65.7508	55.14693	21.40056	40.70532	20.38375	14.47517
65.7508	55.27674	40.77046
65.73179	53.43045	48.61377	57.84437	14.21754
65.73179	53.48526	49.18972	28.68714	45.72479
65.73179	53.79303	47.21545	21.80398	18.934
65.73179	53.46418	47.98092
65.73929	53.82027	49.99985	0.52206
65.73981	53.51746	49.01246	13.05068
65.73981	55.84374	48.69739	25.73626
65.73981	55.65796	47.27694	15.99305	18.97511	15.4138
65.73981	54.0514	48.88506	19.54589	4.811261	18.22055
65.73981	56.45937	47.73037	55.27832
65.73981	52.23881	56.27198	21.83105	64.241
65.73981	54.20468	18.2622	65.44328	47.95745	46.70726
65.73981	53.74474	29.68813	47.34899	6.961063
65.73981	54.17733	11.87149	4.45261	31.38707
65.73981	56.27745	23.14831	15.2358
65.73981	55.88794	12.41579
65.73981	56.31129	6.72964
65.7429	55.35145
65.72623	56.39642	43.89263	41.55804
65.72623	58.125	55.00887	4.196771
65.72623	56.21216	9.313558
65.72623	57.23172
65.64856	58.76561	35.88323	36.97055	8.72152	3.171287
65.67984	33.03591
65.67984	28.17251	7.326046
65.75489	39.35753	48.73406
65.74124	41.09949
65.7317
65.7317	45.71571
65.72835
65.74355	3.992852
65.72582
65.72582	53.38828
65.72582	53.80099
65.72582	46.02971	53.66474	34.31588
65.72582	55.22301	46.0227
65.73068	55.27594	47.43021
65.73068	55.23165	53.40699	40.86657
65.73068	53.75185	21.7456
65.73068	55.49782	46.64979	20.97516	14.18694	11.41056
65.73068	55.75601	47.96506
65.73068	55.13563	47.77194
65.72171	55.70097	4.655814	49.16028
65.73545	55.60178	17.36605	43.83254	1.070432
65.73545	47.11138	56.35919
65.73704	54.12282
65.73704	55.73046	25.62903	9.610419	64.68429
65.73704	55.51239	53.16315	38.17444
65.72263	55.2863	43.92297	44.77179
65.72263	56.14428	8.255562
65.72263	55.23825	9.150075	60.55388
65.72263	55.15248	1.977045
65.72263	55.26507	9.632943	31.2257	5.139117
65.72263	57.15176
65.72263	55.31514
65.72263	53.58026	47.47764	4.115217	12.02522	10.04353
65.72263	53.66794	47.50381	13.20506	25.84859	25.50656
65.72263	53.43858	48.59491	25.19838
65.74314	54.0275	48.58553	21.40248
65.74314	55.96881
65.74314	55.55177	44.45342	15.70603
65.74314	54.21056	44.15844
65.74314	56.75875	35.84401	28.25448
65.74314	56.27899	47.51545
65.74314	55.94971	54.03042	52.87759
65.71723	55.56436	46.4478	34.22375
65.71723	55.66236
65.71723	53.63096	8.292129	52.19965	18.87522	14.24191	47.50066	18.17838
65.71723	53.55762	42.76361
65.71723	55.6175	45.22264	12.46178	9.642392	13.42534
65.71723	55.24827	44.0377	19.55753
65.70459	55.25575	47.12648	19.34858
65.70459	56.18275	22.13076	49.20763	44.57814
65.74163	55.14165	48.17876
65.74163	55.85888
65.74163	57.1507	45.76311	0.8402385
65.74163	56.21573	45.07836	28.58593
65.73707	55.34043	47.38916	44.4691
65.73707	53.55084	45.99536	26.26978	3.690558	42.70891
65.73707	55.36735	49.01129
65.73707	55.84393	46.01282
65.73707	56.07384	12.66529	47.37199	12.64933
65.73707	17.61704	47.56448	56.2785
65.73707	55.52744
65.73707	56.32806	39.41075	12.77276	6.75742
65.73707	55.42034	46.13253
65.73707	55.70798	46.59454	27.58346	25.83294
65.73707	53.53027	48.39354	24.00564	15.78443
65.73707	53.9294	17.82785
65.73707	55.31108	49.86213
65.73707	55.70035	37.34647	13.69375	56.20982
65.71366	57.14886	21.7568
65.71366	55.89158
65.72104	55.60553	35.44678	11.00316
65.72104	53.42326	20.86997
65.72104	56.2797	34.24039
65.72104	55.03633	26.22527	25.29129
65.73707	55.06997	49.95815	24.0528
65.73707	53.57679	28.93638	44.50024
65.7251	53.57679	35.4088	15.52507	43.45009	41.62067
65.73769	53.61742	5.63564	11.74129	58.53721
65.73769	53.04777	7.888492	52.12493	35.70713	50.04074
65.72355	54.27943	51.52652
65.72355	55.1633	12.7415	2.613809
65.72355	55.2417	11.2809	9.990464
65.72355	55.92469	9.451594	21.51602
65.72355	55.27399	3.493325	29.91659
65.74018	53.4866	6.038928	42.72138
65.74018	55.66842	4.6888
65.74018	55.0293	37.94226	2.534342	11.91416	14.37606	10.95133
65.74018	57.27022	15.8516	47.68297
65.74018	55.10128	46.15144	6.793136
65.74018	55.60528	44.065	10.69929
65.74018	55.29286	43.418	7.484328	21.74968
65.74018	56.57873	45.20613	18.7365	42.9773	38.78837
65.71303	55.28551	37.3807	31.88379
65.71303	55.23646	45.10131
65.74611	53.52308	48.91173	20.01565	15.53741
65.74611	53.51736	39.50655	29.1618	12.27882
65.74611	55.12223	45.21736	14.17438	9.459708
65.74611	55.26085	48.5638
65.74611	55.05958	39.43215
65.74611	56.53709	7.394204	35.35775	27.26993	65.43941
65.74611	56.40074	22.49975	7.75189
65.71921	53.63163	47.48228	37.0516
65.71921	53.73318	47.19625	31.57671	8.582851	16.16642
65.71921	55.46104	47.14439	35.02361	14.37992
65.71921	55.83772	45.73645	11.05036	54.73106	15.77592
65.71921	55.12511	33.31386	8.147658
65.69846	55.21301
65.73248	56.29273	19.63575
65.73248	53.50813	33.43416	52.311
65.73248	53.6464	23.43424
65.73248	55.71859	30.1545	48.35699
65.73248	26.52606	43.03388	54.0424	7.557671
65.73248	53.95088	27.57689
65.73248	55.87796	42.42097
65.73248	48.33073	57.27893
65.73248	47.30903	56.70048	53.85528
65.73248	45.0202	55.2138	16.17255	56.06847	3.389073	4.549413
65.73248	44.62421	53.47045	13.50936	5.126061
65.73248	56.56525	33.98064	27.47039
65.73248	53.74668	7.076267
65.72222	55.81799	23.66528	0.8846299
65.72222	55.40415	52.86794
65.72222	55.75307
65.72222	53.69535
65.72222	53.50706	47.55043	45.42559
65.72851	53.79793	51.10329
65.72851	53.57676	51.43956	45.24944	26.74628
65.72851	55.11121	39.79159
65.72851	53.88085	51.8143
65.72851	55.49078	47.38811	32.03591	28.08439
65.72851	55.2321	47.44232	29.32411	5.329379
65.73112	54.17117	23.32013
65.7321	55.96169	35.82233	8.485729	18.07982	12.27324
65.7321	56.26997	6.436854	26.80327
65.7321	53.7028	47.21047	13.21295
65.7321	53.57793	46.83241	12.67515	43.71425	31.04782
65.7321	53.66892	48.70998	14.12338
65.7321	53.47169	45.18439	28.34428
65.7321	55.07054	31.56224	16.48848	47.57593
65.7321	56.13835	29.11964	44.56473	13.16093	0.3018614	8.228995
65.7321	50.97745	9.609878	7.676525	44.75948
65.7321	50.61387	31.24302	13.47971	5.491559
65.73309	11.184	46.75584	57.69369	16.95918	49.72608
65.73309	45.4316	14.97294	57.08372
65.73309	55.73508	12.31606	41.54135	52.26003	41.30816
65.73309	55.66332	10.78005	49.11005
65.73309	48.33863	14.54243	5.248898
65.73309	43.02918	27.60568
65.73309	46.99153	31.49029
65.73309	56.56608	20.24433	43.50397	48.90238
65.73309	53.66131	19.97692	55.81873
65.72108	54.69813
65.72446	53.438
65.72446	53.52479	20.69393	42.25612
65.72446	53.65691
65.72446	53.78003
65.71785	53.45594	31.0191
65.71785	53.56427	18.18315	3.01512
65.71785	53.20616
65.71785	53.51066	28.27225
65.71785	53.93745	33.65255	29.55053	6.764589
65.71785	55.07678	37.14014	26.5248	55.01551	23.34812	32.73392
65.71785	53.644	33.85618	11.34185	0.2396765	53.58934
65.71669	53.67559
65.71669	53.68744	41.95725	27.00387
65.7071	55.42914
65.70878	53.93775	12.01386	3.324659
65.70878	55.79484	18.74765	63.34186	14.2405	9.49836
65.7175	55.03204	12.64578	50.87174
65.73734	53.49056	48.6653	44.10486
65.73734	53.51932	51.71374
65.73734	53.46899	51.63232
65.73734	53.67091	8.756858	51.93232
65.73734	53.85086	46.93661
65.73734	55.71508
65.73734
65.73734	62.87384
65.73734	64.90983	41.61561	26.17606	62.88743
65.73676	42.34009	55.3519
65.7206	32.96518	55.15829
65.7206	53.43639	38.26064	37.33581
65.7206	53.58713
65.71904	56.14236	32.44345
65.71904	55.33272	30.23813
65.71904	56.14681	9.241898
65.71904	53.81982
65.71904	55.68387	53.49011	37.34611	21.72467
65.71199	55.02249	18.54992	5.525038
65.71487	55.01776	21.25693
65.71487	55.28057	39.13005	10.62247	16.27673	1.437491
65.71487	56.272	46.91845	33.58411
65.71487	55.21662	46.83186	18.01723	34.80695	9.555432	1.53533
65.71487	55.39392	47.0501	35.30053	13.70019	35.40101	21.29897
65.71487	55.38315	47.5018	22.38393	17.72433
65.71487	53.62725	45.32217	26.34787
65.71487	55.29495	47.0835
65.71487	56.25653	12.66819
65.71487	55.1178
65.71487	55.20182	18.85596	17.57361	65.05859
65.71443	55.01401	0.4505319	40.33567
65.71443	55.64862
65.71741	56.17464	41.24074	40.96911
65.71741	55.08552	30.14525	8.001465
65.71741	55.01173	32.86097	32.64617	21.63093
65.71741	55.24756	45.56225
65.71741	53.41373
65.71741	53.57864
65.71741	53.58514
65.71741	53.68443	20.96022
65.71741	53.61058	21.26811
65.70938	56.16394	64.26067
65.70938	56.04499	64.15005
65.70938	56.23488	28.52569	4.699234
65.70938	55.24977	37.92258	8.628563	30.4817
65.70938	55.6048	37.93496	16.71395
65.70938	55.97201	40.47992	16.0751
65.70938	55.65914	43.99553	18.10162	5.732106
65.74019	55.21369
65.70179	53.71388	44.20315	15.01145	10.03242	8.964589
65.70179	56.24244	45.28997	23.83521	11.30623	8.193213	45.1897
65.70179	56.67947	50.02392	14.73091
65.70179	55.89571	48.54707	35.90802
65.70179	55.23351	45.112	19.29656	13.74868	44.74753	14.76785
65.70179	53.47759	47.28213	14.77552	38.84002	1.130119
65.70099	53.79248	47.45318	14.76381
65.70099	55.24834	43.7855	18.71034	41.65645
65.74659	55.96844	43.28989	39.06977	41.71187
65.74659	55.31245	7.24284
65.68385	55.1534	47.17616
65.70415	55.26776	48.4016
65.70415	55.40849	32.83095
65.73664	55.21553	37.21301	11.04857	7.010458	53.5279	0.1388346	36.63726
65.73664	53.47199	34.93982
65.73664	53.60232	39.80609	23.38122	19.86036	17.27155
65.73664	53.48793	37.84679
65.73664	53.67299	6.543793	10.99893	36.66306
65.73386	19.36084	55.10272	40.78415	12.5092	55.76783	18.64119
65.73386	55.72969	34.34545
65.72479	53.50496	51.7741
65.72479	53.62288	21.70871
65.72479	55.21166	11.22244	10.78769	47.67966
65.75409	53.50144	14.78501	1.41896
65.75409	56.83487
65.71013	55.34903	47.54401	28.53058	33.68418	30.09689	31.16361
65.71013	54.91783	62.36731
65.71013	56.41344	20.96267	37.57508	5.092004
65.68344	55.61369	9.869231	23.69187	10.6736	1.160474
65.75052	54.09985	4.638648	2.361931
65.75052	56.17136
65.7342	55.70663
65.7342	55.91762	44.56977
65.7342	54.79382	3.90833	50.22552
65.7342	53.63413	49.94626	10.23946
65.73921	53.51082	49.80509
65.73921	55.13239	20.75435
65.73921	55.8441	24.93558	24.29451	20.81085
65.73921	54.01602	11.73308	47.61766	61.62059
65.73921	54.14445	48.16169	34.29017
65.73921	56.14911	39.24287	35.56576	14.17975
65.73921	57.08818
65.73921	56.02461	63.4622
65.73921	57.21699	3.521027
65.73921	56.15245	17.43645
65.73921	55.40112	1.473797
65.73921	53.60996
65.73921	55.10314
65.73921	55.27335
65.73921	55.51643	6.651559	46.70241
65.73921	55.78997	34.71506	27.21325	39.14109	33.56063
65.73921	55.98783	43.10831	6.021675
65.73921	43.17684	54.57071
65.73921	47.56686	53.46099	51.76838
65.73921	55.14091	42.96881	13.88317	46.9225	24.55389	6.334677
65.73921	55.30534	48.50533
65.73921	55.70053
65.73921	56.04732	39.247	13.0949	28.22929	54.32739	48.92362
65.73921	54.86928	48.93498	5.366227
65.73921	56.47621
65.73921	55.19076	12.83391	47.15001	34.4975
65.73921	55.28523	53.40215
65.73921	57.30308	41.63249
65.73921	53.47293	9.169904	32.59424	6.838265
65.73921	53.61187	52.29092	10.79103
65.73921	55.90014	39.03321
65.73921	53.50189	36.2199	33.03171
65.73921	53.56362	0.8694517
65.73921	53.57703	9.156428	8.010541
65.73921	53.5699	47.65542	41.60215	53.54203
65.73921	55.27276
65.74026	53.75581
65.73276	53.61324	12.18309	7.979266
65.73602	57.25463	11.92626	24.50889
65.72562	55.74609	14.09007	13.39567
65.72562	54.72011	13.75398	42.83203	7.863036
65.72562	55.32952	42.84496	16.0548	12.87166
65.72562	57.81145	53.47825
65.72562	53.57582	7.07931	21.12468
65.72562	53.67722	32.89333	9.761129
65.72562	53.47604	6.466653
65.73582	55.6769	36.62186	9.271714	27.7108
65.73582	55.60784	5.982069	18.81319
65.73582	55.14285	1.16017	21.21649
65.73582	53.5773	22.39329	37.86182
65.73582	55.13173	52.49614	8.206348
65.73582	54.17546	7.635007	1.116522	28.95014
65.73582	55.41616	7.280593	38.85122
65.73582	56.22957	34.62497	7.727738	6.944349
65.73582	57.3397	43.32962
65.73582	50.4225	56.27279	7.580141
65.73582	55.6382	19.49265	4.859068	6.880746
65.73875	57.34322	16.38178
65.73875	55.5453	7.175301	24.18736
65.73875	55.64559	29.02355	38.10467	36.31768
65.73093	53.45179	44.70061
65.73093	56.28907	41.18221	42.66863	12.96218
65.73093	55.15398	31.27355	1.189391
65.73093	57.23349	40.75601
65.73093	55.39816	45.12204	39.27883
65.73093	57.88837	45.53293
65.73998	55.41084	47.70094	19.89209
65.73998	55.15007	27.77754	9.538267	16.92584	22.55391
65.72383	57.33323	26.77908	51.52774
65.72383	53.80776	25.84142
65.72592	53.49415	36.01708
65.72592	53.73752	39.7871	50.54475	35.24255	36.33851
65.74223	53.93258
65.74223	53.62339	19.83421	10.49637
65.73356	54.92865	23.10014	7.717224
65.71713	55.03395	29.20752
65.73577	55.15377	20.27995	54.98602	52.23143	10.38105
65.73515	57.05772	45.41652	5.926685
65.73515	55.45904	5.657818	23.77719	15.28767
65.73515	55.20936	8.853779	34.52097	33.66212
65.73515	55.43852	7.462862
65.73515	53.71801	9.611664
65.73515	55.49993	9.408097
65.73515	54.00876	8.505508	48.52442
65.73515	55.22424	9.201396	48.7338
65.73515	56.17141	6.512101	45.80491	30.93729	7.873429
65.73515	56.6794	44.44827
65.73515	55.10088	48.80416	16.5457	8.815421
65.73515	54.40377	43.03097	16.99607
65.73515	56.22228	47.67802	20.96943
65.73515	55.85428	20.03284	35.50547
65.73515	57.16859	31.06903	23.48866	16.52422
65.73625	53.67238	32.39904	25.93879	50.90881	12.41311
65.73625	53.67667	47.54856	16.30287	4.572181	32.75413
65.73625	53.60397	49.71886	15.37316	48.9405
65.73625	53.47822	15.76237	51.70792
65.73625	53.61758	17.81804	45.55922
65.73625	55.18819	42.4317
65.72477	56.20339	45.15169	27.30923	41.85837
65.72477	59.73867	48.71027	23.10521	53.5274
65.72477	55.73159	4.789731	4.978048	12.53558
65.72422	53.46597
65.73931	55.20102	38.75564	15.5762
65.73931	56.55876	48.40432
65.71342	55.22037
65.71342	53.45133
65.73529	55.10059
65.73529	53.51859
65.73529	55.06246	48.7063
65.73529	55.9283	47.79438	27.19399	23.67646
65.73529	56.43658	44.19832	8.846795	33.54368	34.8118	15.61119	5.098824
65.73529	53.82142	46.76485	34.37286
65.73529	54.81988	60.61179
65.73529	55.25045	7.116865	1.046785
65.72126	57.2973	5.77671	36.8084	11.13188	57.23287
65.72126	55.73541	2.478582
65.73215	53.46534	13.17107	1.806827	38.39572	26.44173	39.2666	31.97716
65.7288	55.84698
65.7288	56.17493	51.63728	1.110872
65.73581	53.72711
65.73581	53.57448
65.73581	53.53102
65.73581	53.45194	13.09894	37.31677
65.73581	53.52607	9.643041
65.73581	53.69677	3.681777
65.73581	53.61054	8.338993	57.44144	39.63605	25.57997
65.73581	53.79817	6.953925	17.2957
65.73581	53.5599	19.02139	8.126804
65.73581	53.41477
65.73581	55.17456
65.73581	55.6268	46.91799
65.73581	56.64882	2.516812	0.802625	10.53652
65.74445	58.07261	1.787718	59.3066	54.34013	32.55624
65.74445	57.29284	45.14923	15.09966
65.74445	55.26944	47.39217
65.72242	53.50633	44.28329	2.728431	49.72101
65.72242	55.27559	44.55466	9.236506
65.72242	54.9941	3.091683
65.72242	55.03787	8.724691	40.42299	32.78819	65.59262
65.72242	55.6848	5.897703
65.72242	56.20728	51.24248	6.183986
65.72242	54.47961	47.50602	53.55002	36.50246	35.1845
65.73521	55.88956	47.59985
65.73521	55.04239	46.99672
65.74136	55.39613	46.97592	29.68878	11.45601	16.06987
65.74136	56.13324	47.76215	18.04106	6.7624	29.22056	22.06273
65.73683	53.40957
65.73683	53.66863	11.44563	51.41899	53.07111	65.61233
65.73683	53.70511
65.73683	53.62637
65.73683	53.51429
65.73683	53.77708	32.86878	30.78638	38.73687	2.787146
65.73364	56.16381	32.13916
65.73364	53.84916	31.96744	39.83038	18.33583	52.48225	52.29014	27.9209
65.72857	53.49849	27.7212	45.61938	12.76333	45.20514	32.25372
65.72857	53.78077	49.01146
65.71248	53.77916	17.15206
65.71248	55.5144
65.71248	55.96429	26.16208
65.75154	53.81494	44.98869	27.33984	17.59175
65.75154	54.15496	47.43163	21.0652	60.31823	12.62726	16.87843	60.7232
65.69724	47.33692	22.15308	55.73768	11.18096
65.71566	48.84921	55.18878
65.71566	43.38283	55.27529	21.72268
65.71566	54.04935	45.22677	31.65965
65.71566	55.93822	46.9985	27.46071	12.99284	26.86735
65.71566	55.59771	45.95675
65.71566	55.32375	45.86312	12.97556	3.821683	6.266343
65.71566	53.68892	48.35923	11.50205
65.73653	55.1342	45.73588	13.21855
65.73653	55.1112	38.41883	19.80061	19.22248
65.74281	53.75286	39.60249	8.733108	45.15377
65.74281	55.86164	16.66116
65.74281	54.87783	13.30786
65.74281	55.56143	13.73377
65.71918	55.53197	50.02801	54.12347	12.17263	34.52583	12.83732	17.72042
65.71918	55.23699	10.15557	44.34247
65.7053	54.97859	14.40278	36.93141	25.01789
65.70619	55.83104	16.8232
65.71617	53.73483	38.24671	33.32262	51.43249	24.50497
65.71617	55.76357	40.31357
65.74623	55.40003
65.71432	55.08083
65.71432	55.87542
65.73247	57.25935	9.888429
65.73998	56.87075	8.447017	54.04422
65.73998	53.81813
65.73349	56.67204	49.81397	53.52887	18.75736	64.62502
65.73349	55.27541	48.67937	13.87091
65.74368	57.97636	10.57018
65.72112	53.5208	24.26572
65.72112	53.94629	12.75073	12.03166
65.72112	55.82619	14.20641	52.58211	39.05692
65.72112	54.29902	41.79622	20.97193
65.72112	53.57421	9.9733
65.72112	53.77415	13.82895
65.72112	55.69091	12.6007	44.33271	28.57263
65.71353	55.72054	44.26179	21.1133
65.73967	56.0663	44.99332	20.7675	12.92497
65.73967	55.22583	43.73749	29.40498
65.73967	53.71754	45.38362	5.063266	31.61984	27.81981
65.73967	53.96364	48.62454
65.73967	55.92349	45.22136	33.24063
65.73967	55.24981	33.65042	44.44904	31.0371
65.73967	55.99261	47.72526	21.62206	16.48571	42.57234
65.73967	55.82178	36.07445	29.42328
65.73967	55.79535	42.19837	25.24776	9.132268	40.40776	36.9457
65.73967	55.71445	49.05179	2.847541	29.3726
65.73967	56.76105	44.25314	4.257631
65.73967	53.84315	43.36926	5.22247	21.16888
65.73967	53.45647	45.24768	5.664854	15.91193	52.43895
65.73967	53.51735	12.52497	46.65441	7.320424	10.6841	29.54306
65.73967	53.41104	47.68551	4.73566	22.47748	22.28667	7.892103
65.73967	55.11555	48.76866
65.73967	55.06177	44.54245
65.73089	55.30249
65.73517	56.72534
65.73517	56.0059	18.44926
65.73517	55.67155	38.20123
65.73517	55.10256	10.69439
65.73428	56.14403
65.74212	53.87919	31.55812
65.74212	55.54591	44.95546	10.93093
65.74212	55.78654	43.96034	22.41938	53.569
65.74212	55.21783	47.07838	26.51172	54.49385
65.74212	55.16112	45.45491	21.39887
65.74212	55.91555	15.48709	2.782654
65.74212	56.17	12.14602	7.824835
65.74212	30.87232	53.38102
65.74212	53.75621
65.74212	55.62166
65.74212	55.20195	47.57387
65.74212	48.66588	55.31177
65.74212	44.90262	55.26165	24.85868
65.74212	45.89885	54.25094
65.73112	47.90122	55.31727	52.43034
65.73112	53.62648	37.76887	49.114	3.898941	51.77147
65.73112	53.60188	49.18321	12.46194	5.720877
65.73112	53.47455	45.82313	15.56238	3.896417	22.60098
65.73112	53.59123	47.24003	22.08427	0.9859992	52.78968
65.73112	53.46287	13.06447	48.7142	20.23341	3.337508
65.73112	56.4081	30.64728
65.73112	58.38213	50.47811	32.70529	20.62984
65.73112	53.70578	38.60401
65.63272	55.3142	17.93056
65.63272	55.13874	15.99151	44.70768	2.197088	43.60861
65.63272	55.65488	18.80872	48.935
65.64792	55.28503	45.79642
65.64792	55.73058	48.92034	38.39228	59.729
65.7573	55.76598	46.915	31.20414	9.481474	29.48925
65.7573	54.02092	47.2165	22.13644
65.72624	56.70497	45.57494	31.79067
65.74637	55.713	45.92152	8.47408
65.74637	55.72547	7.173444	4.943438	45.42824	53.88389
65.7089	55.07684	34.09875	0.1136058
65.7089	55.23968	6.333842	24.81228
65.73825	55.5008	50.13605	2.13547	10.55394	37.75595
65.73825	54.92144	2.91585	49.17523
65.73825	53.58871	51.63967
65.73825	53.49571	51.61537	2.845001
65.73825	55.55346	48.64403	13.36137	54.18001
65.73825	55.09872	48.73551	40.79103
65.73103	56.20777	49.39012	2.268297
65.72453	55.30398	47.81603
65.72453	55.06995	50.38494	29.22342	26.5242	8.140577	27.93107
65.72453	55.1953	48.74291	30.55358	13.05555	9.374402
65.72453	56.44286	45.16023	6.896163	37.53239	29.57745	38.45679	64.39141	52.92815
65.72453	56.56185	46.87112	4.92636	16.66333	53.53028	0.1443784
65.72453	56.16066	7.368813	10.73443	1.417205
65.72453	55.31741
65.72453	55.48831	47.09059
65.72453	53.52809	46.47515
65.72453	53.4972	49.88838	63.90237
65.72453	53.53405	46.0015	49.74737
65.72453	53.3888	48.17518	33.09593	6.37704	48.00022
65.72453	55.49865	8.43119	13.77243	52.21284	33.74762
65.72453	55.30399	44.23721	25.1319
65.72453	56.37379	48.85875	16.87166
65.72453	56.66024	11.77925	7.08814
65.72453	54.31728	13.2316	7.875288	47.80961	12.88751	4.064738	9.167942
65.72453	53.52702	48.9292
65.72453	53.63639	47.38406
65.72453	53.69708	47.53699	0.600821
65.72453	53.77467	48.33731	53.74221	21.27565	3.206598
65.72653	56.02176	50.62165	15.26417
65.72653	53.57826	51.67325	11.72623
65.72653	53.85795	49.25907
65.72653	53.56208	49.9746
65.72653	53.7087	47.63862	42.89584
65.72653	53.65132	51.42095	50.77731
65.72653	55.11651	51.50462
65.71104	55.19102	39.96027
65.71104	56.29418	53.0629
65.71104	56.26807	40.5968	15.4685	11.2135	8.166674	34.04213
65.70726	53.89329	32.69955	60.44577
65.74366	59.88495
65.74366	60.43898	19.67005
65.72853	61.90945	14.49892
65.72853	60.24333	18.42437
65.72853	57.20581	22.03995	63.6343
65.72853	57.0526
65.74587	54.30685
65.74587	55.14334
65.74587	55.78367
65.74587	55.15153	45.0003
65.74587	55.86507	43.58316	3.796553	50.45338
65.74587	55.86454	16.98578
65.73992	56.33487	26.07908
65.73992	53.5684
65.73992	55.07357	2.938448
65.73992	57.93196	35.32091	18.62847	17.41	53.93067
65.72029	55.11826	47.03111	9.177646	11.99736
65.72029	55.87381	45.02505	15.57803
65.72029	54.04474	46.94613
65.72029	56.22173	47.57163	36.00139	34.54784	27.63969
65.72029	55.02911	47.46446	9.845556	22.37332
65.73243	55.71915	43.08467
65.73243	53.53391	43.3231	34.05886
65.73243	55.26096	45.9251
65.73243	57.62286
65.73243	55.23455	13.74939	48.15448
65.73243	55.23455	13.73059	47.69602
65.73243	53.79209	47.70474	23.33831	42.31825
65.73243	53.858	26.84315	45.41829	3.578598
65.73243	53.50432	28.72784	44.53538	0.5487312
65.69731	53.50432	14.86255	46.79555	41.63059	40.51433
65.69731	55.13782	2.997516	51.54526
65.73454	55.00332	43.6145	23.57947
65.73454	56.77701	24.11112	52.68118
65.73454	53.74463	45.16289	27.64975
65.73454	53.86833
65.73454	55.65897
65.73454	55.21478	9.524251
65.73454	55.14498
65.73454	55.23453	25.39278	8.278222
65.71261	54.14595	25.69216
65.735	55.28347	8.058633	3.403562	3.53661
65.735	53.33521	4.670835
65.735	53.75179
65.735	53.47459	24.36222	32.51119	19.76466
65.735	53.50214	5.108017
65.70901	53.48947
65.75414	53.62637	25.36251
65.75414	53.55485
65.75414	53.54111	52.22849	16.00405
65.74617	55.22659	39.75736	8.39857	7.443444
65.74617	53.50625	11.73664	3.611047
65.74617	53.77891	31.14515	51.87154
65.74617	53.61967	21.22037
65.74617	54.08532	39.28546
65.74617	53.42248	57.7136
65.74617	56.36957	14.06081	22.23884	15.22933	16.70765
65.73817	55.85948	54.7773	55.80121
65.73817	53.39866	33.89081	29.17543
65.73817	53.4853	33.83068	6.903979
65.73821	55.2153	44.56803
65.73821	56.70849	6.179485	22.02865
65.73821	54.27865	27.40238	25.01893	9.389276	33.46683	18.17793
65.73821	55.22457	10.40004	30.47845	7.931537
65.73821	53.50392	15.46296
65.73821	53.63694	17.028
65.72607	53.49872	23.50765	22.72579
65.72607	53.80694
65.72607	53.45543	44.55687
65.72607	55.25011	52.15309
65.72607	54.64838	21.39581
65.72607	55.82634	54.33106	18.8685
65.72607	55.79303	29.49566	9.952548	18.29873
65.72607	57.04418	7.236582	55.12953	2.044569
65.72607	8.680859	53.76432	52.24142
65.71484	55.16415	48.39705
65.71484	53.50198	37.36926	24.33282
65.73001	54.30337	7.1293
65.73001	53.4784	34.75044	5.209463
65.73001	53.50372	63.30127
65.73001	53.57383	62.56021
65.73001	53.51464	46.27567
65.70647	53.38085	45.55907
65.70647	53.48935	47.29303
65.72979	53.53806	51.57089
65.72979	53.44956	51.68626	25.96138
65.72979	53.44956	15.19954	30.01498
65.73222	53.61814	32.24683	23.74733
65.73222	53.50406	41.56592	36.12557	30.70336
65.73222	53.50406	24.80559
65.73222	55.69172	47.75752	27.61463
65.73222	53.50362	42.43682
65.73222	54.11585	49.85849	8.399836
65.73222	57.07613	48.54674	44.42793
65.73222	55.83595	2.019654
65.73222	54.9388	13.01589	63.06919
65.73222	55.13598
65.73222	56.20886	47.79415	31.60302
65.73222	56.44487	35.6038	0.007524481	13.31874
65.73222	53.77978
65.73359	53.61651
65.73359	53.50063	0.5414403	48.70752	35.53031
65.74663	53.47168	49.04589	54.38775	5.296207
65.74663	48.60459	55.08243	47.40585	35.07162
65.64533	58.51255	53.47579	15.37601
65.64542	55.09457	14.01242
65.74406	55.19276	29.52899	9.866549	11.02833	54.84919	15.87032
65.74406	53.48117	6.948474
65.72976	55.07136	10.30586	9.816813	51.05312
65.72976	55.43941	11.9933	9.378132	2.760578
65.72976	54.00965	8.981555	53.20301
65.72976	53.65365
65.72976	56.22469	61.04128
65.72976	54.05738	33.97134
65.73426	55.17352
65.73426	55.03456	3.190028
65.73426	53.58975	21.99031
65.73426	53.41831	1.499814
65.73426	53.48877	26.44146	49.97513
65.73426	55.02634	8.452986
65.73426	53.49874	2.235799	29.67889
65.73426	53.53194	11.22252	48.66697	10.39316
65.73426	55.07562	18.69697	41.05603
65.73426	55.54745	38.85008
65.73426	56.26481
65.73426	56.51708	4.352113	33.97772	30.97262
65.74113	53.64942	22.50146	16.35847	3.090742	48.92869
65.74113	53.48476	4.120668	1.452759
65.74113	53.39449	17.39987
65.74113	55.20835	54.72754
65.67647	54.73394
65.67647	53.45212	18.69014	9.158419	2.687668	51.74164	11.20117
65.69711	55.43601	20.17093
65.69711	54.64168	18.69869	47.21033
65.69711	53.73645
65.71668	55.02775	43.73499	32.47224	39.84211
65.71668	55.61883	44.52852
65.71668	55.81914	47.73857	58.001
65.71668	58.35665	43.40243	55.04021	3.213389
65.6833	53.55458	43.81098	12.77666	5.360381
65.6833	53.81265	48.82555	14.87274	10.01046	12.51701
65.73703	55.83863	44.97105	35.5409
65.73703	55.9827	28.94904	8.602483	48.78564	15.43594
65.73703	53.70678	44.53284
65.73703	53.53717	48.29689	34.93677	26.3171	27.48389
65.73054	55.27524	48.92647	6.543107
65.73054	55.23663	16.07186
65.73054	55.59042	49.74059
65.74094	53.43662	49.68819
65.74094	53.47391	51.93343	10.8757
65.74094	53.63192	48.6532
65.74461	44.22334	55.15475	27.62566
65.74461	47.64041	55.8411	21.59156
65.7272	38.19037	53.56056	28.60312
65.7272	53.76892	32.10282	31.32582
65.72162	55.18962	33.82915
65.72162	53.60208
65.72162	55.01444	24.16059	45.47157	44.52869	23.29154
65.72162	55.83117	47.59635	18.90833
65.72162	55.08786	32.2773
65.72162	56.21253	30.91025
65.72162	55.11528	34.32974	32.31864	23.56548	24.67007
65.72162	53.38937	38.38131	2.588471	29.1228
65.72162	53.43777	32.28456	12.12547	47.75075
65.72162	53.5502	8.680475
65.72162	54.32599
65.72162	53.68028	18.06406	17.59419
65.72162	53.50901	18.84636
65.72162	53.47367	16.16058	62.82524
65.72162	53.57594	34.42337	26.18583
65.72162	53.56615
65.72162	53.61651	35.16812	49.62119
65.72162	53.59781
65.72162	54.32665	18.81672	8.180226	3.394226	6.300358
65.72484	56.16349	42.07705
65.73395	59.69718	8.453367
65.73395	55.01563	0.6577004	41.94733	62.90013
65.73395	47.30791	57.88257	9.611992	11.93149
65.73498	47.1891	55.3514	20.42071	16.01811	7.645464
65.71157	47.45008	55.73694	23.84792	4.961174	65.20216
65.71157	47.78999	53.67161	12.93241	0.7321056
65.71157	48.89127	55.16725	3.634824
65.71157	47.51548	55.26126	5.231471
65.72712	50.26895	55.21481
65.72712	55.74019	0.2928053
65.72712	55.87366	35.10903
65.72712	55.16018	8.243659	29.71104	51.10575	34.18338
65.72712	55.35001	6.488332	39.95956
65.72712	55.10034	60.45364
65.72712	55.35604
65.7361	53.53919	33.26097	39.36138
65.7361	56.67072	52.98244
65.7361	53.75497
65.7361	53.80715	18.27676	51.36458	48.16656
65.7361	54.95244	13.46005
65.72947	57.788	11.95791	10.76941	38.01048	25.08581
65.72947	56.21315	40.22833	14.3022	56.06283	49.63903
65.72947	55.6842	19.64737	51.19043	44.23173	62.7346
65.71912	55.24355	47.29832	57.44541	61.55114	9.43249
65.71912	55.06495	49.03276
65.71912	47.80367	56.32667	32.52556
65.71912	47.06165	54.18476	63.92045	0.01565996	53.04076	34.55351
65.71912	55.72264	10.74351	44.13203
65.71912	55.16049	24.82377	48.35332
65.72875	55.05862	13.06082	60.40193
65.72875	53.95079
65.72875	55.07465
65.72875	55.61782	42.61866	18.55862	30.36479	12.67291
65.72875	55.07652	44.26466	21.30979	8.310299	16.76516	23.36299
65.73852	53.75478	47.45596	63.57388	41.74738	29.57103	15.1578	10.92344
65.73852	55.5768	1.053165	44.34405
65.73852	53.59968	46.68256
65.73744	47.63344	55.22564	47.70534
65.73744	55.422	47.11143	37.64949	7.690357
65.73744	56.77823	48.6881	2.837582	24.19524
65.73744	55.21294	47.30124	6.822059
65.73744	55.48896	39.89524	5.308912
65.73744	55.60911	45.09505
65.73744	55.57764
65.73744	55.11814	25.82541	16.07379
65.73744	54.04942
65.73744	55.11166	9.513549	41.03018	27.36576	24.17802
65.73744	55.15749	6.333913	3.347193
65.73744	53.64381	38.06594	6.309088	4.477412
65.73834	55.34789	20.55081	0.8002687	40.11679
65.73834	55.61018	0.3292617
65.73834	53.50672	6.553765	27.27698
65.73834	53.51503	6.865737	19.63431
65.73834	53.73022	9.102254	22.13116	57.71642
65.73834	8.21316	11.77427	55.53637
65.73834	55.49531	9.917205	41.18872	48.12193
65.73834	53.46807	8.030318	11.29842
65.73834	54.07687	19.48794	5.632393	51.63799
65.73834	55.22964	18.44562	14.24703
65.73834	56.21787	47.05712
65.73834	54.02673	46.44146
65.73834	53.6698	34.69019	48.951
65.73834	54.04694	18.79301	22.18085
65.73834	55.59053	23.45904	14.75002
65.73834	53.55179	14.43805	31.81854	35.57684	32.0031
65.73834	54.23553	4.596964
65.73834	53.72145
65.73834	55.28979	30.36877	56.47515
65.73834	54.11487	7.893766	32.45598
65.73834	54.91087	44.03864	53.56831
65.73834	55.78844	48.77837	3.319776
65.73834	55.9479	44.61081	34.83784
65.73834	55.553	46.78284	34.56861
65.73834	55.12942	16.58803
65.73015	57.10559	35.05338	33.55517
65.73015	54.19271	48.79018	1.048561
65.72426	55.21361
65.72426	53.47557	14.41184
65.72426	53.47777	18.72842
65.73944	53.7397
65.73944	53.46098
65.73944	53.45954	16.00157	12.92579
65.73944	57.44594	53.42215	41.69098
65.73944	55.60431	16.47971
65.73944	55.5396	46.79282	52.84589	39.21843
65.73944	55.22203	17.15324	12.95377
65.73944	53.37335	3.352504	42.52862
65.73944	53.79367	38.87481
65.72894	53.57466
65.72894	55.21273	5.633119	47.97133
65.72894	55.24333	47.01836	21.86462	21.65148	6.353597
65.72894	45.13372	25.72966	55.39265	46.27821	42.27409
65.72894	59.23246	19.88088	49.47113	5.487371	55.99536
65.72554	59.64452	48.84824	20.38996	1.415636	64.06257
65.72554	59.54984	37.10858
65.72554	55.04126	10.93854	39.63927	5.616781	48.92163	48.71752
65.72554	55.28171	36.68068	21.14845	5.797556	36.54453	24.81165	17.29331
65.72554	55.39443	8.111597	29.73671
65.72554	33.67024	55.98988
65.72554	55.47706	16.30974
65.72554	55.24458	44.40847	36.94607
65.71438	55.17827	9.553761	5.502062	6.221505
65.72802	55.22407	9.4192	51.98631
65.72802	55.73661	45.89972	7.916342	20.68328	29.37991	13.41318	64.85273
65.72802	55.18166	45.9237	2.526539	17.13685
65.71824	53.41068	44.99047	27.21671
65.71824	53.89239	48.82632
65.71824	53.53556	49.99978	18.40254
65.71824	55.20445	48.85909	20.64173	48.02628
65.71824	55.49876	50.28837	14.85162	35.13776	32.85366
65.71824	55.1945	54.83549	26.69894	50.02866
65.71824	53.69706
65.71824	56.33365	15.02363	46.98798
65.71824	56.25568	13.31063	35.41019
65.71824	55.02274	38.14652	29.27216
65.71824	56.1887	47.45109	45.11437
65.70638	55.15322	16.36288
65.73976	55.72007	44.58134
65.73976	53.40572	45.3769	24.17474	4.979901
65.73976	53.09908	47.49397	13.00648
65.73976	53.94113	3.975652	47.70641
65.73976	55.30407	63.54557	45.35217
65.73976	55.45334	33.72033	13.97064	32.34925	20.25686	3.900227
65.73976	55.24567	36.12797	51.34406
65.72344	53.34453	37.53212	37.46326
65.72344	53.91649	10.34468
65.7131	55.1093	15.08494	5.859681	11.5811
65.73051	55.16178	20.34794
65.73051	55.65831
65.73051	53.66851	8.759109	55.24638
65.73051	55.23124	45.21684	18.46182
65.73809	55.54126
65.73809	55.75154	7.357901
65.73809	55.49587	12.87298	64.40768
65.73809	55.20735
65.73809	58.61968	57.66218
65.73809	56.17724
65.73809	57.24097
65.73809	54.84501	46.95643	33.24327
65.73809	53.71567	26.07086
65.73809	55.16045	11.45324	47.22654	54.66872	6.244666
65.71572	55.7051	13.18751
65.74408	55.14123
65.74408	53.60922
65.74538	53.67592	29.68174	1.552842	16.37266
65.74538	55.25517	29.99996	5.548706	27.36291
65.70133	55.35301	38.67622	50.17378
65.70133	55.43584	42.86588	6.514038
65.70133	55.91115
65.66256	55.86791
65.7044	53.56376
65.7044	53.75555	41.7695
65.7044	53.82288	5.668264	42.38355	53.13858	22.37457	13.70449
65.71864	55.31224
65.71864	53.58176	3.151787	41.80715
65.71864	53.37778	20.79036
65.71864	53.77385	27.58231	52.83306	16.93887	1.483281	49.83786	1.393875
65.71864	55.13931	49.12007	38.62417
65.71864	53.9502	29.23172	51.23438
65.72271	55.27542	22.25055	49.15233
65.72271	53.69721	27.47592	47.35383	18.12839	61.59171	15.99987
65.72271	53.46633	20.94342	48.91921
65.72271	52.45681	47.05309
65.72271	57.28293	15.76592	60.99033	62.23395
65.72271	44.9717	55.30021
65.72271	50.02261	55.83709	46.32112
65.72271	56.81956	48.55868	53.57858
65.71546	55.54952	16.65253	52.94992
65.71546	57.76889	10.53934
65.70226	56.99864	18.83333
65.64241	56.0639	47.62866	22.1629	13.1121	19.51846
65.65665	54.81703	5.49782	36.38102
65.7388	55.38482	53.75569
65.7388	53.49999
65.7388	55.20686	54.63781
65.7388	56.2768	10.22888
65.7388	6.420748	57.49222
65.7388	9.498181	53.67012
65.7388	9.612931	55.83735	52.76768
65.7388	13.36534	56.18047	59.80619	1.811996
65.7388	57.00221	6.985871	55.59469	53.20638
65.7388	57.31143	54.31434
65.7388	53.92057	57.29447	54.89462	55.04947
65.7388	55.50203
65.7388	56.56068
65.7388	55.52724
65.73691	54.39413	49.78245	23.90264	21.45967
65.73691	56.7704	8.511817
65.73691	7.166064	57.89918
65.73691	16.89847	19.84324	13.28318
65.73691	35.76187	16.0412
65.7136	24.032
65.72598	12.97236
65.72598	15.75318
65.72598	17.50732
65.72598	22.87265	8.492596	14.92882
65.72598	30.57223	7.558216
65.72598	35.39357	32.64015
65.72598	33.51745	10.8704	3.210317
65.72598	20.28441	19.50474	2.992373
65.72598	15.12712	57.37661
65.72598	13.75323	6.057982	12.45146
65.72598	15.59732	50.72629	38.51151
65.72509	55.33974	32.79356
65.72509	54.99951
65.72509	56.49602
65.7228	53.58704	51.50008	50.54678
65.7228	55.94913	19.61729	2.677033	11.13112
65.73109	55.58413
65.73109	56.31462
65.73109	53.84158
65.73109	55.67627	52.66568
65.73109	55.36032	18.34838	34.25103
65.73109	55.08921
65.71488	53.8948	31.70219	8.942946	1.38912
65.71488	53.21379	28.10095	7.157457	36.56969
65.71488	53.65675	33.57263	11.85747
65.71488	55.47115	39.66656
65.71488	53.59085	14.1354
65.71488	56.13299	13.38556	64.93506	9.140842
65.72533	53.6653	28.19978
65.72533	55.34767
65.72533	56.67414	21.58779	12.20796
65.72533	55.01116
65.72533	55.88958
65.72533	55.06232	17.55865
65.72533	55.0345	29.60247	20.30697
65.7345	55.25761
65.7345	55.20058	14.07577
65.7345	58.9396	20.65471	19.27477
65.7345	25.65833	63.74067
65.7345	15.21369	55.26264
65.74437	11.27079	55.48318
65.74437	24.00207	22.8528
65.73376	23.48406	13.45061
65.73376	14.28886	12.75459
65.73006	23.5513
65.73592	41.6154
65.73592	13.47059	7.870915	22.21223	56.31999
65.73592	53.81455	4.533885	29.10359
65.73623	53.46374	8.998373	25.64865
65.73623	53.46374	1.077373
65.73623	53.47929	7.073673	32.84945
65.73013	55.10106	6.587874
65.73013	53.58863	58.25428	9.221691
65.73013	7.20723	55.24786	61.91298
65.73013	55.85892
65.73013	55.96857
65.745	55.7146	54.00379
65.745	55.78955	43.97167
65.745	55.17178	37.63499	8.296665	45.1393	28.9881
65.7445	55.01973	23.40161
65.67727	53.58804	47.0055	51.30218
65.71544	53.69772
65.71544	53.6073
65.71544	53.54799	32.20237
65.71376	53.68408
65.71504	53.57083
65.72399	53.57083	52.02487
65.7382	53.57798	0.8443213	48.00676	50.07328
65.7382	55.03686	3.64972
65.7382	55.89858	9.410776	28.3466
65.7382	53.87235	9.260602	12.21094	18.21941	12.65834
65.7382	55.76957	12.85492	2.621401	40.21767	31.59562	30.71681	28.65496
65.7382	53.85825	35.54523	9.047697
65.72401	55.46906	29.54621
65.72514	55.15716	51.10689	14.41763	11.56486
65.72514	53.49052	63.06179
65.72514	53.5572	28.85463
65.72514	55.99195	40.70144	38.80927	53.46806	53.53235	45.23776
65.72514	53.45957	44.28474	41.67019	41.01521
65.72514	57.25848	46.82651	0.1228596	34.14238
65.72514	54.88902	18.68324	44.74369
65.72514	53.47713	16.16022	51.50829	14.26853
65.72514	53.61023	22.38229	49.81732	17.60838	13.98057
65.72514	56.04349	44.524	45.18372	21.13453
65.72514	55.83833	14.27683
65.72514	53.92293	13.96052	51.53631	48.34145
65.72514	53.42413	44.0701	48.80652
65.72514	53.56926
65.72514	55.14109
65.72514	55.75072
65.71925	53.60407
65.71925	55.18792	11.24817	53.91987
65.71925	3.227131	23.00215	53.76065	49.48859
65.71925	7.630059	53.44189	46.3481	8.062334	13.54113
65.71925	55.7997	44.555
65.7283	55.81318	47.94779	6.638252	42.96932	33.49355
65.73836	56.03622	47.66599	7.592762	2.982499	27.54303
65.73836	56.26821	48.95035	13.7064
65.73836	55.91373	13.60032	9.832726	9.983922
65.73836	55.06823	49.33305	17.4532
65.73836	55.26482	16.93236	51.48092	39.43712	30.56706
65.73836	53.93612	45.07418	12.8588	6.536566
65.73836	55.24839	47.53004	14.97094	40.22187	8.525111
65.73836	55.39249	15.26725	51.11438
65.73836	55.38955	7.418871	33.69115
65.72254	55.18327	37.16741
65.72254	53.54506	48.7343	39.32628
65.72254	53.54506	49.24216	36.88999
65.71691	56.12986	59.71743
65.71691	55.92229
65.71691	55.78146	36.72968
65.71691	56.85517	51.34407	53.49439
65.74007	56.20888	10.00424	12.46341	48.75115
65.74007	58.34897	48.42598	54.98338	13.07729
65.74007	53.54839	40.98833	50.59627	58.09329	24.65042	5.100971
65.74007	53.63569	39.21429	18.88115	12.42098	3.541337
65.7351	53.89104	44.37206	18.39405	3.661298
65.71917	45.50239	55.21929	20.75902	49.12264
65.71917	56.0431	43.91497	54.87471
65.71917	53.61297	50.18417	11.36398	7.81856
65.71917	53.56994	15.26318	48.22612	41.53272	30.48866	52.21855
65.70728	55.20843	12.70397	41.00106	46.92675	40.64198
65.70728	56.20419	15.89411	44.919	33.16443	9.566935
65.76072	55.81757	44.99285	38.29817	38.49435
65.65822	55.86182	48.53825	20.64226	20.18786	16.41196
65.68766	54.83183	45.29876	28.57484	1.594788
65.70722	54.04277	49.33128	41.85027	44.94507
65.70722	55.16784	48.54921	21.58928	20.6659	33.347	14.37509	37.17487
65.70318	56.69439
65.71538	55.03376	47.69155	46.75157
65.71538	53.87324	4.754054
65.72486	53.42898	6.915265	49.32341	28.58782
65.72486	55.77005	37.64934	33.35114
65.72486	55.40554	46.63539	39.76468
65.72486	55.12683	18.836	1.01049	42.00289
65.72486	53.7444
65.72486	53.49948
65.73531	53.57587
65.74296	53.71096	37.59902
65.74296	55.24583
65.74296	54.31857	8.237311
65.73167	56.296	44.23469	35.06016	2.982058	46.43079
65.73167	53.90998	28.86182	9.262791	64.10263	6.159406	62.01396	25.24193
65.73167	53.64851	31.65188	9.915481
65.73167	55.77469	12.33649	0.2433504
65.73167	55.01566	19.32972	32.27867	8.808201	7.837748
65.73167	55.66175	6.120396	24.36259	1.553318	12.55264	4.418644
65.73167	53.6902	5.447814
65.73167	55.08923	19.89766
65.73167	55.38283	9.749824	8.278232
65.73167	55.98308	52.90353
65.73167	53.41929
65.73167	53.52701	28.7902	27.8742	30.61358
65.73167	53.53587	29.30427	9.309795
65.73167	55.73141	7.167465	38.87192
65.73167	55.91746	7.712906	47.59967	30.1617	23.03029
65.73167	56.50867	45.23181	15.30774	3.497382
65.73824	54.73983	48.81721	33.80012	5.689004
65.73824	55.32731	31.80073
65.73824	53.36507	39.55451	17.01956
65.73824	55.838	6.334719
65.73824	55.70349
65.73824	55.60396	13.23888	36.67505
65.73824	55.75153	9.233442
65.72355	55.13976	8.802739
65.72785	55.36067	8.003243
65.72785	56.18665	64.77665
65.72785	56.04448
65.72785	55.8627	4.655936
65.72785	53.82227	1.996751	64.20429
65.72785	55.3729
65.72785	55.94591
65.72785	55.21657
65.70276	56.04057
65.71142	4.75705	55.75525
65.73591	55.07219	5.823354
65.73591	55.70513	9.845442
65.73591	55.49663	25.10476
65.73591	53.59385	27.00111	0.4388541	34.80946
65.73591	53.50113	15.57598
65.73819	53.45488
65.71539	53.35984	41.17651	11.61997
65.71539	53.52575	34.58092
65.71539	55.95951	15.42804
65.72275	56.98714	5.323342
65.72275	55.62158
65.72092	55.7795	22.29056
65.72092	56.16646
65.72508	55.2557
65.72508	55.09775	6.728452	5.699145	65.66218
65.73313	7.698533	55.2476
65.74593	54.98256	49.04524
65.74593	55.55882	49.97132
65.74593	54.02002	7.948237	8.593333
65.74593	5.658028	16.43654	55.91498	45.38052	43.53596
65.74593	53.39313	14.08992
65.74593	53.53856	16.9112	44.00297
65.74593	53.60028	19.49866	50.13444	48.97335
65.73106	53.28853	19.80618
65.73106	56.27717	34.8555	19.8122	54.98669	15.10865
65.73106	54.97988
65.74103	57.63299	14.22742
65.7322	55.62005	10.54498
65.7322	56.23844	43.93982
65.7322	54.66158	25.23533	16.41308
65.7322	55.14904	8.376075	2.312377	59.13063
65.7322	58.41126
65.7322	55.34244	19.15104
65.7322	56.77689	50.71773	52.20575
65.7322	53.5728
65.7322	53.67899	37.73034	52.90131
65.72315	55.15144	6.935195	34.92999
65.72315	53.47135	2.39268	30.51723	26.27084
65.73817	53.79414	11.33315	46.33793	10.16239
65.73817	53.44702
65.73817	53.45036	4.157826
65.73817	53.46006	43.5454	0.5863681
65.73817	53.69391
65.73817	55.06426
65.73817	53.65959	48.72557	25.84863	60.26284
65.73817	55.48118	49.03312	5.396467
65.73817	53.58306
65.73817	55.23744	34.34936
65.73817	55.05061
65.73817	53.5557	21.64709
65.73817	53.69394	17.27914	46.31847
65.73817	53.37992
65.72451	55.71796	55.365
65.72451	53.68931	33.22167	44.27813
65.72451	53.53033	18.57447	21.2535
65.72451	53.47696
65.72451	55.69682	58.45536	38.47154
65.72451	56.02129	9.124175	15.3904	0.9346749
65.72451	55.75947	16.15631	63.73001	1.77409	49.88888
65.72451	56.41425
65.73976	55.30581	10.80487	47.22244
65.73976	54.18405	42.85805	22.11581
65.73976	54.43667	53.40823	39.82666	28.97124
65.73976	53.68691	33.83488
65.73976	53.92	8.688806	36.09435	27.49088
65.73976	56.69512	25.50238
65.73976	56.40323	53.59081	6.426761
65.73976	54.77976	0.1088498
65.73976	55.2076	50.9146
65.73976	53.48905	3.675256
65.73976	53.54633	6.29729
65.73976	52.56499	4.270304	49.06219
65.73976	53.8166	3.297327	25.89512	25.14434
65.73976	53.68092	3.98926
65.73976	53.50775	5.376352	51.15422
65.73976	53.51588	7.974888
65.73976	55.85433	10.04701
65.72427	55.73016
65.72427	55.77739	16.48804
65.72427	55.69779	11.49375	4.92722
65.72427	53.61397	28.40634
65.72427	54.46183	21.13878	65.18766
65.72427	54.99164	46.16304	46.00073
65.72427	53.86055	39.12827
65.72427	53.46801	48.67097
65.72427	53.67248	32.20234	48.5246	29.61062
65.72427	53.70482	33.28589
65.71177	53.4854	0.09931374	43.88929	33.23571
65.71177	53.49385	0.8213687
65.71177	2.109257	45.55491	53.82295	43.63829
65.71177	45.15536	14.85435	54.46215	7.021883
65.71177	47.3834	14.09366	55.9925	4.545143	42.84149	31.17008	0.07671976
65.71177	47.87395	53.60878	35.91705	46.85246
65.71177	49.8543	53.80489	34.54881
65.71177	47.65706	55.25433	54.46775	1.488319
65.71177	49.18235	55.22506	37.36621
65.7375	49.84541	56.00722	29.97374
65.7375	10.49405	56.00363
65.73749	55.47082	4.159582	15.74415
65.73749	55.5227	3.719354	37.80481
65.73749	55.25761	16.08934	6.051374
65.73979	55.3602	6.31547	46.88865
65.73979	58.20618	43.50323	28.12328	9.922236	57.72497	8.048525
65.73979	23.85154	60.58188	47.47633	54.05015
65.73979	49.36997	53.82981	16.39045
65.73979	47.89833	53.5443	13.52666	46.00443
65.73979	48.76641	52.58749	9.378588	3.751963
65.73979	45.55362	31.50284	53.46734	23.81047
65.73979	51.18938	53.46867	49.95391
65.73979	53.56699
65.73979	55.33026
65.73979	53.45878	8.902468	59.8769
65.73979	53.4718	8.96733	53.22951
65.73979	55.33069	7.825491
65.73979	56.53569	8.128037	28.0988
65.73783	55.16356	4.025585
65.73783	56.38863	11.6041	52.9212	10.65135
65.73783	55.99768	12.52739
65.73783	55.0475	0.7574659
65.73783	54.04697	47.76972	28.01155	51.34056
65.73783	55.23428	38.16282	28.01305
65.74665	54.89207
65.74665	53.58477	49.70219	10.70911
65.74665	53.5905
65.72307	55.36679
65.72307	53.75841
65.72307	55.137	45.18034
65.75526	53.62032
65.75526	56.59486	4.552586
65.75526	53.4722	49.78547	18.8881	0.9202031
65.75526	53.42857	47.65484
65.75526	55.50676	45.43298	25.00494	63.09733
65.74622	46.76296	6.415375	57.17552
65.74622	48.83378	57.5556	12.10291	8.644663
65.74622	47.31251	55.82927	54.54925	53.9543
65.74622	55.42955	33.20286
65.74622	55.41718
65.74622	53.46499	51.76197
65.70121	57.34423	19.99816	19.66856
65.74628	55.67515	12.12778	28.90978	8.71417
65.71915	50.72711	6.666649
65.74597	54.13407	20.63958	11.73782
65.74597	53.63726	23.87303	8.849901
65.74597	55.7813	43.4982
65.74597	57.27317	2.605379
65.74597	55.84052	43.95435	1.862414	28.93878
65.74597	55.90648	46.53546	22.84418	63.74027	51.48072
65.74597	55.54167	47.66109	33.27536
65.74597	53.76228	40.21208
65.74597	54.86232	52.55995	23.03225
65.71613	53.55109	37.93825
65.71613	53.50632	28.70906	4.884321
65.71613	53.42008
65.71613	55.06127	21.63751
65.73396	54.98469	21.02282	13.91973
65.73396	53.69149
65.72492	53.79682	2.238072
65.72492	53.60204	36.93494	44.91291
65.7384	53.49302	19.66258	10.57251	48.38891
65.7384	55.05108	13.77558	8.85947	0.9194564	49.61452
65.7384	55.87468	2.698634	1.618209	16.4815	13.57611
65.7384	56.15026	52.70534
65.7384	55.78185	46.08342	52.45311
65.7384	53.46368	35.13266
65.73336	53.39545
65.73336	53.79889	51.71048
65.73336	53.5933
65.73336	53.80355	50.18209
65.73336	53.50266
65.73336	55.28581
65.73336	55.128
65.73336	53.44555	9.662878	4.487607	50.20824
65.73336	55.28267
65.73336	55.23151	63.73843
65.73336	53.51122	56.62944	64.76554
65.73336	55.20334
65.73336	55.81064	46.60068
65.73336	55.72746	47.45151
65.73336	55.81758	49.92409
65.73336	57.29913	39.96097	36.14716
65.73336	55.2435	15.22533	5.438208	25.47805	44.88473	15.79129
65.73336	53.39854	43.05432	34.55459	2.905155	33.23197
65.73456	55.31441	6.107407
65.73456	54.53045
65.73722	55.34109	10.02435	26.22332	0.1265296	22.98972
65.73722	55.95466	31.15377	11.55853	0.6119016	51.1432	22.46352
65.73722	55.19103	23.29745
65.73722	55.18845	2.273998
65.73722	53.91832	45.05858	39.82579	21.24318	44.06834	5.173462
65.73722	55.24433	39.03379
65.73722	53.70377	26.92029	50.01544	44.06011
65.73722	53.52745	35.11903	35.2591	5.91859
65.73775	53.55265	34.12759
65.73775	53.43611	52.80039
65.71492	53.56716	22.62092
65.72356	53.55089	24.23821	46.64952
65.72356	55.85471	27.48488	7.768898	26.22896
65.73296	55.28422	26.03174
65.73296	54.85089	64.29536	28.81132
65.72351	53.50496	6.22556
65.7223	53.49427	42.12726
65.67877	53.59299	42.45288	12.83945
65.71363	53.48346	26.36889
65.71363	54.14555	24.11892	38.32519	18.22286
65.71363	54.77667	4.983794	4.300705
65.72016	55.26522	21.28291	16.43889
65.72016	56.03281	28.70008
65.72016	55.93541	19.98098
65.72016	55.25477	8.286621	52.93528
65.72016	56.33405	26.83005
65.72016	55.16394	1.960736
65.70438	55.85795	6.806614	0.8375666
65.71025	55.76565	52.44176	53.39026	13.76943	3.214543
65.70607	53.49342	24.74754
65.70607	53.44889	25.33514	8.655392
65.70607	55.16617	34.79456	19.15083
65.70607	53.37605	13.32859	11.3559
65.70607	55.13576	34.79647
65.70607	53.40154	39.00495
65.69222	55.61767	3.082138
65.69222	53.6662	25.05463	31.06264
65.69222	53.70391
65.67773	55.21696	61.4401
65.67773	53.52238	64.04407
65.71435	53.55731	49.27072
65.71435	53.49625	48.0815
65.71435	53.51656	40.52134	19.2683	25.79155	34.36706	22.83649	34.58741
65.71435	53.7501	12.12576	44.72815
65.75392	55.89253
65.73517	55.87149	9.136645
65.73517	55.19056	45.52477
65.73517	56.20117	44.77013
65.73517	55.15602	44.50106	7.424579	5.931828
65.73517	55.42267	6.94655	48.63705	53.62545
65.73517	56.08935	10.01294	47.15879	29.043	24.39123
65.73517	55.08121	6.790089	47.00393	34.00119
65.73517	56.2862	45.43521	8.403906	36.70444	38.50855
65.73517	53.85414	46.54021	14.0657	49.6169
65.75894	53.65723	42.49122	35.87098
65.75894	53.53558	32.86825
65.66047	53.46689	34.3977	53.04092	51.32356
65.67156	53.57409	53.11178
65.67156	53.38943	27.98079
65.67156	53.66403	28.06968	43.45221
65.72657	53.75914	31.83583
65.72657	54.06483	30.66115
65.73542	55.7546	41.44797	21.2904
65.73542	56.18613	40.28856	12.56638	29.44645
65.73542	37.93989	37.17412	17.52823	53.09991	16.82043
65.73542	55.71428	38.33739	50.62049	17.59627	14.31299
65.73542	55.93679	35.06839	4.29089	14.95
65.73542	56.44687	47.11999	31.74673	1.598185
65.74102	55.15846	46.80327	28.98111
65.65412	57.19259	42.30223	5.621215
65.70591	56.2698	39.51482	20.23243
65.70591	55.04757	45.61261	27.13989	45.1263	18.92967
65.70591	53.45678	6.559295	46.78922	12.98183
65.70591	53.59226	48.76044
65.70591	55.99121	24.21741	42.75991	3.671299	19.20731
65.71452	55.10995	44.80568	15.64813	51.56764
65.71452	53.45777	15.38774	49.7545	7.820823	14.02108
65.72779	53.63268	17.42992	48.98259	39.2301
65.72779	55.61774
65.72779	55.90692	45.20498
65.7261	55.55397	46.02368
65.7261	55.38686	46.94223	12.60562
65.7261	55.97419	46.88581	34.9864
65.7261	59.40349	54.23052	7.466496
65.7261	62.22102	54.3656	0.4460493
65.7261	54.86427	6.775116	60.94208
65.7261	0.7627942	61.63032	14.22941
65.7261	61.71358	9.951621	8.024964
65.7261	61.0574	9.147735
65.7261	61.66914	2.107281
65.7261	61.12405	7.917619
65.73247	61.67482	7.464681
65.73247	61.67482	8.168384
65.73247	60.90243	6.197542	13.43913	29.61318
65.72545	57.03877	9.11761
65.72676	55.8652	3.338244	28.9813	39.4166	25.76919
65.72676	55.72282	1.698625	19.46892	45.27752	53.25155
65.72676	55.18965	46.65348	1.1968
65.72676	53.74542	47.74937	11.02553	1.050503	24.52008
65.72676	55.0625	47.9233
65.72575	53.05547	48.88048
65.72575	55.27735	45.74129	13.81206	8.347592
65.72575	55.22235	45.12653	4.456802	54.01517
65.72575	55.76455	45.43394	6.243499	53.5395	9.899204
65.72575	55.21936	44.58027
65.72575	48.90523	55.47238	49.90961
65.72575	56.07571	49.41364	53.29397	48.99997	16.63225	9.601191	13.66429
65.72575	55.50363	47.72456	54.18488	18.76887
65.72575	55.31514	21.00955
65.72575	55.60925	20.18612
65.72575	55.76258	31.84614	16.04029	25.28798
65.72575	55.49328
65.72499	55.99369	64.2445
65.72499	55.06913	45.64623	28.48473
65.73883	55.14043	45.06252	25.11347
65.73883	44.3624	55.15747
65.73883	49.69742	56.42327	41.24299	40.55577	31.96301
65.73883	56.55029	45.50327	0.9158108
65.73883	53.70045	45.85409	41.59931
65.73883	53.44522	47.08942	14.42072
65.74544	55.14484	8.301681	50.3012
65.71563	53.63992	48.87364	28.40583	8.784491	3.082255
65.71563	53.62483	48.21809
65.71563	53.45545	9.186256
65.72808	53.48823	22.99317
65.72456	53.33986
65.72456	55.31732
65.71744	53.49532	6.375523	48.55214
65.71744	53.64141	47.45027
65.71744	53.52919	49.82742	29.53585
65.71744	53.56975	48.17723	27.82099	43.55468
65.71744	53.53433
65.71744	53.45817	22.26108	2.748767	12.86496	39.68047	9.884306
65.71744	53.46894	18.36725	30.93664
65.71744	53.66319	22.5629
65.73867	53.70867	46.58074	15.95396
65.73867	53.55014
65.73867	53.60961	7.551795	50.08502
65.73867	53.48417	7.110792
65.73867	53.70286	12.78407	13.44166	13.89572
65.73867	55.01997	6.011531
65.73867	55.55688
65.73867	55.59671	45.34682
65.73867	55.10769	47.05871	27.2827	22.528
65.73867	56.68464	14.61731	38.40646
65.73867	55.26813	39.67756	64.19462	11.80492	13.4247	18.59702	19.35746	15.32991
65.73867	55.93777	22.32456
65.73867	55.29435
65.73608	53.60054
65.73608	52.55586
65.73608	55.15864	41.03181
65.73608	45.2593	32.00593	54.00783	19.08295
65.73608	36.95506	55.01746	47.18721	23.27777
65.73608	55.75671	48.27609
65.73608	55.28906	37.45104	33.5151
65.73608	55.99008	20.13349	48.23596
65.73608	48.76937	55.55735	53.53794	31.01158
65.73608	55.81123	38.26147	4.039782
65.74218	56.12443	40.19635	57.26237	24.46992	51.42516
65.71923	47.77726	10.71368	57.26274	55.84976
65.67703	2.152596	55.23327	42.65973
65.73605	55.0962	9.86436	49.4053
65.73605	56.58734	46.26997	61.54336
65.73605	55.33628	42.0454
65.73605	55.72938	46.88845	3.308398	12.92706
65.73605	57.47379	63.71923	48.87118
65.73824	59.51787	46.40608	52.34463
65.73824	57.21259	47.47054
65.73824	53.64477	46.99107	34.21064
65.75969	53.60165	47.80322
65.75969	53.4814	47.65959	35.0098
65.75969	55.06153	50.14093	27.19689	18.41094	17.86476	48.51635
65.75969	49.89384	0.06719605	48.60709
65.75969	52.65722	49.47945
65.71457	55.49974
65.70095	55.87577	14.09995	0.5749339
65.70095	55.61629	0.3275995	0.3206059
65.7369	53.76448	2.32499
65.7369	56.72613	38.06281	20.31522
65.7369	56.22569
65.7369	55.06777
65.7369	53.63062	37.89081
65.7369	53.63062	21.56376	51.02548	22.88176
65.71397	53.57179	12.07655	0.7185535
65.71397	53.54128
65.71397	53.39306	48.69056
65.71397	53.436	47.72477	1.040296	41.88167	21.35446	19.36627
65.71397	55.26933	48.30845	10.82168
65.71397	55.14873	36.11939
65.71397	56.34379	47.748
65.71397	55.49364	49.29387	27.31609	45.95624	0.3288601
65.71397	55.26547	15.79184	47.64668	5.400715
65.71397	55.17131	48.95758	7.496505	29.36757
65.71397	54.39204	44.95657	7.411135
65.71397	53.55842	45.49688	38.62864	38.43192
65.71397	53.47675	48.73031
65.71397	56.22366	46.68465	14.20618	11.75476
65.71397	46.86461	55.29259	27.86701
65.71397	48.39572	53.55381	31.9169	32.73572	30.86829
65.71397	53.55381	38.35316	50.84095	20.58326
65.716	55.17402	18.23053
65.716	53.72769	29.82497	46.56089	45.97561	36.85752
65.72359	53.36554	44.49318	21.58264	59.46929	18.74977
65.71469	53.6299	49.92309	14.52713	11.33881	3.266514
65.73458	53.57173	12.85462	48.35486
65.73458	53.67325	14.78732	44.27014	30.17739	5.105329	35.909
65.73458	53.39303	46.79715	11.24727	10.67209	0.2359405
65.73458	55.1076
65.73458	58.03347	14.85705	0.813437	39.42937
65.73458	56.12667	18.03324	46.25206
65.73458	53.48449	47.15808	14.58165	4.492356	2.46354
65.73178	52.50316	48.6459	42.01971
65.72905	53.74914	47.3929
65.72905	55.01727	43.30868
65.72905	55.71881	49.03308
65.72905	55.27038	46.92138	18.9747
65.73971	55.10149	48.07629	16.62435	46.84615
65.73971	53.43985	49.268	16.57981	5.725814	6.382739	9.54644
65.73971	53.5752	47.1383	19.24882	40.99772
65.73971	53.46324	48.70952	20.66055	12.2341
65.73971	55.10977	48.67476	1.476671
65.73971	55.13445	45.86381
65.73971	55.74927	42.19382	27.77843	65.05581	55.4534
65.73971	42.92864	56.22423
65.73971	44.95841	55.71864	22.30791	21.69342
65.73971	44.74207	55.18633	19.97652
65.73971	57.74667	18.52872	14.09559	41.85933
65.73971	55.68287	45.56983
65.73971	53.52966
65.73971	53.63893	7.217127	4.223588
65.73971	53.70923	11.6639	56.1896
65.73971	56.11834	25.05168	19.76499
65.73971	55.87053	27.20742	48.76894
65.73971	53.80314	27.18591	27.00899
65.73971	56.03532	26.1066
65.73971	55.61196
65.73971	55.99298	39.34114	2.567523
65.7368	54.74826
65.7368	57.48907	37.18132
65.7368	53.67292	48.18911	41.5968	41.41178
65.7368	53.72235	51.87835	21.26576	45.97208
65.7368	53.4751	46.96296	11.13527	23.87063
65.7368	53.66753	48.94635	28.31852
65.7368	55.76047	47.17761	53.91476	47.93389
65.7368	53.79908	49.00931	65.62274
65.7368	55.13967	38.1195	12.24717	1.968968	14.27392
65.7368	53.53009	22.79495	0.01669712	12.32187
65.7368	53.83981
65.7368	52.82874
65.7368	55.00849
65.7368	57.06268	47.22396	55.19905	47.08687	0.5441768
65.7368	47.69156	55.07866	35.45879
65.7368	50.3636	55.08786	37.37319	36.18913
65.7368	50.02671	55.0287	26.4114
65.7368	48.78638	55.75371	7.790604	34.93678	11.65863	43.22598	1.431153
65.7368	51.19937	55.67188
65.73856	64.02416	53.51889	62.86862
65.73856	55.98533	20.28177	51.41351
65.73856	45.39335	9.14507	58.01391
65.73856	46.43071	54.42891	12.53743	38.12356
65.73856	55.22402	17.68401	45.47866
65.73856	55.13618	18.86516	48.65486	47.19905
65.72534	53.92494	12.67667	47.38671
65.72534	53.54684	48.73304	20.84736
65.72534	53.66956	50.83949	52.4985
65.72534	53.51994	46.98668	55.46497	29.58241	12.63887	11.75362	28.78655
65.70362	45.52513	53.78534	31.60589	6.304715	10.89686
65.70362	48.6558	55.12647
65.72283	53.6191	49.40493
65.71374	53.57598	51.51163	19.76783	5.064625
65.71374	55.27662	16.24454	45.02555
65.72311	53.84584	49.5182	14.69208
65.72311	53.69664	44.47592	17.9711
65.72311	53.87055	44.96383	11.52411	50.54632
65.72311	55.78652	13.04644	9.98613	8.998712	51.59735
65.73222	55.00844	48.75243	12.57525
65.73862	55.06975	47.39629	11.96924	53.36792	54.59926
65.73862	55.2922	48.7341	48.34454
65.73862	53.83151	47.81421
65.73862	56.84068	45.72408
65.73862	53.42169	47.53637
65.73862	43.28258
65.73862	48.70376
65.73629	44.43155
65.73629	35.58766
65.73629	38.20759
65.73629	7.850592	27.4527	13.08488	18.85037	12.15025
65.73629	11.77144	9.654678
65.73629	15.17472
65.73629	34.80535	30.21705
65.73629	27.8097	8.406998
65.73629	27.43242	49.41503
65.73629	11.41012	7.21707
65.73629	15.41515	41.76961
65.73629	17.10549
65.73629
65.7464	1.246785
65.70917	57.31471	24.79188	14.73641	12.4168
65.71682	57.35518	37.27288	35.67798
65.71682	55.87488	44.25182
65.71682	55.88001
65.64298	53.57047	48.50481
65.7568	54.47132	48.2831	6.055821
65.7568	53.45516	49.77227	7.786284
65.7568	55.1266	21.57626	31.58251
65.70512	55.87345	29.04209
65.70512	55.03368	49.01413
65.70512	56.04574	39.86114	56.64025
65.70499	41.69522	56.3814	26.872
65.73746	53.24721	9.004031
65.73746	55.74008
65.73746	55.12642	15.06987
65.73746	55.4251	8.473911
65.73746	55.08786	2.129455	40.85617
65.73746	57.44845	1.208977	39.13376	17.47403	11.06739
65.73746	55.38476	23.59291	45.93854
65.73746	55.23169	45.6833
65.73746	55.66401	20.02104	34.40761	15.57046	10.01263	16.5419
65.73746	55.07953	8.952008	21.31835
65.73746	55.82618	15.12194	2.295557	24.94627
65.73746	55.23248	2.840025	22.55988
65.73746	55.33716	17.44626	35.58222	0.5123628
65.73746	53.54184	52.92906
65.73746	55.13655	39.05012	38.52484
65.73746	53.67745	43.04313
65.73746	53.6129	8.756461	7.190498
65.73746	55.35303	47.92244
65.73746	54.0891	4.409508	0.29347
65.73746	53.69522	36.2928
65.73746	55.14444
65.73746	55.94895
65.73746	54.95734
65.73746	55.22972	15.42261	54.55032	18.50842
65.73746	55.86458
65.73746	55.48203	39.55801	27.98503	51.45474
65.73746	56.00049	37.67491
65.73746	56.02335
65.74581	55.5936	50.55025
65.74581	56.03761	44.16222	23.40143	8.031903
65.73729	55.75166	49.31247	29.49752	17.05342
65.72735	53.50713	43.45586	7.382639
65.72735	53.44657	43.8312
65.72735	55.18042	15.70794	5.675997
65.72735	57.28995	5.728139
65.72735	6.761385	56.04002
65.72735	1.883078	55.82253	37.80907
65.72735	1.32503	54.10984
65.72735	7.907133	55.85525	21.1217	12.5925	56.01848
65.72735	55.07498	27.65402	53.98377	25.87352
65.72735	55.20943
65.72506	55.8762	41.27419
65.72506	55.336	43.4543	5.998781	0.5913674
65.72506	57.12602	45.9148	23.40785
65.72506	55.90939	47.86109	34.60112	20.33152
65.72698	55.62731
65.72195	56.3006	55.13752	52.8361
65.72195	55.78283
65.72195	53.72505	47.39222	17.27223
65.72195	55.16487	47.42759	18.53467	49.65277	13.83254
65.72195	55.15782	47.68679	12.24718
65.72195	56.29177	52.18163
65.72195	55.72972	49.62597
65.72195	54.88674	49.48029
65.72195	56.41894	49.25832
65.72195	55.48722	38.15642	65.54455
65.72195	53.71776	47.47373
65.73175	55.83635	48.87154	4.275474
65.73175	55.20879	49.96972	20.40687
65.73175	56.15257
65.73276	55.81194	3.456697
65.73276	55.09813	63.77982	15.89094	15.58768
65.73276	53.56859	21.26353
65.73276	53.53689
65.73276	53.53667	9.015332
65.73276	54.21873	7.278592	52.07093	52.46504	17.33884
65.73276	23.4405	53.49571	52.18559	12.75809
65.73276	15.82565	53.51013	39.18456	14.99137
65.73276	55.33104
65.72806	53.57181
65.73773	53.58935	62.83757
65.73773	54.76403
65.73773	55.21369
65.73773	55.16676
65.73773	55.23744	45.96728
65.73773	55.08375	39.76455	26.57273
65.73773	55.81571	35.43384
65.73905	56.08768
65.73905	55.29474	19.75107	41.87535
65.73905	55.71881	20.00085	48.81143	53.80129
65.73905	54.04373
65.74368	55.21004	16.81499	8.682319	2.132331	15.00356
65.74368	55.21004	0.01240017	39.15792	32.97316	20.95621
65.74368	56.33338	42.42378	32.07569	11.73259	39.61294	41.88612	53.41863
65.74368	56.0428	35.10098	40.57826	24.7374	7.095772
65.74368	55.49355	45.27971	51.18525
65.74368	55.5384	48.45263	6.767802	30.39661
65.72738	55.08889	26.7504	2.876104
65.72738	56.88088	30.22281	53.67377	54.73621
65.72738	53.45403	14.98476
65.72738	53.5721	29.02195
65.72738	53.87013
65.73358	55.20801	54.26766
65.73358	55.17837	12.86745
65.73358	56.31568	13.51643
65.73868	55.22427	15.30689	37.94486
65.73868	55.20415	28.99881	43.53958
65.73868	56.70945	33.08868	44.92308	10.86454
65.73868	55.28817	47.28591	17.91077
65.73868	55.24239	44.47319
65.73868	55.61684	47.73824
65.73868	55.65644	0.43794	48.50844	63.80403
65.73868	55.51633	5.61544	45.24067	1.830427
65.73868	53.68235	14.68353	46.67811
65.73868	53.5059	12.25952	47.66553	7.925252
65.73868	11.19164	47.02076	4.231678	53.68658
65.72191	49.17681	53.74623	26.77352	50.77631	45.21325	5.764564
65.73258	53.40916	47.92363
65.73258	53.60926	50.98256	17.78348	1.348155	14.48832
65.73258	53.50725	51.39302	13.25693	4.998129
65.73258	53.50124	13.04177	30.82209	51.31838
65.73258	55.96673	30.0549
65.73258	55.1206	47.95337	15.45677	62.41075
65.73258	53.65268	45.84988
65.73258	53.79322	47.96337	7.918406	32.90487	22.93492
65.73258	55.80686	60.97031	47.67151
65.73258	56.05547	44.18597	35.14143	49.35168
65.73258	55.2653	48.01276	62.94182	30.32766	15.48291	4.307037
65.73258	55.94583	46.8495	11.14912	5.076845	59.86165	53.65839
65.73258	53.37916	47.2488
65.72546	53.44174
65.72546	57.46801	46.04739
65.73494	58.41874	56.68421
65.73494	55.32202
65.73494	56.1535	54.55978	46.79526	25.74286	31.57047
65.73494	53.75066	58.34013	52.09421	5.701178	21.92053	44.02541	0.1499756	38.0085
65.73494	59.91419	5.131454	45.17204	32.70228	56.05327	37.71892
65.73494	57.10272	0.7804852	46.68094	34.20114	18.23926	41.06645
65.73494	55.07701	3.139464	44.3313	18.35448	16.65224	33.36597	65.64032
65.73494	55.93243	0.2571281	43.22427	26.08454	62.25077
65.73494	55.89576	47.0486	27.32757	46.22505	25.92556
65.73494	55.78769	48.93527	33.88655
65.74048	56.18336	43.31891
65.74048	55.07723
65.74048	53.61711	51.12276
65.74048	53.51534	45.70168	16.81734	45.52855	48.82344
65.74048	56.16605	38.80276	31.9059
65.74048	56.343	40.83742	52.86119
65.74048	55.26188	12.26298	4.344817
65.71246	55.34522	33.32234
65.71246	55.80525	35.84499	8.173096	9.522128	1.671688
65.71246	55.73091	8.260608	32.37792
65.71246	55.87909	6.691959
65.7453	55.19685	34.27965	13.214	30.90275
65.70825	55.24899	25.03029
65.73943	55.50032	34.78851
65.73943	53.6291	14.0164	7.821632	46.55046	8.107372
65.73943	55.66649	16.41325	48.8495	14.87449
65.73943	53.70746	19.5044	44.80084	14.9255
