SpeciationRates
0.3090146	0.6105178
0.3006452	0.6402742	0.2751342
0.3558534	0.603612	0.297215
0.3545089	0.6249671	0.2858332	0.3089615	0.3596267
0.2608657	0.6167537	0.3159535	0.2796524
0.3298851	0.557835
0.253826	0.6249735	0.3396071	0.2921857
0.1758414	0.6768627	0.3480181	0.39687
0.240622	0.6235666	0.3662191
0.1979744	0.5463358	0.3476901
0.2250394	0.6012137	0.3546529	0.2960916
0.1474796	0.5998067	0.3607682
0.2176566	0.5578435	0.372492	0.226516
0.1756642	0.5971469	0.3473971
0.2163425	0.6293168	0.3251931
0.2356164	0.6353034	0.3732211	0.2972247
0.2522275	0.6200726	0.3626382	0.2844779
0.2926682	0.6482	0.2750396	0.3617403
0.2280694	0.5661071	0.3672585	0.2687796
0.1735686	0.5731278	0.3550636	0.2516041	0.2380643
0.213714	0.545247	0.3707631	0.259582
0.2795133	0.5956425	0.2710859	0.3426924
0.2981743	0.571842	0.2801549	0.3224007
0.2836981	0.564607	0.2990885
0.276248	0.5594667	0.2828099
0.2372996	0.5478	0.298102	0.2663762
0.2400037	0.5271601	0.2570386	0.2395393	0.2466413
0.2708206	0.570447	0.3075596	0.2762036	0.2385004
0.2802459	0.5014214	0.2427599	0.3380168	0.303936	0.2604388	0.2488412
0.2750114	0.6166975	0.256255	0.3398397	0.3249471	0.2107851	0.3054946
0.3171427	0.6420125	0.2523045	0.34626	0.3433156	0.2232876
0.2572423	0.5598679	0.2960638	0.3147534	0.2024242
0.2317361	0.6156848	0.3065199	0.2882684	0.1997841	0.1931275
0.2072625	0.556572	0.3159505	0.2098063	0.2740556
0.2657319	0.5621295	0.2814407	0.2316053	0.2940817
0.2929897	0.5251682	0.3457272	0.2078488
0.2877973	0.5505386	0.3529751	0.1850066	0.2823565	0.2895764	0.2741871
0.3405587	0.5236885	0.3490067	0.2432004	0.2932179
0.336248	0.6480568	0.3779179	0.2342842	0.2900751
0.316653	0.5919652	0.3307127	0.263893
0.3038004	0.5003005	0.2467831	0.3610743
0.3429076	0.5849142	0.3097573	0.3912729	0.2607739	0.3161187	0.2274499
0.341604	0.6079406	0.2845652	0.2594032
0.3667572	0.6334505	0.2830445	0.2034757	0.3327528
0.3176197	0.6295065	0.2029916
0.3144368	0.6343351	0.1864913	0.1757474
0.3279615	0.6441355	0.2092914
0.3324852	0.6329869	0.2207429	0.1886337	0.3097796
0.3032822	0.7055183	0.1971765	0.264199	0.2985508
0.2868373	0.644015	0.2083734
0.1749917	0.5287018	0.2007691	0.2437191	0.3007302
0.208156	0.5499004	0.2281398	0.2884851	0.2093885
0.2259691	0.5516559	0.2013629	0.2840565	0.2083244
0.2754885	0.6691741	0.2004542	0.3337169	0.2271456	0.2508304
0.3487947	0.5740843	0.1785847	0.2800752	0.2137433	0.3062968
0.2186985	0.6375112	0.1782068	0.2039032	0.2616951	0.2663157
0.3365897	0.7225872	0.1772697	0.1963444	0.237255	0.2735502
0.286449	0.5845669	0.1897992	0.2268313	0.2694268
0.2488078	0.6213461	0.2052016	0.3241644	0.241411
0.2488295	0.6235451	0.1822061
0.2256664	0.6153661	0.1960954	0.2885356
0.2326835	0.5883903
0.2613127	0.591923	0.2096307	0.2441499	0.3211916
0.2683718	0.6113018	0.1956558
0.2777236	0.6358261	0.1756363
0.3303636	0.7054067	0.1912453	0.3189528
0.2718581	0.6508089	0.1714302	0.2929076	0.2563366	0.3012093
0.3755759	0.6123186	0.1886921	0.3039828	0.1895979	0.2701605	0.3561944
0.4041601	0.619337	0.2437311	0.2005122	0.2900283
0.2601136	0.628532	0.1844848	0.2622827
0.2409935	0.6025745	0.1968924	0.3663859	0.2477984
0.2864768	0.6172545	0.1949517	0.2662037	0.3052078	0.3262378	0.2184058	0.2599482
0.2299629	0.547923	0.1853927	0.2735145	0.1717685	0.2283488	0.270844
0.2395327	0.6733837	0.1830538	0.2780017	0.2253978	0.2897351
0.2311442	0.6384219	0.1854896	0.2891643	0.2302187	0.253498	0.1903792	0.2546438	0.2730314	0.3513701	0.3536961
0.2842637	0.6530401	0.1744926	0.259083	0.3224189	0.2988519	0.3521913	0.2463554
0.3293367	0.5926476	0.1793538	0.3044019	0.2561088
0.3430056	0.6773866	0.1871015	0.2813043	0.236306	0.2660627
0.2975773	0.6732382	0.1839191	0.1633052
0.2276617	0.704256	0.180704	0.2759869	0.2621153	0.3662362
0.2694402	0.7167625	0.1948454	0.3670928	0.2765977
0.2942985	0.6066386	0.1932427	0.311745	0.2897693	0.2060589	0.2840883
0.3153882	0.6826611	0.1866559	0.2580006	0.2593314	0.1714427	0.2542892
0.2867259	0.6604391	0.1879761	0.2663556
0.306362	0.5382815	0.1914731	0.3182238
0.2788951	0.6139703	0.1887523	0.2992594	0.3320152	0.2945607
0.3108825	0.6595567	0.1704692	0.2691071	0.2731346	0.2598063
0.3266953	0.5909346	0.1633713	0.2461051
0.3378344	0.63128	0.174812	0.2314374
0.3354066	0.6545638	0.1829957	0.2762383	0.2545525
0.3137121	0.6385825	0.2113045	0.2444424
0.378898	0.59815	0.210698	0.3144407	0.2463486
0.2852313	0.5518036	0.210621
0.2306435	0.5777228	0.2138049	0.1949027	0.2669538
0.2575696	0.654619	0.202437	0.3203557
0.2873986	0.6189183	0.1977344
0.2734328	0.6342504	0.2070358
0.3667201	0.6232266	0.2119454	0.2719497	0.1983046	0.2813144	0.2559898
0.3299184	0.5674299	0.1886134	0.2552583	0.202823	0.2826298
0.2191441	0.6215054	0.2063874	0.2351796
0.1482721	0.6609393	0.2093871
0.1608967	0.5839727	0.2231057	0.2558085
0.1641525	0.657789	0.2645851	0.2077698
0.1983962	0.6523885	0.2693481	0.2350744	0.2729414	0.1872889	0.2250204
0.2514271	0.5615019	0.2118551
0.3687331	0.5621788	0.2548423	0.2188295	0.2614475
0.295559	0.6314867	0.1766633
0.2875517	0.626145	0.1738006	0.2568487	0.3145328
0.2838833	0.5528569	0.177586	0.2779285	0.2536662
0.2818916	0.5990589	0.1731983
0.2592023	0.5264738	0.1760964	0.2881152	0.2151367	0.3052245	0.1875347
0.3009772	0.7089317	0.1753041	0.2713675	0.2073867
0.2631906	0.6971029	0.1842674	0.3022713	0.2251892
0.3572889	0.5966922	0.2120585	0.2857883	0.3261813	0.2047445	0.2690938
0.3731637	0.6890805	0.2162851	0.3229869	0.2298491
0.2650386	0.6403107	0.1974082	0.2678993
0.2786002	0.6022134	0.1857716	0.3312383	0.3233281	0.2496302	0.1615366	0.3207809
0.3003231	0.6054748	0.2010352	0.2102895	0.2965033	0.1843368	0.2784513
0.2684069	0.6617522	0.2029525
0.2526857	0.6059421	0.1818636	0.2719934
0.2413154	0.6629121	0.194044	0.2629864
0.2896269	0.5865722	0.1745321	0.2691238	0.2935274	0.1920766	0.2805595
0.2684995	0.5090926	0.1872081	0.2662522	0.2616635	0.3283191
0.3251911	0.6208965	0.2028423	0.2676291
0.3776581	0.5681229	0.2032702	0.2969591
0.3334439	0.5664909	0.2191617	0.2179145
0.3109104	0.5992691	0.2125396	0.2643834
0.272244	0.5940966	0.1939076	0.2961391	0.1863732
0.2800012	0.6549545	0.1674984	0.2808294	0.2822047	0.2704607
0.2857	0.5659361	0.2158298	0.2974815
0.2182316	0.6341474	0.20643	0.2880762	0.3289783
0.2004607	0.5836658	0.1866259	0.2880893
0.2625642	0.6418755	0.1982647	0.2610385	0.3085952	0.274219
0.2309965	0.5913579	0.1869576	0.2837528
0.2443344	0.6462933	0.1827644	0.2919092
0.3003676	0.6035904	0.1722852
0.3441813	0.6230269	0.1680873	0.3009815
0.3398453	0.5916429	0.1586639	0.3046596	0.2858706
0.2783973	0.5198892	0.1785536	0.3336434
0.2465747	0.6272705	0.1742931	0.2824575	0.3278474	0.3855034
0.226607	0.573908	0.1752068	0.2401267
0.2892567	0.6780033	0.1788732	0.2655299	0.2546807	0.3039452
0.2807719	0.6368329	0.1776436
0.2876292	0.6463071	0.2131098	0.2576373	0.2413841	0.3208093
0.2648652	0.6216207	0.2274124	0.3175505
0.3230175	0.6138776	0.2278949	0.297696	0.2462316
0.2966523	0.5872821	0.2702429	0.244906	0.2742841	0.2896714
0.2839946	0.6888521	0.2262827
0.2903965	0.5975953	0.2570383	0.239321
0.3724401	0.5986436	0.2581672	0.3278206	0.3810673
0.2202783	0.6651933	0.2330475	0.3118592	0.3241537	0.2807251	0.287695
0.2996197	0.7052986	0.240533
0.3207002	0.5646673	0.2460889
0.3022837	0.6176262	0.2296416	0.2471186
0.2459612	0.5538933
0.2374946	0.5845014	0.242518
0.2439646	0.6114756
0.2915001	0.6556106	0.2748327
0.3084476	0.6297918	0.2621302	0.2212717
0.2599026	0.6921929	0.2025608	0.3267625	0.2078274	0.282447	0.229592
0.3048828	0.6267976	0.206931	0.378994
0.2902222	0.6663709	0.2372813	0.3705528	0.3002648
0.2318827	0.5781525	0.2006588	0.3458212	0.2524724	0.3054682
0.1891369	0.6329557	0.2145789	0.3380429	0.2843442	0.2812446
0.1756113	0.572823	0.2006952	0.3005239	0.343363	0.2604294	0.2225288
0.2048577	0.6139408	0.2216653	0.3485739	0.2899281
0.2127929	0.6154174	0.2252322	0.3138005
0.2029911	0.6682264	0.1890397	0.3026566	0.3777204	0.1729742
0.1461456	0.5641466	0.1961942	0.3483716	0.3211826	0.2800423	0.3175365	0.3469764	0.1989706	0.148498	0.2842903
0.2400578	0.5877119	0.2008339	0.3766062	0.289454	0.3104496	0.3364842
0.1394954	0.5230822	0.2158766	0.387677	0.2811286	0.2385069
0.2081604	0.6039655	0.2001626	0.3917177	0.2396604	0.3099051	0.2717531
0.1728095	0.6165324	0.1953655	0.378378	0.2253311	0.2980348
0.2247641	0.5979353	0.1792313	0.2320611	0.2760932
0.2864691	0.617314	0.2021617	0.2801088	0.207299	0.2383005
0.3080862	0.626496	0.1891744	0.2880053	0.2346924	0.3209654
0.3133228	0.6379289	0.1832885	0.2901803	0.2933446	0.232905	0.3601994	0.1954826
0.2938644	0.6076165	0.1837233	0.2953821	0.2130321
0.2654142	0.6675137	0.1780684	0.2380028	0.253903
0.3471045	0.6834471	0.1749188	0.2905679	0.2248966	0.1843468	0.2166267
0.3032238	0.560354	0.180815	0.2615467
0.2773539	0.546962	0.1972819	0.3004142	0.2704217	0.2756201
0.2348073	0.6784846	0.184787	0.2965277	0.2443297	0.2713238	0.2167826
0.310645	0.5949388	0.174689	0.2026554	0.2747823	0.3269835
0.2771305	0.6006278	0.1837078	0.2824554	0.1956654	0.2611118
0.248898	0.5872894	0.1927734	0.2979591	0.231004	0.2561995
0.3232148	0.5776566	0.2011289	0.29299	0.2284898	0.2156644
0.2291826	0.6029507	0.2116409	0.3218504
0.2629293	0.6255026	0.2560094	0.222492	0.2193278	0.4080959
0.3598328	0.5704263	0.2820947	0.2143963	0.1849275
0.2889205	0.5960467	0.2700311	0.2041982	0.1792151	0.2198088
0.3126034	0.6177773	0.2217054	0.2681395	0.1716731
0.3545123	0.6435339	0.2160974	0.2377029	0.1814713
0.2784478	0.5824512	0.2253989	0.262037	0.1944081	0.2123939
0.2729306	0.5877154	0.1889086	0.2593345	0.2126183	0.3091524	0.1049115	0.296931	0.2767629	0.2295724
0.2619928	0.6013139	0.1722404
0.3549823	0.5963814	0.1925264	0.2571967	0.3021077
0.2886676	0.6122629	0.1850758	0.2806794
0.2985792	0.5804366	0.1944485	0.2777274	0.2547221	0.2643488
0.3066065	0.5633832	0.2056531	0.2474008	0.3149764
0.2476611	0.6013869	0.1916171	0.2854261	0.2518178
0.2748603	0.5967336	0.1871403	0.3109555	0.3590751	0.2515814	0.2993031	0.2898997
0.267569	0.6291091	0.196952	0.3104612	0.2320447
0.3024753	0.6637958	0.2059496	0.2226877	0.3323866	0.212356
0.215891	0.6750036	0.1828064	0.2861676
0.212434	0.6445113	0.1646432
0.2025839	0.6463983	0.1662022
0.2622979	0.6579116	0.1792278	0.3422609	0.2232092	0.1910367
0.3189549	0.5518426	0.2152405	0.3627481	0.2692339
0.2550641	0.5934173	0.2115017	0.3015575	0.2390963
0.2682303	0.628622	0.2026402	0.3110202
0.2631426	0.6785583	0.3231662	0.223564
0.3180556	0.5758488	0.2252927	0.3414789	0.2722806	0.1614223	0.2050761	0.2045691
0.2995702	0.6517156	0.3559211	0.2292291	0.2964068
0.3589164	0.6032608	0.3628574	0.2137168	0.2713243	0.328405	0.2269794
0.226299	0.6530752	0.345677	0.212237	0.2325306	0.2654406
0.2102622	0.6200916	0.3029604	0.2209732	0.2369002	0.3142297	0.1916329
0.2981895	0.6090352	0.1986296	0.2559724	0.2425918	0.3001327
0.3258919	0.6637804	0.2192739	0.3125832
0.3341005	0.6239849	0.20185
0.3328985	0.5665426	0.2130462
0.2974482	0.5623447	0.2276461
0.3073596	0.6003266	0.2199277
0.2838262	0.6020691	0.1775411	0.3065712
0.4237166	0.6130554	0.1993044	0.3033638
0.3187276	0.5282486	0.2205154	0.3087627	0.3442303
0.2858545	0.582064	0.1919177
0.3203758	0.6213442	0.1763085	0.2799134	0.319151
0.4049737	0.6503008	0.1840958	0.1698052	0.3349195
0.2845445	0.5990931	0.1774173	0.2733194
0.2860762	0.6171372	0.1688263
0.2891657	0.6823045	0.1465984	0.2862413
0.3065707	0.6387284	0.1642954
0.3283666	0.5379152	0.167137	0.2656235	0.1727794	0.169386	0.340059	0.3026702
0.2414928	0.5451354	0.1867081	0.2389266	0.4111804	0.3012978
0.2629569	0.6135173	0.1939356	0.2709086
0.3024104	0.6207118	0.1786948
0.3150079	0.5735464	0.2111883
0.287459	0.5957892	0.1916894	0.2879777	0.2241279
0.2876616	0.6248403	0.2062088	0.2924327
0.3334473	0.631859	0.2129214	0.2579235	0.271916
0.3262592	0.591528	0.1968692	0.2932917	0.2395297
0.3528788	0.6910214	0.181654	0.3477381	0.1970204	0.2546436	0.3477426
0.3496445	0.6822252	0.1829609	0.2174865	0.278673	0.3184176	0.2779155
0.2938944	0.5955824	0.2020218	0.2796392
0.2335898	0.6548857	0.1828596	0.2817225	0.1770273	0.21906
0.2625924	0.6284023	0.1812137	0.2689528	0.1841697	0.2189429
0.2651841	0.6509153	0.1789936	0.2912874	0.2203536	0.1675258
0.2764518	0.5860195	0.1996585	0.3557525
0.2455647	0.6787064	0.1737167	0.2798236	0.1985006
0.2925449	0.6193039	0.1761061	0.260065	0.1797989
0.2546982	0.6415926	0.1910042	0.2841847	0.2266176
0.3824801	0.5620176	0.2020653	0.2964962	0.2393633	0.223981	0.1943975
0.2510626	0.7178794	0.1901361	0.3134189	0.2233737	0.327567	0.2161448
0.2273963	0.6137777	0.2060155	0.33767	0.2331255
0.2430604	0.6583563	0.2863545	0.2367384	0.1920428	0.1868058
0.2790187	0.6284396	0.2283637	0.1922817	0.1859665	0.2829187	0.2681726
0.2007199	0.6336387	0.1899744	0.2210557	0.30472	0.2622111
0.3279133	0.6134607	0.1735508	0.2179698	0.4252117	0.2464513
0.3483287	0.6618598	0.191937	0.2795582	0.2408683
0.3047822	0.6019918	0.198902	0.2800254
0.2616174	0.6052154	0.1911996	0.2898787
0.2721963	0.6630906	0.1904259
0.3103698	0.5691402	0.2005191	0.341238	0.2151504
0.2981102	0.5897425	0.2284112	0.2668078	0.3533294
0.3782304	0.5766167	0.2138153	0.3558984
0.3172279	0.6757526	0.2172866
0.2914893	0.5575018	0.2365454	0.2585267	0.2530042	0.2926059	0.2047231
0.3264199	0.6358494	0.2327923
0.2972979	0.6600501	0.2144595	0.3338231
0.2862492	0.6526024	0.2264531	0.2225576
0.250788	0.6551518	0.2107062
0.2064714	0.552318
0.1886032	0.6330965	0.21044
0.2213726	0.5722279
0.2399741	0.6633693	0.2271833
0.2271105	0.6114248
0.2420801	0.5311677	0.2262676
0.223096	0.6453223	0.2122075
0.2411206	0.5472038	0.2687637	0.2110079	0.2349666
0.2430523	0.7299117	0.1813492	0.2601904
0.2193182	0.592661	0.1818606	0.2787514
0.2502876	0.6449196	0.1853676	0.2576799	0.2728444
0.2571701	0.6537778	0.1846131	0.2710362
0.3007172	0.6328104	0.209614	0.3335504	0.2226439	0.2051571	0.2902512
0.254371	0.6459815	0.2168979	0.3527859
0.2469525	0.6105429	0.1893307	0.324763
0.258332	0.7404385	0.2017496	0.2752611	0.3026776
0.2321466	0.6768923	0.2187924	0.2633534	0.3063637	0.3163773
0.2256644	0.5277123	0.3044623	0.1898118
0.264632	0.5594006	0.190714
0.2472665	0.6044138	0.2034473	0.2916561	0.2634532	0.2184315
0.2824823	0.6280793	0.219752	0.3357117	0.294572
0.2627887	0.6078393	0.2171743	0.2869016	0.2964172
0.3314533	0.6276368	0.2070944	0.2982606
0.2407402	0.613677	0.2094292	0.3240923	0.19809
0.2369958	0.5780284	0.2148756	0.3420817
0.232523	0.6050442	0.2155732	0.3502318	0.304244	0.2007685
0.3234587	0.6095704	0.1969736
0.3023927	0.6507668	0.2086559
0.2745455	0.5999662	0.2116841	0.3452845	0.2911971	0.2861096	0.3812818
0.3767872	0.5456847	0.210259	0.3046216	0.2717911	0.242664	0.2884237
0.2803111	0.5728189	0.2013275	0.3178544	0.218511
0.3330491	0.5924975	0.2078331	0.3215527	0.2343289
0.2671616	0.5849035	0.2129615
0.206278	0.5886592	0.1903708	0.2791006	0.2169992
0.2531123	0.5983254	0.2237397	0.291235
0.3083771	0.6627451	0.2021315	0.2888383	0.2411783
0.2754578	0.5573889	0.2261752	0.2906312
0.2864784	0.581481	0.1800251	0.2506517	0.2879506
0.277535	0.6428847	0.1707477	0.2812711	0.2495479
0.2582578	0.629717	0.2028715
0.213701	0.6314663	0.2004108	0.3039709	0.3359665	0.2357437	0.1914938	0.2930925	0.2802974
0.2286444	0.550894	0.2054078	0.2873253
0.2342553	0.5866974	0.2073465	0.3153676	0.2513258	0.3055306	0.2499373
0.2551276	0.6356469	0.2240605	0.3358514	0.2672175
0.2693981	0.6205797	0.1979185	0.3107615	0.2617951
0.214606	0.6148917	0.1700422	0.2470296	0.2827093	0.2668751
0.2634898	0.6258703	0.2062655	0.3433223
0.2996598	0.6038012	0.2141577
0.2720603	0.6794638	0.1994711	0.3115833	0.259334
0.2495398	0.5842289	0.2145977	0.3064231	0.2452325
0.2556726	0.5609795	0.2068494	0.2903339	0.2337178
0.2431703	0.5920535	0.1798528	0.3114469	0.2199693	0.2461556	0.2048008
0.2285157	0.6045104	0.1915303	0.3032663
0.2353464	0.5943537	0.1938934	0.2965209
0.3053236	0.6715913	0.2002082	0.2628996	0.3271016	0.2163387
0.2893477	0.6322972	0.2679876	0.2883268	0.1992659
0.2770856	0.6244844	0.2123475
0.2077777	0.6298869	0.1903986	0.2858058	0.197392	0.2725538
0.2629128	0.5896916	0.194517	0.2805869
0.347497	0.6503625	0.1834508	0.2602593	0.1873844	0.3909832
0.291634	0.6663496	0.1804996	0.3115939	0.2134839	0.2813513
0.2658368	0.643394	0.178243	0.2280831
0.2163194	0.5558517	0.1861023	0.2602501
0.2717403	0.6316389	0.1958267	0.2970294	0.2583447	0.1906825
0.2610521	0.6033379	0.1701344	0.2652564
0.3237805	0.6371562	0.1985056
0.3092641	0.6397667	0.1980288	0.2780444	0.2999433
0.2715516	0.614525	0.1926571	0.2974224
0.3454743	0.6042224	0.1848164	0.270557
0.3593728	0.6673897	0.1913525	0.3055711	0.3116034
0.3051638	0.5739365	0.2097083	0.3302415	0.2858156
0.3388155	0.6287089	0.2036939	0.3021681	0.3081561
0.2879661	0.5966486	0.1786117	0.3079471	0.329599	0.295116	0.1789493
0.332731	0.6382393	0.2152186	0.3051967	0.2908135	0.2043729
0.2616469	0.6332332	0.1946996	0.2579744	0.2971844	0.2535483	0.2958733
0.2294049	0.6510872	0.193107	0.3074392
0.1704138	0.6407467	0.184571	0.2430841	0.1740344
0.1721843	0.5333234	0.1884078	0.2769657	0.3067519
0.1482035	0.5771604	0.193245	0.2957515	0.2978306
0.1044895	0.6323698	0.1765618	0.2958913	0.2757226
0.140321	0.5531889	0.1964126	0.2586834	0.278401
0.2067685	0.5876323	0.1898309	0.2934772
0.2909268	0.6293645	0.2024293	0.2766	0.2614154	0.2723833	0.2336276	0.3708403
0.3219342	0.5843227	0.1948845	0.2311752	0.2641436
0.2982534	0.6453704	0.1699391	0.257696	0.2073885
0.3506372	0.6553516	0.1803284	0.270533	0.2009087
0.3080835	0.6888806	0.206507	0.2836999	0.3549946	0.2475627
0.3302954	0.561243	0.1852649	0.3041561	0.2284654	0.2444597	0.316027
0.3062607	0.5251655	0.2146518	0.3145652	0.2548211
0.2728178	0.6216492	0.2146518	0.3246533
0.257615	0.5914049	0.2475268	0.3446384	0.270982	0.3898207
0.3760602	0.632511	0.2170341	0.3309135	0.2527567	0.2385104
0.2713044	0.5792962	0.2266431	0.3590144	0.2567786	0.3239874
0.2899363	0.6654607	0.2163817	0.3573943
0.2575164	0.687104	0.2338793	0.3080059
0.2196125	0.5980906	0.2111975	0.3238791	0.2909726	0.2299524	0.1693314
0.1983481	0.6107584	0.2201008	0.2844458	0.2551682
0.2834312	0.7156844	0.1940303	0.3271973	0.2658116
0.2450409	0.5447473	0.2057485	0.3305096	0.2597919	0.2934556	0.2617933
0.2816901	0.7488816	0.2120217	0.2989045	0.243755	0.3252109
0.2988235	0.6662563	0.2147563	0.3122208	0.2525215	0.30377	0.2552648
0.2754578	0.635386	0.2000682	0.2783843	0.3411522
0.3509632	0.675917	0.2180064
0.3325611	0.636576	0.2138764	0.3223746
0.3266021	0.6199385	0.2234562	0.3263269	0.3150385
0.3374278	0.6180036	0.2006191	0.2972304
0.3335518	0.6105031	0.197143	0.2386026	0.2777104
0.2928597	0.6210243	0.2367718	0.2764475	0.2324746	0.2939383
0.2996562	0.6348024	0.1852574	0.2748311
0.2408438	0.6164759	0.1990038	0.3183334
0.2728369	0.6035248	0.3447545	0.2339929
0.2702073	0.6027237	0.3316788	0.2141212	0.2812283
0.2991283	0.7272887	0.3313852	0.2038704	0.2254411	0.1910085	0.325641	0.312742
0.2598164	0.6442813	0.3118121	0.2059003	0.2325747	0.2964098
0.2432858	0.5974752	0.1854657	0.2594715	0.2930017
0.2307344	0.6509333	0.20235	0.3016802
0.271125	0.6113185	0.2098408	0.3061442	0.3011232
0.2908758	0.5810497	0.1933841	0.2875404
0.2570002	0.5840313	0.1798675
0.28364	0.6696956	0.1913494
0.298979	0.6296374	0.1987183	0.3855492	0.2952319
0.2809072	0.6158189	0.2060614	0.3619198
0.2902859	0.6070446	0.2045803	0.3925014	0.2614121	0.2046436
0.240929	0.6336747	0.2228837	0.2881538
0.250504	0.6746278	0.1906912	0.3113156
0.2568389	0.5870717	0.1972746	0.2889202	0.2115904	0.2448943
0.3097795	0.6665259	0.2093245	0.3230885	0.2171033	0.2780357
0.221457	0.6234208	0.1957423	0.3132846
0.1890247	0.731997	0.1824432	0.320662	0.3553367	0.3616124	0.2615671
0.244049	0.552108	0.2186731	0.3350366	0.2990998
0.3910595	0.6516149	0.2079156	0.3634294	0.2251234
0.2933138	0.6211323	0.2052381	0.3542532	0.2149239	0.2510776	0.1691407
0.3462312	0.5975731	0.1918807	0.3275695	0.227326
0.2460278	0.6620778	0.1972023	0.2826645	0.2230316
0.2581288	0.6066268	0.1914315	0.2200621	0.2162358	0.2920717
0.2517349	0.5971944	0.1834748	0.1965399	0.235458	0.244601	0.2882182	0.3384287
0.295867	0.5751843	0.1767652	0.2254116	0.3361959	0.2398155
0.2125429	0.6666193	0.1970526	0.2401908	0.170613	0.2425622
0.242072	0.6614378	0.1752202	0.2519656	0.1896656	0.1884366	0.2724888
0.3068714	0.6075121	0.245189	0.1638136	0.1780562
0.4189643	0.5360399	0.2161292	0.1894296	0.2327238	0.2752254	0.3304171
0.3900522	0.5996942	0.2066082	0.1793146	0.2671054
0.2634839	0.5857435	0.2179136	0.1554443	0.3259141
0.2237705	0.7166538	0.2141977	0.1491667
0.310701	0.5631056	0.1696835	0.1539474
0.2558659	0.6151499	0.1873768	0.218618	0.2290369	0.2481531
0.3270663	0.6264573	0.2118442	0.254633	0.2059499
0.2589034	0.6095335	0.1772563
0.2864235	0.5420129	0.1889123
0.256827	0.5974591	0.1638292	0.3120145	0.3080469
0.2651847	0.6822012	0.1790716
0.2409287	0.7001839	0.1868069
0.2734987	0.5864041	0.1781934	0.2436325
0.2596835	0.5468866	0.1526749	0.2144049	0.2797276
0.2724659	0.6003859	0.1574986
0.2857826	0.64693	0.1455349	0.2170758
0.3282504	0.6119082	0.1767465	0.2462386	0.2809477	0.3025151
0.2266279	0.5790792	0.1751397	0.2676562	0.2999257	0.2421342	0.200471	0.2993633
0.2168672	0.5752217	0.1786308	0.2742764	0.3673248	0.2480636	0.3042042
0.2862972	0.597237	0.1900455
0.2504313	0.6271333	0.1784405	0.2278505	0.2721798
0.2575417	0.5974648	0.1877354
0.2398309	0.6941218	0.1474438	0.2419531	0.3749499
0.2758121	0.619825	0.1467131	0.225242	0.1830592	0.115075	0.3668458
0.2138032	0.6587917	0.1733454	0.2198194	0.2469667
0.2271194	0.6463622	0.182424	0.2830343	0.2330481
0.1876267	0.6765593	0.158335	0.3119952
0.199305	0.6629928	0.1782298	0.284385
0.223216	0.6985831	0.1772741	0.2099657	0.2648873
0.1899388	0.5996778	0.1781594	0.2622119
0.2072933	0.6325705	0.1680068
0.2306245	0.6340489
0.251954	0.6213656	0.210633
0.3084693	0.5908585	0.2304748	0.237923	0.2331164	0.2564169
0.3004319	0.6268597	0.2527349	0.2209619
0.2831521	0.6562141	0.2481292	0.2069108
0.2806359	0.624448	0.1906939	0.2778043	0.2456264
0.2924822	0.6605024	0.1799337
0.3215035	0.6275927	0.1886923	0.2855001
0.3224462	0.5834252	0.1809459	0.2661138
0.2763498	0.619883	0.2016784	0.2942098
0.2531309	0.6169037	0.1782727
0.2637808	0.6232297	0.1729783	0.1882332	0.2510317	0.2593505
0.3216333	0.575021	0.2034593	0.2784748	0.2815481
0.293399	0.6408913	0.1805242	0.2804555
0.2459527	0.6249896	0.1976565	0.2821147	0.2027276	0.2331065	0.369778
0.2893145	0.6669014	0.1896726	0.2937162	0.2369064
0.3224812	0.6351472	0.1919952	0.3273867	0.2676773	0.2320161	0.3430182	0.2225675
0.3204237	0.6175094	0.1944275	0.288483	0.288486	0.2855172	0.2177944	0.2881855
0.3221604	0.6340222	0.1834365	0.294534	0.2146662	0.2959966
0.2573725	0.5285465	0.1976503	0.320406	0.2314638
0.2539049	0.59692	0.2153799	0.3215301
0.2980058	0.6203484	0.2053461	0.3084529
0.3042197	0.5398646	0.2044171
0.2262387	0.6716385	0.1699113	0.2198455	0.3025997	0.2162812
0.2456988	0.5939813	0.1837447	0.2286383	0.2380495
0.271441	0.5966901	0.1825153
0.2742751	0.5539992	0.1980456	0.2613455	0.2899729
0.2589942	0.6936654	0.2086563	0.3013603	0.2634084
0.2595983	0.5916142	0.2173933	0.29149	0.2746994	0.2877495
0.2339096	0.5979488	0.1995023	0.3138694
0.3204356	0.565657	0.1935814
0.3265891	0.6481985	0.1653316
0.3248824	0.5838762	0.1819039
0.3017424	0.6058986	0.1679627	0.2899664
0.3392761	0.6053652	0.1981584	0.298745
0.3165175	0.5715327	0.2119308	0.1988298
0.3153345	0.5668255	0.1968047	0.1818295
0.2606948	0.5781911	0.185524	0.288887	0.3757291
0.2230969	0.6308018	0.224743	0.3386138	0.3389913	0.2583662
0.2995274	0.5652134	0.2345926	0.3002083	0.2165899
0.3319126	0.6307616	0.2024241	0.2784409	0.2123053
0.2514843	0.6219496	0.1823672	0.2785292	0.254137	0.3659673
0.2670432	0.6202862	0.1902317
0.278778	0.5537946	0.1802546	0.2824755	0.245693	0.2978433	0.4146233
0.3013821	0.665205	0.2095617	0.270052	0.2281154	0.178192	0.3354502	0.3349979
0.2684392	0.6156306	0.1840511	0.2651606	0.2357986
0.282061	0.6220334	0.1681222	0.3139541	0.2780999
0.3632853	0.589336	0.2043074	0.2869864	0.2280012	0.2543362	0.2458211	0.2294558
0.340821	0.5730016	0.2014207	0.3271645	0.2359838	0.2057788	0.1932682
0.3073944	0.6279198	0.1829642	0.2971338	0.2282864
0.3406687	0.6075655	0.2006214	0.3204549	0.2593319	0.17192
0.2490986	0.5570688	0.2042452	0.2941051	0.2671494	0.1909636
0.2305217	0.6051823	0.2118249	0.3178419
0.3003369	0.5748861	0.2207772	0.2990472
0.2627582	0.6025681	0.2065368	0.3307682
0.2727541	0.6510613	0.2212281	0.2980338
0.2350117	0.5840506	0.1924737	0.2993893	0.2647802	0.4151268	0.2431824	0.2617197	0.08124461
0.2164301	0.5952104	0.1871929	0.3145533
0.2831285	0.6027714	0.161374	0.3226024	0.1965168	0.2490425	0.1799414
0.2018127	0.6445466	0.1674311	0.3374865
0.1544191	0.6806585	0.1733431	0.3920801	0.3181651	0.3388947
0.3362026	0.6301585	0.3143842	0.1770182	0.2736418	0.2416003	0.1778843	0.3155166
0.2699077	0.6564786	0.1938167	0.2791123
0.2447545	0.5610103	0.1870856	0.2813923
0.3744995	0.6339978	0.1821698	0.2500948
0.4287738	0.6727388	0.1636311	0.2764101	0.3430982	0.2595962
0.3209444	0.588286	0.1951734	0.2904249	0.3617726
0.2931098	0.5808522	0.2222091
0.2890381	0.6165363	0.1985677	0.3146192	0.3072348	0.2822763	0.2868104	0.2537496
0.2783484	0.6262978	0.1913855	0.1961631
0.2047326	0.69851	0.2075101	0.2701248	0.3185979	0.3219511
0.3184852	0.6181561	0.1889478	0.3525622	0.3090422	0.3104494	0.2476634
0.331713	0.6220106	0.2396098	0.2890488	0.2320416
0.340402	0.5857877	0.2275691
0.2850682	0.569412	0.2099015
0.269629	0.5913791	0.196685	0.2941039
0.2044243	0.6728253	0.2003446	0.2601366	0.3134838
0.3168297	0.6241075	0.1763231	0.3201385	0.2082907
0.266253	0.5627982	0.1995847	0.3228961
0.3295456	0.6084686	0.1961919	0.2794129
0.2625006	0.5972006	0.1888477	0.2705847	0.2524121	0.3464237
0.3430923	0.6487283	0.1687673	0.2802782	0.3243936	0.1890903
0.2691432	0.5674636	0.1878889	0.2859259	0.2682178
0.3030011	0.5907384	0.229136	0.3315786	0.2188957	0.2684102
0.2954961	0.5966841	0.2116321
0.3087684	0.6295528	0.214806	0.1873469
0.2606002	0.6370838	0.1972794	0.2913235
0.3392847	0.6592541	0.180208	0.2993931
0.2673866	0.5343722	0.2000216	0.3195925
0.2901983	0.5492248	0.1890436
0.3027659	0.6613976	0.1784192
0.3080792	0.6346404	0.1917977
0.2882209	0.6352114	0.2096244	0.264735	0.2969137
0.2410341	0.5917598	0.2204445	0.1996438	0.282583	0.2573792	0.2442399
0.2298738	0.6948164	0.1977583	0.305513	0.2646368
0.2429336	0.6154075	0.3009798	0.1903316
0.2134555	0.6164299	0.3078947	0.2030292	0.3770288
0.2613844	0.6650077	0.1953529	0.2438497	0.2455366	0.3158598	0.2558607	0.3380261
0.2480851	0.6372902	0.2020638	0.3084241
0.287836	0.6759446	0.2179329
0.2600815	0.6770159	0.2032827	0.2814558	0.2306231	0.2741168	0.2765344	0.3383734
0.2079245	0.6803119	0.1963058	0.3321091	0.2577405
0.2744125	0.6829587	0.2129522
0.3309725	0.6275744	0.1816182	0.2723953	0.2889567	0.2713619
0.2230173	0.6187788	0.1747178	0.2305873
0.3080164	0.5865454	0.1785618	0.2608313
0.1892471	0.643386	0.19464	0.2646715	0.3031126	0.2691215
0.2803623	0.6280593	0.189724	0.3121555	0.2854833
0.2390371	0.6575871	0.1649474	0.2848209
0.3429129	0.6798332	0.1699083	0.2835097	0.2087675
0.2694017	0.6616531	0.1896287	0.2576999
0.2770359	0.6694576	0.1761598	0.2959767	0.2590529
0.2694336	0.6316657	0.1786644	0.2814682	0.2064997	0.2537455
0.2372221	0.6018338	0.1697101
0.2260825	0.5837289	0.1721172
0.3704928	0.5799588	0.1761715	0.2415678	0.3841181
0.3328729	0.6756311	0.1647115	0.238953	0.226777
0.3218346	0.6433654	0.1607688	0.2136284	0.2731491
0.3144149	0.6344692	0.1851721	0.1839241	0.2572401	0.357272
0.3603235	0.6230635	0.1902765	0.2897677	0.2198202	0.3010451
0.2817859	0.6218214	0.1750768	0.2054601
0.1968667	0.6205325	0.1715729	0.2803152	0.2696803
0.3129214	0.5767374	0.2063593	0.3031859	0.3519025
0.2612594	0.6079987	0.216561	0.3668349
0.1806298	0.6087193	0.1937869	0.3025633	0.3529657	0.3612265
0.2102262	0.6354992	0.1869512	0.2940481	0.2708571
0.2931127	0.5797477	0.2090097	0.3700929	0.3022938
0.331281	0.5980413	0.2111919	0.3003165	0.3341832
0.2650158	0.5494037	0.206026	0.2881347	0.3091755
0.270835	0.666459	0.2320692	0.3529891	0.204569	0.3242267
0.3223027	0.5519541	0.2069762	0.3215301	0.3397297
0.2799395	0.6309346	0.2248722	0.3126684	0.30567	0.1969542
0.2624672	0.6105828	0.2111012	0.2959038
0.2894077	0.6029091	0.3255425	0.188965	0.2873308
0.3137898	0.5757059	0.1948889	0.249085	0.3788037	0.2458935
0.2617713	0.7002024	0.2066965	0.2369359
0.2625943	0.6550692	0.2155806	0.3812697	0.2918745
0.2995528	0.5845039	0.1931234	0.2853325	0.3040491	0.1960946
0.3012895	0.5366238	0.2386647	0.337194
0.321879	0.5859813	0.2057661	0.2337683	0.3259641	0.2882403
0.3606597	0.598004	0.2166838	0.3420765	0.3584535
0.3068393	0.7211199	0.2348373	0.3593598
0.2847771	0.6731805	0.2308751	0.3742824	0.2786275
0.3021983	0.5892212	0.2296887	0.3563913
0.3237486	0.6949429	0.1996146	0.3150255	0.2508724
0.2562192	0.5964773	0.1992664	0.2932082	0.2633326	0.2353538	0.2408181
0.317278	0.5894823	0.1929199	0.2613497	0.2712446
0.3716819	0.6798255	0.1960612	0.3337341
0.3521297	0.7068982	0.2012127	0.3468816
0.3302477	0.6160376	0.2084772	0.3453146	0.3634873	0.2673781	0.2791211
0.3203393	0.5743407	0.1565653
0.2877899	0.6418305	0.1913291	0.2999143	0.2504128
0.2943915	0.6427305	0.1737671	0.2853032	0.204038
0.2844922	0.611898	0.1750395	0.2297047
0.3402763	0.5433258	0.1804428	0.2318915	0.3163555	0.2174227	0.250865
0.2687865	0.581991	0.1732904	0.2379365	0.2572611
0.2347599	0.6342899	0.2111095	0.3764165	0.3147124	0.3233595
0.2209285	0.6597674	0.1987726	0.3319072	0.3283706	0.3249008
0.1987799	0.6467582	0.2066757	0.313847
0.1354902	0.6333958	0.1950321	0.3089668
0.1370135	0.6454444	0.1974091	0.3001255
0.1614679	0.7073364	0.1987112	0.3056809	0.4012655
0.239642	0.6827946	0.2088817	0.2699202	0.3498144
0.2377022	0.6068246	0.2164872	0.3038893	0.350034	0.2753007	0.3333816
0.2739524	0.578516	0.2027047	0.3292778
0.2858382	0.6699592	0.2103357	0.3757205	0.2664098	0.3685555
0.3310233	0.6182056	0.1955374	0.28587	0.2502406
0.2647218	0.5234142	0.20525	0.3197832	0.2791824
0.3212811	0.6100045	0.2096264	0.2542851	0.2946005
0.3199707	0.5877097	0.2045379	0.3050246	0.3262719	0.2468281
0.3521715	0.5916448	0.2149607	0.3056835	0.2447522	0.4004649	0.3710687
0.257999	0.5920616	0.2175577	0.3048471	0.2694629	0.2719662	0.2206528
0.3020657	0.6027997	0.1780428	0.324406	0.2258548	0.3506906
0.3210283	0.6336271	0.1884218	0.2238571	0.3278385
0.2918496	0.549621	0.1617358	0.2144213	0.2937253
0.2274002	0.6160067	0.1885344	0.2713592
0.3287119	0.6488486	0.2052929	0.3181495	0.2212526	0.2557522
0.3846185	0.5646909	0.2025375	0.3561426	0.2694961	0.2624371
0.2478141	0.6036098	0.1983016	0.285462	0.2967472	0.3014922
0.2831675	0.5706661	0.2066493
0.2326886	0.6273907	0.1868992	0.275837	0.2288121
0.2314092	0.5936831	0.2064556	0.2688047
0.2698252	0.573837	0.1873324
0.2660358	0.6112433	0.2071459
0.2947725	0.5513268	0.1997806
0.266303	0.6176862	0.1812606
0.2360609	0.6713678	0.1893486	0.2887534
0.2130224	0.6826745	0.2190672	0.3365339	0.2428712	0.3160386
0.2774997	0.6229948	0.2137673	0.3202117	0.2910741	0.3075965	0.2470184	0.2736388	0.164884
0.3126435	0.6733113	0.2159156	0.3423454	0.2460665
0.2946135	0.582414	0.2233466	0.1978021
0.3704986	0.5719896	0.2028164	0.3166385	0.3045908
0.329002	0.6120995	0.2186276	0.2416963	0.3113691	0.2525439	0.3604959
0.3172286	0.6056011	0.1878375	0.2910072
0.355705	0.6294153	0.1980189	0.2735539	0.3617147	0.274103	0.2384524	0.305434	0.2621724
0.3006112	0.6509396	0.1898156
0.2212211	0.564337	0.1781417	0.3625801	0.3116034
0.3080853	0.5678905	0.1834317
0.2943094	0.6666725	0.1674357
0.2908809	0.6544341	0.1729051
0.3162323	0.5515101	0.1663459	0.2951654	0.3059926
0.3388793	0.6497486	0.1853526	0.2984086
0.2601183	0.6145659	0.2042658	0.2913337
0.2242846	0.6550774	0.1799694	0.3140496	0.1876973	0.2813998	0.2595123
0.2020495	0.6046372	0.1709975	0.3292292	0.2742144
0.2848489	0.6448251	0.1708892	0.2694565	0.2652836
0.2641663	0.5530205	0.181449
0.2802637	0.5963459	0.1822312
0.2842219	0.5790569	0.2027629	0.2764303
0.2761851	0.6081815	0.2140852	0.2792537	0.3990399	0.2811745
0.2596876	0.60192	0.2186222	0.2932384	0.2102543	0.2403152	0.3065167
0.3206107	0.629566	0.2033847	0.3121113	0.2668056
0.2527938	0.7453774	0.1962253	0.2960554
0.1817465	0.667741	0.2014401	0.3025415	0.2175562	0.3894225
0.1701058	0.6546247	0.1957105	0.2796042	0.2297168
0.1999952	0.5876841	0.1851848	0.2522008
0.1900379	0.6707381	0.1816255	0.2758198	0.2968265	0.2320568	0.2737057
0.1861278	0.6029749	0.2133564	0.2800987
0.2081447	0.5672481	0.200074	0.3165328	0.2665735
0.2251874	0.5497259	0.2319338	0.338219	0.1765955	0.272505	0.2490739
0.2956853	0.6916794	0.2032077	0.3618121
0.293498	0.7273889	0.2218731	0.3650139
0.2437809	0.6099535	0.1929592	0.3156716	0.2300172	0.2263685	0.2481285
0.3251036	0.6828127	0.1839111	0.2851086	0.2413308	0.3171193	0.2315267	0.2848279
0.2618188	0.6401761	0.1840677
0.3446947	0.6512668	0.1775983	0.2680879	0.3230273	0.290898	0.1817297
0.2979198	0.5919476	0.1618095
0.3037841	0.6606622	0.1634505
0.3158709	0.6254051	0.1721779
0.3486795	0.5917669	0.1728293	0.2039139	0.3434778	0.2311723	0.2555745
0.2999833	0.6462119	0.1441489	0.2047341
0.3280122	0.5971944	0.1967922	0.1806163	0.2210358	0.2781079	0.2708881	0.2899349	0.1860084
0.3075322	0.6279117	0.1799149	0.1939409	0.2708742	0.3830462	0.3696029	0.1832711
0.2334934	0.650197	0.1966008	0.297512
0.2362264	0.6438347	0.1908611	0.2817644
0.2927806	0.607195	0.2021191
0.2974476	0.6027116	0.2028948	0.2978627
0.3124617	0.6451632	0.2201524	0.3487392	0.2859523	0.2536722
0.3443385	0.5271013	0.2185361	0.3292243	0.2264496	0.1897315	0.3449339	0.3009576	0.2157322
0.2916791	0.5716864	0.2869168	0.2316304	0.1886105	0.2384243
0.277388	0.6601108	0.329112	0.2093344
0.2742995	0.598316	0.3082685	0.2131012	0.2907821
0.2996894	0.5506495	0.2144316	0.3624024	0.2512763
0.2739783	0.6332625	0.2093991	0.3502172	0.2521992	0.2823958	0.3176636
0.2596735	0.5752012	0.2263651	0.3114837
0.240753	0.6339781	0.2224101	0.2691211	0.2090144	0.2680546	0.3234656
0.3398778	0.5858316	0.2139846	0.2809878	0.2138284
0.2630632	0.6210472	0.2044185	0.3009248	0.2133678
0.2461929	0.5635354	0.2058059	0.2704697	0.2314642	0.2749042
0.3024095	0.6199085	0.1970073	0.2778238	0.2249626	0.2783709
0.2532843	0.6184119	0.1792721	0.2541006
0.2970883	0.6833345	0.1684114	0.2604563
0.3413664	0.6284336	0.2107469	0.2722144
0.3108156	0.6655212	0.206457	0.3110113	0.3285744	0.2541959	0.2579669	0.1919023	0.2124307
0.2418939	0.6697684	0.1840143	0.2355283	0.2871161
0.3404135	0.5511924	0.1872387	0.2142931	0.2464992	0.2818284
0.3627989	0.6104088	0.1991082	0.3049035
0.318865	0.671724	0.1975779	0.2746307	0.2363039	0.3108228	0.3320431
0.3168172	0.6377785	0.2060101	0.3316165
0.3355758	0.60016	0.2238683
0.3300644	0.6374707	0.2128803
0.3130058	0.6468614	0.2216704
0.2499712	0.587724	0.2141356	0.3142491
0.205278	0.6384368	0.2227275	0.3074481	0.2855916
0.2609265	0.6434679	0.2015572
0.3224463	0.6626103	0.1996825	0.3300995	0.2484488	0.2313685	0.1817908
0.2999919	0.643835	0.1811491	0.2931423	0.212194
0.2936436	0.628491	0.1965575	0.2472155
0.2828848	0.5182628	0.1973134	0.2770067
0.3308673	0.637839	0.1763624	0.2878444	0.2688502
0.3810596	0.5977025	0.1834797	0.2346778	0.1602207	0.2676238
0.3138707	0.6213544	0.1818535	0.2677747	0.2642244
0.228018	0.6001476	0.1768729	0.2355434
0.2883569	0.5970886	0.1789651	0.2551924
0.3651076	0.5903226	0.1787575	0.2640757	0.2531285	0.1919146
0.3254894	0.5177314	0.2134608	0.2923937	0.2403711
0.3669745	0.5731972	0.2162034	0.3287059	0.28164	0.3484403
0.3224213	0.6611498	0.2094204	0.3063818	0.2330596
0.2732346	0.6403452	0.1991666	0.2901347	0.2831282	0.2297931	0.2296875
0.2532394	0.6238401	0.2102382	0.2997098
0.2692827	0.5858268	0.1729676	0.2878598	0.2693767
0.2795092	0.5936057	0.2031928	0.2259797	0.2669994	0.2973663
0.2958019	0.6286337	0.212101	0.300348	0.235444	0.2860083	0.2368914
0.299218	0.6434608	0.1862291	0.2357598	0.1709939
0.1450115	0.6026856	0.1840915	0.2620344	0.1993947	0.2721645	0.2133157	0.1983173
0.1222406	0.5665382	0.1968391	0.3201697	0.2758931	0.2244777
0.1100991	0.6200687	0.1990328	0.291496	0.2517603
0.1051096	0.6371784	0.2001844	0.2966357	0.3450809	0.221479
0.1467713	0.6217947	0.1994365	0.2986309	0.3061599	0.2327925	0.3285913
0.2425136	0.6096601	0.2100084	0.2620589	0.3571777	0.3396648	0.3212175	0.2397892
0.2336141	0.6364655	0.2302142	0.3501503	0.3211912	0.2384792	0.1661026	0.2711836
0.2686955	0.6017225	0.2038335	0.3162711
0.2700306	0.5724674	0.1915323	0.3093037
0.2530094	0.5512833	0.1739357
0.2707927	0.6621593	0.2040117
0.3279107	0.6063835	0.1845017	0.2637865
0.2885478	0.6689265	0.1767462	0.2588261
0.2870328	0.5939929	0.1771968	0.2884825
0.2735755	0.6384804	0.1865824
0.2740151	0.6757152	0.1960663	0.2874565
0.2790263	0.5882488	0.1914825	0.2954601	0.2440987
0.2882332	0.5911879	0.1976673	0.2631937	0.2031214	0.2209755
0.3311509	0.6621949	0.181451	0.2678901	0.2091002	0.351609
0.2731941	0.6372705	0.1921176	0.2874593	0.2158016
0.3407844	0.6582752	0.1683132	0.2261505	0.36724
0.3672116	0.6709569	0.1789769	0.2365031	0.3106549
0.4372151	0.6832649	0.2853251	0.1802204
0.2902898	0.5953514	0.1925579
0.3118249	0.6825664	0.1800638
0.263378	0.5656044	0.1768556	0.3197682
0.2308027	0.5863947	0.3242081	0.1939763
0.2485631	0.6482493	0.2679244	0.1946303	0.230266
0.2108029	0.6234299	0.2683416	0.1910811
0.2338454	0.5264561	0.2838067	0.1963807	0.2774806
0.1948479	0.6694367	0.1805696	0.240312	0.2983284	0.1938271	0.3496782
0.2379027	0.6523006	0.1726655	0.2906691	0.2019279	0.3354394
0.1805629	0.6296208	0.1946821	0.3105718	0.2445923	0.2985161	0.2461263
0.1378837	0.6746048	0.1864084	0.2662826	0.2074521	0.2801303	0.3716378
0.1995291	0.611475	0.1953433	0.262373	0.3148309	0.2074299	0.3458063
0.232421	0.6700505	0.1886906	0.2489195
0.3415807	0.6701345	0.2200738	0.3276266	0.2768727	0.3183296
0.2623357	0.6109005	0.2030016	0.2631324
0.3444934	0.5544935	0.1889901	0.2648015
0.2949724	0.6001514	0.2019019	0.2454765	0.3036929	0.2882864	0.1787154
0.3096395	0.5687298	0.2158017	0.2903735	0.3274932
0.2742284	0.5497413	0.1839215	0.3680546
0.2906469	0.5604519	0.2201361	0.342251	0.2925273	0.2149557
0.3227249	0.5927741	0.2051799	0.3590356	0.2767191	0.3276604	0.2258529
0.3100457	0.6753689	0.2266977	0.2900456	0.2900806
0.3210075	0.6424849	0.2051061	0.3177826	0.2558176
0.2274062	0.6214397	0.2117089	0.352976	0.283806
0.2013378	0.6670449	0.2152131	0.3300537	0.1757481	0.3245099	0.2457914
0.2954909	0.6156152	0.2006847	0.3136369	0.2878767
0.1977625	0.5750264	0.1926776	0.2323374	0.3288686
0.2054271	0.6650039	0.2010557	0.3029725	0.2631132	0.2497247	0.235614
0.2278472	0.6437985	0.2226534	0.2632507	0.3017593
0.2777505	0.6403721	0.2135656	0.3395253
0.2275995	0.6850639	0.1860472	0.3785992	0.2318122
0.2849957	0.5756463	0.1955248	0.2808926	0.21307	0.291913
0.2744849	0.6230274	0.2191446	0.3346583	0.2463676
0.3576625	0.6748141	0.2219356	0.3681734	0.3036543
0.3072438	0.5648474	0.2345666	0.3863039
0.2579434	0.6439653	0.229185	0.3776347	0.319215	0.2227108	0.3500351	0.33516
0.2359284	0.58385	0.2242985	0.3637867	0.2770022	0.1886677	0.3577948
0.3149748	0.6226604	0.2214993	0.3472562	0.3282136	0.3382258	0.2404612	0.2275083	0.172327	0.3179452
0.2417962	0.5598526	0.2061559	0.3205453	0.3220742	0.2509915	0.3108411	0.2069036
0.2351562	0.6024051	0.2211068	0.3089609	0.3073227	0.375568
0.3000374	0.5916666	0.2004838
0.2429835	0.5855185	0.1991552	0.3327397
0.2378132	0.6471988	0.200706	0.3286088
0.2263349	0.5706593	0.2002771	0.3763859	0.1946776
0.2244099	0.6529085	0.2049467	0.3094289	0.2781995
0.1992146	0.5645424	0.1953339	0.3206437	0.2361782	0.2200135	0.2261296
0.20308	0.6720492	0.1869852	0.2938478	0.261712	0.2930346	0.2505655
0.2304114	0.5697818	0.1864592	0.2879144	0.223454
0.2294825	0.5953397	0.174943	0.2656622	0.2302034
0.1463661	0.629959	0.1850598	0.2166638	0.3385288
0.2709737	0.6080087	0.1697396	0.208494	0.3687335	0.2361911	0.2977966	0.3227855	0.2292475
0.2179471	0.7029732	0.177467	0.2882639
0.1971222	0.6102812	0.1746425	0.2765129
0.2848232	0.6035727	0.1692646	0.2600049	0.2175984
0.2437961	0.6408927	0.17574	0.3035822	0.3666338	0.232858	0.2160697
0.2480087	0.6422676	0.2020838	0.296566	0.2716125
0.3696358	0.5595249	0.2044655	0.4098001	0.2339351
0.2625706	0.583361	0.1990376	0.291054
0.236836	0.5379398	0.1984654	0.3313789
0.2602613	0.677295	0.1989757	0.3552622	0.2859844
0.2578135	0.6377	0.2000011	0.3110153	0.2450513
0.2757297	0.5977707	0.1769933	0.2824587
0.214249	0.5776038	0.1988488	0.2985443
0.2791962	0.6973749	0.2063308	0.2705205
0.2784728	0.5964592	0.1907226	0.2892226	0.2524798	0.1630346	0.3614112	0.3088111
0.2711668	0.6422739	0.2095741	0.3084267	0.2056842
0.2796546	0.6159385	0.2057804
0.2814882	0.6269747	0.184011	0.2682512
0.393478	0.6933841	0.2145737	0.2957082
0.3266788	0.6263119	0.2219888	0.2734909
0.354924	0.5905728	0.2380127	0.3028665	0.229522
0.2767071	0.584288	0.2374922
0.2977657	0.6172716	0.2258011
0.2990974	0.5944373	0.2019251
0.2687444	0.6720326	0.1903971
0.2175803	0.6212893	0.1944853	0.2870391
0.2118916	0.606276	0.2061813	0.2958079	0.2506455	0.2856457
0.3229238	0.618372	0.1898619	0.2616838
0.3340815	0.6678171	0.2020779	0.2868522
0.3297325	0.6676687	0.1923689
0.3390864	0.6606347	0.2090103	0.3207792
0.2449577	0.6118554	0.1996465	0.3053548	0.2520723	0.230496	0.2611491
0.2954213	0.6559373	0.2138968	0.3117087	0.2326099	0.2490753
0.2841601	0.6005886	0.2035767	0.293108	0.2576916
0.2153191	0.5847414	0.1976249	0.2913482
0.2248624	0.6131723	0.2210818	0.3019857	0.258081	0.1793504	0.3032302
0.2382338	0.6299347	0.2169368	0.3275284	0.2750454	0.2561355
0.2702055	0.6402579	0.218137	0.3293431
0.2781034	0.5491545	0.2250042	0.3530477	0.28568
0.2543137	0.6145305	0.216263	0.2960167
0.2403267	0.6620092	0.1904582
0.3458055	0.6580889	0.1809556	0.2252174	0.2534703
0.3400589	0.6956629	0.1745882	0.2092069	0.2881465
0.25759	0.5343833	0.1809167	0.3172859	0.2077394	0.2620954
0.2652798	0.5753768	0.1670974	0.2096604	0.2381268	0.3037416
0.3077566	0.5114831	0.1532162	0.230138	0.2758202	0.3091991
0.3335267	0.6290919	0.1589493	0.2381684	0.2830191	0.222212	0.2626928
0.2522379	0.6056752	0.1692801	0.2785811	0.2591728
0.3107878	0.6750444	0.1710146	0.2673035	0.2493711
0.3173571	0.5341567	0.180716	0.2625235	0.2348676
0.2405468	0.612305	0.1879292	0.2971461	0.2078008
0.2719338	0.586436	0.1854713
0.2975279	0.6047593	0.2127057
0.2650579	0.6336157	0.2279001	0.3155278
0.3208179	0.6228838	0.222617
0.2690863	0.5593599	0.1959805	0.300294	0.2978066
0.2803263	0.5456551	0.1983742	0.2509407
0.3306853	0.7082507	0.1672318	0.2633227	0.2979867	0.2563572
0.2497421	0.5884712	0.209927	0.2393031
0.2318248	0.6236554	0.1814258
0.2821345	0.6237089	0.1697235	0.3183967	0.3344245	0.3018541
0.2466719	0.6872345	0.1682917	0.3096964
0.2969933	0.5890598	0.1846139
0.268375	0.5936278	0.1830652	0.2576407
0.2842226	0.6685478	0.1788846
0.2748465	0.6043091	0.1917081	0.3716587	0.2813534
0.2953196	0.6793385	0.2045401	0.2698539	0.341448	0.1398741
0.2904188	0.6579279	0.1726088	0.3214134	0.3505004
0.3325201	0.6422403	0.1878691	0.300464	0.3155506
0.3514655	0.6058813	0.198226	0.3241253
0.3351345	0.603693	0.2151256	0.3349812
0.3104288	0.612584	0.2710751	0.2152887
0.3050929	0.6658913	0.1874259	0.3028453	0.2816475	0.3598546	0.2443724
0.3088494	0.5685961	0.2036524	0.3564469	0.2417684
0.3759379	0.6568945	0.1925047	0.2935696	0.3173462
0.318022	0.646094	0.1909776	0.2698511	0.3323665
0.2635517	0.6883468	0.1948563	0.2843245
0.219577	0.6306782	0.1987397	0.2517616	0.2571314
0.2191929	0.6713721	0.1837073	0.2898355	0.3094327	0.3769757	0.2573621	0.2886531
0.3042063	0.55707	0.1888443	0.2920032	0.2464682	0.3761596
0.2755589	0.5558216	0.1874459	0.2972939
0.3276255	0.6221783	0.1895861	0.3509617
0.3295984	0.6200999	0.1707192	0.3510339	0.29122
0.3119288	0.6011071	0.1718943
0.2967426	0.6000457	0.2051132	0.3224022
0.320442	0.7257104	0.1933303	0.3127015
0.3315618	0.6386758	0.1883671	0.3104637
0.2812775	0.6128669	0.1846367	0.3432119	0.263082
0.2576407	0.6077943	0.2015485	0.2798054	0.3557629	0.3455914
0.1731076	0.6543036	0.1926706	0.3067517	0.253552	0.1877785
0.3033794	0.6224676	0.3333245	0.1853323	0.3924054
0.3152427	0.5908861	0.1866333	0.2911386
0.2889891	0.5571282	0.2033267	0.2954179	0.2725121
0.3407952	0.616372	0.1896698	0.3516411
0.3098049	0.6356977	0.1572431	0.2500403	0.363862
0.3173229	0.6286462	0.1435605	0.1766173
0.2779249	0.6536045	0.1353345	0.1798173
0.2141775	0.5775074	0.1480743	0.2426501
0.2239504	0.6507762	0.1847763	0.2763999
0.240866	0.5534014	0.1785364	0.2832884
0.2474139	0.5978709	0.1909098	0.2565006
0.2919426	0.5895198	0.1729545	0.3353485	0.2431912
0.3176324	0.6506662	0.1586818	0.2282856	0.2766915
0.3097483	0.7055322	0.1711651	0.2644065	0.2902991
0.338992	0.5454834	0.1666493	0.284707	0.3213513	0.1938417
0.2935923	0.7063301	0.1593016	0.2887373
0.2118799	0.5949574	0.1742331	0.284797	0.2050989
0.2198244	0.7019441	0.1915965	0.2787645
0.3175726	0.6179422	0.1993142	0.285579	0.2554264
0.2578391	0.6713319	0.1878758	0.301333	0.2455384
0.208168	0.664615	0.1956942	0.3003295
0.3429244	0.5639555	0.2063521	0.2842879	0.1905888
0.3304967	0.7060453	0.1979382
0.3251264	0.6062046	0.210135	0.3083649	0.2917896
0.3428919	0.54526	0.1940823	0.3284858	0.2895425	0.2924438
0.3107234	0.6397449	0.1980044
0.2883248	0.6296699	0.1910934
0.2387547	0.7234067	0.1872163	0.2688976	0.3349125	0.2294432
0.2432213	0.6872989	0.1812854	0.3239558	0.191907	0.2340818
0.2327935	0.6154523	0.3394803	0.1991554	0.3513219	0.2572071
0.3783044	0.5497862	0.195076	0.214554	0.2814397
0.26326	0.6105336	0.1869928	0.3063062
0.2600425	0.6659679	0.183814	0.2699568	0.2713131	0.2914027	0.2338891	0.3253045
0.2335745	0.6251838	0.1935428	0.3251613
0.1637471	0.6199815	0.1754942	0.3019163	0.2691574	0.2493657
0.2280233	0.5616234	0.2027023	0.2843495	0.386203	0.2797013
0.2975683	0.6234755	0.1768237	0.2887604	0.2540424
0.2913483	0.5489576	0.1799827
0.2934577	0.5413634	0.2134412	0.1825974
0.2847644	0.6124296	0.1950315	0.2521132
0.262055	0.657044	0.1943239
0.3599266	0.5896922	0.1905968	0.2968982
0.3670316	0.6057968	0.1896193	0.3326606
0.3680815	0.6267481	0.1922908	0.3217561
0.3487516	0.6036794	0.2033715	0.2975315	0.2997412
0.2849237	0.6420177	0.1873001	0.3339974
0.2827399	0.693298	0.1779621	0.3494602	0.3443501
0.2922803	0.652436	0.1997891	0.3709546	0.3243638	0.2670292
0.2956054	0.5587491	0.1712156	0.3642992	0.2831178
0.2899498	0.718847	0.1728057	0.2890671
0.2982693	0.6644121	0.1908819
0.218225	0.6383795	0.1955605	0.3906836	0.3195307	0.2859849
0.2813901	0.6650537	0.1894031	0.3195479	0.3030766	0.3824469	0.3129554
0.3110091	0.6967	0.1621625	0.334606	0.1153421
0.351023	0.6363979	0.1628663	0.3328886
0.248381	0.6033778	0.1742173	0.2386991
0.3049475	0.5665429	0.1794374
0.3111551	0.5850592	0.1779701	0.2716199	0.4044974	0.2452014	0.3113003	0.2843476
0.3248425	0.552158	0.1907326	0.2388397
0.2528284	0.5670015	0.1902662	0.2158708	0.2590879
0.2784582	0.6195419	0.2028513
0.2776343	0.5990809	0.2313046	0.3264894	0.2822819	0.2923414
0.2864119	0.6489813	0.2322926	0.3189299
0.2508651	0.5968157	0.2364455	0.3412756	0.196785
0.280217	0.7049764	0.1799236	0.3092716	0.2253058	0.2610074
0.2545664	0.5671667	0.1893983	0.2816495	0.2174067	0.2411057
0.2290137	0.6134968	0.1940791	0.2673655	0.1931556	0.3183618	0.3172336
0.2706285	0.7092506	0.1964637	0.2976747	0.2271472
0.2269104	0.6719848	0.1904511	0.2254197	0.3804095	0.3077324	0.3018984
0.2209567	0.6734972	0.1985376	0.2822122
0.2555549	0.587681	0.2016156	0.3256537	0.218482	0.2532214	0.2266046
0.2973272	0.6365985	0.2214081	0.3671215	0.293083
0.2417768	0.6287175	0.2050861	0.2828177
0.2555422	0.6472153	0.1984631	0.2889737
0.2265414	0.6724474	0.1905098	0.2888651
0.3380403	0.6270413	0.1684486	0.3240105	0.2336096
0.2205039	0.6056528	0.1760836	0.2965082
0.2685613	0.6552482	0.271837	0.1816209	0.1859377
0.2961157	0.5806377	0.2841546	0.2010094	0.2013287
0.3159613	0.5407431	0.3021082	0.2120365	0.1946917
0.3555996	0.5662938	0.2162114	0.2981	0.3549943
0.3117969	0.6155148	0.1981662	0.2782998
0.2883052	0.6276684	0.1998015
0.3305288	0.5623614	0.1945934	0.222166	0.3015994	0.3080955	0.2762481
0.3530842	0.6514017	0.2102286	0.3313494	0.2677805
0.2851776	0.5915115	0.1934092	0.2689464
0.3393653	0.7231949	0.177086	0.2608543
0.3303784	0.5988706	0.1754055	0.2468603	0.4253323	0.235128	0.275119
0.3123413	0.5879424	0.1755866	0.2757501	0.3223969	0.2579612
0.3452258	0.630257	0.1554035	0.2316392	0.2274389	0.2158174
0.2646864	0.5791342	0.1650628	0.2447869
0.2383707	0.6542676	0.1655166
0.284777	0.5603024	0.1781246	0.2482905	0.2179593
0.3792262	0.6118262	0.1687654	0.267774
0.3156368	0.6500261	0.1669766	0.2454619	0.1698459
0.2854849	0.6524952	0.1718121	0.240451	0.2202501
0.3174405	0.579789	0.1636744
0.3036123	0.6521926	0.1627652	0.2678003	0.2858794
0.2817284	0.6282173	0.2072684
0.2651138	0.5699254	0.2166963	0.2918805	0.3393821	0.222653	0.2560345
0.3052298	0.5916711	0.2289069	0.3106918
0.2557407	0.5919654	0.2386741	0.3239203
0.2336048	0.6643788	0.2803527	0.3152835	0.3333392	0.2222906
0.1475986	0.5940037	0.3209766	0.227251	0.3120242	0.2582724
0.1183966	0.6099699	0.3265268	0.2100024	0.2515176	0.3403947	0.3818605
0.106264	0.6230199	0.3657763	0.2199284	0.2989799	0.3330299	0.1542652
0.09862886	0.5508519	0.40162	0.2304196	0.2963098	0.2125805
0.1109821	0.5901383	0.3948216	0.2467026	0.3052217
0.212399	0.59643	0.4135772	0.2243006	0.2882436
0.277401	0.6120723	0.3265316	0.2096124
0.3104201	0.5434293	0.2169499	0.2865907
0.306547	0.6116935	0.2018652	0.2999244
0.1841536	0.6122002	0.1898456	0.3569131	0.2783712	0.3323932	0.2860976
0.2552768	0.578747	0.1785961	0.3333698	0.2804403
0.2751424	0.6281709	0.1795116	0.186064
0.2607408	0.6109078	0.1726839
0.264774	0.6173215	0.1683035	0.2527888	0.275486
0.2684436	0.6165128	0.1822254	0.2140939
0.286579	0.6297585	0.1699974
0.3508989	0.6815391	0.1841735	0.2777888	0.3350586	0.2281386
0.3700806	0.5763941	0.1867444	0.3015481
0.3177592	0.67195	0.2079872	0.2755048	0.3549167	0.2901292	0.2087461
0.2864759	0.6134377	0.2310597	0.3159256	0.2593971	0.1667993	0.3331525
0.3162595	0.592033	0.2329394	0.2619524	0.3163153	0.3124505	0.1780468
0.2542001	0.6229965	0.2034214	0.3483946	0.2069908	0.2301468	0.2758919
0.2768986	0.6019044	0.2055078	0.3335002
0.3396598	0.6137509	0.3624844	0.2383002	0.3111483
0.2613593	0.5878453	0.3514106	0.2377341	0.2199508	0.2980017	0.325706	0.2854173
0.2767173	0.5990133	0.2248377	0.3271526	0.3324902
0.3065976	0.6410613	0.2005187	0.3571137	0.2795209
0.3584435	0.5892607	0.1841277	0.2906019	0.1882499
0.3258293	0.6795127	0.1796209
0.2736339	0.66689	0.184756
0.328657	0.6558215	0.1914773	0.3108238	0.2849702	0.251792	0.2811568
0.2680305	0.6319047	0.1950325	0.2978804	0.2398369	0.3102771	0.2345003	0.244261
0.2109365	0.6332295	0.2253359	0.3418228	0.2030489	0.247967	0.2239032	0.2056854	0.313064
0.1979129	0.5877332	0.215363	0.2507639	0.3179186
0.2338951	0.5623109	0.2097397	0.2843122
0.2424369	0.5769022	0.3184211	0.2054886	0.2900434
0.2720528	0.5983019	0.2209374	0.3300185	0.2271998	0.2756637
0.2461948	0.5812503	0.2182843	0.3066437	0.316873	0.296954
0.2011875	0.6423816	0.1944692	0.3607823	0.2435565
0.1633922	0.552929	0.180019	0.2761767	0.2409652
0.2229016	0.6639294	0.2026417	0.2856737
0.2618458	0.5987638	0.1832381
0.2737966	0.5531466	0.187204	0.3021429	0.2379853
0.2572768	0.6343603	0.1873475
0.2469391	0.6281496	0.1825457	0.3702917	0.2908538	0.2877445	0.4016337
0.2667828	0.6520994	0.1928991	0.3016212	0.1979559
0.2222089	0.5621244	0.1727137	0.2868554	0.2649367	0.1997893
0.1644144	0.5859868	0.194364	0.2468678	0.3767193	0.2760902
0.1983877	0.6391675	0.2065009	0.3037685
0.2591662	0.6184783	0.2027101	0.3351709	0.30088
0.2563363	0.5889459	0.193923	0.377207	0.3068463
0.2287755	0.6201112	0.1961293	0.3982249	0.3352232	0.1858242
0.2878158	0.5997753	0.3374168	0.3024892	0.2112815
0.2440925	0.6055609	0.1965678	0.3621294	0.2903969	0.274562
0.2487891	0.587414	0.1887878	0.321944	0.30776
0.2710748	0.6267696	0.1840601	0.2651119	0.2485383	0.3142124
0.2953583	0.6378427	0.1879922	0.2765923	0.1427894
0.2476666	0.6367551	0.1787544	0.2824242
0.2529277	0.5858716	0.2171143	0.2990619
0.3399717	0.6353529	0.231932	0.2660078	0.3523442
0.3440241	0.5965008	0.1934253	0.2697283	0.2846903
0.3518879	0.5897421	0.1682897	0.2400336	0.3058673
0.3626187	0.6217945	0.1788528	0.2750031	0.2736742	0.2869814	0.3545781
0.2536786	0.6040818	0.1799607	0.3100217
0.3221603	0.6126784	0.1849638
0.3121765	0.6142306	0.1895221	0.2825076	0.2071109
0.2914166	0.6427048	0.2013211	0.3171591	0.2966809
0.2960134	0.6024779	0.1872998	0.3392742	0.30212
0.275853	0.6646458	0.217335	0.3264817	0.2760545
0.3090664	0.6836703	0.2166408	0.323251	0.2741746
0.3059137	0.5534154	0.2074261	0.3127516	0.2704906
0.2630537	0.6780144	0.1901043	0.2909484
0.2756582	0.6507992	0.1917189	0.2768852	0.2260496
0.2458039	0.6003461	0.1742002	0.2626955	0.2369927
0.2801202	0.6385449	0.1781307
0.2422657	0.6246556	0.185738	0.2602987
0.3425094	0.6339999	0.1866275	0.2940671
0.2947995	0.6825074	0.1830281
0.339487	0.6862298	0.2129
0.3250367	0.5740766	0.1813536	0.2977918	0.2112222
0.2947178	0.6650204	0.2021514	0.2347277	0.2974478
0.2561132	0.5266003	0.1994471	0.3058523
0.2580712	0.6137918	0.1905765	0.2707097	0.2995976	0.2520158
0.2649141	0.6702484	0.1816474	0.2375936	0.1855505
0.3842937	0.5230701	0.170744	0.2966524	0.2802437
0.2979177	0.65299	0.1731378	0.2923742
0.3011751	0.721007	0.1708109
0.2903264	0.6575022	0.1750372	0.2640783	0.265241
0.2117348	0.6261372	0.1803202	0.276176	0.2116731	0.3015838	0.3141963
0.2513103	0.6521654	0.2567993	0.2268321	0.2076391	0.2964806	0.2227779
0.2234381	0.6207247	0.2011383	0.2450715	0.3271604	0.3073712	0.2722634
0.316386	0.5653966	0.2134255	0.3570998	0.29563	0.2451385	0.2015913
0.2507858	0.6144666	0.196264	0.2891676
0.2467422	0.6112764	0.2188985	0.2411187	0.2741066	0.2987729	0.2640957	0.2917268
0.2106551	0.5681631	0.20355	0.3088418	0.2158453	0.1738551	0.2249364	0.2959906	0.2608121
0.2376	0.6285548	0.2055118	0.2958513	0.3488173
0.273229	0.5537726	0.3181021	0.1978144
0.2606948	0.6440404	0.2073879	0.2798403
0.3084707	0.6609237	0.2061915	0.339982	0.2580086
0.2803382	0.6721779	0.2193888	0.3115485	0.2983035	0.2653696
0.1575108	0.6458178	0.2051988	0.3226698	0.3422109
0.1854099	0.5812256	0.2199931	0.314141	0.3005831	0.3317252	0.2588145	0.2712416	0.2162158
0.212823	0.712297	0.1831476	0.3037072	0.3879155	0.2265443
0.1950899	0.620502	0.1780354	0.2930811	0.2091421
0.2022804	0.5448551	0.1715527	0.2937179
0.2752987	0.6339677	0.187653	0.3109516	0.2375017
0.2567484	0.6253188	0.1535701	0.2869934	0.210723	0.193912
0.2219989	0.6961097	0.1745785	0.2488605	0.2082244	0.1912166	0.2720777
0.2466222	0.5648522	0.176765	0.2842008	0.2153547	0.2512644
0.2314291	0.5863859	0.1923917
0.342168	0.6433777	0.1941808	0.2649676	0.2951288
0.2511094	0.5818255	0.1879311	0.2423507	0.2564767
0.2310322	0.5972542	0.1642519	0.2450352	0.1828609
0.2071002	0.6112475	0.1791095	0.232707	0.2023608
0.2581992	0.6109459	0.168252	0.2429274
0.2473899	0.556426	0.1826937	0.2815274
0.2256185	0.6669431	0.1982658	0.3110229	0.2260227	0.3089994
0.2971933	0.6366037	0.2072247	0.3037997	0.2317516
0.2998405	0.6029995	0.1994211	0.2275513	0.3404051
0.2149231	0.6155442	0.1881256	0.200077	0.2628253
0.2111061	0.6948224	0.1949911	0.2623775	0.2409557	0.2153939	0.2612816	0.2861487
0.2243446	0.6420013	0.1980754	0.2877972	0.2939052
0.2286683	0.617191	0.1879091	0.3264292	0.2994876
0.2480853	0.6032912	0.19415	0.3002725
0.1648725	0.5846431	0.1826103	0.2891957	0.3552094	0.2213439
0.2502352	0.6133588	0.1591821	0.2466825
0.2751003	0.6628508	0.1891026
0.2413232	0.6189851	0.1869654	0.2910127	0.1921383
0.3444623	0.7089839	0.1886557	0.2854406	0.2756116
0.3068526	0.5776782	0.1973215
0.3195572	0.6360917	0.1978541	0.3225798
0.3311012	0.6497641	0.2035211	0.305159	0.1907654
0.2919066	0.6244427	0.2020615
0.2557039	0.59233	0.1860094	0.2560996
0.2930182	0.6729787	0.2031809
0.2982733	0.6736418	0.210915
0.2590064	0.7018826	0.196431	0.3031529	0.2451603
0.2412745	0.6136039	0.1972138	0.2561873
0.2541857	0.6486403	0.1780066	0.2271941	0.2357461	0.3760251	0.1664541
0.2671998	0.6362317	0.1775067	0.2785649
0.2588189	0.6156126	0.1714168
0.2357444	0.5993155	0.1572281
0.2627983	0.6984886	0.1560592	0.2438895	0.3078801	0.3352646
0.2371565	0.6523566	0.1655207	0.272021	0.3125396	0.2358074
0.2303343	0.6332654	0.2175888	0.2829646	0.267469
0.2772634	0.5837069	0.2119217	0.3225698	0.3025257
0.3028647	0.582627	0.2322364
0.291474	0.4580904	0.1829812
0.2773115	0.6748823	0.1949768
0.278622	0.6311081	0.1666589	0.2827583
0.2304821	0.6589791	0.1789515	0.237606	0.2634874	0.3200948	0.2159438	0.2249393
0.2493282	0.5370815	0.1749184
0.2949766	0.6193983	0.1774549	0.3046587	0.2887742
0.27432	0.5770427	0.1692065	0.2925373
0.2814281	0.619324	0.1884926	0.256421	0.2491738	0.312648	0.2496335	0.2684891	0.232936
0.3240998	0.6459387	0.1611512	0.2919317	0.3354071
0.2869852	0.5893743	0.1864574	0.2511513	0.297783
0.2937864	0.6146876	0.1831028	0.2388539	0.2728688
0.2859185	0.6850118	0.2182782	0.2412889	0.370257	0.3445056	0.2066174	0.2271605
0.3241531	0.6961066	0.2175871	0.2913036	0.3588492
0.3063225	0.6023438	0.2011148	0.3465811
0.3555601	0.5630371	0.2204309	0.2788768	0.2011415	0.2022173
0.3046135	0.6563103	0.3372022	0.2365775
0.3002642	0.5892916	0.3712488	0.2205212	0.3373112
0.2731153	0.6640967	0.1798057	0.3897605	0.2162954
0.3611675	0.6226817	0.1936155	0.2780899	0.2931062
0.3080888	0.6060414	0.2082609	0.289268
0.2719693	0.6950471	0.2075452	0.2823731
0.3499344	0.5313129	0.2053472	0.2881459	0.2678471	0.1796521	0.3010509
0.2610645	0.6015182	0.2186628	0.27585	0.2899822
0.3159224	0.6187544	0.2248281	0.2411682
0.3243165	0.6191562	0.2279263
0.2762284	0.6393783	0.227025	0.3028693
0.240455	0.6746698	0.2290783	0.3157413
0.2276618	0.5764913	0.3578762	0.2442559
0.2832984	0.5747197	0.3679169	0.2212731
0.1963845	0.5844427	0.3628405	0.2323542	0.3415996
0.248413	0.6476851	0.3664614	0.284637	0.2265558	0.2912699
0.3506239	0.5545846	0.2067146	0.3779436	0.2382719	0.351199
0.3930657	0.5278862	0.2192153	0.3152681
0.3518424	0.6755053	0.2047383	0.1946567	0.2555663	0.2362572
0.3629471	0.5690408	0.1891829
0.313222	0.6203888	0.1986407
0.3156837	0.6473137	0.2422387
0.25784	0.5843976	0.2044824	0.379331	0.3169427	0.3943851
0.1525799	0.6040393	0.2260956	0.3380889
0.1979935	0.6440456	0.3113953	0.2107835
0.3647178	0.6242455	0.3346115	0.2127537	0.2284699
0.2663605	0.6354496	0.2113123	0.2503956
0.2547908	0.5781053	0.193005
0.3480212	0.6027538	0.1924698
0.2840255	0.6754082	0.1526709
0.3033572	0.6221777	0.1534923
0.1810958	0.6143893	0.1876311	0.2544581	0.3154369
0.1545309	0.5879911	0.2037126	0.3146191
0.220547	0.7340822	0.1960139	0.3044129
0.2877937	0.5915539	0.18672	0.2613309	0.3511157
0.2595216	0.6148381	0.1818569	0.2259777	0.2046996
0.2744358	0.6578172	0.1846656	0.1978241
0.2173885	0.634147	0.1789421	0.2842289	0.2179974
0.299635	0.555832	0.2038634	0.1986701	0.2442076
0.255136	0.5972643	0.2016954	0.2389702
0.2318206	0.6684175	0.1662952
0.2660501	0.623751	0.2196278
0.2210725	0.650388	0.1716189	0.3426663	0.2232881
0.2058776	0.668748	0.2043415	0.2626081	0.2807347	0.1747029
0.2951507	0.6101609	0.1992215
0.3127273	0.666721	0.2124031
0.3354884	0.6435889	0.212551
0.3163948	0.5978904	0.2195992	0.304706
0.2671772	0.6272902	0.2122383	0.3283441	0.32733
0.2610195	0.6258956	0.1854147
0.2816537	0.5158016	0.1950457	0.2556778	0.2858835	0.273926
0.2624069	0.6373707	0.2103276	0.2866556	0.3231281	0.2502003
0.4094801	0.6228744	0.1727798	0.2790998	0.2950727
0.3316854	0.6133415	0.1805817	0.2994517
0.3602263	0.6195682	0.1837626	0.3062356
0.286971	0.5639625	0.207865	0.3039204	0.1712712	0.3268598
0.3830762	0.6135002	0.2002502	0.3084901
0.3052915	0.6174385	0.1993927
0.3877918	0.6438277	0.1954796	0.2902642	0.215353
0.308092	0.648576	0.1931834
0.2956631	0.619175	0.2197523
0.3015709	0.6462873	0.239373	0.3290487
0.359022	0.596493	0.237375	0.3145453	0.3507554
0.3116641	0.6187383	0.2318261
0.3307491	0.6718096	0.2329401	0.2698369
0.4127565	0.6559134	0.2195462	0.2699187	0.3219894
0.3287057	0.7250426	0.2619012	0.1892052
0.2674905	0.6625182	0.2515422	0.1951581
0.2873664	0.5203551	0.24111	0.2280566
0.3199711	0.582564	0.2318627	0.1498776
0.2796715	0.6140605	0.2525319	0.3008896
0.3328449	0.6066847	0.2203719	0.2707867
0.2780884	0.670061	0.1975715
0.2668111	0.5654712	0.2095409
0.2041349	0.6018109	0.2447575	0.3758075	0.2272188	0.191654
0.2360127	0.5321508	0.1689535	0.3393595	0.30034
0.2236408	0.6597373	0.1707326	0.3348176	0.307339
0.2964392	0.6317261	0.2062063	0.33401
0.3286644	0.6236016	0.2002133	0.3418181	0.3119901
0.2914919	0.6172293	0.2114477	0.3460837
0.2748228	0.6306348	0.298496	0.2229545	0.3817933
0.3336343	0.6873109	0.3794585	0.2694901	0.2154898
0.3747687	0.666876	0.2257211
0.3532862	0.6991339	0.208914
0.293934	0.6277398	0.2124619	0.2753636
0.2342755	0.703345	0.1909836	0.3103729
0.2768901	0.6338271	0.1957928	0.2728834	0.3121608	0.3226581	0.2401161
0.2516371	0.6398321	0.2027869	0.3150687
0.2838525	0.6109301	0.195484	0.2927033	0.3203034
0.2591329	0.591093	0.1858271
0.2964926	0.6105542	0.1854981
0.2960658	0.6713662	0.1692119	0.2775251
0.3110099	0.6256989	0.1786004
0.2822491	0.7049559	0.1867176
0.3158244	0.6797981	0.1836718	0.3065977
0.2173193	0.5789262	0.1848829	0.2788805	0.2975281	0.2825956
0.1916068	0.6504905	0.1998097	0.2939892
0.1288101	0.624998	0.1828106	0.3323397	0.2538558
0.1245729	0.6263228	0.2006533	0.3000946	0.2581458	0.2592887	0.2620252
0.2047018	0.5809801	0.1964101	0.2483857	0.3230019	0.2530628	0.2393326	0.3173451	0.2579814
0.1769326	0.5757577	0.194936	0.2643034	0.2944891
0.2815404	0.6586258	0.2016447	0.3041944
0.3060995	0.65881	0.2131218	0.3055408	0.2791748	0.3139715
0.3486918	0.5870091	0.1984009	0.1731049
0.3338212	0.6363023	0.2037825	0.3237718
0.2930402	0.5807281	0.1926547	0.2927314	0.2566776	0.2554179	0.2256356	0.3283495
0.2850833	0.6191227	0.2082607	0.3400917	0.1916527	0.385609
0.2535078	0.540545	0.2095187	0.2848511	0.2628041	0.2682891
0.2938499	0.6486615	0.1874558	0.2860006	0.2932433
0.264414	0.6560012	0.1928086	0.2651882	0.360046	0.3179518
0.3341581	0.6555138	0.2134101	0.261578	0.3446138	0.2683471	0.1567731
0.2915398	0.6580406	0.1843628	0.2558256	0.2900727	0.2902182
0.2780347	0.5604042	0.1886865	0.2497487
0.3054344	0.5956737	0.1656123	0.2630342	0.2777064	0.2857165
0.2909416	0.5808639	0.1961838	0.2973397	0.3327253
0.3047551	0.5961899	0.1890594
0.2987779	0.5386191	0.1963928
0.299693	0.6221525	0.1950159
0.3302407	0.6431319	0.2307621
0.2409463	0.6103938	0.1964509	0.3439419	0.3086754
0.251545	0.5847636	0.3843521	0.2932523	0.208232	0.3383476
0.2914734	0.6000981	0.3096278	0.2124765	0.3098933	0.3968131	0.296318
0.2697394	0.6071281	0.224751	0.3343863
0.3368431	0.6303962	0.2269617	0.3398908	0.310349	0.2922426	0.2883777
0.281888	0.6722463	0.1989052	0.3344394	0.2647587	0.2101049	0.2709918
0.3401838	0.6026665	0.2055179	0.3041183	0.2937072
0.2164949	0.656396	0.210188	0.298745	0.2023148	0.3595262
0.2591353	0.6551762	0.193083	0.3101561	0.2431155
0.2795134	0.5097761	0.1801854	0.2287805	0.320552	0.252095	0.2192363
0.1752324	0.6931931	0.1962232	0.3233651	0.2216645	0.3601777
0.2129134	0.6997886	0.1885591	0.2941376	0.2145762	0.1850736	0.3276003
0.3198576	0.6743784	0.1852272	0.2468152	0.2836105
0.3102121	0.6516698	0.1864057	0.2758	0.2673272
0.2937471	0.6668673	0.1971375	0.305373
0.2713251	0.6318616	0.2104192	0.3619576	0.2468714
0.2893135	0.6384417	0.1831723	0.3481938	0.2718248
0.3052741	0.567611	0.2117506	0.2206555
0.3021225	0.6225268	0.1780018
0.2722314	0.6374825	0.1887485	0.2871432
0.249296	0.678282	0.1910474	0.3445126	0.2204074
0.225688	0.5708666	0.1854475	0.4448803	0.2636595	0.2697816
0.1948924	0.6403887	0.1804269	0.2798649	0.2100156	0.2556946
0.2147762	0.5254186	0.2153675	0.2876392	0.306359	0.1916732	0.2118036	0.2135166
0.2223483	0.6769845	0.1995511	0.3157092	0.2002786	0.1467104	0.2917512
0.242983	0.5778286	0.1938978	0.240058	0.1981454	0.3199913
0.2199052	0.6049233	0.2446048	0.1872267	0.2061798	0.2842214
0.2150798	0.5930586	0.1830348	0.2473688	0.2326543
0.237652	0.6467867	0.187064	0.2656768	0.2199981	0.2988855
0.3028459	0.6585737	0.1744888	0.2063128	0.2289446	0.193449	0.2639187	0.2298958
0.3104183	0.6494963	0.1706529	0.2218024	0.200882	0.266962	0.2706498
0.3392143	0.5995662	0.1878872	0.2051495	0.2459728	0.1815671	0.3701759
0.2702775	0.5897337	0.1940424	0.279303	0.23024	0.2349772
0.3150256	0.6309716	0.183574	0.2811546	0.2311379	0.1778994	0.2301575
0.2434246	0.5679023	0.1902135	0.2873151	0.2451198	0.311107
0.2953026	0.5889278	0.2119285	0.3449582	0.2064312	0.2614002
0.3128431	0.6000708	0.2218132	0.3547942	0.2898977	0.3960074	0.2490867	0.2653475	0.2744744
0.2813303	0.5859338	0.2094492
0.2868006	0.6450097	0.2041293	0.3028954	0.3015673
0.2260592	0.7232759	0.188815	0.2472334
0.1751591	0.5690207	0.1852441	0.2636761	0.3224172	0.2432259
0.2338743	0.6431766	0.203079	0.2703067	0.1873497
0.2777532	0.6231532	0.1899226	0.2693568	0.2492625
0.2892046	0.6290341	0.157186	0.2842223	0.330819	0.2926036
0.2762007	0.6139622	0.1798416
0.2534517	0.687978	0.1711832
0.2769971	0.6567007	0.1703693
0.2764506	0.6369982	0.2009878	0.2758436
0.2946533	0.553131	0.189581
0.2335313	0.6689906	0.1892718	0.2855871
0.2479672	0.5884473	0.1753881	0.2513172	0.2740642	0.3603631	0.2233106
0.2067329	0.5879334	0.2130772	0.2617432	0.2888806	0.1778076	0.2486011	0.1868404	0.3135866
0.1906489	0.6484055	0.1846466	0.2556512	0.2501551
0.2012836	0.5676964	0.16805	0.2572616	0.3556925
0.2208875	0.6158664	0.1768891	0.3691578	0.2602582	0.3996653	0.2172198
0.2142124	0.6581815	0.2007054	0.4381114	0.2602692	0.2092114	0.3427346	0.2143871
0.1939861	0.6180961	0.1859186	0.2894128
0.2060053	0.7019639	0.2000562	0.2596581
0.2349329	0.6875535	0.1695831	0.3177081	0.3507224
0.3361918	0.6057222	0.1831806	0.2998233
0.3070648	0.6680685	0.1853517
0.3305497	0.5829539	0.1777979	0.2801324	0.2031774	0.2774267
0.26598	0.6599345	0.1808112	0.2861024	0.3318262
0.1703269	0.6440554	0.1635044	0.266299	0.2505508
0.1729887	0.6518403	0.1675863	0.2106678	0.2344138	0.1857295	0.2274843
0.1812441	0.5980469	0.1707959	0.232537	0.1787026	0.2490732
0.2516414	0.6157685	0.1802792	0.3035752	0.2459512	0.2569244
0.2995638	0.6541804	0.1842333	0.2478833
0.2670487	0.6269415	0.1716138	0.2297033	0.1702517
0.3096106	0.6467033	0.2099677	0.2736975
0.3042402	0.6027133	0.2235889
0.259511	0.6951343	0.2122964	0.3269861	0.3621495
0.2449465	0.633935	0.2129004	0.3503694
0.2275334	0.5948578	0.2202932	0.3487928
0.2472041	0.6310154	0.2490398	0.3277362
0.3126548	0.5726649	0.2070663	0.1365009
0.3147128	0.6102911	0.2100239
0.3038274	0.7014854	0.2068251	0.3653874
0.4048764	0.5966953	0.2189531	0.3450792	0.1624706
0.3311853	0.5885883	0.2017822
0.307594	0.6202133	0.1960753
0.3120348	0.5779972	0.189045
0.3071021	0.6057387	0.2088432
0.227462	0.6216277	0.3172682	0.1873193
0.2252881	0.640728	0.2043079	0.3265941
0.2296315	0.6632439	0.2062242	0.3345155
0.2663662	0.6234376	0.2156907	0.3249376
0.2846433	0.6332436	0.215731	0.3348029	0.3060183	0.3478488
0.3261627	0.6128929	0.1906044	0.2701245
0.2935636	0.5889076	0.171242
0.3762461	0.6668396	0.1744396	0.2856779	0.3396848
0.3641533	0.5531793	0.1993026	0.3122818
0.3415305	0.6581332	0.1961915	0.2864116
0.2900593	0.6002804	0.197609	0.2961257
0.3158013	0.5999229	0.2278509
0.3427259	0.6341159	0.242328	0.3319851
0.3179904	0.6671435	0.219115
0.3332761	0.60075	0.2298915
0.3347413	0.6732902	0.2337964	0.3298142	0.2073068	0.2837768
0.2522075	0.6353891	0.3516824	0.2231171
0.2751768	0.6521674	0.2151565	0.3903606
0.3139958	0.6313143	0.2378258	0.3250931
0.2714292	0.5601856	0.2291114	0.2816398	0.3006521
0.313599	0.6858505	0.37276	0.307836	0.2363926	0.2535921	0.2621912
0.36815	0.6440067	0.225879	0.3044075
0.3479808	0.6287605	0.1915692	0.2819256	0.3140908
0.3164193	0.5856842	0.157808	0.2582034	0.2796147	0.2909602
0.2479543	0.5754137	0.1630029	0.2051093
0.2736112	0.6315449	0.1898483	0.2484005	0.2373309	0.2600776	0.3004842
0.2397075	0.627832	0.1866671
0.3584131	0.644946	0.1814993	0.2326622
0.3279751	0.6904866	0.1961387	0.2196801
0.3089688	0.6356633	0.1973115	0.2514212
0.3390069	0.6319537	0.2045532	0.256104	0.3293256
0.3174427	0.6561238	0.2089914	0.2239377	0.303023	0.2324183
0.2856993	0.6173244	0.2098904
0.3593818	0.7390352	0.199433	0.3054451
0.3017475	0.6446171	0.2069086	0.2529512	0.2668055
0.3134724	0.5996176	0.2101329
0.2688707	0.6078717	0.1931737	0.2879622	0.2662742
0.2365805	0.6281767	0.1535854	0.3278234	0.2815268
0.1755664	0.6261942	0.1786994	0.2925057	0.2859282	0.2788393
0.2872712	0.6358261	0.1708876	0.287096	0.2977988	0.3695374
0.2872352	0.6177572	0.1711808
0.3172361	0.648109	0.1758286	0.3153971
0.251267	0.5724283	0.1761645	0.2777953	0.2835171
0.2850424	0.7135479	0.1891084
0.3201769	0.5972925	0.1987154
0.3428039	0.5789484	0.2302868	0.3307508	0.2572925	0.194633
0.3308277	0.557984	0.2136273	0.3408957	0.2960633
0.3087312	0.6243891	0.2076259
0.3384674	0.601925	0.1813088	0.2800399
0.3151883	0.5881914	0.20853
0.3537535	0.6487255	0.1978504	0.3135114
0.3536397	0.6489473	0.1836161	0.3016264	0.2801364
0.3119604	0.6172818	0.1793669
0.2647614	0.6643877	0.1859018	0.2025939
0.3129773	0.6060402	0.195721	0.2620996	0.2827674
0.3773856	0.647744	0.1802486	0.2794666	0.293057
0.3074921	0.6522347	0.2032057
0.3200015	0.5021421	0.2192178	0.2062848	0.3329006
0.2413105	0.6257379	0.2043884	0.3928619	0.2991153	0.176949
0.2258887	0.7267691	0.2245142	0.3001937	0.1943822	0.2352696	0.3274227
0.292931	0.6414083	0.2150688
0.336879	0.623191	0.2060282	0.3080732	0.3281848
0.3309932	0.6525834	0.2119932	0.3332301	0.2638574
0.3403085	0.6908407	0.1902404	0.2918302	0.3216482	0.2438176
0.3582694	0.6108341	0.1971414	0.3289943
0.2145291	0.611073	0.2088855	0.278761	0.2871333	0.2449738
0.2031074	0.687796	0.1965436	0.271614
0.23964	0.6665569	0.1835063	0.2210191	0.271887
0.2149928	0.6904729	0.2038455	0.2980164
0.2804107	0.5802833	0.1872446	0.3049858
0.2588729	0.5801194	0.1840228	0.3054512
0.1995896	0.6178763	0.1784581	0.299214
0.1156206	0.6123691	0.1811407	0.3267095	0.3038608
0.1192221	0.6329783	0.1503111	0.376242	0.3188805	0.2183076
0.1366582	0.6502485	0.177616	0.3677318
0.161352	0.5718642	0.1909889	0.3276581	0.3385702
0.2347112	0.7258315	0.2170118	0.3458053
0.2408962	0.6923831	0.1987942	0.3207866
0.3198235	0.6255312	0.1987707
0.3956239	0.6611065	0.2049509	0.303794
0.2381442	0.5971421	0.2000954	0.2848528	0.3132007
0.2386438	0.5998071	0.213764	0.2815243
0.2701593	0.6549342	0.2196144	0.2598001	0.1146424
0.2493006	0.6124194	0.1857581	0.271498	0.3207738
0.2552254	0.627015	0.1879991	0.2777512
0.2603515	0.6682172	0.1828577	0.2870951
0.3524134	0.6617363	0.1621179	0.266649	0.2974473	0.2505933
0.3349662	0.5539836	0.171215	0.2438967
0.3445268	0.627315	0.16734	0.2848691	0.2886121	0.2776302
0.1640801	0.6604934	0.1990934	0.3000182
0.1607279	0.6359639	0.2119798	0.3308682	0.2061669	0.1983174
0.1782637	0.5914043	0.3228855	0.2447897	0.1979721	0.3050872
0.1522613	0.5687381	0.3294098	0.2482229	0.2241159	0.3683742	0.2366361	0.2364224	0.2066654
0.1793483	0.6702534	0.3378948	0.1986616	0.2532919	0.2375345
0.2093832	0.5562747	0.3280879	0.1936392	0.2377723
0.2300952	0.5408638	0.2988689	0.2012133	0.3460485	0.2177231
0.239795	0.6576624	0.3174982	0.2066938	0.2548172
0.2566186	0.6571049	0.2936922	0.1859946	0.2519556
0.1749906	0.5353091	0.2900534	0.1950668
0.1639681	0.6326964	0.1863561	0.3868902	0.2752955
0.1251728	0.6665487	0.1531887	0.2523116	0.2953238
0.1706845	0.5655493	0.1919429	0.2681677	0.3488903
0.195219	0.6568845	0.1913251	0.256432	0.3215684
0.2681962	0.6600553	0.2223502	0.2720177	0.222273	0.3111868	0.2329278	0.3234628
0.2630741	0.6871535	0.2148289	0.1808187	0.2950355	0.1736487
0.2716153	0.7324679	0.2747061	0.1833986	0.2015815
0.2408066	0.5998474	0.3187463	0.1801233	0.215762	0.2277926
0.2770679	0.6214522	0.3116614	0.1899092	0.223355	0.2889672
0.2362229	0.6105615	0.3140823	0.1976219	0.2014077	0.2964353
0.2682549	0.6754395	0.3018957	0.2048094	0.3230623
0.2642382	0.6266063	0.1876083
0.3127353	0.6521579	0.1957392
0.1896466	0.5904824	0.2087813	0.3508586	0.2177034
0.2556252	0.6476365	0.2238028	0.3724709	0.3550895
0.1727332	0.5666688	0.216476	0.315927
0.1984875	0.6197246	0.2212125	0.3446522	0.3005555
0.1994931	0.5796923	0.2114188	0.2991234
0.2472976	0.665046	0.2021181	0.2932961	0.2684035	0.2920176
0.2425127	0.658075	0.1872675	0.2852548
0.2130555	0.6191157	0.1958669	0.3271811
0.3441248	0.6508534	0.1973633	0.3473141	0.2868042	0.3241808
0.3115607	0.540294	0.1982319	0.299138	0.217447
0.3073678	0.5867368	0.1889402
0.3076936	0.6235099	0.2044448	0.3066674	0.2945913
0.2749078	0.6052014	0.1989348
0.2971687	0.699402	0.1835031
0.2771173	0.6366697	0.1908828
0.2583106	0.6508729	0.181748	0.2880899
0.2882645	0.6243411	0.1811482
0.2778867	0.644258	0.2064266	0.2937501
0.2186554	0.6118986	0.2033544	0.3687307	0.2531979	0.2737663
0.2370994	0.6046091	0.2271954	0.3101266
0.2097869	0.6174677	0.2260994	0.312003	0.2161096	0.2361605
0.2371834	0.5585864	0.3098967	0.2177265	0.2173724
0.3001994	0.7116658	0.3107161	0.2228773	0.2437025	0.3215726
0.2660993	0.6170807	0.3261633	0.2204082	0.3156771	0.2385191
0.1949794	0.6720031	0.1894805	0.2462375
0.233483	0.5524916	0.1669768
0.2449065	0.5569176	0.1791545	0.3205798
0.293055	0.5659464	0.1866134	0.2465538	0.3079907
0.2304203	0.6894725	0.1944315	0.2208748	0.2434066	0.3688708
0.259688	0.6271235	0.198597	0.2519187
0.3787275	0.5794155	0.18673	0.2629665	0.2763218
0.2995648	0.6381004	0.1647574	0.2407903	0.2788509
0.2795425	0.6242316	0.1769401	0.2707793
0.2750854	0.5633382	0.1981543	0.2465823
0.2126155	0.5402127	0.1802716	0.2977335	0.2987109	0.2148842
0.2777293	0.6370916	0.2159511	0.3151703	0.2041298	0.1589431	0.2922107
0.2976963	0.5889909	0.2076145	0.3348557	0.2766713
0.2774554	0.6233852	0.2067204	0.3200434
0.3303493	0.6283461	0.2061756	0.2589549	0.3133939
0.2659022	0.6273962	0.2189121	0.3488096
0.2547133	0.616344	0.2033836	0.2821002	0.2721344
0.2769271	0.6017103	0.1949509
0.3053819	0.5725404	0.1814017	0.2507643
0.2925806	0.7013469	0.1711701	0.3001586	0.275888
0.2915014	0.7089995	0.1985184
0.3653385	0.6315899	0.1870918	0.2862073
0.2593624	0.5984688	0.1899778	0.2113666	0.2905851
0.3567964	0.6662087	0.1833442	0.2579605	0.1853549	0.2956465
0.3768989	0.6879695	0.1826755	0.2645005	0.4107062	0.202115	0.3199509
0.34184	0.6218159	0.1455464	0.2965985	0.1465652	0.2629912	0.1882008
0.3110206	0.6722242	0.1606599	0.2790845
0.29081	0.6670566	0.1764502	0.2564476	0.2555809
0.2892149	0.6064919	0.1923524	0.269676
0.3492357	0.5766098	0.2030953
0.2903902	0.6633284	0.1913454	0.3223559
0.2817363	0.6183259	0.1956002
0.2669907	0.6799647	0.1911609	0.3143186
0.2667177	0.6760066	0.1735003
0.2810187	0.5464236	0.1914698
0.2898191	0.5875345	0.1972172
0.3182216	0.656015	0.1999466	0.3050725	0.2258398	0.3192665
0.365961	0.6495495	0.2225167
0.3351977	0.6969083	0.220249	0.1822426
0.3073919	0.6391657	0.2004298	0.1952413	0.2243188
0.2909027	0.5995455	0.1963128
0.2650728	0.6736427	0.1915151	0.3257479
0.2568098	0.6393559	0.2123377	0.3109274
0.2628624	0.6042128	0.1995074	0.3123183
0.265387	0.6254537	0.1947092	0.2714272	0.2263048
0.281339	0.5963052	0.2107664	0.2450036	0.3021244	0.2203181	0.313965	0.3046681
0.2136573	0.5495931	0.1798273	0.2595091	0.1645291	0.2303052	0.2383445
0.2310445	0.6315378	0.191181	0.2220056
0.2631357	0.5766482	0.190604
0.3344218	0.6201727	0.2064425	0.3358991	0.2604724	0.3202051	0.3011995
0.3082097	0.6230314	0.2070614	0.2766346	0.3717618	0.2953203	0.2741742	0.3244697
0.2713913	0.6489088	0.215969	0.3051946
0.1773354	0.5691708	0.1797291	0.3372284
0.2872306	0.5984685	0.1723244	0.3401858	0.3047937	0.2676828	0.3277921	0.2230273
0.2968985	0.6326188	0.1788515	0.3145704
0.3244162	0.5721768	0.1984879	0.307917	0.3332114	0.2566563
0.3465815	0.5975405	0.1717345	0.2926306	0.3407263	0.3489836
0.3451637	0.5933216	0.1821062	0.3055514
0.3226533	0.6137214	0.1681799	0.3080418
0.3470428	0.6463585	0.169494	0.3320116
0.2978443	0.6390388	0.1817217	0.2792102	0.3149132
0.2724897	0.6938548	0.200647	0.2807901	0.3021547	0.3292029
0.2771952	0.6195128	0.188563	0.2777181
0.3042981	0.5723313	0.2087721	0.1413505	0.2905561
0.3259076	0.6792512	0.1614919	0.304768
0.2986929	0.60309	0.1720831	0.2507901
0.3220134	0.5983498	0.1683629	0.2381024	0.3203759
0.340012	0.622182	0.1623719	0.2670384
0.279294	0.5883434	0.1814375	0.2744521	0.2492113	0.2567082
0.302686	0.6717956	0.1931812	0.317847	0.2341179
0.2898519	0.6500851	0.1935008	0.3075232	0.302667
0.3922617	0.6400378	0.2024501	0.3043469
0.2959809	0.58114	0.1997709	0.3332859
0.2278492	0.628955	0.2043706	0.3445351	0.3374367
0.3470889	0.5856411	0.2027685	0.3115921
0.1865585	0.644278	0.2120702	0.321167
0.1668416	0.6244653	0.2108977	0.2872823	0.2413021
0.3076603	0.6031105	0.1759418	0.3764783	0.2419184	0.2568626	0.3257856
0.2742307	0.6436532	0.1868222	0.2941889
0.2220144	0.5963468	0.1901404	0.3036264	0.3745114
0.3120294	0.6463089	0.1854737	0.2748241	0.3297738
0.3195018	0.5954364	0.1904705	0.2855551	0.2150781
0.3213122	0.5602201	0.1825314	0.2783971
0.2969166	0.6099847	0.1897314	0.2693797
0.3521271	0.6140504	0.1643037	0.2737406
0.2742478	0.6051151	0.1729326	0.3090177	0.298873
0.3049149	0.6210965	0.2020743
0.2965543	0.6092743	0.168453	0.1993621
0.3454601	0.5739052	0.1964674	0.2092815
0.341254	0.6832591	0.2200806	0.3445662
0.3280178	0.5666327	0.2134619	0.3651723
0.3391406	0.5907329	0.2428705	0.295083	0.3334577	0.3008662	0.2128586	0.2813401	0.2958033
0.3187849	0.5722446	0.2335587	0.2457334	0.3545161
0.2893932	0.593063	0.2068805
0.2766722	0.6501534	0.203251	0.294403
0.269158	0.598195	0.2090137	0.361444
0.240595	0.6920478	0.222256	0.3305608
0.2345047	0.623445	0.2047675	0.3335708	0.258363	0.2494913
0.2323921	0.5883749	0.2107143	0.2637457	0.3639843	0.2998584
0.1755318	0.6176475	0.2129929	0.3215532	0.3233873	0.2552391	0.2598337
0.2913883	0.5924743	0.2341198	0.3105025	0.3246708	0.2607849
0.2845322	0.5725366	0.196219	0.3311046	0.2842511	0.2944921	0.2765812
0.3192943	0.6368105	0.1978349	0.3170122	0.2168253	0.3029589
0.2795162	0.6084686	0.1748496	0.3330808	0.2632857
0.2997437	0.578151	0.1668524	0.279806
0.2996654	0.5544402	0.1831496	0.2797528	0.3623887	0.2988749
0.2730452	0.6034402	0.1767476	0.3320871
0.3267583	0.6640128	0.146394	0.2523847
0.3586667	0.6386562	0.1531914	0.2668988	0.2956728
0.3135532	0.7129343	0.1628482	0.2799153
0.3999349	0.7134215	0.1605343	0.2995871
0.3830328	0.544647	0.1955738	0.2751773	0.3664661
0.3241866	0.6604846	0.179948	0.2534972	0.2463422	0.2771272
0.3258885	0.5975987	0.2477176	0.3534218	0.2100845	0.2450246	0.2230326
0.2148579	0.5638682	0.2142865	0.2790745	0.298104	0.2815886	0.3861147
0.2270755	0.6386159	0.2088637	0.2848166	0.2462708	0.2591752
0.2381539	0.652145	0.1980644	0.2801254	0.2343354	0.245282
0.356445	0.5431435	0.2211742	0.3162487	0.2701052
0.300788	0.5522128	0.2375094	0.3213692	0.2751365
0.2959832	0.548199	0.2269745	0.3291967	0.2504453
0.2886212	0.5096837	0.2250498	0.3492967	0.2657983	0.3044026	0.378234
0.2800215	0.5956885	0.2057634	0.2410117	0.3373968	0.2489605
0.2563231	0.6414007	0.1982734	0.3169438
0.3520238	0.6251814	0.2002527	0.2104224	0.2715772	0.3485215	0.2671669
0.2756696	0.6286257	0.2125022	0.253539	0.2253121	0.3322081
0.3887085	0.6268048	0.2192626	0.2472457	0.3515765	0.2909129	0.2318855
0.3652689	0.6561402	0.2209167	0.2396332	0.3188101	0.2765758
0.279787	0.6733252	0.200097
0.25382	0.5797167	0.2048924	0.3243326
0.2492849	0.6530355	0.186782	0.298509
0.2776733	0.6163181	0.2121868	0.2980444	0.1919668
0.2416494	0.6711328	0.1948726	0.2498011	0.197897
0.2807568	0.5532862	0.2068697	0.2439908	0.302577
0.2207193	0.6210353	0.1853776	0.2525309	0.2822106
0.1156835	0.6218531	0.2300503	0.3100594	0.2028066
0.1258708	0.6164	0.2961522	0.1938	0.2892614
0.15641	0.579496	0.1758645	0.3016578	0.3429997
0.1485831	0.5795396	0.2117986	0.2906154
0.1170765	0.6199879	0.2044998	0.2749849
0.1509142	0.6792663	0.1954077	0.2743593
0.1134903	0.629942	0.2060041	0.2716722
0.1214239	0.6642049	0.1997083	0.273223
0.1273461	0.581204	0.1982885	0.2887809	0.2840293	0.2882173
0.1067918	0.6900601	0.2104203	0.2851864
0.1116532	0.675944	0.1971689	0.2945638	0.2523525	0.2941101	0.3335407
0.104298	0.5724279	0.1969993	0.268073	0.2433105	0.3068743	0.3120039
0.1748202	0.6464238	0.1834731	0.3011331	0.2528178
0.197014	0.6169908	0.1975124	0.3294768	0.2689359	0.3170821	0.2363143
0.2283817	0.5919821	0.1821814	0.2460259
0.208346	0.6685859	0.1668166	0.2721439
0.2375068	0.6088997	0.1785708	0.2815244	0.2048135	0.3586032
0.1999126	0.5800108	0.1962664	0.2891081	0.2114268	0.2954755
0.1840133	0.6339302	0.1927276	0.2866254	0.225535	0.2330129	0.2520896
0.2191614	0.5778494	0.2006603	0.2889556
0.218367	0.5715753	0.2875537	0.2040496	0.2838825
0.2034196	0.6106325	0.1921249	0.3273315	0.2535118	0.230376	0.2552848	0.308776	0.2816573
0.2706902	0.5563771	0.1865488	0.3059293	0.2401508	0.2180261
0.2988839	0.564212	0.1749564	0.2466351
0.2904656	0.6188845	0.184358	0.2694803
0.3506	0.7229487	0.2037319	0.3056854	0.2889004	0.321324
0.2707798	0.6057305	0.1987244
0.2427283	0.7308147	0.1859059	0.1762745
0.2857327	0.619754	0.1586592	0.2396877	0.2463231
0.3470548	0.6706997	0.1872448	0.2764214	0.2520238
0.2408396	0.6202441	0.304482	0.2057524
0.2796363	0.5667103	0.3079564	0.1868961	0.2619721	0.1987865	0.2437718
0.248241	0.6063599	0.2032619	0.2833243	0.2527059
0.2929383	0.6258817	0.2055239	0.3330964	0.195254
0.2797773	0.7376989	0.1988665	0.3231596	0.2152003
0.3429319	0.6284707	0.2048628	0.2632661	0.3074425
0.2159247	0.6505346	0.1997685	0.3167106	0.21853	0.2494763	0.1912251
0.2569163	0.649655	0.187909	0.2591052
0.3379946	0.6190245	0.1857055	0.2561255
0.3258575	0.6799205	0.1785422	0.2958632
0.2837516	0.635452	0.1859814
0.291614	0.5835768	0.1863514
0.2492658	0.5855643	0.1846456	0.249845	0.2869004
0.2169174	0.639361	0.205241	0.2819654
0.2758346	0.5478623	0.1773964	0.3112785	0.2162138
0.2601623	0.6591384	0.1679228	0.2928969	0.2754896	0.2558714
0.2766242	0.6174555	0.1764043
0.3035469	0.6100579	0.1778981	0.2696252	0.2623499	0.2381075	0.295646	0.2932443
0.3399499	0.6533876	0.1710355	0.2839403	0.2653205
0.2550003	0.594062	0.1881477	0.2852401
0.3142995	0.664812	0.1962597	0.281533	0.2950783
0.3058044	0.6269186	0.1741136
0.2429634	0.6594506	0.1599369	0.2821692	0.3019036
0.2989038	0.6081348	0.1805257	0.2975151
0.2825156	0.5963265	0.1690141	0.2763533	0.3678603	0.3198836
0.2715172	0.68227	0.2032968	0.292481
0.2896829	0.6414452	0.221083
0.2549722	0.6720555	0.2097954	0.3550747
0.2905576	0.59298	0.2010887	0.3382687	0.2623956	0.309349
0.3171273	0.6637361	0.20565	0.2271801	0.2805515
0.3230933	0.6535192	0.2218269	0.2950029	0.1747062	0.2302874	0.3116912	0.2719464	0.2830752	0.3018439
0.288069	0.6128331	0.2010563	0.2947359
0.3000473	0.6376408	0.1992383
0.2779953	0.6793845	0.2145443
0.3082208	0.6042414	0.2027371
0.2533519	0.6427355	0.1922052	0.2683286
0.2570947	0.5687453	0.2769149	0.2138474	0.1830649	0.2701138
0.2726817	0.6266545	0.2518148	0.2005071	0.3111491	0.245877
0.228272	0.5382589	0.2083839	0.2951641
0.259151	0.6748226	0.2092177	0.2805543	0.2014454
0.2773675	0.6642235	0.1849113	0.2614034	0.3209239
0.2822428	0.7055737	0.3509005	0.2005867	0.2505072	0.2223015
0.2861201	0.6615779	0.1815091	0.2845932	0.2537959
0.3094352	0.5895105	0.181738	0.2779275	0.206099	0.2433002	0.2971815
0.3183607	0.6049033	0.3471333	0.2892778	0.200755	0.2953833
0.3283254	0.6287595	0.3066736	0.2166731	0.3313101
0.203655	0.647886	0.2113085	0.3106021	0.3035501
0.3240447	0.6447074	0.2017114	0.272998	0.2105766
0.2466176	0.6468527	0.2014603	0.2896212
0.2859938	0.6566463	0.2219599	0.3282106	0.2887872	0.2446601
0.2578141	0.6631529	0.2283433	0.1654857	0.3198075
0.2288093	0.637506	0.235425	0.3134168	0.2804723
0.2032693	0.6774414	0.228295	0.2838475
0.2189356	0.6152424	0.2601036	0.2848696	0.1928832
0.2292381	0.6499964	0.2535252	0.3234869
0.2728625	0.5738225	0.2378105	0.3075997	0.2262408
0.2258945	0.603216	0.2356865	0.274655	0.2402401	0.2319624	0.3113675	0.2665614
0.2072526	0.5779239	0.2286894	0.2186105	0.3397563
0.1992905	0.6383756	0.1987285	0.3087596
0.2506657	0.6965916	0.1958084
0.179907	0.5474947	0.1766518	0.2687113	0.2586406
0.3699981	0.5844464	0.1900875	0.2463144	0.27994
0.3140785	0.6391048	0.1777234	0.2847775
0.2614771	0.7119209	0.187779	0.248908	0.2028757
0.2984022	0.6706624	0.1893673
0.2910625	0.7321628	0.195555
0.3213326	0.5766303	0.1730312	0.2894616
0.3674154	0.6636256	0.1728153	0.2890186	0.2727137	0.28387
0.2501143	0.5465549	0.1724976	0.2391566	0.3365855
0.292235	0.5839534	0.2037665
0.256111	0.6082106	0.1950326	0.2793761
0.3172619	0.6327879	0.1966894	0.3085832	0.2382688	0.2051081	0.2151734	0.3999589
0.3268284	0.6713786	0.1815383	0.3034121	0.2320798
0.2925141	0.5777234	0.1971197	0.2830577
0.2605584	0.6487076	0.1987189	0.2875086
0.2037724	0.6757477	0.2009344	0.3014793	0.2484011	0.3546277	0.2272017
0.1899501	0.5901977	0.2035922	0.2412211	0.3299864	0.2355926
0.1838138	0.6137913	0.2105777	0.3309496	0.2446058	0.2815182
0.237725	0.652979	0.2085233	0.3243942	0.2934523
0.2697308	0.6188965	0.2108569	0.3181524	0.2851587	0.2612322
0.2791491	0.5964249	0.2129593	0.3374896
0.2612768	0.6476205	0.1952347	0.3024589	0.2550331	0.1831028
0.2313048	0.5849844	0.322432	0.198792	0.2507559
0.3134814	0.6427303	0.324607	0.1932932	0.2124632	0.2402431	0.268421
0.2747582	0.6250737	0.1976722	0.2798573	0.3139844	0.2625875
0.2471607	0.6035273	0.2135035	0.2842986
0.3399276	0.6798211	0.1832722	0.2346818	0.2989774	0.3002861	0.2661425
0.2731401	0.682877	0.1949127	0.244987	0.231071	0.1855557	0.1770075
0.3023862	0.6051862	0.1732752	0.2506125	0.1957059	0.2186955	0.4171169
0.3193352	0.5640076	0.1798141	0.1864437	0.263231
0.2539992	0.5854551	0.1758859	0.2016607	0.2670767	0.1946079	0.2684469	0.1578662
0.2348543	0.5846006	0.1878074	0.2903706	0.1895759	0.332396	0.3455331
0.2333795	0.6070021	0.1752111
0.2690108	0.659996	0.1764811	0.2370097	0.3229672	0.2421465
0.2692644	0.6114577	0.1975835	0.2345333	0.2883253
0.2030995	0.6734026	0.1836267	0.311304	0.2152812	0.3097919	0.2139232
0.1822506	0.5978879	0.1784662	0.3239569	0.1970731
0.1923399	0.6149258	0.177955	0.2904288
0.2066382	0.6571564	0.1915432	0.2479829
0.2652806	0.6384006	0.1977085	0.2840059
0.3019618	0.6735304	0.2059004	0.2810355	0.2485177
0.3399333	0.5911077	0.2055175	0.3106708	0.2444528	0.2425995
0.1798972	0.6836826	0.1729601	0.2756119	0.2013832	0.2977952	0.2864913	0.3306156
0.2620967	0.6286585	0.1855514	0.2919304	0.1986195	0.2262363
0.2711856	0.6386138	0.1699544	0.333321	0.205592	0.1964181
0.2695384	0.657567	0.1776156	0.3066375	0.2162583
0.2404296	0.606834	0.1945113	0.3137177
0.2799218	0.629853	0.2334653	0.3067124	0.198677	0.2388421	0.3303819
0.1947805	0.6419226	0.317199	0.2073988
0.2508744	0.598934	0.3249138	0.1947242	0.1902948	0.267124
0.2761521	0.6282677	0.2847375	0.1957691	0.2176673
0.338011	0.6158644	0.18991	0.2521545	0.2024553	0.281406
0.218196	0.5657223	0.1917619	0.2727169
0.2589345	0.6576726	0.174605
0.2228071	0.6508639	0.1806948	0.2886826	0.3672549
0.2193985	0.5612461	0.2261306	0.3018755	0.1918282
0.2398899	0.6172972	0.2076194	0.338242	0.2040136
0.2742581	0.6406159	0.2071162	0.3113978	0.3150257
0.2629881	0.6353692	0.2064999	0.3504665	0.2092454
0.2320832	0.632808	0.1873459	0.3037835
0.2690133	0.6555741	0.1967085
0.2264865	0.6369049	0.1756594	0.2450001	0.2337716
0.2324292	0.6797777	0.1778448
0.2310467	0.5661251	0.1780831	0.2385825
0.2144097	0.587183	0.180177	0.258561	0.2138923	0.2720099
0.2915361	0.6789774	0.1809807	0.3334504	0.2040993	0.2068161
0.1942736	0.6537042	0.1656211	0.2623804	0.2041714	0.1841174
0.2507172	0.6845268	0.1899816	0.3069284	0.2296102
0.2228766	0.5952814	0.1879608	0.3022601	0.2677364	0.306334
0.2048009	0.588848	0.1846653	0.2935187	0.1951919
0.2350306	0.6869766	0.1658786	0.2532907	0.2714942	0.3482648	0.2690645
0.2881148	0.5460045	0.1666316	0.2453136	0.3021288	0.2923201
0.2880247	0.6163249	0.1698758
0.271278	0.6434303	0.1682444
0.2920641	0.6097284	0.1765052
0.2392947	0.6212015	0.2032751	0.335118	0.2271526	0.2395219	0.2567952
0.3004108	0.6256092	0.3237718	0.2147192	0.2598733
0.281278	0.5323534	0.3457025	0.2191264	0.299602	0.3049342
0.2687918	0.6644915	0.3624092	0.2242897	0.2855665
0.2421432	0.6319258	0.3408449	0.2192389	0.2771314	0.2626966	0.2906573	0.2868074	0.2903152
0.275064	0.6708371	0.3442676	0.2318186
0.2906488	0.6652261	0.2032366	0.2541571	0.2915167
0.3342452	0.5962458	0.2358456	0.2435276	0.2732198
0.2495089	0.648426	0.2615462	0.2197778	0.2161766
0.3542466	0.6177157	0.2934124	0.2079603	0.1585482	0.2380212
0.2993988	0.6778861	0.1800459	0.2133977	0.269745
0.3179484	0.608288	0.1846392	0.2277638	0.2695353	0.1976121
0.3834663	0.5945941	0.1956139	0.2368891	0.3317467
0.3116552	0.6121768	0.1909206	0.3628435	0.2544089
0.3150579	0.6651193	0.2116867	0.3352081	0.3348186
0.3263671	0.600473	0.237928	0.3188941	0.2138674	0.2439574	0.3264988	0.2012022	0.2627576
0.3246305	0.5417787	0.3160791	0.2064661	0.2230317	0.3186103	0.3026048
0.2229903	0.6282902	0.3025013	0.1878037
0.2129176	0.6119046	0.1683345	0.2616014
0.3275509	0.6955881	0.1696745	0.3096247	0.2031052	0.2305459
0.2985899	0.610889	0.1643501	0.1921403	0.2468437
0.2432666	0.6458671	0.1837001	0.2841838	0.2481206
0.3096811	0.6473009	0.1892235	0.3304749	0.2194227
0.3763521	0.5986551	0.1942753	0.2799006	0.2215633	0.2722618
0.3242171	0.5974852	0.1946562	0.2374362	0.3572591	0.2642929	0.3149547
0.3482032	0.6359807	0.190641	0.2955262	0.2350482
0.2989152	0.6234566	0.1845502	0.2866335	0.2305044	0.2233647	0.3362478
0.2217648	0.6971459	0.181613	0.2961735	0.230193
0.2181013	0.645092	0.180965	0.2755018
0.1807786	0.6148859	0.20011	0.2256913
0.1461624	0.578118	0.1951277	0.2423884
0.1565293	0.6024972	0.2197152
0.1603885	0.6375649	0.2268189
0.1510221	0.6607294	0.1961858
0.1807657	0.5587644	0.2388373
0.1716307	0.5920112	0.2128921
0.1697068	0.6305398	0.360292	0.2272964	0.3052031	0.3331205	0.2495512
0.1746082	0.7043585	0.2317724	0.3382383
0.2564777	0.6113772	0.2024663
0.2809996	0.5609405	0.2143728	0.2789381
0.216354	0.6880047	0.197664	0.2942904
0.2888315	0.6049349	0.1873769	0.2100175
0.2155887	0.5927139	0.2040582	0.3763662
0.2421951	0.5365176	0.2212766	0.2006965
0.2292025	0.6357662	0.21607
0.2436499	0.6740466
0.3143783	0.5864735	0.2278567
0.2433215	0.643483	0.226391	0.2847671	0.2083649	0.3114879
0.2852645	0.6422631	0.2111941	0.2888251	0.2090074
0.2495329	0.6231027	0.1958877	0.2694316
0.3056045	0.6232731	0.1850616
0.2121621	0.5955006	0.2050164	0.2985667
0.1700133	0.5689221	0.2096182	0.2725735	0.2269919
0.1949426	0.6750197	0.2137285	0.3368467	0.2504409
0.3320712	0.7027159	0.1848158	0.2543005	0.2532323
0.2584997	0.6217007	0.1729156	0.2455223
0.2428859	0.6391925	0.1871917	0.2891313
0.2548139	0.5965717	0.1408451	0.2787187	0.1896503
0.2867597	0.5852515	0.2525693	0.1828005	0.2365641
0.2826148	0.6153342	0.1977043	0.29418
0.3125231	0.6196795	0.2063188
0.3368766	0.6377138	0.2086185	0.3252526
0.275474	0.5933849	0.1943941	0.3311576
0.2369178	0.6338347	0.1969028	0.3234327	0.2895824
0.1794316	0.6146011	0.187192	0.3615085	0.2662782	0.3287606	0.3570119
0.235446	0.6658115	0.1737294	0.2029595	0.312245
0.2181852	0.5986582	0.1752897	0.2441677
0.2225699	0.6231921	0.1909697	0.2124278	0.2475643	0.2946384	0.2488837	0.3010738
0.1731618	0.5970334	0.1854046	0.3400117	0.2488213
0.2056521	0.6128236	0.1696507	0.2636121	0.2783217	0.2737947
0.1673104	0.5681334	0.1627861	0.3012395	0.2650135
0.232478	0.6510738	0.177175	0.224773	0.2670554	0.2807881
0.2622214	0.6355468	0.1782736	0.3328911
0.282752	0.684304	0.1622566	0.2594424	0.2918478
0.3561324	0.5512287	0.1802905	0.3026132
0.2690573	0.573007	0.1801291	0.3719113	0.2996987
0.3405736	0.6593159	0.178357	0.3082744
0.2874156	0.5944195	0.2095053	0.2955378	0.1833636
0.2850976	0.6730266	0.213821	0.2732067
0.2925509	0.6134141	0.2156987
0.2973221	0.6237557	0.1981207
0.273848	0.6114335	0.1874057
0.299395	0.5455427	0.1922767	0.3123672	0.3783113	0.2899021
0.2622839	0.6460344	0.2008641
0.3171126	0.575706	0.2055196	0.307138	0.2266463	0.3676127
0.3097735	0.618722	0.2026143	0.2842671
0.2852388	0.6455363	0.200765
0.2631228	0.6352301	0.1908169	0.3219048
0.2408721	0.6455054	0.1936263	0.2786508	0.2589408	0.2566884
0.2487514	0.6272338	0.1788293	0.2819767	0.2133499	0.232383
0.2219663	0.5981715	0.1774046	0.2854153	0.222789
0.2693984	0.6385802	0.195511	0.3116758
0.2592669	0.635046	0.1934364	0.2947233	0.307299
0.209076	0.6483057	0.1923455	0.2991327
0.2432987	0.5592926	0.2996219	0.2082525
0.16626	0.6299297	0.3253617	0.2295241	0.3167885
0.1871274	0.6528211	0.3153334	0.2413269
0.277799	0.6153824	0.4280007	0.2557085	0.2825491	0.2913203	0.2472347
0.3316859	0.6550864	0.2196294	0.3377124	0.2648584	0.2543115
0.3338062	0.6283609	0.2138621
0.3052686	0.6897182	0.2588098	0.3752105
0.2449088	0.6099019	0.2736533	0.3986644	0.3062639	0.2456859
0.33786	0.7095455	0.2224266	0.3736136	0.3270654
0.3205578	0.6113782	0.2253804	0.3670106	0.3120371	0.2984913
0.3114707	0.5701997	0.2066863
0.2792932	0.6632253	0.1789064	0.2143831	0.3128217
0.2946542	0.627526	0.2118656
0.3010768	0.5764573	0.2122485	0.3276168	0.2691713
0.3894439	0.6151388	0.1927258	0.3233006	0.2587769	0.3442625	0.4128442
0.3096865	0.6274847	0.2063974	0.3529758	0.2726659
0.2784311	0.6164239	0.2140432	0.3255142
0.294167	0.6287832	0.2255016	0.3022986
0.278681	0.6243013	0.2182067	0.3393054
0.2784723	0.6828371	0.2033027	0.3366585
0.2523057	0.6541536	0.2036012	0.2947434	0.210064
0.2223629	0.5622664	0.2066569	0.2993935
0.2366925	0.6219443	0.1724526	0.3105162	0.2547288
0.2544375	0.6339986	0.1971478	0.342978	0.2936994
0.2885427	0.5699765	0.2046834
0.2873401	0.5982938	0.1852224	0.2717061
0.3429883	0.5981775	0.2137523	0.1839672	0.2818137	0.2328501
0.3038312	0.7057604	0.1758512	0.3046827
0.2847922	0.5855181	0.1774421
0.1989124	0.6229375	0.1943654	0.3046435
0.2044615	0.5972539	0.1792299	0.332496	0.4874455	0.2396194	0.2555318
0.2723907	0.6759089	0.2363583	0.1726319	0.3644258	0.2483703
0.3256622	0.6058895	0.2606169	0.176374	0.2472405	0.2070445
0.2475196	0.643781	0.1756067
0.261042	0.5965506	0.1824524
0.2696392	0.6352702	0.1960339	0.1885731
0.2647731	0.5842646	0.1899706
0.2642338	0.6987626	0.1875726
0.2472311	0.6400089	0.2023581
0.2021054	0.666222	0.1837424	0.2895015
0.1818797	0.6466294	0.200172	0.2868947	0.1839321
0.2101873	0.6919545	0.2006725	0.2718931
0.2784799	0.6814002	0.1874754
0.3082151	0.6648723	0.2112692	0.286638	0.3170943
0.3276161	0.6838867	0.192971	0.2731696	0.307032	0.2857847
0.2498528	0.5246189	0.1799889
0.2616312	0.636677	0.1806252	0.267258	0.3561204	0.2212558	0.2120799
0.3675675	0.646734	0.1857075	0.2682785	0.2656515	0.1065797	0.2312096
0.3129009	0.5657924	0.1797455	0.2865741	0.1489128	0.2832451	0.306182	0.3079424	0.2504498
0.2315827	0.5190829	0.194868	0.1613667	0.277969	0.2898605	0.220812
0.2365721	0.6239886	0.1877344	0.2670479	0.2946089
0.2604584	0.572724	0.2065998	0.2849086	0.2636784	0.2611116
0.2664034	0.6426099	0.1864628	0.2709476	0.3478052
0.3471649	0.5866234	0.1897144	0.2819756	0.1918944	0.1816016
0.3671387	0.6307462	0.1854966	0.2859517
0.3295579	0.5803501	0.1942861	0.2804665
0.2876407	0.6013189	0.1787076
0.249307	0.6243373	0.1885033	0.2576732
0.3803766	0.6511746	0.1983871	0.2545076
0.3134575	0.644573	0.2013975	0.2512705
0.3159634	0.6652006	0.1945175	0.2135169	0.2599248
0.2652592	0.6566788	0.1814033	0.2299232	0.266487
0.3190324	0.7387376	0.2050835	0.2296638	0.279787	0.2876527
0.2605085	0.5471122	0.199105	0.3056786	0.2390272
0.2291837	0.6923233	0.1889218	0.287814
0.2361989	0.5800611	0.1808455	0.3502441
0.2985972	0.5431169	0.186664	0.2016332	0.262096	0.1731267
0.2531197	0.5417637	0.1778604	0.2084501	0.2685595	0.2911876
0.2732861	0.635231	0.1763948	0.1894176	0.2385857
0.230979	0.6318365	0.1676825	0.1725769	0.2575712	0.3885298
0.2156107	0.6347651	0.1937244	0.2532054	0.3733293	0.1627878
0.2395223	0.658698	0.2834367	0.173362	0.1850519	0.286393	0.2483784	0.2947251
0.2197958	0.6979356	0.1706985	0.2848445
0.143124	0.5734955	0.1893705	0.2972557	0.2295032	0.3170233	0.1402318
0.1031363	0.6022932	0.1785279	0.2482563	0.1765916	0.3195741
0.203963	0.6107708	0.1609255	0.2086366	0.2157145	0.2981087
0.1981682	0.6008834	0.1652443	0.2307624
0.3419828	0.6268222	0.2001643	0.2871132	0.2107419	0.1834625
0.2243248	0.6583739	0.2113569	0.308101
0.1804703	0.6456387	0.2432924	0.3184942	0.2811368	0.2651993	0.2640619
0.2611697	0.6409623	0.249479	0.225813	0.2839737
0.2512267	0.5413835	0.2432005	0.2585841	0.1781686	0.2921299
0.229779	0.705034	0.2579616	0.2992542	0.2007173	0.2106109	0.307064	0.3246713
0.1897107	0.7022446	0.2301532	0.3290994	0.2527087	0.3494482	0.2028165	0.2900607
0.249716	0.7340687	0.2151703	0.3425194
0.2892141	0.5739349	0.2102277
0.3044227	0.5806777	0.2185546	0.2714385
0.3022299	0.6654159	0.2309768	0.2483885
0.328526	0.6095459	0.2065422
0.2250692	0.6809499	0.2196653	0.275271	0.3275685	0.3363834	0.2735564
0.1936244	0.6527926	0.2963703	0.2141138	0.4404571	0.3442455	0.2909013	0.3573422	0.1688544	0.2947931
0.1897482	0.6423356	0.2154681	0.3553039	0.3876897	0.259895	0.2794145	0.2710527
0.2383075	0.6585068	0.2198599	0.2588777	0.3642554	0.2742137	0.2840576	0.2947926
0.1700566	0.6340815	0.2116594	0.3161826	0.301105	0.246981	0.3687113	0.2383657	0.2481988
0.240757	0.5732439	0.2182468	0.2948357	0.2974056	0.2494653	0.2033261
0.2730193	0.6023659	0.201754	0.2978559	0.2371929	0.1560112	0.3066515
0.2561137	0.6127569	0.200835	0.2729993	0.2424258
0.2612205	0.5930794	0.2038487	0.3009905
0.2799191	0.5531601	0.1859105
0.2560234	0.6834982	0.1965664	0.3064139
0.309521	0.5888648	0.195142	0.2597943	0.2481484	0.4003098	0.2639282
0.2998838	0.5671965	0.1950877	0.318977	0.2085394
0.2785903	0.6636565	0.2020408	0.2913244	0.282924
0.2540441	0.6818502	0.1886993	0.2738147	0.3718211
0.3378784	0.6510375	0.1921342	0.3044473
0.2664912	0.7044412	0.1904585	0.2859211	0.2628522	0.3236442	0.3446196
0.2217194	0.6155972	0.2153818	0.3539991	0.3028848
0.2830357	0.6352206	0.2038544	0.322683
0.2917167	0.6265167	0.2008042	0.3023158	0.3305667	0.2231244
0.3504135	0.6076006	0.1982547	0.3487637
0.295683	0.6134212	0.1992466	0.279208
0.2340876	0.5098613	0.1920087	0.259973	0.356124	0.2703672	0.2969282
0.2692656	0.640947	0.1757374	0.1970861	0.2641706	0.3159269
0.292441	0.6733118	0.1811958	0.2073295	0.2915454	0.2855186
