ExtinctionRates
0.03404144
0.02076513	0.01212923
0.07565219	0.01705784
0.03321179	0.05890503	0.01146853	0.05624567
0.0002836546
0.05994306	0.01467752	0.02141993	0.05435879	0.01600701
0.03689597	0.03191285
0.0391345
0.02969507
0.006573009	0.03342779	0.06269383	0.0320122	0.03178968
0.02076195	0.04927614
0.01546298	0.01146609	0.05421335
0.02159796
0.01936564
0.04308983	0.03971015	0.03775645
0.01859721	0.0188741
0.02460819
0.009255555	0.03267757	0.02215894
0.04203882	0.01007197
0.004245306
0.04172002	0.04510468
0.0255519
0.06887771	0.04518517	0.02812037	0.02614951
0.005688507	0.03047323
0.02683747	0.03097567
0.04303062	0.03207043	0.003652736
0.01726329	0.03413489
0.007661514	0.03554867
0.04372863	0.003994282	0.04795584	0.04665175
0.05171229
0.009678301	0.04087784
0.03429235
0.0555619	0.062795	0.01662104	0.03468028
0.03691102	0.05464848
0.04796029	0.03358015
0.05441836	0.04377186
0.01112718	0.04749028
0.03657355	0.03982247	0.0294069
0.0475445	0.05514855
0.03422114	0.04863499
0.01324548	0.02823071
0.02636081
0.01966409	0.03807902	0.02298081	0.02050099	0.03453657
0.008561789	0.04508131	0.04750439
0.03573983
0.04367326	0.0283715	0.04859239
0.03849458	0.01991785	0.03170636	0.038951	0.007732381	0.0373666
0.01573822	0.01916123	0.03007734
0.008016092
0.006045405	0.004389371
0.03177731	0.01534949
0.009227878	0.03824894	0.00167144	0.004104524
0.05287326	0.01053492
0.0194645	0.07489552	0.005227072
0.02045955	0.004417597
0.01473817
0.02553687	0.03260902	0.02154391
0.01201306	0.01923135	0.001134376
0.03391431
0.03841089	0.02726896
0.06120988	0.03848626	0.01479052
0.03272071	0.0062475
0.0007886768
0.01325711	0.06040729	0.003618508	0.01365492
0.01605771
0.001361778	0.07507082	0.01051365	0.01813075
0.002457497	0.01529305
0.039078	0.01907325
0.009660469	0.05133031
0.03490071	0.01516554	0.01268518	0.03060837	0.004387676
0.02646165
0.03349795	0.04082242	0.03999828
0.02110566	0.07729967	0.05457865	0.04076082	0.03357364
0.009943577	0.06278039	0.04864994
0.02576181	0.01544886
0.01312515	0.03425656
0.004818049
0.02370404	0.0471736	0.04616702	0.04575038
0.04609757	0.01959238
0.04403161	0.02301444
0.05861468
0.05244806
0.01840394	0.03386148	0.02003967	0.04420872
0.01795989	0.06253177
0.02269393
0.03027371	0.04224437
0.040248	0.0455581	0.02984028
0.05521146
0.01205481	0.04117862	0.004320237
0.01680368	0.05543182
0.01627051	0.03751748	0.04233242	0.04966955	0.02298689	0.03046882
0.01975825	0.03830766	0.03000785
0.02213032	0.02148925	0.0113692
0.002819299	0.03368159
0.01360178
0.001691006	0.00281083
0.01385843	0.007147207	0.05661251
0.02187173
0.002643141	0.01660303
0.001381481	0.01279782
0.002350467	0.06144496
0.008984575
0.05515525	0.02591231	0.0314617
0.02208618
0.02210292	0.02279999
0.01925823	0.02021288	0.01971805
0.0350034	0.03581974
0.03417699	0.005973319	0.04458487
0.03300261	0.02559142	0.01108868	0.05582842	0.006635567
0.03447163	0.03476072
0.02798943	0.05931092	0.08217266	0.01402884	0.01760614
0.03119165
0.0298745
0.002995935
0.007751318	0.01073513
0.002744003
0.008924586
0.04375018
0.005270273	0.05063988	0.0436879
0.02644971	0.01031035	0.05157452	0.01735784	0.05428971	0.03730527
0.04368493	0.01104086	0.07689744	0.03668561
0.02500956	0.02802473	0.01762241	0.03873302
0.00969276	0.01685766
0.06094365	0.003173266
0.01978107
0.02948535	0.04140998	0.03741557	0.03794008
0.00435813	0.01486004	0.02131983	0.01879437
0.0201697	0.005217663
0.01482784	0.007561705
0.03463922	0.00632049	0.01308302
0.004088924	0.03754598	0.012791
0.03336296
0.01946971	0.01559218	0.02531987
0.02284538	0.001833836	0.04137803	0.0553508	0.02444231
0.002096654	0.007885449	0.0268511
0.005405227
0.0003176508	0.03192467
0.003525331
0.01310324	0.01915963
0.01569883
0.0005650233	0.007964342	0.02667404
0.0003439955	0.02685741
0.03122604	0.004505687
0.05046501	0.01255816
0.01988418
0.009549696	0.03114493
0.02239285	0.007346258
0.01085277	0.00187081	0.03606597
0.02064449
0.05802918	0.01286367	0.02702299
0.02415911	0.0393948
0.05256901	0.03038555	0.01855874
0.05016609	0.02353144	0.04171067	0.03457821
0.005447415	0.01032074	0.0595974
0.04174655	0.04457965
0.04420233	0.05901211
0.02303464
0.03706541	0.006730061	0.02292629	0.05326812
0.0005667867	0.05569058
0.0002026143	0.03485041	0.03095726	0.04038798
0.03480779	0.01961497	0.0242306
0.02574645
0.01379244	0.01416635
0.00572071	0.0180939
0.02346351
0.03210692	0.07471136	0.04203805
0.03193812	0.0271066
0.03714183	0.008243012
0.0475493
0.05701721
0.03626971	0.01793755	0.07444182	0.01218841
0.04293317	0.04721688	0.0159334
0.03284029	0.01715233	0.04343013
0.0232692	0.02882303	0.03106965
0.01305757	0.001245476	0.0188545
0.01259731	0.01439742
0.004067506
0.02151619	0.01878194
0.01815501	0.01708379
0.02383277	0.03313238	0.02071281
0.01346545
0.006872124
0.04005081	0.02426709	0.03688304
0.02654449	0.01819949	0.02188814	0.01411261	0.01836065
0.03330213	0.02985557
0.004802092	0.0006402029
0.01506535
0.02532713
0.02384242	0.01520659
0.009389956
0.02010291	0.02379871
0.005427327
0.0521076	0.02737707	0.03945809
0.0543223	0.0330303	0.05907289
0.01803615	0.002903726	0.02217186	0.04789927
0.001813256	0.01320963	0.02121641	0.02529738	0.02364749	0.03536623
0.002210141	0.05215325	0.02625694
0.002054639	0.07764907
0.0290485	0.003094587
0.001019421	0.0777139
0.08260087	0.0060164	0.01143211
0.01607231
0.027345	0.03690357	0.005906478	0.01936124
0.02772271	0.005577656	0.01183135
0.004793987	0.02081336
0.02169931
0.0229572
0.01853597	0.004883427
0.03897207	0.0172086	0.03332307	0.04490365
0.02718499
0.006532054	0.06145572
0.0128022	2.855773e-05	0.02078535
0.02955093	0.002098865
0.008543674	0.001870991
0.01707065	0.02258864	0.02956807
0.02256532
0.04346694	0.01084126	0.03309888	0.02011704
0.003718036
0.03827406	0.02747945	0.05073167
0.01681207	0.05109107
0.0005576229
0.01304782	0.01314449
0.0008164972	0.0517783
0.0001481797	0.04941134
0.03904713	0.01552844
0.06111726	0.01325272	0.01336675
0.01249977	0.03915832	0.05587947
0.02157131
0.007958944
0.01653204	0.006457253	0.06695505
0.01566716	0.01520369
0.04222253	0.03403907	0.02643783
0.01831404	0.01332122	0.03226616
0.01868442
0.001217073	0.01095293
0.01315
0.03405059	0.02245413	0.05207648
0.02397199	0.03346869
0.03046731	0.01731355	0.01319353
0.009084995	0.01037474	0.0200597	0.0008704254
0.02459234
0.01603897	0.02103549	0.01098027	0.04238403
0.0235658	0.004652753	0.03038216	0.01688292
0.01460725	0.006552042	0.04709623
0.01012501
0.02231634
0.007239187
0.007706958
0.03237037	0.02467977	0.07064513
0.04312175
0.01265216	0.02686023	0.01776435
0.01406004	0.01010678
0.02346558	0.009716796
0.01731196	0.03037909
0.01170894
0.01461938	0.004980802	0.04771554	0.002786255
0.005210149
0.01297108	0.06260067
0.01325653
0.001091702	0.01827213
0.00134958
0.0003395128	0.04520456	0.0250877
0.00415328	0.01001657	0.01832399	0.07764553
0.02415441	0.02260367	0.02037813
0.03595078	0.001530322
0.007419256	0.004377454	0.03023616
0.02445496	0.02448221	0.02113962	0.01684007
0.03219163	0.02446257	0.02087468
0.01590933	0.02173066
0.02389939	0.04065732	0.03417064
0.01009535	0.01692929
0.000411136	0.05686995	0.02514449	0.0285272
0.000120285	0.00175799	0.04133217	0.0210534	0.04279203	0.0405479
5.483953e-05	0.03528535
0.02517225	0.0594422
0.004985363	0.05824189
0.01368268	0.02657921
0.06233278	0.02865032
0.009412352	0.02652548
0.04623634
0.0198423	0.01215977
0.01052551	0.03455301
0.05068654	0.04159608	0.02681621	0.04553002
0.07227679	0.04840298	0.01500501
0.02845222	0.0498442
0.04448543	0.03519558	0.06341044
0.01682561	0.05716734	0.04543315	0.005036663
0.06569968
0.06799623
0.04988712	0.0177571
0.03424887
0.02330459	0.02725101
0.04768808	0.02645196	0.02939713
0.02159496
0.01457081	0.04538208	0.0240378
0.02059729	0.03236794
0.01660214	0.06123703
0.007099311	0.028348	0.04144128	0.02086998	0.03982806
0.05502154	0.03583663	0.04259062	0.08953048
0.02393944	0.04783552
0.0340082	0.02868437
0.00726652	0.04848114	0.02842259	0.0728838
0.03372046	0.02591706	0.04877619
0.03364372
0.05625786	0.02773911	0.008547945
0.01264834
0.06192858	0.0320199	0.03894234
0.006192851	0.0355917	0.04052516
0.04270965
0.02781498	0.03566753
0.007279478	0.02899696	0.05552547
0.003493259	0.03791236
0.01608208	0.008918724
0.009876321	0.03988781	0.01254782	0.0120252
0.002986002
0.03278287	0.04477259	0.01390698
0.01212115	0.05206916	0.03686965	0.03186706	0.02332545
0.03090882
0.02580168
0.02168893	0.02794972
0.03774618
0.05347048	0.03720293
0.05696316	0.03488016	0.03282434	0.04439361
0.02349703	0.02362042
0.03752544	0.01700828	0.03163154
0.02942601
0.02705609	0.04563993
0.03107088	0.03454861
0.01451956	0.02217109	0.05069066	0.06084327	0.01077148
0.007242164	0.05114927	0.03085649	0.02598998
0.03338734	0.03456015
0.03482072	0.0141089
0.03860536	0.03977673	0.02250957	0.03793427	0.01524925
0.05665116	0.04383013
0.01517833	0.04007928	0.01692295
0.04537801
0.06426114
0.006677434	0.04257768
0.02802912
0.02161456	0.03848807
0.04532257
0.05070091
0.03095374	0.04161715
0.00534407	0.08498672	0.03603924	0.04287584
0.009318134	0.04639116	0.0164626
0.01505267	0.04123223
0.0245113	0.02201466
0.01146974	0.01594069	0.005785458	0.02162045
0.02992875
0.03468056
0.01055643
0.04938236	0.01721288	0.00690287	0.0187254
0.03544613	0.01010523
0.007264268	0.04982847	0.02461301
0.06216067	0.02879465	0.01445822	0.06398193
0.03447189
0.007101258	0.008955003
0.02365614	0.002465554
0.009655888	0.01276457	0.02261678
0.03150578	0.06611606	0.0323923	0.02314162
0.04977151	0.05994297
0.004344447	0.04239586	0.04593697
0.04386153
0.008515887	0.0476314	0.001758436
0.01880713	0.0256123	0.02110476
0.008358758	0.04085457	0.05553662
0.01722536	0.04739406	0.02802537
0.03592539	0.05408607	0.004471925	0.02938714
0.02532632
0.03433366	0.02092321	0.002930705	0.02959035
0.03825662	0.04492536
0.03227408
0.03697388
0.003657237	0.02400015	0.04463915	0.01582538	0.03409507
0.04586762
0.05570597	0.009340216	0.03520824	0.01214622	0.03359089
0.0131178	0.0476135	0.03832506
0.05694911	0.03054812	0.03850934
0.0139372	0.03870815	0.03871725	0.02452118
0.005608988	0.05813848	0.02669484	0.05480359
0.0307541	0.01212871
0.04536099	0.04703938
0.01564684	0.03172325	0.05559698
0.03266558	0.03340332	0.02054501	0.002891516
0.02612012
0.04009171
0.03879882
0.01234022	0.04227669
0.02337342	0.04142325
0.04033254	0.02372616	0.04166799	0.0297247
0.02652942	0.04965389	0.002835827
0.01208341	0.05315566	0.01971784	0.05843759
0.00856147	0.02594619
0.008883071	0.02968791
0.07269417	0.04198459	0.04567746	0.04101759	0.05005305	0.01080029
0.02892882
0.04365512	0.02822082
0.02306158
0.006047604	0.05351141	0.004540084
0.001454362	0.06149078	0.01589159	0.02899556
0.00115364	0.03487509	0.0271602	0.04674961
0.02537465
0.03323597
0.008448142	0.02724913
0.0242346
0.0561267	0.007125652	0.03562459
0.006381645	0.02924708	0.01715971	0.004098426
0.03731962
0.0708291	0.03963298	0.008142911	0.02870524	0.01678816	0.02028839
0.01915387	0.06592718	0.03527986	0.009279943
0.02429755	0.05306614
0.04821193
0.008460798	0.06164324	0.05383979
0.0788142	0.05962527
0.07080536
0.06683506
0.03160214	0.03751957
0.01766745	0.0351643	0.02456285
0.03337045	0.007509925	0.03737846	0.01061934
0.02942178	0.05489033	0.034257
0.05572786	0.03285831
0.02164084	0.03261343
0.03866673
0.03035476
0.03125601	0.05942314	0.0162332
0.03400313
0.04779516
0.03726161	0.06178496
0.001453262	0.03774079	0.00372292
0.002959885	0.04895397
0.002942504
0.0003501103	0.01743422
0.01942381
0.03204285	0.005082176	0.01954337
0.01299736	0.03709436
0.01075813	0.03301448	0.01823104	0.02818994
0.01368581
0.0237734	0.01934528
0.003961091	0.03595651	0.01144134	0.000869081	0.008125657
0.008402259	0.008358581
0.01562156	0.05316348	0.01656121
0.03977721	0.009134275	0.02424691
0.00780079
0.005797118
0.05058347	0.01421898	0.04524943
0.00796465	0.002877106	0.05562799
0.001469613	0.05266328
0.003286032	0.04172903
0.05924969	0.0007733847
0.06863544	0.002896963
0.00430344	0.02529934
0.03008087	0.01039299	0.006038529	0.02879252
0.0243078	0.02952243
0.03177009	0.02168332
0.0383943	0.004106462	0.03920503	0.004799571	0.03235072
0.01215836	0.0004466525	0.05072814
0.02549737
0.01378784
0.03419527	0.02556433	0.05690598
0.01433929	0.08711514
0.02326513	0.04990136	0.01947578	0.02065375
0.0209971	0.004398972	0.04529385
0.009335131	0.001931662	0.02159425
0.02268119	0.002744803	0.0006038463	0.05699725
0.009926743	0.0441486	0.00512846	0.004314256
0.008949602	0.03107552	0.0490139	0.01167955
0.04376139	0.007647193	0.05160143	0.003211159
0.05877804	0.007212715	0.0007663312	0.03167905
0.009271369
0.009695974	0.007627618
0.02326089
0.02535403	0.06409498
0.06121743	0.04588829	0.02300844
0.01507762
0.03782097	0.01615267	0.004153926	0.01805124
0.03968715	0.0374686	0.03822363
0.01258416
0.01200513	0.001933704
0.008679844
0.003482057
0.02536127	0.04061746	0.0009138793	0.01972632	0.05405589
0.01219303
0.01726569	0.01456212	0.02581497	0.03138613
0.03764066	0.016412	0.01942571
0.02315097
0.001646736	0.03753574
0.003924211	0.06596165	0.02941209
0.03386228
0.03071274	0.008048042	0.01100862
0.003820032	0.01906423
0.04939914	0.0008554671
0.02129816	0.01391952
0.02500637
0.03695204	0.02110926
0.01110628	0.03458621
0.02900578
0.05071678	0.04287911
0.02355848
0.04163818	0.001446378
0.02368612	0.01236766	0.01118697
0.02021842	0.05467625	0.01387524
0.01032725	0.01662504	0.02489351
0.02347754
0.03043114	0.01275588	0.02663291
0.0006309335	0.04044989
0.02703309	0.01168211	0.02249045
0.05333376	0.01318193	0.03435767
0.04620751	0.04214109
0.01943814	0.0310797	0.01342565	0.01675386	0.0340969	0.0689761	0.007111114
0.04757118	0.004250805	0.03637515
0.02709683
0.01651729	0.01903373	0.008948934
0.01287848
0.004141211	0.01267365	0.004647361
0.01053308
0.04310867	0.008687118	0.01172114
0.02672688	0.006689075	0.019591
0.03069185	0.02960175
0.04831489	0.01206257	0.01037596
0.03473945
0.01793733
0.03573027	0.01075761	0.01443259	0.04781956	0.01899995	0.08724265
0.005836703
0.01535485
0.02171882	0.01556344	0.01514257
0.03029758	0.02094188
0.03214982	0.01788587	0.04277952
0.03047701	0.006848388	0.01237687
0.02809015	0.03024687	0.02498847
0.03696739
0.01612282	0.0296621
0.04251425	0.007257803	0.01426069
0.02379273	0.03273399	0.03295772
0.05937646	0.01439941	0.0001370534	0.01487609
0.01934856
0.04418802	0.02472278	0.05889242
0.04121152	0.02126353
0.01384194	0.009084403	0.02406641
0.03775437	0.02559158
0.09599631	0.01783801	0.02340713
0.03028217	0.07363478	0.03988804
0.03107094	0.03698911	0.01665635
0.03412923
0.04587285	0.01943447	0.02951746	0.06697644
0.03465674
0.03188532	0.03757434	0.04423095
0.009774007
0.02171894	0.01861972	0.01373614
0.02441648	0.01928626	0.006547346	0.01532627
0.01117826
0.04736611	0.02566128
0.01555089	0.0108761	0.0152899
0.01430795	0.02341273
0.005687495	0.04249707	0.04344787
0.03843704
0.07520603	0.0339165
0.03705844	0.05356216	0.03821422
0.01590734	0.02594919	0.03921329
0.02530244	0.05360914	0.03295823	0.04953775
0.02684833	0.001513484	0.02895615	0.01039275
0.003079951	0.02904809	0.06649699
0.0325571	0.006247255
0.01822738
0.02157587	0.003672846
0.01048054
0.0141796	0.0752403	0.02636212
0.008555692	0.07712383
0.02762144	0.06997933	0.01668117
0.02999307	0.002878172	0.003720511
0.01360583	0.005813678	0.01662265
0.03029091	0.01925532	0.01773077
0.032189	0.007886192	0.02727471
0.05325719
0.01799388	0.04877147	0.01950425	0.0560405
0.01282555	0.0006605673	0.04040706	0.0002033182
0.01084713
0.01751176	0.02882479	0.003237121	0.04950455	0.05595933	0.03460551
0.03998526	0.02162344	0.039853	0.01850836
0.009549375	0.008192228
0.04825401	0.01544403	0.05232314	0.02401686
0.03908721
0.03636255	0.05488761	0.03520515
0.01121679	0.03882194
0.07733053	0.01490894	0.01416562	0.03116066	0.01421613
0.01388496	0.0001350173
0.007673042	9.194688e-05	0.00409478
0.02885439
0.005069313	0.02028649
0.002431204	0.03874596	0.04075533	0.02694197
0.00887738	0.0128903
0.04297994	0.01581793	0.01263716	0.06036704
0.1093067	0.004402898	0.007196612	0.01817133	0.03185898
0.03894057
0.02003334
0.02952177	0.02580564
0.04313553	0.009253206	0.01070712	0.0003842538	0.005537246
0.02481214
0.01789595	0.01184053	0.0440431
0.007725778	0.06349526	0.001552155
0.05645188	0.07100194	0.05049559	0.01671572
0.02573015	0.02185213	0.03251653
0.001943322	0.0257538
0.01399682	0.03115936	0.01783908
0.02376713	0.04160884	0.006538521
0.01286081
0.02000286	0.002161779
0.01777695	0.001614454
0.004516943	0.0435031
0.02205167	0.02069897	0.0212355
0.02678953	0.03899749	0.001237579
0.004877177
0.007635893	0.02406697	0.001813547
0.07902746	0.009293624	0.01396998	0.02218638	0.01406724
0.03278899	0.04787714
0.06727102	0.02985316
0.01920069	0.06233045
0.001749555	0.002163251
0.03024172
0.01474826
0.00709401	0.02567864	0.02040196	0.00594902	0.02208219
0.02100004	0.01809102
0.01290807
0.03452691
0.02443356	0.0001717954	0.04859819	0.002714505
0.001976108	0.0591314
0.05405788	0.02921585
0.02724682	0.02384842
0.05264097	0.02678758	0.02163113	0.01219968
0.01053142
0.02178817	0.03120601
0.03476261	0.01827494
0.02488	0.01648072
0.03359548	0.0471408	0.008031466	0.06838088	0.05625421
0.03551281	0.02267392	0.006290168
0.0009171321	0.02075411	0.002957591
0.07576637	0.01908301	0.02731843
0.03136179	0.02066667	0.02612446	0.0200044
0.0167882	0.01863495	0.01123423	0.04176777	0.03228616
0.0419396	0.01402294	0.04536005
0.03094937	0.01766143
0.003335133	0.01474666
0.003329499
0.0002240903	0.01339257
0.004129138	0.004924762
0.02089997	0.01761743
0.02162224	0.0177366	0.01665423
0.01900785
0.02799566	0.01418583	0.0313305
0.06010191	0.01135383	0.01890132
0.07011967	0.01545538	0.002068392
0.08247177	0.01298093
0.03492917	0.02289222	0.01266384	0.06664967	0.04425707
0.02999645	0.06147932	0.006138598	0.008770262
0.00445107	0.02139031
0.0496272	0.03109385	0.02125429
0.00788093
0.01869968	0.007102514	0.03798144	0.04533445
0.0373809	0.01753975
0.02241261
0.02647974	0.009269799	0.05355037	0.04272516
0.02948136	0.02487175
0.007903059	0.04058425	0.008660646	0.01508038
0.01853299	0.03432357	0.02667515	0.08000373
0.006558957
0.03427117	0.02508864
0.01165005	0.01671326	0.02672077
0.01462722	0.004487173
0.02489483	0.01660161	0.01889764
0.0145702	0.02350904
0.00281741
0.01068219
0.02109539
0.0321207	0.003930272	0.03704454	0.006164033
0.02986271
0.004680533	0.0157609	0.0232779	0.007636318
0.06427417	0.0003319905	0.005524952	0.04007428
0.02116337	0.0020207	0.02552766
0.01673225	0.010882	0.03723297	0.03918627
0.01254754
0.01630309	0.04197784	0.03524743
0.0251164	0.02881372
0.003860998	0.03193009	0.05575423	0.04366617
0.01115825	0.01763994
0.0568276
0.05550392
0.04295984
0.04707022
0.02712503
0.01029087	0.009249449
0.01136587	0.01986084
0.03531817	0.005221191
0.04025927	0.02599652	0.01239186	0.01817851
0.01253157	0.0156993	0.0476235	0.03975255
0.03427316
0.0281955	0.04163885
0.006364666	0.02938313	0.00333226
0.03050537	0.03091225	0.1166247	0.0380959	0.01794823	0.01805441	0.01209343
0.04463226
0.04327852	0.01095531	0.03422045	0.03614547
0.0162898	0.005540825	0.03547711	0.01853651
0.04827891	0.02641574
0.02185642	0.03418012
0.03611377	0.05001344	0.02932464
0.02808851	0.03670978
0.03760565	0.02876805
0.03574241	0.04299069
0.04446772	0.04660285
0.02424203
0.024078
0.02047549	0.03909963	0.02450776
0.03178094
0.007221268
0.01103266
0.02841113	0.02630659
0.02768768
0.01605137	0.05025384	0.04966603	0.02590234	0.01296417
0.02275496	0.02446853
0.02965117	0.06478259	0.009795865
0.02834553	0.08355827
0.02210029	0.03818008	0.03160195
0.01245599	0.004840147
0.0281211
0.01267414	0.02144385
0.01187103
0.01987442
0.000345843
0.008806204
0.01747363
0.008110126	0.00205423	0.06749976	0.02202094
0.01292603	0.02561929
0.0253025	0.004384616
0.02610143	0.001494298
0.004067576	0.02488191
0.03886486	0.008984342	0.03121263	0.01412164
0.0251463	0.03069656
0.06579689	0.03188054
0.02396897
0.04091833	0.03501046	0.01096442
0.008270313
0.01940966	0.01108738
0.02248354	0.01506169
0.01933782
0.008200931	0.04917853	0.04427646	0.005795483
0.02540604	0.0301542	0.01790771	0.05421838	0.02417235
0.04332287	0.02591447
0.003980211
0.01929568
0.02060367	0.042531
0.01712526
0.03233	0.02825987
0.005205481	0.01029074
0.03272273	0.001484668	0.01642317	0.021654	0.03197639	0.05834154
0.009926618
0.02209315
0.02882694	0.02869606
0.02404004	0.03247336	0.03802786	0.05559335
0.0559448	0.02706371
0.03357619	0.01150134
0.01132522	0.04644172	0.00396672
0.03387378
0.02271784	0.04699003
0.01209494	0.006664556	0.05138125
0.006128397	0.03060205
0.0344274	0.02477994	0.01326333	0.01610955
0.04264786	0.0008414163	0.008206686	0.01491562
0.007595342	0.04348445
0.03395113	0.03015932	0.01015553	0.03456227
0.0130644
0.01744509
0.004996451
0.01622427	0.06476679	0.008884354	0.005049169
0.02273647	0.02169695
0.03810917	0.04785831	0.03306924
0.01057269	0.02146463
0.02953705
0.02805757	0.04940053
0.03077176	0.04182394
0.04620546	0.06156181	0.01532454
0.04576839	0.05292399	0.03883245	0.01127768
0.06273063	0.0486101
0.05608933	0.04130232
0.007039824	0.0185963
0.007945728	0.05407471	0.05778925	0.008858142	0.02172491	0.01522895	0.0113446
0.03160364
0.03926022
0.00683725
0.0134835	0.006212402	0.03853841
0.02581557	0.01861131	0.0465572	0.008397706
0.01079242	0.02049672
0.02337882
0.0002789265	0.02961971	0.02983568	0.05595665	0.03240792	0.01855614
0.03572118	0.03659194	0.01219909
0.04772165
0.03193892	0.08044738	0.02983919	0.01212757	0.009898762
0.005669511	0.05502157	0.04539799
0.02058081	0.04445219	0.02106336	0.05570405
0.00178862	0.02686243
0.005150446	0.03261879
0.01908814
0.01810997	0.01795717
0.008572974
0.04895168	0.004385855	0.0168832
0.02471262	0.002180826
0.002274389	0.007481414
0.03120669
0.02312329	0.0186578	0.01765007
0.06503176	0.01965933
0.02215532	0.02585934	0.04446862
0.009909347	0.02255452
0.03785587	0.0415607	0.0448223
0.06843158	0.02971883
0.02465177
0.02159792	0.02963571	0.006401338	0.02449613
0.03134988	0.04530639	0.09591179
0.009250669	0.0527781
0.04519059	0.04823148	0.01789962
0.06692236	0.03984386	0.02482946	0.02560684
0.03987144	0.04204802
0.02470021
0.01205566	0.02513185	0.02506963	0.01794354
0.02861554	0.01113537
0.02879995	0.05506096	0.008387034
0.02623719	0.02812097
0.03317304	0.04023037	0.03184572	0.01141927	0.0105837
0.005759023	0.01190448	0.001301393	0.05473606
0.01723318	0.04099694
0.02238166	0.03341324
0.02077945
0.03073153
0.05897802	0.02048713	0.03413841	0.04833955
0.01547819
0.01632428	0.04256767	0.008124073
0.03555429	0.03656241	0.009768059
0.01468334	0.03634682
0.03918903	0.01736219
0.01946747	0.02484443
0.05324231	0.01460406
0.009410873	0.01433223
0.03970293	0.06775992	0.03432492	0.01590998	0.04457512
0.009840551	0.008443544	0.04296654	0.03180227	0.003748725
0.0122752	0.002427371
0.008218925	0.05430921	0.02012657
0.02266992	0.03070279	0.01984934	0.05915103
0.00328405	0.009115652	0.02643679	0.005150256	0.04538756
0.0255813	0.009444311	0.06460217
0.00542019
0.02177959
0.006380528	0.02880931
0.04438192	0.03035776	0.03135217
0.01829757	0.04057501	0.0138167
0.001412314
0.03337818	0.0127847	0.01276095	0.03071131
0.0004367477	0.04161394	0.0107404
0.0127056	0.03627492
0.01131474
0.004849084	0.04103396
0.009907183	0.0102387	0.01586476
0.02308671	0.03223736	0.05857925	0.04381385
0.02991402
0.03808257	0.01790837
0.01959982
0.001060742	0.003603406	0.02807358	0.06596536
0.008296107
6.288628e-05	0.001828078
0.04683049	0.01259418	0.04089875	0.007429112
0.04997583	0.0303234
0.04444582	0.02724826	0.04382016	0.0137236	0.0374589	0.0109447
0.02602066
0.01729844	0.03437064	0.04280379
0.01892718	0.01645937	0.04428826	0.02496128
0.009031661	0.04443623	0.01626063	0.05726812
0.03943906	0.02997402
0.01607965
0.00712452
0.01197493	0.03314877
0.002237765	0.001335624
0.03213116	0.003102805	0.01364055
0.001906571	0.009685276
0.03104074	0.03517512
0.06024321	0.04001193
0.07289785	0.009927373	0.01430331	0.003019367
0.00365391	0.001519546
0.0192022	0.0381602	0.08550801	0.01507764
0.0139861	0.08994888	0.00621684
0.01529377	0.04220744
0.0301781	0.01429666
0.03678523
0.07558325	0.01633911	0.01355535	0.03547868	0.02526893
0.02730151
0.004649833	0.01517627
0.001134142
0.005245978
0.008430897	0.02358602
0.001778623
0.008939536	0.0063792
0.0104607	0.00311115
0.01506779	0.005018352	0.02278591
0.001644097	0.05666329
0.008453793
0.01120885
0.002070086
0.01146536
0.005392781
0.02462632	0.01604294	0.01181166
0.005961351	0.02177889	0.008811143	0.001335475	0.02292132
0.009565554	0.06671579	0.01021695	0.006255185
0.007537889	0.03583209	0.03807938
0.02493138	0.005383738
0.0003737977
0.006220251	0.03394399
0.004934281
0.03329641	0.01194801	0.009746822	0.04780257
0.004534406
0.02525739	0.004246843	0.0027025
0.0164205	0.01885681
0.01183426	0.02649822	0.009944455
0.01970908	0.01525205
0.0185352	0.03170052
0.02289105
0.03804111
0.05475315	0.05572525
0.03600551	0.0012357	0.04022755
0.07158249
0.0535918
0.03779233	0.0529152
0.04103654
0.06390434	0.01809549
0.01814714
0.03190324	0.03349848
0.05132586	0.04328839
0.05596749
0.004948565	0.05507636	0.02129076
0.0428358	0.05634723	0.008050752
0.04375624	0.07216662
0.03878788	0.04092911	0.01861579
0.02105448	0.04029861
0.04351151	0.06386655	0.03696453
0.05337032	0.05090315	0.07993533
0.04758125
0.0213638	0.07041164	0.06071528	0.02114971
0.01327992	0.02787201	0.04905119	0.01946952
0.0132369
0.02241963	0.01287352	0.002893849
0.01300147	0.003887251	0.03162389	0.07285053	0.0007131768
0.03348502	0.03835257
0.007412499	0.04358168	0.04631488
0.02768045	0.05868914	0.02037397	0.04475937	0.07764463
0.02623603	0.07070672
0.01206127
0.02894057	0.05823902	0.01560594
0.05863756
0.04467419
0.001977246	0.03161119	0.006139682
0.00946154	0.04125561
0.04497236
0.04339471
0.04173257
0.04592458	0.04177287
0.01940182	0.02933377	0.02900768
0.02976582	0.05708112
0.07532525	0.05581946
0.03748578	0.004417875	0.04440391	0.002256338
0.02753589	0.04782404
0.04000061	0.04762214	0.07358125	0.05567688	0.03389918
0.04698096	0.05115803	0.03107873	0.05135385
0.01720891
0.03637548	0.04690635
0.02797359	0.0359221	0.04595503
0.04283432	0.03233742
0.04387536	0.05565248
0.02298051	0.04606484
0.06034283
0.05798332
0.01782368	0.007318459	0.03773658
0.02262535	0.03523718
0.02548001	0.02221983	0.007541057
0.01239692	0.03146596	0.05015014	0.06947357	0.02239237
0.03587788
0.03393331	0.05769127	0.05116365
0.02237745	0.02595492	0.04753371	0.05216395
0.000146662	0.04181551
0.02251306	0.05006096	0.039032
0.03597808	0.03449365	0.008471705
0.07314592	0.04941992
0.01115303	0.06043729	0.05113773
0.03218904	0.05980158	0.01518461
0.04815404
0.02648091	0.06075382	0.03094755
0.003644675	0.02585364	0.03828514
0.03181742	0.0163188	0.07227306	0.03320828
0.04823106
0.02045739	0.04105089	0.01935968
0.03887267	0.06026011	0.04583908	0.04088892
0.0192957	0.03067825	0.01724135
0.03928901	0.05459612
0.03515298
0.03372485	0.02589184	0.03682341
0.02764119
0.03243068	0.05759809
0.06730614	0.0390262
0.05315528
0.008220168	0.02469958	0.03122882	0.03837017
0.02939619	0.05184493
0.03808064	0.05879753
0.009423993	0.05964715
0.05569779	0.04658944	0.01199454	0.07852254
0.04246781
0.01160017	0.05565398
0.003325567	0.07048463	0.04426591
0.004499586	0.02794958	0.02762223
0.0359234
0.004165625	0.03449397	0.05955843	0.02368412	0.01333453
0.00502395	0.03530006
0.0151211	0.03439719	0.04306037	0.01918685	0.01104966
0.04525796	0.03097259
0.05345869	0.02962342	0.02572519	0.05189648
0.02318894	0.03029252
0.02420969
0.03607093	0.01696606	0.01894783
0.01312673	0.01564662	0.02478967	0.03487825	0.01399288	0.02289139	0.01438781
0.002082694	0.0004278227
0.01902542
0.03310166	0.02830213	0.05615633
0.04196531	0.01933469
0.007433382	0.03577453	0.01829786	0.02790233
0.03867124	0.02997764	0.01412077	0.007748257	0.01577074
0.007811819
0.04341782	0.02341402	0.01522322	0.02778096
0.04307433	0.04824669	0.007184287
0.04184389	0.0146631	0.02106159	0.01814782
0.03408388	0.05656712	0.02774168	0.01029561
0.01136808
0.02896439	0.01683582
0.01594697	0.04277504	0.03268517
0.02031021
0.02136415	0.03965477	0.0297358
0.02578562	0.04268062
0.03919463	0.03678036
0.03291227	0.03729895
0.06819227
0.03302113	0.0612705	0.008030814
0.001893877
0.02809127
0.02982487	0.04354441	0.05406377	0.01071781
0.02850335	0.06160969
0.05633509	0.04239142	0.04030331
0.05306719	0.01854544
0.0190769	0.0209025
0.02502042	0.02531383
0.04033923	0.02442083
0.005818389	0.04058681	0.01326517	0.04254945	0.04923066
0.003848211	0.03265903
0.06727678	0.03688837	0.001215948
0.05346548
0.02516121	0.03208143	0.04396996	0.04068956	0.01758549	0.05062037	0.06960739	0.05770723
0.08415814	0.06309894	0.06724867
0.05213819	0.0418537	0.04635081	0.01414747
0.03727571
0.04399049	0.02188992
0.01970191	0.04256533	0.004170719
0.03645796
0.04434578
0.07303535	0.0271411
0.0563005	0.06127615	0.04046859
0.007592856
0.004252714	0.0148302
0.03995016	0.01912439	0.04634162	0.001946463
0.03743573	0.0330569	0.008294462	0.01862043
0.01562545	0.04003063
0.01979692
0.0354864	0.06503822
0.06582542	0.05994211	0.02679284	0.05111831	0.04298989	0.001837438
0.005398248	0.01596915	0.01815513
0.03255104
0.01498596	0.01679308	0.0641844	0.023579	0.01914459
0.02400219
9.201402e-05
0.01146544
0.02048473	0.01125311	0.02164016
0.0001565719	0.01864338
0.005148501	0.007827371
0.003293791	0.04307504	0.0632759
0.008220452	0.002026887
0.01580393	0.01199691	0.03853241
0.02698729	0.03413769	0.02477665
0.01414334	0.02307234
0.02847669
0.03822145	0.03944882	0.03162721
0.03358361
0.02368277
0.0323275	0.0140906
0.0005039905	0.006648416
0.01119267	0.019889	0.02039177
0.04744931	0.0147087	0.003534099
0.0006301891	0.009235039
0.0003679031	0.04915767	0.05405814
0.05516528	0.01850187
0.004399314
0.03669278	0.01896315	0.03256242
0.01005907	0.02236921
0.01653814	0.01125557	0.03182942	0.03283417	0.006874904
0.01002305	0.01801612	0.01902792
0.06371633	0.009039606	0.01822807
0.01617281	0.02739894	0.008930512
0.0205737	0.01218082
0.03346292	0.01837922	0.008877487
0.01456648
0.03249022	0.01431744
0.01671003	0.002622621	0.001339813
0.04120782	0.008559259	0.02006364	0.009614593
0.02279
0.02215992	0.03883012	0.02014009
0.01507758	0.03500105	0.03213451
0.02149694	0.01727567	0.02525682	0.03848218
0.007536757	0.0193948	0.01243541	0.03495933
0.002720871
0.02701708	9.655392e-05	0.003239245
0.01298582	0.01074412
0.009229919
0.01051281
0.02679861	0.02161954
0.002895772	0.02496009	0.003757006
0.03003116	0.02817206
0.001819212
0.0003949567
0.007924508	0.008545396
0.000524583	0.04189406
0.001833757	0.007775119
0.01051179	0.01122459	0.08107483
0.004409276
0.01760717	0.01749608	0.03073817
0.02578439	0.01835187
0.02779562
0.00499154	0.04353373
0.01719293
0.006380337
0.02031471	0.008669348
0.02307866	0.008116468	0.008687278	0.02475358	0.007768305
0.03318572	0.001290952
0.02176385	0.0129953	0.04989152
0.007935993	0.01385313
0.001902118	0.05893655	0.002315997	0.03118068	0.01512919
0.0001510646	0.01860695	0.01112287
0.02852263
0.01396561
0.003235718	0.0448054
0.02233815	0.04179134
0.0376637	0.03173321	0.003964723	0.02126418
0.01649154
0.001087582
0.02577282	0.001712328
0.01408782
0.007411499
0.02129689	0.004415881	0.06284131
0.003869793	0.001457458	0.06334359
0.01070106
0.0176135	0.01300005	0.04941659	0.08301101	0.01278668
0.009969559	0.01200599	0.04038592
0.03781148
0.02591875
0.01111273	0.0457759
0.02887983	0.06060549	0.03276035
0.001141099	0.02914953	0.04876385
0.0324717
0.04691738	0.05613089	0.01986562
0.004894838	0.03725053	0.01659226
0.02169526
0.05979238	0.03895494	0.05636811
0.0091125	0.02356542	0.04256651
0.06253709	0.05510678	0.08568468
0.0368268
0.01739287	0.02026055
0.02680962	0.02494715
0.03815774	0.03301048
0.07557215	0.01098429	0.02086821	0.05895854
0.008422955	0.02536452	0.03080229	0.07461481	0.04059873
0.02668392
0.02103005	0.03081144
0.004474387	0.0001997759	0.002929287
0.009503329	0.002889181
0.0100617
0.01857369	0.07343316	0.008701688	0.001989013
0.02262877	0.02208044
0.04100241	0.01102058
0.01041789
0.01473406	0.02935309
0.01343467
0.02328047	0.01616936	0.01357007
0.03440729	0.0007037229
0.04109656	0.00153927	0.05138396	0.01276957
0.02454056	0.0352876	0.0009486612	0.04827959
0.01973655	0.0234886	0.01265367	0.003268459
0.001615206
8.953258e-05	0.00167993
0.008242794	0.01467813
0.002448992
0.04813755	0.03045504	0.008182135
0.01926242	0.005697873	0.02020463
0.01671674	0.01045374	0.01248997
0.01292181
0.02981072	0.004760808	0.01221101	0.01801688	0.05041226	0.02376891
0.01338749
0.01733871	0.01497965
0.0114282	0.006452383	0.03871289
0.03834199	0.03933311
0.03525288	0.04901462	0.01117477	0.007461818
0.06796339	0.05475149	0.0002621675	0.03375465
0.01394115
0.02650192
0.005896079
0.06604884	0.02206066	0.05267061
0.01663859	0.03442337	0.02471201
0.02968682	0.002223691	0.02278464
0.02394485	0.005348695	0.01072363
0.01872641
0.02749293	0.00174224
0.0181479	0.01767784	0.05931237	0.04758954
0.02219342	0.02030834	0.03162139
0.02273368	0.01516907
0.04243876	0.0369215
0.008009738	0.005233812	0.02866784
0.01093631
0.00759242	0.03158321	0.03392063	0.009670748
0.004180976	0.003200195
0.01762886	0.006202062	0.003201383
0.02741096	0.01776956	0.02626581	0.03806195
0.01965294	0.06546917	0.005150725	0.0481422	0.02156398
0.006785048
0.01691474	0.002062101	0.006533269	0.01854648	0.03958462
0.004973211	0.001248498	0.04042967	0.01513798
0.006840132	0.03553059
0.05919435	0.02176981
0.01654458
0.03756334	0.03426857	0.005500386	0.01190311	0.06065219
0.003396297	0.004816381	0.0211916	0.0652393
0.04492889	0.03198617
0.009899296	0.01609217
0.008784346
0.05600698	0.03075783
0.03427294	0.04959932	0.02043561	0.005647124
0.002208798	0.04012886
0.01210405
0.02088829	0.02535268	0.03940248	0.03766116
0.04142669	0.0386995
0.04094627	0.05313393	0.00890052	0.01931032
0.04983704	0.01000757	0.01563034	0.008436026
0.03257617	0.006983151	0.01369863	0.02061579
0.03115692	0.02951009	0.02665809
0.04455073	0.0397147
0.03637781	0.01875879
0.04974935	0.04018816
0.05750856	0.001285688
0.1010351	0.06355866
0.04355886	0.03284162
0.04342117
0.04556252	0.007036395
0.04417816
0.02746389	0.01490449	0.02385749	0.01115552
0.006474148
0.03392214	0.03865525	0.01227161	0.0429661
0.00982802
0.0321299
0.01550341	0.01215321	0.04195989
0.00634942
0.0135909	0.02071656
0.01146512
0.001557223
0.005202514
0.03191864	0.006133099	0.03342295	0.0328821	0.043627
0.03208918	0.01453936
0.01454829	0.02165661	0.02814194	0.03434355
0.02777058	0.03628193
0.02960357	0.02810282	0.01712947
0.01691291	0.002112138
0.004163003	0.0002877875	0.01804628
0.0313412
0.006395267	0.007998864	0.0002270895	0.007755825	0.0163017	0.03693556	0.007313872
0.0797071	0.01688417	0.05114655
0.01465881
0.009912852	0.04022229
0.03934346	0.06768468	0.01813037	0.02719541
0.0390471	0.01197636
0.03510591	0.001246558	0.0200824
0.04838183	0.003826855
0.009698369	0.04875529
0.01372144	0.0345565	0.01473343
0.02926055	0.02487814	0.001612638
0.01134884
0.01355908
0.02920159	0.002009463	0.0612092
0.007411101	0.006382377
0.02448877	0.008159581	0.01005377
0.009032293	0.02320464
0.02151844	0.006946312	0.0287481	0.01050464
0.02204588	0.04589734
0.04219691	0.02672285	0.06180734	0.0125212	0.04381671
0.007728457	0.0476605
0.004526507	0.02118486
0.05707095	0.03955869	0.03805148	0.02933022	0.04578896	0.04299006
0.04188813	0.009486826
0.01065838	0.05315546	0.02684446	0.02525776
0.0273569	0.03817043
0.01146066
0.01300266
0.01913775
0.005968295
0.06827387	0.02929252	0.04826552	0.03143638
0.03076016	0.03690473	0.03992417	0.07385947
0.0247716	0.02231473	0.04595462
0.05462181	0.03536058	0.01370427	0.01651764	0.02816278
0.01009624	0.03062518
0.02615233	0.03343937
0.009765318	0.0261062
0.0172248
0.004325951	0.03005625	0.0199831
0.02081384	0.005912952
0.01997197	0.03103097	0.02145031
0.008626097	0.04237345	0.03767012
0.009916637	0.03608579
0.009611111
0.04911092	0.04749166	0.02736996
0.017399	0.01003013
0.004481291	0.02067692
0.002933818	0.003962775	0.002720854
0.02790089	0.0625591	0.01359082
0.002424693	0.004546198
0.00455378	0.02075502
0.06716256	0.03055161	0.03460956
0.0110854	0.04486709
0.01400122	0.02938265	0.02768224
0.01467366
0.03886892	0.03746689	0.03332793	0.01497983
0.02431109	0.04909559	0.004821026
0.003748775	0.01394716	0.05693852	0.01375885	0.04915058
0.004412526	0.02593064	0.01500032	0.04500049	0.02572728	0.03406587
0.02745138
0.03246467	0.03242873
0.02829042	0.01728149
0.03535054	0.01063311
0.01840452
0.02114002
0.0219476	0.03675726
0.02852903
0.02236228	0.01294349
0.006578729	0.0591631	0.02474584	0.04261961
0.006779506	0.01827491	0.03336504
0.01402697	0.07165419	0.014612	0.002470831
0.04295216	0.0396656	0.04300316	0.04096982
0.01273315	0.04468812	0.05853612	0.0206687
0.02043832
0.05118657
0.04930751	0.03978842	0.01531783	0.03583084
0.02409114	0.04680903	0.06839497	0.05762424	0.01159395
0.05116798	0.03056062
0.02248139	0.0288637	0.01285143
0.02804096	0.004703723
0.01367512	0.03048412	0.0753603	0.03558796
0.03617662	0.04450309	0.03269039
0.0192843	0.04394202
0.02191562	0.04575457	0.0252694
0.009728503	0.03157207
0.05903131	0.01057126	0.07329318	0.02830254	0.0342389	0.04195726	0.08424044
0.07038387	0.08452219	0.02977547	0.01547029
0.04997194	0.06589782	0.04218138
0.03589226	0.06400367	0.006396362
0.0258522	0.02602848
0.0119668	0.0339148	0.04277834
0.01101673
0.07305149	0.05134453	0.03133513
0.0674366	0.03917301	0.03658663
0.04261279
0.04660316
0.03714689	0.06004895	0.01076344	0.0550942
0.02603969	0.06897494	0.03590363
0.02278893	0.02797815	0.05954227	0.002397431	0.03132542
0.04787923	0.03076375	0.01553788
0.04857553
0.004793847	0.03017808	0.05610572	0.005508162
0.04415587
0.05177375	0.02063975
0.01197054	0.0317445
0.03023695	0.05048688	0.04234187	0.04557791
0.05239678	0.02381239
0.0436108
0.04463669
0.02278685	0.02284567	0.02354188	0.02951899	0.0187925
0.04037918	0.02971736
0.05487779
0.06460491	0.02604012
0.06933584	0.04420991	0.00209259
0.03807433	0.04393782
0.03483599
0.03780621
0.04025898	0.06331975	0.002331429	0.0008327884	0.02007417
0.02631733	0.03185932
0.03713919	0.03502243	0.02883272
0.03227979
0.02919724	0.04348273	0.01901765
0.06010819	0.01360679
0.05318195
0.06881863	0.05350187
0.03102882	0.06857779	0.01676251	0.08552111
0.01582862	0.06289839	0.0164326
0.0008590914	0.07875792	0.07123587	0.05775926
0.004030672	0.0564246
0.06475008	0.06311083	0.05250148
0.01089498	0.03983879	0.06328398
0.06224034	0.05113083	0.04853909
0.0159484	0.02939274	0.09242934	0.02197458	0.04062385	0.023101
0.0006055312	0.0020153
0.006750208	0.005487222
0.01063273
0.03027339
0.07519886	0.02323422
0.03558754	0.04750851	0.007954778
0.0072081	0.04102457	0.008894369	0.02828561
0.0005673701	0.03342873
0.02968014	0.02962397
0.06823981	0.04053283	0.02988252	0.05558056
0.05185211	0.0610423	0.0182786
0.04806181	0.06093177	0.04593792	0.04585483
0.04747096
0.03434911	0.03631826	0.04058575
0.0007022846	0.05767212	0.02920601
0.01955994	0.04396595
0.04791234	0.03170021	0.06320294
0.05751769	0.05675166	0.02774243
0.02130559	0.04530504
0.04934547
0.01718725	0.03879692	0.01891193	0.02311209
0.01188077	0.03681136	0.0270836
0.03925465
0.01408338	0.07768058	0.02565339
0.0004585235	0.04053865	0.06342038	0.006914069	0.04372077
0.01257495
0.01754838	0.004213658	0.01014443
0.0289085	0.03127594
0.03100269	0.08667192
0.0292936	0.01902463	0.05210605
0.02032895	0.02052506	0.001514977
0.05067318	0.04839319	0.006164147
0.04350794	0.01545397	0.01870481	0.02653951
0.02113448	0.08269853	0.006752643
0.05482878	0.01644523	0.02444264	0.02301611
0.008182396	0.01518226
0.06687462	0.007955932
0.02877971	0.01130988	0.001187326
0.0364382	0.03756613
0.003666391	0.008720531	0.001436437
0.003543704
0.04430547	0.01802603	0.01038755
0.004596571	0.02706355	0.0427627
0.006075265
0.008581012	0.01316719	0.05295579	0.007808889
0.03971447	0.03084589
0.01600109	0.05280784	0.04023643
0.03015007	0.03699523
0.011073	0.0403378	0.01286337	0.01342222	0.04915162	0.03851939
0.01193202	0.04039239	0.06052923	0.04457344
0.02407937	0.03773533	0.04345599
0.07637049	0.0477809
0.04975448
0.03719072
0.02411282	0.01101873	0.004391353
0.05043651	0.03205974	0.005525084
0.02386606	0.003783639	0.05722156
0.01070833	0.04828199	0.02125663
0.02593026	0.02899145	0.06164684
0.02426504
0.004421884	0.03163929
0.03462998	0.0449282
0.01103418	0.03276063	0.04108798
0.004225497	0.0438301	0.02484217
0.009394132	0.03828458
0.03467293	0.02254123
0.02124359	0.05199727	0.04276486	0.002698182	0.03083209
0.02479287
0.02064673	0.005273301	0.03760452	0.0149051	0.02377402
0.02707922	0.02524116
0.01383665
0.006225281	0.01583307
0.007174886
0.02845766	0.05566601	0.03380908
0.03146873
0.007935647
0.02897557	0.03166459	0.03876787	0.03565333
0.01111854	0.03135719	0.01105613	0.01572217	0.03440341
0.02248439	0.04368565
0.06005472	0.04622952
0.04596606	0.04798845
0.02732493	0.02504972
0.00857595
0.01972899	0.01964395
0.06726749	0.02400366	0.02316378	0.0563452	0.03684733
0.03518054	0.03634681
0.04081353	0.03454634
0.02391919
0.03668757	0.008806987
0.04667791	0.02884676
0.00459362	0.03483513
0.0309842	0.05843273
0.006342119	0.03875064
0.06396818	0.04880733	0.01745909
0.01477712	0.0695835	0.007863894	0.05773709	0.04797072	0.05366211	0.05378057
0.02356045	0.03450603	0.06997733
0.03919326
0.02832405
0.003126804	0.04151134	0.0617242	0.04841053	0.03002538
0.006020483	0.04232654
0.01362742	0.0534785
0.03085235	0.006713853
0.04234685	0.0418146	0.0368686
0.0271492	0.01612942	0.0462526	0.04051392
0.0322674	0.03244234	0.0401907
0.02722757
0.0112499	0.05059261
0.01306964	0.01816789
0.04123011	0.02835526	0.03283143
0.05183425	0.002268949	0.04428617
0.04228073
0.03507546	0.02867274	0.01961452
0.09754282	0.009579067
0.004983883
0.01177888	0.001940693
0.02762193	0.0004615164	0.04593367	0.03002797
0.0474562	0.02308409
0.01596582
0.01245094	0.02247265	0.01740613
0.04569886	0.01381993	0.05336411
0.02562026	0.04904067	0.01541414
0.002334194	0.0637487	0.03284395	0.04697155	0.05047786
0.02390873	0.01333963
0.04323093	0.06805222	0.03538071
0.04491875
0.04365884	0.03812721
0.002879508	0.02024016	0.03514437	0.0316095
0.01191218	0.03174119
0.04565368	0.03576035	0.05533506
0.02066477	0.0001145729	0.02456607
0.01810537	0.06185394	0.02543709	0.02453184
0.02156484	0.04577614
0.03636723	0.001277157	0.0248579	0.01939287
0.04345728	0.0130935
0.015098	0.01643023	0.01024616
0.01115782
0.0186765	0.01512418	0.03848478	0.01268924
0.03434114	0.01788411	0.07751398	0.01366932
0.02003423	0.03460815
0.00957337	0.04194496	0.008707788	0.02818038	0.01676982	0.01488439
0.04036026	0.04679067	0.01199462
0.05918795	0.04095507
0.05649245	0.04370524	0.0221758
0.0392621
0.04100617
0.07727412
0.06563716	0.05737001	0.007703658	0.0246641
0.02658021	0.04175661
0.04718501
0.03208193
0.01185935	0.02677599
0.06123661	0.03814865
0.04554787
0.01062997
0.0005197992	0.01484659
0.005885932	0.05265109	0.01328144	0.03638339
0.009003007	0.04364247	0.03129732
0.0349334
0.00583369	0.05251618
0.0321504	0.01373152
0.01625389	0.03632566	0.03446613	0.03163591
0.02609756	0.04006401
0.002007879	0.01711448
0.008585054	0.01863986
0.003261591	0.02098239
0.03126573	0.01218168	0.02385939
0.0005592406	0.01129226	0.0427973	0.06087681	0.03305457
0.001700118
0.008620462
0.02462459
0.06052255	0.009209495	0.03279157	0.02237928
0.01161045	0.04717633	0.002922492
0.02609705
0.01576357	0.009711799	0.007228491
0.009146123	0.003726218	0.00713533
0.002730152	0.02215355	0.01897104
0.06046073	0.01811867	0.01385722
0.02039065	0.02172897
0.02072152	0.03355145	0.00358578
0.03020501	0.006677739	0.06439464	0.01223067	0.05131486	0.05620022
0.02969652	0.04926629	0.01228369	0.03172089
0.04469272	0.004243544
0.007781439	0.01732097
0.03830486	0.008162705	0.01738907
0.03129718	0.00217544	0.01375275
0.01165871	0.02286811
0.01078366	0.03052353	0.004171287	0.01650332	0.04708757
0.01895571	0.01134386	0.0188822
0.01782695	0.02266729	0.06032257	0.01023506
0.01090669	0.03315935	0.02036011	0.04832891
0.03385767
0.009271685	0.04019421
0.02307335
0.0251834	0.004479124
0.01103674	0.0007738535
0.01718103
0.01730632	0.01164466	0.03859966	0.01507244
0.0190335	0.00626247
0.04890302	0.005472732	0.007530563
0.02381484	0.001241119	0.04432759	0.01041656	0.04935607
0.002118334	0.03715483	0.01078593
0.01149018	0.01020729	0.08061171
0.03221717	0.02486018	0.006709572	0.02809236
0.01379502	0.006605786
0.008831527	0.01643641
0.05718269	0.03802971	0.04847328	0.01356785
0.04314384	0.01530876	0.02035366	0.01485144
0.010491
0.03495133	0.01370641
0.01304362
0.03211536	0.03593363
0.0196706	0.01555453
0.0561473	0.03695406
0.01260105	0.08644222	0.05112304	0.04323909	0.0261302
0.06570429	0.03130618	0.0170254	0.007239053
0.01802586
0.05567059
0.07259227	0.0294909	0.0626654
0.009515377	0.01487501
0.01659467
0.01484124	0.07351873	0.02340443	0.07109942
0.01393062	0.05747968
0.001864724	0.03390896	0.07019866	0.0354504	0.01826049	0.03204592
0.03451484	0.02230063	0.04116651	0.02559726
0.02847426	0.01352071	0.02332359
0.03129857
0.0383013
0.01445643	0.03264359	0.01324511
0.04554423	0.01277318	0.05083391
0.03337847	0.02497609	0.04690415	0.06274662
0.01678449	0.04438019
0.02817183
0.06691349	0.04056184
0.04557844	0.03319329	0.04378567
0.04692395
0.01068679	0.04382931	0.02494181	0.06009753
0.02342928	0.03944882	0.02504942	0.00952711
0.02760554	0.008183449	0.06971009	0.008211668
0.01835102	0.03474083	0.06446596
0.01905268	0.03343959	0.00508198
0.02208933	0.03812905
0.04308088	0.03925945	0.01775608
0.003013992	0.05338668	0.04728558	0.01734151	0.04063897
0.03166035
0.03941322	0.05415292	0.01930584
0.03234588	0.01508275	0.06439521
0.006130928	0.05943507	0.01389717
0.02160481	0.05028343
0.02904788
0.01324732	0.08781108
0.02625182	0.1010004
0.01303373	0.02929046	0.009133
0.0006687954	0.05196103
0.0237823	0.008589041
0.008194794	0.004452595
0.01360832	0.011322
0.02049247
0.03058896	0.009732641
0.02277905	0.03886004	0.003444457	0.03178512
0.02666494
0.05454555	0.01930584	0.009095519	0.02469013
0.01565114
0.01129065
0.01665518	0.02990475
0.008195097	0.02356084
0.03690569	0.01499762	0.02111535
0.01225656
0.01223491
0.006484529	0.01363286	0.01695833	0.01279848	0.040185
0.02405485	0.00875111
0.003109758	0.05419386	0.001540494
0.06520076	0.00653083	0.008122872	0.03436924
0.01249247	0.02054815
0.05929517	0.02157579	0.03254008	0.02851594
0.03947516	0.01206373
0.02071203	0.02644012	0.007014664
0.007035326	0.03870462	0.01022952
0.02217703	0.03525682	0.04390049	0.02457203
0.04482794	0.02473882
0.01342858	0.01698298
0.005345049
0.01007623	0.001958129
0.005691778	0.01120315	0.03141868	0.01374733
0.03775466	0.02809839
0.005662417	0.03003607	0.02642727
0.001451217	0.02397172	0.005459759
0.005212672	0.04905416
0.004197202	0.01670729	0.0277802	0.009285627	0.0389212
0.02052	0.04307997	0.04655223	0.04307739	0.04906298
0.02658006	0.05299405	0.04696325
0.03771095	0.03070771
0.006253949	0.01356961
0.05019598	0.009260859
0.01857318	0.008083954	0.07914239	0.03351748
0.026929	0.06286825	0.02330571
0.01317987	0.02536375
0.06198895	0.0153483
0.03222643	0.01147477	0.007669129
0.01478388
0.03859217	0.02831957	0.01083375	0.01318542
0.01410156	0.03269043
0.02585884
0.02132158	0.01639669	0.04363072
0.06049041	0.01732877	0.0236218	0.0203984
0.04358875	0.03493773	0.02972452	0.00476696
0.02059328	0.05773759	0.005869915
0.03227677	0.00445965
0.01532146	0.03763278
0.009701142	0.005571308	0.01928082
0.01667739	0.01749208	0.02916704
0.01940775
0.03363859
0.03339181	0.03370051	0.0702764	0.02295426
0.02796396	0.084362
0.007365744	0.07227705
0.01871057
0.06041193	0.02739843	0.04294242
0.0416168
0.04676754	0.02990683	0.03758973
0.01871757	0.04130871
0.01945551	0.05348857	0.001130723	0.005267543
0.03302183	0.04717641	0.02622493	0.04117757
0.04356859	0.02973621	0.003958039
0.03688819	0.00182325
0.02659746	0.01264109	0.0447754	0.06309326	0.03355525
0.003326864
0.02337083	0.0227216
0.02003966	0.02114069	0.0214124
0.00556022	0.04613434
0.001193678
0.02536319	0.02413446	0.0414358
0.01755409	0.02824367	0.04649336
0.03625223	0.06368471
0.03025645	0.03855887
0.01301625
0.02538336	0.04421745	0.01488429	0.05493108	0.02998173
0.02227364	0.01604906	0.05457509
0.006326503	0.03873265	0.1028193
0.01473627	0.06279462
0.01192525	0.03758884
0.0134837
0.02440453	0.05008214	0.04765856
0.06391197
0.05133495	0.04720346
0.04170027	0.05192224	0.04119284	0.05290273
0.02248942	0.03358891	0.04429329
0.01463579	0.01642931	0.003179294
0.02576842
0.009461537	0.005101315
0.06001516	0.02045095	0.02448233	0.02148874	0.03421059
0.02881912	0.007774362	0.04627107	0.03252295
0.01208267	0.04259447	0.007222085	0.02539527	0.03895858
0.05084049	0.01807108
0.007747523	0.02371352	0.07208357
0.04855334
0.04005481	0.0186025
0.02936788	0.01379784
0.02768487	0.004560954
0.02915103
0.05960231
0.04437038
0.006825992	0.01769858
0.01447057	0.0185594
0.05273827	0.03522472	0.04062157
0.009323907	0.04210602	0.009880058	0.04228873
0.02012965
0.03621446	0.01441185
0.003886462
0.0293524
0.02610064	0.02270666	0.02305439
0.02045104	0.01293471	0.04810651	0.04105317	0.05458453
0.03291232
0.006032235	0.0392313	0.03867553	0.0124539
0.04329094
0.04492846	0.02395734	0.04960055
0.01270326	0.05953182	0.01193862	0.01520454
0.04564305	0.03497302	0.05487246
0.01607698	0.0431376
0.02730354	0.04435377	0.05987416
0.01933021
0.02819167
0.03630398	0.04679493
0.0452586	0.01799723	0.05644267	0.02446196
0.02314703	0.05397547	0.03015281
0.02738851	0.02848191
0.02970634	0.01928628
0.05978572	0.04183834
0.03028898	0.03709849
0.007112033	0.04161428	0.02081472
0.05880082	0.06421535
0.02076185	0.0469885
0.03330473	0.04328737	0.03538472	0.002404805
0.01675954	0.0204688	0.01314033
0.0503995
0.03848189
0.002786405	0.07436576	0.01822901	0.01245401
0.04313362	0.01797179
0.02374355	0.03951652	0.01171311
0.01750437
0.03541759	0.01269716	0.01791257	0.03911006
0.03306047	0.03097923	0.004249942	0.02936217
0.01528402	0.05041816
0.03832796	0.05531616
0.05213221	0.05786837	0.02143001
0.02818276	0.05522785
0.04044125
0.02765617	0.00229455	0.04228975
0.03883953	0.03235601
0.02598643	0.03079897
0.01353221	0.04858808
0.05665461	0.01405359	0.01627669
0.01584276	0.0250089	0.04161241
0.04148846
0.00532412	0.04001114	0.03094482
0.01180854	0.03923383
0.02101269	0.03596824	0.05172781
0.04643038
0.01189633	0.05097719	0.02497982
0.02250459	0.02751621
0.04997362	0.03470984	0.05162078	0.03903079
0.06469756
0.006848651	0.007094245	0.02678947	0.06247645	0.02803244
0.02084785	0.02366906	0.06113115
0.08591815	0.06898852	0.03706969	0.01938005
0.02396254	0.0719882	0.02563444
0.004534215	0.04941155	0.04951034	0.07949334	0.004461433
0.04522378	0.06984827
0.03857064	0.06173963	0.05456488
0.06225976
0.0290742	0.03304797	0.02392879
0.004787644
0.03658058
0.04996285	0.03967504
0.04084155
0.004860903	0.01655996	0.02045602
0.0169833
0.01787297	0.002109129
0.02970216	0.03890083	0.03600341
0.04733604	0.03763685
0.03590884	0.04024428
0.04500541
0.06533162
0.01413219	0.05911501	0.09743765	0.07022907
0.04570331	0.04690435	0.00719899	0.05247021
0.05215028	0.06032349	0.01840602
0.07764798	0.04631841	0.03680081
0.006715111	0.007775728	0.01524713	0.02019602	0.05603307
0.03346419	0.01006358	0.01895091
0.03252764	0.01546453
0.03421653
0.002297545	0.03754217
0.004450481	0.0286864	0.05488012
0.04194646	0.01788131
0.03865666	0.02177094	0.0167614
0.003102573	0.02708048	0.02303591
0.03021048	0.006314552	0.03965548
0.01759118	0.04079389
0.02435881	0.03291753
0.06200055	0.05815405	0.04273498	0.008485301
0.002109286	0.07782492
0.01833133	0.008430979	0.008580052
0.02008123	0.03254735
0.01051656	0.04212136	0.04180191	0.03127409	0.05406884
0.00902793	0.03391198
0.02100866	0.08459805
0.02847448	0.04400648	0.01969849	0.04523174
0.02101932	0.05061878	0.02706416	0.01740028
0.04679732
0.0167758	0.02378524	0.005315191
0.01808862
0.0455268	0.03336603
0.03653909	0.09860857	0.04614337	0.0165186	0.04628575	0.04612652
0.01632158	0.0236181	0.02257992	0.005062104
0.03563315	0.04285653	0.04054098
0.03490113	0.02312833	0.01486881
0.02363038	0.05531057
0.01791907	0.05823698	0.05075771	0.005191759	0.05585944
0.0009881547	0.03569851
0.001245355	0.03891363
0.018412	0.05340445
0.04287245	0.05041374	0.02358162
0.007288177	0.01384236	0.02773988
0.03070138	0.02637697	0.02237075
0.03737172
0.06155445	0.05187305	0.03208314
0.04495331	0.0684392	0.05076315
0.03514305	0.04589032
0.03802048
0.008132951
0.007233383	0.02245704
0.02586971	0.02699279	0.03150987	0.02244882	0.003251975
0.05068827	0.03844234	0.01378437
0.03557547
0.04085627	0.02447994
0.03686299	0.04976075
0.04328673	0.05419565	0.02577971	0.04177016
0.03310959	0.0325039
0.03598548	0.02506188
0.04402727	0.03060879
0.0393945	0.01404797	0.02821292	0.03334825
0.03741588
0.02882533	0.02509616
0.02455642	0.05041542
0.03393253
0.03843284
0.01891854	0.05467503	0.03501992
0.01982418	0.06808446
0.04233597
0.02057803	0.07697655	0.04329373
0.04803482	0.08579573	0.05059228
0.04973656	0.0843296	0.03105623	0.01381452
0.03342664
0.007573625	0.04540127	0.009444249	0.03650956
0.03311847	0.0389734
0.05811997	0.0446533
0.002088602
0.00964932	0.009540881	0.01419527
0.03801886	0.01348423	0.05708558
0.0039866	0.05391447	0.04904093
0.01006131
0.007422293	0.02505211
0.001811831	0.03937331	0.006157917
0.03863141
0.02804465	0.03488627	0.007671318	0.02419992
0.04795527	0.02192703
0.02392258	0.001131111	0.02850359	0.02775388
0.005244241	0.00536571
0.01036598
0.04389102	0.02637962	0.03283905	0.02989021
0.02960486	0.0183958
0.01166346
0.01923265	0.02264384
0.03173399
0.04600866	0.04528747	0.03343846
0.02462269
0.009926976	0.005035899
0.02593047
0.01320019
0.027816	0.01656616	0.01924412
0.04484627	0.03889992	0.02708791	0.01766871	0.02806975
0.0163852	0.03922833
0.009475943	0.03946036
0.04388098
0.06084549	0.0848071	0.007584939	0.02875572
0.008734858
0.009682614	0.03464101	0.009042466
0.06751553	0.008313032	0.04024332	0.03493201
0.006168837	0.003054198	0.05059773
0.02013269	0.023704	0.03249713	0.07166988	0.02018041	0.02625451	0.009574089
0.04276987
0.01534362	0.04664257
0.01467335	0.01252419
0.04078409	0.02156962	0.01167056	0.005476984
0.04647842	0.02156533
0.07946218	0.03448449	0.03589885	0.02341156	0.02554691
0.05469693	0.03015466	0.05345987
0.006405315	0.01135369	0.07539449
0.005556888	0.05101866
0.05374421
0.005071316	0.03481682	0.05209929	0.01792079	0.08199406
0.004799558	0.0888502	0.06319523	0.01881627
0.01604913	0.02380496	0.01283034	0.008892472
0.02415162	0.02317421	0.03066792
0.03581447	0.01447757
0.03331565
0.03232228
0.009635791	0.03839473
0.02290447	0.04201738	0.009353454
0.01029283	0.02626464
0.01915213
0.04887748
0.03397666
0.03640361	0.05360831
0.02167096	0.04795557	0.01475316
0.05961376	0.03027149	0.002010081
0.004270913	0.03856295
0.01522104	0.03164029
0.01165385	0.03425541
0.01971895	0.03374714
0.02373256	0.03730297
0.04172309	0.007137241
0.02183383	0.02985654	0.01874702	0.0438349
0.005710627	0.04153916
0.003722588	0.06436257
0.05427087
0.05619548	0.04621077	0.06452504
0.04107571
0.03159534	0.05555574
0.03458419
0.0248102	0.04032482	0.01380511
0.03875094
