SpeciationRateChanges
129.1232	104.9058
129.3984	110.6187	19.72128	12.968
129.7103	111.5373	46.3243
129.1464
124.5017	4.763215
124.4203	64.93547	1.853226	105.5407
4.303992	94.07557
69.88959	21.37705
51.76364	24.68838
3.886721	17.61597
13.84293
16.13863	16.38511
121.2108
66.93281	118.4
46.67541
128.8912	29.11252
125.8845	79.29257
32.8489	2.991914
124.2995
121.0917	20.53276	81.40839


74.33806	8.446415	50.91097

59.0699
67.79239	40.79998
127.4309	84.67271	80.25835	36.33579
70.63027
73.52363	56.63617	66.48604
18.6159
58.12453
1.043331	80.9716
57.27476
67.75131	34.76273






78.34518	11.6088

19.26595
2.439964
51.45371	50.89576
67.43114	57.30422
11.0101	96.34102	38.28095
130.5142
128.8817	116.7517
128.6932	62.16297
125.2734	79.48707
116.9787	84.79098
120.9779	14.69798
129.9286	64.45644	105.759	8.029023
129.9286	45.89972
129.3619	104.2221	20.24234
129.3619	115.7602	57.83699	43.82246
129.2769	113.5695	61.159
129.449	112.63	50.70496	32.80231
129.449	104.0149
129.449	113.1442
129.449	104.5453
129.449	9.895534	25.92673
129.4829	89.86335	75.73534
129.4829	110.5533	1.925462
130.0765	85.80574	78.6716
129.9898	3.228306
130.0842	107.1287
130.0842	116.2647	32.07596
122.0211
44.31744
73.53687	70.57955
90.08943
69.49064	57.76977
75.63885

130.9905
123.9242	123.4333	34.70214	102.1336
124.0978	26.31419	19.40112	95.54745	3.953688



72.64659	33.69222
89.79495	88.29533
62.35071	16.92661
77.61104	61.00689	84.2977	51.39055	42.43327
15.16616	14.57551
76.42002
67.49515	2.061063	30.11704
71.61638	24.91477
84.35229	49.1787
20.89984	49.27096	39.05191
75.88913	129.0142	72.33551
128.7932
129.4163	105.7497	71.85187	70.06424	116.4623
129.4163	39.4804
129.4163	109.0261	35.28863	28.60128	24.31188	106.7669
129.4163	108.8505	4.787454
129.4163
129.5019
129.3502	131.142
129.3502	110.473	41.89198	69.92186	126.6654	88.10947
129.3502	109.5494	24.83121	19.58988
129.3502	106.7085	22.8354	126.3986
129.4256	114.0775
129.4256	109.7293	9.614874	6.988223
129.4256	121.6092	112.7215
128.8735	96.99387	89.6216
129.1586	23.33638	113.9286
129.8281	105.0986	87.84995	112.9511
129.3875	105.2419	94.31077
129.3875	105.2113	74.51511	68.36228
129.3875	110.9192	32.84955
129.9608	95.77599	46.31522
128.984	8.484896
129.3984	23.23108
129.3205
129.3205	112.8995	17.64918	105.8962
129.1224	110.526	11.54284	113.1979
129.1224	113.6405
129.6893	84.73653
129.603	105.8454	103.227
129.603	105.6651	77.69468	4.542556
129.0032	99.15981
130.069	103.8424	87.18116
129.6811	9.513217	104.9269	5.880209
129.1718	104.7722	38.22875
130.3642	103.4455	116.5732	12.13885
130.9539	105.1126	16.2602	128.3894	81.25272
129.496	97.4913
129.259	112.2059	7.563412
129.259	109.7901	109.3437
130.0625	105.0618	82.77145	47.70788
130.0625	8.617288	6.650934
129.4519	103.753	48.2584
129.4519	24.98795	21.86884	15.8957
129.4519	38.78358	129.3443
129.4519	34.46616	104.2048	74.71591	71.53508	4.085728
129.4519	104.1717	18.08256
129.4027	107.1155	64.62696	38.56181	117.4113	46.42746
129.4027	105.2032	127.8345
129.4027	97.77549
129.4027	116.211	63.23076	19.67564
129.4027	109.6411	72.92586
129.4027	107.7962	8.567777
129.4027	105.9047	6.18797
130.005	38.98726
129.7105
129.1373
80.44771	75.54988


25.79695
80.39271	68.80706
83.57604	81.96747
16.95219	6.468532
71.68829	63.05957
62.43714	34.63464
73.78241
73.57002	101.182
129.6673	39.40546	30.68949
126.5507	25.50594	110.6626	90.47816	14.80208
63.52334	27.93529	41.3157	116.4179
125.4592	91.40167	67.05835	34.16278


116.0307
21.35715	68.21871	61.71125
5.375225
0.08586335
89.11956
61.02587
121.9678	76.8692	44.80647	11.54398
10.13699	118.5488
129.279	131.1609	86.10252
129.4193	20.68935	109.4239
129.8478	105.5815
129.6363	107.4924	21.62139	53.87597
129.3231	54.77245	116.9102	30.07803
129.0582	103.5482	8.970205	80.53102
129.4664	111.3625	10.92677
129.4664	105.012	76.51094	51.94546	14.05143
129.4664	108.3314	83.67354
129.4664	97.38399	54.78953	42.85913	4.737425	11.6808	110.7689	45.09442
129.4664	112.5815	22.01375	126.3905	53.6038
129.4723	0.8452484	79.27712
129.9331	108.2217	129.2096
113.2899	129.2096
111.1577	130.0456	20.09019
103.1506	128.89	93.96501
108.245	129.4703
130.9702	78.38073	66.12605
128.8539	98.29522	115.6435
129.1705	106.0293
129.1705	73.84573	118.1314	95.9847	68.72218
129.2775	119.4948	106.3044	56.31591	36.92906
130.0407	109.4827	24.53673	0.4484425
129.9755	96.32696	28.53906	3.686843	110.9457
129.9755	20.49578	7.17323
129.3388	73.28031
128.9143	110.2357	116.3268	119.5005
129.2741	106.4401	110.5201
129.2741	107.2443	19.70677
129.2741	103.6991
129.2741	105.8821
129.2741	109.0573	98.68735	103.854
129.2741	105.186	49.13431
129.0665	98.77478
129.8651	109.5215	29.84607
129.8651	112.7467
129.0454	93.26751	0.3480629	56.47773	38.36214
129.0106
129.9743	103.3603	78.39963	28.2258	37.26055	23.7587
129.9743	106.8898	129.146
128.8803	103.6091	1.360898
130.0462	107.1766	59.74623
112.9139	129.696
112.4857	129.696
104.9182	129.0409	100.7387
103.5411	129.0409
129.3088	82.80856	1.920288
129.3088	108.5204	108.4356	48.69638	33.73367	32.06993
129.3088
129.4571
129.4571	104.9508	22.82335	45.76232	10.04807
129.4571	105.9887
129.4571	112.6032	118.7724	118.0457
129.4571	90.8979	105.7505
129.5807	106.7585
129.5807	108.1696
129.5812	107.119
129.5812	104.617	71.76593
129.5812	103.6805
129.9952	10.39996
129.0061	14.61365	113.8723	14.17948
129.916	105.2432	49.41245
129.916	104.9437
129.916	98.05428	112.2231	45.60918
129.1236	108.1053	86.60371
129.3124
129.3124	108.1847	53.16581
129.3124	106.2752
129.3846	105.9322	52.42713
129.3846	98.30432	1.577001	62.96712	19.38381	81.40799	94.50654
129.3846	107.4754	73.31467
129.1097	108.1506	115.2348
129.1097	105.9994	42.74893
129.9772	27.08365	90.98603	0.1577547
129.6555	104.2359	54.63696
129.3478	114.6166
129.2066	112.6826
129.2066	107.7546
129.2066	104.1854	3.732009
129.2066	105.555
129.2066	111.4098	58.55752	104.493	11.18137
129.2066	95.48207	70.12921	60.45762	81.51281
129.2066	103.6551	12.27254
129.2066	111.9981	114.6391	77.80893
129.2066	54.43368
129.2066	107.4084	81.48632	66.60635	65.18194
129.2066
129.2066	112.9044	21.24148	20.21738
129.3578	105.1342	3.55811
129.3578	107.3326
129.5374	72.26102	106.051
129.5374	104.9681	98.7397
129.5374	105.4092	78.8965	31.41735
129.5374	106.2502	61.2284
129.5374	104.739	79.00114
129.5374	108.0839	12.5228
129.4013	114.0306	71.69916	96.0517
121.8791	54.36644	20.34847
124.717	97.18927
49.27345
38.89402
15.60438
74.52035	31.55741
54.3266
120.5307	89.84005	2.385693	120.1256
69.07469	66.96796	17.57205
69.59399	64.03672	20.84534	61.22069
127.34

73.91418
71.63064	68.60049	6.669162	53.14587
81.05446	42.57162
29.80924
67.45227	57.91202
6.656606
35.64144

89.00815
72.45947	83.92139	10.53	49.79347	47.19991
78.27255
69.15566	35.85704
72.93451
55.45113
74.68785	54.09982	72.12103	26.43026

127.8899
67.6853	5.366875
84.51243	125.4835
73.0523	54.88047
125.148	44.2783
130.4141
101.5048	80.63201	79.05599
0.1026788
28.35962


65.42506
31.16842	19.02867	12.58382
3.651173	125.4462	95.4238	3.554931
123.5545	100.9754
126.9225	62.93829	48.08787	15.06036
40.2785	71.91143	25.10907
81.50837	15.30693
111.9118	23.54731
86.72201	123.9924	1.189055
73.05478	17.79702
89.74436	65.67121
28.75102

71.28665	43.31993	21.51157	88.08612
102.152	72.29127

62.68214


6.90716	72.72521
78.95955	15.24386	61.31409	54.96198
90.30031


78.72095	75.93784


74.26282	117.3961	57.94909	63.82738
72.61169
83.92035	63.91099
53.83292
52.00352

101.6005	125.6405
109.4946
52.62051	40.91217

75.4339	34.53216	59.51642
116.5748	56.27024
69.87844
76.9157	124.4341	43.81113
28.91214	125.3283
127.9539	127.3345



126.9416
119.9056	89.39916	71.25267	105.3114
124.451	72.16571
72.16617	4.897281
5.402066
77.24426	28.7157
104.9575
51.87272
82.88167



84.50637	29.16296	18.93243
47.71582	30.60098
19.61676	65.19901

81.86131

1.443494	72.94336	49.55827
89.91652
76.68571
8.17397
19.06034	12.32972
1.100011	40.03059

33.24534
72.0543
90.17397	55.86582
90.02868	16.49848	88.42778	81.0588
56.21911	30.59697
74.43571
69.60108	24.92323	12.25785
53.56893
83.91173	19.28879
74.6716	36.71857
57.10092	24.90692

32.74443
58.55152
86.64451
7.242851
73.5185	33.17324	27.51059	22.6328	33.74289
53.84029	49.04892
71.90988

129.5835

103.8494
56.4682	23.43696	92.47766
91.52228	129.4777
120.3189	72.16954	9.306835
8.385697
80.96706	56.45277	125.8554	55.50008
72.67629
45.0808
19.37418




83.39203

13.44228	58.64837	9.277312
72.51643	34.34412	50.76155	0.817065




84.96089	88.57872	38.43348
74.78881



129.4598
129.4598	78.98152	73.41266
129.4598	80.67361	15.80167
129.4598	105.0534	56.12046	51.79224
129.4598	105.0534	79.75089	58.79706
129.4598
129.4598	118.0717	119.9083	107.3686	38.47628
129.2069	105.036	83.97183
129.2824	103.307	77.97837	6.217618	109.379	33.43743
129.2824	73.25661	95.90624	3.935676	83.79354
129.2824	84.31471	23.47959
129.2824	113.276	85.28999
129.2824	107.07	52.21667	60.66142
129.2824	43.49296	100.6384	17.46155
129.5763	105.5457
129.5763	108.5002	74.94786	58.74614
129.4055	105.4388	3.357202	45.10448
129.4055	126.0838	32.17611	4.117969	71.62332	100.9255
129.4055	8.728883
129.4055
129.307
129.307	103.3916	102.131	19.05168
129.307	111.5164	15.4205
129.307	103.6169
129.307	106.5927
129.4652	104.9313	61.95351
129.4652	104.1766	74.7604
129.4652	104.028	34.56757
129.4652	105.9326
129.4652	102.9843	7.11396
129.4652	123.29	52.89869	43.84336	79.74291
129.443	111.6761
129.443	103.4753	99.18964	99.68311
129.443	112.2741	46.86112
129.443	103.0476	113.1605
129.443
129.443	111.2592	3.47628	38.38699
129.443	104.2405	33.96216	58.73955
129.2326	85.41985
129.2326	108.7426	101.2329
129.2326	106.1057	26.25745	89.65195
129.2834	108.6137	36.73219	128.4208
128.741	73.75703	107.0558	22.93915	73.64209	9.38425
129.7749	106.6491	54.05875
124.9311
129.5905	116.3
129.579	110.495
129.1854	116.1981	8.202779
129.564	29.87854
129.564	109.0861
129.564	48.85649	13.57808	0.7290761	11.34505
129.4193	104.6347	75.05588
129.4193	105.4229	86.29001	64.63412	70.68814
129.4193	105.5348	31.34954	70.53517	56.62204	77.80417	7.021444
129.4193	104.0733
129.4309	105.7399	52.50514	24.59342	19.72191	0.716212
129.4309	1.833954
129.4309	41.08763
129.4309	113.5088	97.26278
129.4309	104.7284	6.284545
129.1311	103.7079	69.60021
129.1311	71.50563
129.1311	80.73946	105.379	83.61462	7.342477	27.44092
129.1311	108.2554	19.00575	45.30619
129.1311	103.4913
129.1311	106.9487	3.432482
129.3763	111.7971	15.61804	94.12093
129.3763	114.0238	107.4195	6.21025
129.3763	111.9796	111.6528
129.3763	113.3545
129.3763	103.9115	10.49163
129.3763	116.208	7.843314
129.3763	94.69312	4.57776	29.25938
129.3763	108.9631
129.4754	108.3773	9.500245	105.3028
129.4754	19.38357
129.4754	107.9674	34.69515
129.3277	103.8655	16.89696
129.3277	109.3948
129.3277	84.1072
129.3277	91.36025
129.3277	116.0586
130.4519	3.646896	97.4469
129.521	104.2852	89.35813
129.521	105.0612
129.6916	103.8569	69.39958
129.399	106.6214	131.169	40.92403	27.84357
129.399	97.19387
129.399	105.2385	108.0211	111.6375
129.399	114.3137	10.17553	60.96673
129.0614	106.4196
129.3556	105.8416	64.35181
129.3556	102.8541	25.12809	41.56987
129.3556	108.1736	107.6381
129.3556	105.711	61.56303
129.3556	104.8393
129.3556	108.3415
129.3315	105.0409
129.3315	104.8382	34.64575
129.3315	105.1261
129.4471	106.2462	41.65035
129.4471	113.4334
129.4471	104.9491
129.4471	105.5567	21.03858
129.5846	104.8716	76.42793
129.5846	106.9236	101.8415	55.05201	26.23829
129.5846	111.309	23.8761
129.5846	113.1334	71.59413	99.32537	109.2824
129.5846	103.2625	71.98738	118.6479
129.5846	112.275
129.5846	114.0982	111.9569	60.98957	11.05531
129.5846	110.3177	10.10919
129.5846	113.0336	73.36766	103.9351
83.29056	18.69347	82.59181
65.94221	88.082
36.0342

125.2826	49.48221	50.39464	50.14622	4.486331
129.3186
129.1607	109.1112
126.0926	123.9114
124.0565	46.04589	123.869	70.49461	28.77304
90.16015	47.4648	67.64106	62.69235
87.29183	10.99694	48.36868
68.45935	104.3174
40.11443
75.55767
129.0059	115.567	77.34552
129.1488	109.1917
129.4605	106.3649
129.3621	43.58568	58.90558
129.3621	106.7381	26.80005	13.94366
129.3621	108.5475	128.8475
130.2621	99.74418	12.43303
129.2243	20.23237	2.202738
129.3662
129.3662	51.40622	40.90961
130.9246	30.93562
130.9246	95.01453	11.44329	74.76187	41.34182
129.7322	122.8697	41.42554	121.9492	72.27993
129.7322	109.2913	112.1168
108.1535	129.3555	63.65336	40.23342
105.541	129.3555
129.3555	112.7205
129.96	110.0744	129.9184
129.96	111.4	58.95772
128.9966	111.5579	19.63972
128.9966	105.6275	69.70827	62.80936
129.6356	105.3327	60.14655	13.21671	98.39593	15.39642	128.5547
129.129	71.69011	121.167
129.129	122.4663
124.9856	71.04912
20.81334
77.00292	54.59316
120.1931	92.11346	112.9895	1.928859	108.2905
7.390599	80.66578	119.3319
122.233
130.0229	96.4858	74.07046
130.0229	74.07046	105.7861	13.22845
130.0229	106.8676	49.01634	38.39305
130.0229	110.6406
129.1046	29.78641	104.7677	84.011	85.86213
129.1046	113.1792	80.00354	6.689502
129.8849	106.7313	12.90145
129.5137	106.0095	7.601728
129.5137	105.6418	123.1509
129.5137	0.01820713	128.0356
129.6814	113.9999	67.07599	42.51516	36.85336
129.6814	104.7203	129.2109
129.6814	119.4211	3.628338
129.2371
129.9503	104.6562	72.33304	27.76311	61.10192	80.51822
128.1462	25.95862	111.2055
129.3313	105.1289	50.79764	4.042389
129.1672	114.0202
129.1817	105.3503
129.55	44.5385	32.21946	94.63553	29.59729
129.55	105.2059	22.90026
129.55	109.7464
129.4301	10.39297	116.8932	2.064824
129.4301	116.4051	34.52616	5.560635
129.389	79.85008	85.86856	72.5392
124.1682	107.0095
129.1384	18.26437	125.8809	117.9582	21.92278
9.703117	112.5364	59.59152
104.5237	0.871548
128.1518
129.1207
129.5379	109.5916	125.1606
129.5379	110.1494	82.14795	66.44755
129.5379	112.967	44.93134
129.5379	103.3958
129.5379	103.8434
129.5379	112.947	74.49023	31.67636
129.5379	20.35047
129.5379	85.3418	83.9724	51.65036	14.70122
129.1422	102.418	47.96833	23.69064
129.5875	109.2719	37.85356
129.126	106.7748	113.8072
129.126	104.8534	36.92744
103.2095	128.8041	9.705804
97.98486	129.4579	61.56618	31.8169	43.40318	48.97086	21.11674
129.4579	103.4546
130.0044	113.3702
129.4374	105.7598	54.94489	39.56954	54.40755
129.4374	106.0812	76.77479	30.7152	16.36299
129.4374	106.184	63.96881	94.91346
129.4064	111.8239	7.987895
129.4064	79.50281	19.35306	119.6089
129.5708	110.6601
129.4228	102.4224
129.4228	105.6909	3.601021	64.67874
129.4228	110.6767	44.83532	48.92425
129.2738	109.2482
129.2738	25.66594	20.21076	96.38471	81.29175	48.68628	80.54511
129.2738	106.6378	8.34098	96.82172	5.013618
129.2738	109.1293	56.03028	14.86749	76.78877	52.4141	78.17916
129.5673	105.6966	71.853
129.5673	104.3158	34.45725	8.202821
129.5673	104.3689	29.14449	50.37924	124.9666	80.38582
129.5673	108.2736
129.5673	108.0221	56.22242	45.49718	65.58752
129.5673	108.5442
129.5673	115.6782	89.62352	88.98948
129.5673	73.77151	96.51378	16.46912	30.53049
129.7179	111.3541	72.62066
128.9859	109.6984
129.5182	109.5959	19.76981
128.8267	104.8916
129.3012	109.7571	42.24027
129.3848	103.8042	38.33467
129.3848	70.14097	112.6182	54.86423
129.3848	96.93213	125.8608
130.8096	104.3854
129.9124	108.402	124.0686	23.80528	115.5986	94.84147
128.9121	106.9294	74.36397	68.91174	45.72479
129.0838	99.47123	37.56949	74.74118
129.4534	113.0769	3.171909
129.4534	104.3257	48.53977	17.8472
129.4534	42.9509	105.6633	10.2277	76.41909	54.55
129.4534	96.6614	31.55807
129.4534	98.86775	46.76207	42.81809
129.4417	108.6246	45.73576	11.79333
129.0314	105.2185
129.0314	110.5853
129.139	106.6405	94.59417
130.0758
129.2788
129.2788	97.46753	25.88943	5.619775	94.51384
129.2788
42.67351	6.186321	35.66326
85.21654
78.02492	21.22036

94.66504
11.4127	102.6922

48.00028	46.64869
123.838	88.4014
69.16969	43.51049	122.5581	64.04805	107.38
126.2951
125.0121	31.26261	3.217606	98.38819
125.3345
117.947	105.9666	105.653
120.9641	74.32	49.12444	16.24077
119.8706	36.64306	91.58351	101.7098
121.2013	33.96804	111.9225	11.77696	23.90792
119.1068

15.21402
125.2837
116.0507	100.5853



48.52373
72.82086	49.003	42.28986
2.247838
102.165	2.659141	41.21478
46.1671	124.7103	32.7657
85.7289	82.42823
83.7528	44.79474	25.13264	39.06679	30.39379
129.0699
121.9125	59.39059	8.738814	120.686	33.12691
73.81264	51.05408
99.14405

17.68709
32.59326
42.82917	129.1582	113.0761
129.4478	113.4544
129.2055	105.129
129.2055	109.2906	4.734646	128.2636
129.2055	105.2147	55.2179	38.2527	50.8617	102.344
129.2055	111.7448
129.5152	103.4935	89.06371	115.6465
129.227	30.54203
129.227	105.4629	49.32804	39.65131
129.227	113.585	95.47352
129.5065	44.92913
129.5065	103.8187	86.12122	128.0695	42.38178
129.5065	98.84818	54.30845
129.5065	4.506917
129.654	26.00954	32.77921	54.31233	51.71843	22.04831
129.6218	114.7085
129.748	0.8144137	106.3375	0.08230889
129.478	104.597	19.03718	60.24264	93.02087	115.5046
129.478	109.5408	32.33227	99.6045
129.3794	104.9002	3.612544
129.3794	111.5259	55.66443
129.4255	105.1978	63.24374
129.4255	103.5093	52.25759	47.08472
129.4255	107.6144	28.01594	73.00222
129.3317	13.18056
129.9728	112.8806
129.407	107.8621	105.0178
129.4986	98.50072	49.57524	68.58963
129.4986	110.8085	8.495251
129.4986	6.4822	105.8102	69.79783	57.85663
129.4986	109.8232
129.4986	14.07574	106.6848
129.3958	108.5018	120.5291
129.3958	103.6161
129.3958	106.3237	43.4359	10.59154
129.3958	110.9968
129.9914	103.3265	8.996501	17.47227
128.6206	7.856757	105.6099	23.8654
128.7145	105.8256	39.46872	5.481139
129.2359	106.2697	18.76437	12.12616
129.2359	122.9065	75.02924	96.35398	12.25747	70.28168
129.328	111.5816	32.14196	6.497685	126.7007
128.443	105.3997	127.9901
129.0026	58.28624	74.76486
129.6727	106.6975	58.67103	90.85026
128.8839	114.6014
129.8907	102.9683
129.8907	105.2341
129.9347	103.3462	48.6698	40.59395
129.9347	105.2609
129.4895	109.0918
129.4895	98.98062	27.60788	93.06143	70.41228	52.45416
129.5744
117.862	13.17512
44.09765
87.55114	33.12637
49.46169	22.54458


1.682361
68.60015


113.7581	50.29218
78.25715	26.2017	20.83908
79.48614	62.58391
36.23636
121.9302
122.307	80.00447	34.89619	35.2598	77.69984
124.527	106.4942
120.1148	56.17762	53.15463	13.76006	64.96349
112.3862	74.14192	54.5423	72.34277
73.48615	32.64846
8.718417	46.50386

36.00302
74.452	66.45916
74.73451
1.136321
40.26949	6.173408
58.7395
94.01749	41.55293	76.32407
118.9131
57.18541	123.5143	120.4296	20.09455
121.1465	22.52612	72.30313	127.4058	20.32661
118.6494	88.88897	2.133807
129.8551	69.83375	61.68941	1.2163
82.20573	57.22076
115.2016
59.45362

43.01803
16.96885
8.39333
79.98519
37.08587
86.52352
2.390894
90.10889

111.9836	56.55215	49.8633
118.0433	88.13709	41.42464
72.70575
101.7361	84.89365
83.11637	79.74007
72.05122	28.35737	9.259289
129.1848	28.15254
123.1787	42.4923	42.52435	120.0048	13.28905
125.3034	119.9606	69.0795
111.0603
17.23479	54.69053	52.7483	93.54099
121.5081	119.8983	54.86577
124.1109	14.38678	10.53212
128.0974	76.08965
127.9243	107.902	74.46882	68.12355	15.13807	6.133901	66.78413
129.3107	89.72007	108.1738
129.3107	108.6139
129.3107	108.3559	122.8374
129.2232	105.2658	67.88083	112.2877	24.7731
129.8003	78.83708	112.8308	15.81968
129.8003	107.0173	45.06903	96.70033	7.167855
129.8003	105.2106	64.24695	10.64595
127.8993	103.444	4.104881	74.15564	66.41464
129.703	106.6662	61.86261
129.703	68.85314	108.64	44.24051	7.23316	70.59451
129.703	98.31493	26.25602
129.703	115.9049	61.0993	8.994144	55.8827	57.4856	3.252601
129.2776
129.3805	108.2404
129.5702	93.87656	70.54344	116.9769
129.5702	113.3605
129.5702	113.4823	54.86233
129.5702	81.03143	3.550251	131.1587	21.13506
129.5702	15.86622	109.5938
129.8211	74.2451	30.73457
131.0049
125.0737	112.6124
129.1496	71.14314	21.46148
129.7193	105.994
129.9722	107.0152	93.11382
129.9722	108.4067	36.94952	22.09613
128.9975	80.91097	109.1232	88.43905
128.9975	106.4612	86.83851
129.2364	55.18375	17.94786	47.61891	21.72141	14.7028
108.3136	129.7141
129.8931	23.5884	95.30336	127.095
129.8931	41.43842	110.8332
129.8149	110.3187	97.11075
128.8944	116.2321	66.74828	103.2817	73.73314	32.56749
130.9144	102.9692	1.307856
129.8393	105.8154	80.63731
130.0309	19.9064	106.0145	62.51291
129.3009	99.65584
129.3009	108.7267	99.90307	48.40244	125.0753	44.30631
129.3009	103.0536	87.79221
129.3363	119.6949
129.3363	84.08813	107.3852	25.80854	23.07834
130.9272	129.5097	59.41029
130.6921	128.9213	102.6481	30.56851	0.794385	117.1813
130.6921	34.98098	7.360188	17.97343	14.93482
128.7852	105.2206	70.70677	67.87106	104.9379
128.2866	75.42722	20.01532	114.3428	115.2223	107.0805	114.6646
129.9536	1.536327	59.99857	81.22358
129.9536	2.720445	107.4842	123.2402	22.84588	100.2531
129.3404	0.749805	127.7877	0.647851
129.1735	125.5723	108.7466
130.0246	78.15701	40.1256
129.4118	94.78806	105.7495	18.27979
129.4118	19.82896	108.2264	53.76644
129.4118	113.2785	111.2332
129.4118	112.7546	26.01298	3.388271
129.9771	105.9764	63.90398	18.8588
129.1021
129.1021
129.9934	4.280113
129.9934	6.168803	114.5126	127.0268	101.3467
129.1087	31.53747
130.6083
129.1828	111.6205	53.89746
129.1828
129.7214	46.4679	104.9588	54.14657	78.25662
129.4631	107.6646
129.4631	103.6689	95.46382	98.88053	73.9974	61.64378	37.7891
129.4631	104.1692
129.4631	104.4315
129.4631	104.8458	128.0717	57.72294
129.4631	104.5511
129.2099	72.76632
129.2099	121.9055	38.45666	80.84333	73.85507
129.0734	106.2568	29.1511
129.2571	4.0496	107.9386
129.5156	47.64921
129.5517	106.1293	36.88769
129.5517	62.46969
129.3459	28.69137
129.4031	109.0582
129.4031	110.4225
129.4638	104.4357	76.54182	85.77103
129.4638	109.6782	72.54231	15.08687
129.4638	110.9288	28.03374	88.9944	38.96672
130.0172	105.7112
74.82495
38.13687	35.26714	25.00724


9.077787




79.8397	66.50219


72.28583	12.65082


120.1049


7.454369
67.06641	62.45572
74.4028	42.87309	62.49171
78.54564
66.85765	12.52045	26.66743
70.10975	23.32821	68.24068
54.73002	122.1182

71.71261

76.84313
122.3733



91.87952
42.13854
15.90284	70.68872



60.91861	43.29163




23.68618
57.61688
109.2486
28.20513
46.82282	44.17821	9.426095


70.82019


74.46856
72.73513
34.97316	7.735947	17.80538	9.441795
50.47157


73.8749	50.16258
99.57344	98.45034	66.75786
39.60628
36.63302
12.6507
60.88351
68.93207
74.45	25.38064	40.25212
52.43274	35.88621	29.12999
84.62085	52.15831
121.4552	120.4236


44.66331
70.57541	52.39902
79.18915


89.66694	22.21062	2.369068
70.21159	3.60999
55.01367	2.440525	50.52137	53.26402	34.1923
102.5471
83.30128	69.10966
73.8565	73.71526	58.25809	55.63939	37.88037
79.54962	40.84547	68.34043
29.33414
49.614
66.70415	47.10264
74.84094	57.588
36.19352
112.1548	56.47353
89.96006	49.08449
90.15265	23.39352
87.1931
83.10772
103.7918	84.91635
76.41064
18.05699
129.9712
127.607	41.48092	23.51763	105.7652
122.775	32.65521	15.11342
127.5255	76.01015
120.4567	34.20212	3.343967	117.719	131.2306
125.3963	7.217583

1.367381	125.8645

126.2525	64.93666
121.1849	104.2297	72.50876	69.97096
124.5168

87.96495
79.15053	63.21225	62.42359	26.21698
70.25774	114.55
129.125
89.76553	86.39101
73.98531	25.54685	23.70163
89.55776
74.9801	57.60677
45.59186	74.24035

99.38605	21.20062
122.6923	61.15146	105.713	7.084606	5.949334	112.1144
130.6668
117.4448	77.24136
72.0767
124.2708
131.0136
127.8393
125.2214	58.43909	76.40499
116.5738	16.08478
73.88626	63.87821	59.23951	12.79284
65.30157	5.471968

54.65938	50.51659
65.48793

23.00625
32.83768	0.8682235
3.629967	58.05559	112.3665
110.8386
74.08822	62.19827
49.46007	20.1241
84.51464	28.14104
35.10648	10.34668
89.23067	30.41504
76.71126	26.05833
130.9469	128.4756

130.9315	77.90201	21.85822

26.12551
130.0071	60.06552
129.4044	104.9916
129.4044	113.7777
129.4044	106.8168
129.4044	110.5093
129.4044	103.359
129.4244	108.1847	101.8405	40.74044	44.39525
129.4212	105.224	4.634307
129.4212	103.1762	54.38104	123.6481
129.4212	97.51041
129.2221	3.948709	5.523785	116.7895
129.6044	54.36604
129.4819	50.10567
129.4819	112.8558	56.57446
129.4819	105.7369	98.43448
129.4819	109.3681
129.4819	112.4645	102.1779	97.54572
130.0298	104.2552	86.5108	8.517473
130.0298	103.8852
130.0298	106.7351	79.3069
130.0298	104.3533	82.70742	16.19165
129.515	104.6	12.01519
129.9982	103.4793	97.58725	21.32524
129.9982	106.7884	84.60431
128.7207	22.1679
128.7207	119.4375	38.15625	0.08234343
129.9517	54.0429	70.7086
129.2761	110.2821	12.09332
129.5713	106.5504	89.36733	8.870223	69.25189
129.5713	114.1505	27.84391
129.5713	107.6858
129.5713	106.8667	85.34234	15.40333	2.31893
129.8491	108.9755	42.00251
129.6186	104.5776	33.28816
130.0482	103.5495
130.0482	110.0539	50.50166	129.4285
130.0482	105.2383
130.0482
130.0482	103.434
129.2551	110.9963
129.2613	110.7205	77.76267
128.9024	73.37958	97.86402	110.305
129.322	104.6356	31.74814
129.3789	109.0327
129.4837	53.16462
129.3079	106.4607	79.11251
129.1586	106.9516	101.4553
129.1586	105.4753	61.32552	50.20056
129.282	109.3724	121.2494
129.2603	107.5625	53.68349	22.42258	46.00064
129.813	114.0118
129.4059	104.7005	85.29116
129.4059	103.8489
129.4059	104.9328	104.1845	14.16797
129.4059
129.4059	8.433476
129.4059	104.4697	10.32754
129.4059	115.8936	43.02919	107.6896	57.52385
129.4059	12.40077	50.41038	114.5075	79.35514	35.16975
129.6568	108.6766	5.462612
129.6568	105.3367	64.26207
129.0385	105.4666
129.0385	109.2373	0.2358596	4.447105	32.21881
129.0385	106.1116
129.0385	108.8668	34.47926
129.6645	38.13713	27.04863	47.02797
129.1326	109.9534	21.35777
129.6343	108.8247
129.6343	106.4351	74.84316	18.05715
129.2772	68.92252	108.0388	53.89572
129.2772	102.5522	0.7645752
129.2772	111.9691	55.40565	117.7394	51.4041
129.2772	109.0306
129.2772	111.0726	42.27988	21.71882	5.581822
129.8371	108.2272	23.60399
129.8371	108.9273
129.6132	110.1123	59.77622	26.28028	27.31979
129.5184	104.8598
129.5184	117.2628	32.13334	77.13415
129.5184	104.0665
129.5184	104.9236	73.96295
129.5184	107.4641	51.3611	23.78773
129.5184	110.0455	19.36797	7.777898
129.5184	110.7441	21.10492	97.77919	8.64326
130.8752	28.22289	24.20755	131.135
117.7959	20.33578	61.95678
73.36065	43.91277
28.55283	119.7402
25.4022	77.59619	37.37514
127.5492	29.94878	21.2651
83.27821	49.76563
61.44763
116.859	73.99528	110.8421	13.34224	64.54946	27.56528
89.60246	84.86579	83.96738
87.64914
128.1593	21.09348	131.1605
118.3635	112.2826
76.86927	15.80023	17.58214

52.66545
124.0768	66.17439
79.79713	5.31815
71.88576	63.28715	48.08319	56.22695
118.2455

25.49794	23.43331
129.7928	104.0996
129.5504	104.4986	24.87972	82.56161
129.5807	44.23355
129.383	40.08614	115.3638	74.50417	131.1609
129.2865	71.60728
129.2865	106.3045	67.55483
129.6694	95.00984
129.4937	111.629	118.1166	21.61443	129.2933	94.83264
129.5823	113.117	114.7932
129.5823	108.8597	31.57685	16.49455	18.44721	99.70693
129.5823	105.098
129.4651	103.5844	23.56119	8.896029	109.4532
129.4651
129.5286	14.95605
129.5286	97.12285	70.65011
129.6475	107.5943	121.6069
128.9186	33.19287	128.5943	109.048
130.8205
129.3865	6.03141
129.3865	104.3662	2.661799	73.3309
129.3865	97.09419
129.3865	90.90904	104.4664	0.3674102	76.29707
129.5169	112.2404	104.9584	74.06666	104.0202
129.2737	105.1959	41.06362
129.6587	119.6448	49.48024	78.28313
129.6587	112.1239	129.4483
128.7924	96.70878
128.4426	110.4462	98.61044
127.8249	45.53761
124.3889	14.27158	17.99864
123.3859	33.72198	68.36611
124.4843
129.1646
129.4886	105.9489
129.4886	106.5515	12.34006
129.4886	96.69315	0.01781995
129.4946	75.81421	2.260351	74.52162
129.4946	108.4228	39.55971	70.17045
129.4638	103.3977	37.36148
129.5381	105.1144
129.3668	109.7956
129.3668	111.2845	24.67779	14.48427
129.3668	119.2755	123.9553	123.9199
129.3668	102.6028
129.3668	38.1851	95.53217
129.3668
129.3668	100.6926	96.77832	35.96522	7.303899
129.3668	109.8149	23.91064	21.66158	57.94115
129.3668	104.2147	6.046599
129.3668	97.48194	111.7439	27.83831	67.64309	26.86219	66.73064
129.3539	108.1321
129.3539	104.3607	103.2887
129.3539	110.4934	76.55406	21.70029
129.3539	108.4859	80.87674	47.00973	41.15304
129.5237	108.2109	77.20603	130.2715	28.76117	57.34019
129.2146	105.6724	125.3376	126.7814
130.9467	84.54787	11.08936
130.9467	20.50829
55.88956
123.3485	11.55597
9.766086	119.3845
116.8284
0.8968926
74.77823
86.01677
104.8307


125.2588	106.9435
120.4411
43.16516	109.9284	38.17813

70.31149
33.16365
28.35906



80.57233
128.9655	105.348
129.458	104.9421	50.88565	37.73759
129.458	17.24132
129.4514	107.0774
129.4514	112.5046	3.540802
129.392	106.7285
129.4441	109.0612
129.4441	103.5238	34.64846	99.84697	26.3377
129.374	104.1346
129.374	105.224	91.39264
129.4746	103.1296
129.4746	17.58606
129.4746	113.6464	113.0858	17.94171	98.18733
129.4746	113.9609	35.34956	59.49928	95.1465
129.4746	104.6516	37.93718	74.36465	58.11439	51.65456	35.10701
129.4746	110.2562	80.46089
129.4746	107.4383	86.32389
129.4746	95.91877	12.11468
129.4746	25.63719	109.1579	47.16011
129.4746	17.30038	110.1045
129.4746	10.90608	98.49068
129.4746	109.1317	35.87049	3.619537
129.4746	108.2177	65.48624
129.4746
128.6605	102.2197	71.95452	48.31558
129.4962	103.586	128.6238
129.4962	100.7122	108.6924	37.83684	41.8981
129.4962	43.03957
130.9609
129.4388	113.5544
129.4388	14.02509	96.13222
129.4388	24.74424	103.3608
129.4044	105.7364	87.82004	24.53957	10.91722
129.4044	111.578	93.30071	129.2566
129.4044	103.4412	10.5578	43.91532
129.4044	106.4454	6.536067	92.32858	36.86706
129.4044	96.12345	70.68033	89.87538
129.4044	108.5839
129.4044	69.76446	112.7261
129.4044	105.5111
129.4044	109.1283	69.20387	19.3063
125.3534	26.2575
112.1883	70.36434	88.65899
21.50338
54.6279	25.90649
18.42842
121.0852	119.8497
122.3416	41.3851	17.39354	61.92393
124.4718	36.3012	104.3196
124.4718	46.12933	74.01108	66.77814
126.0097	67.46117	6.200852	41.13981	7.954511
25.78094	8.260269
74.58039	30.91981

131.1351
46.07892	121.1868
67.53478	57.97194
126.3442	3.838435	115.444
130.9236	35.77622	123.6888
130.9236	35.19098	60.82639
130.0805	30.76348
130.0033	51.57944	43.60746	36.83653
107.8488	120.3519	129.9862
129.8292	107.6704
129.8292	123.8769	113.8958
129.8292	106.533	84.76561
129.2135	112.6759	15.75541	32.37933	131.2432
129.9657	109.7604	125.9222	113.195
129.3228	10.94514	3.10842
129.4979	88.03296	97.55435	81.11091	115.4149	27.40737	3.97377	61.0566
129.4979	107.4838	67.37119	4.709905
129.4979	34.76636	112.1179	15.15457	79.44719	99.83508
129.4979	115.848	32.0173	54.75531
72.15828	50.04747
4.563952	119.3923	2.247774
30.48686	22.17836
82.94145	24.6195	104.8467
75.24425
68.96873	129.1921	61.08572	6.160921	32.10527
79.9658	81.71959	60.72001
74.41178
14.4251
124.2968	31.99541	117.937
121.9188	77.80217
128.7204	53.90049

68.69902	9.517236
125.113	73.20526

31.23471
101.4636	13.05178
80.81978	130.0089
35.22783	122.5777
81.3954	122.1528	107.4017	43.08914	42.3614
10.74665	8.910559
50.27863
74.35433	22.05427	51.4121

87.41628
120.3807	95.82831	87.22356

51.36602	26.14465	35.30722
65.38901
115.0936	88.60158


18.27964
87.31857	26.44458	34.49542
74.22677	71.49115
94.9079
69.76186	24.88452
90.2199	13.48954	72.09104
74.182	70.74277
56.7177
79.14072
73.62614	52.44032	110.6672	10.09834
10.17134	4.989839


74.96913	4.219666	2.587124
86.70289	15.96044	1.544204
67.55936	2.457438




83.61914
131.1674

19.89338	2.665721
29.96374	22.40748	128.6723
9.046337

14.00192	9.008683





81.22212
90.5292	67.13111	13.99297	41.27922
34.13033

2.771912

81.62022	79.31485
72.72081	69.16565	47.34664	21.81156
16.81081
78.65645	72.40748
30.03645
16.1492
50.38148

124.5072	32.59539
125.1513	95.855	87.77959
128.7583	21.80959	71.92656
124.2944	73.75798	44.60667	124.0529
40.71702
50.98556	45.9118

64.2617	30.75917	36.59309
88.55594	9.752872	52.6919
100.278	127.601


68.0093



6.395515




68.45582	40.30109	53.42935
68.2732
90.49401

86.77548	130.0675	103.3297	7.640176
129.1496
129.1496	107.8253	13.45429	106.6055
129.9206	22.65259	22.22801
129.9206	89.574	106.0545
129.6916	96.93584
129.6916	105.1085	10.91765	89.22871
129.6916	1.255086
129.6916	88.22225
129.6916	101.9688	40.40371
0.9932359	125.9716
121.3453
78.90912
120.1902
124.6065	70.37944
122.2067
126.7034	80.10654
90.54924	119.8837	8.091365	72.1468	26.13359
125.3379	14.35507
123.9854	8.865905
123.9843	86.83654	108.4668	112.1642	61.45515
73.19802
51.3273	11.2241	27.74453
52.31014
90.06782
81.42201



102.0795
130.1057
123.5826	44.79006
71.24835	123.648	48.32012	50.92718
64.62109	15.70029
94.81677	31.18897
72.64412	47.52456	36.95301
72.56994	42.17057
42.13042	72.74448
39.35908
93.90034	69.15031	115.0116
124.5355	87.49572	120.086	29.0425
14.24747
120.3805	30.33081
11.76011
77.85113
98.82718
121.6314	72.1523
124.4029	112.9612	82.13318	113.5967	93.47756
73.1865	6.480719
23.19938
123.9066	90.42213



10.24135	70.8637	62.93536	8.582321
58.68524
16.15238
122.2528	89.39315	59.5286	49.82644
122.3363	72.88991
22.27621



77.95715	128.0253	103.4809	60.30938
30.10901
77.81154
61.76955
74.16208	56.79524	64.17587	64.69265
71.45441	14.03465
81.16976
76.92372	15.67003	62.93525
51.43015
69.32697




78.19276
110.3498
1.68708
71.92577	125.9918
82.57886	90.55457

74.4743	20.38222

78.81433
90.27354	54.68733	86.29685
121.1961	76.90389
121.4422	98.55713	40.73897	17.47259
128.1089	116.6676	125.0718	37.73532
129.5401	106.0823	55.70191	118.5727	101.0114
129.5471	105.9094	69.1673	78.0239
129.5471	52.29664
130.0777	103.6695	6.731783	97.74049
129.444	102.4517	31.0237
129.444	108.6514	80.82052	90.95215
129.444	108.1919	74.26394
129.444	105.2533	78.20191
129.4168	109.3547
129.4234	108.3413
129.8393	110.0204	116.6616	116.8066
129.8393	68.70985	106.0457	55.56279	98.85457
129.8393	114.4606	8.70833	129.2654	107.4251
129.5112	1.935115	113.1526
129.2362	106.9673
129.8407	109.1446	34.45379
129.8706	107.2885
88.35897	129.5607	112.5968
129.7249	108.8294
129.7249	103.3323	85.04432	7.988834
129.4039	108.2521	74.71894
129.4632	104.5842
129.9108	88.60422	116.9201	70.36503	66.74763
130.0813	113.7102	75.67112	105.4047
129.8363	115.8794	74.4421	103.5736
72.08244	17.23115	14.22563	38.3742
36.17661



16.97181
84.69205
72.82783	20.61205	37.11404
98.55222
86.92587


69.1777	56.8112
125.236
57.86289	101.9393	83.28093	43.03297
87.92802	58.98163
94.29759
81.98629
74.07754	122.1736

75.38627	49.3628

129.8295
129.8295	98.80472	128.8856
129.8295	112.292	73.17725	113.1922	107.0093
129.3418	105.2862	55.57907	20.87836	83.10732	33.48389
129.3418	102.9337	86.06861	24.21434	90.07547	90.89764
129.3418
129.3418	106.4998
129.3418	104.4556	73.26405
129.6615	111.7139	109.1296
129.6615	31.23015	105.0245	25.30723	89.68477
129.4985	96.87278
129.3519	60.17598
129.3519	95.85248
129.3519	104.145	5.407763
129.0108	105.2581	84.59612
129.0108	106.2294	25.11774	57.02422	96.61964	57.40623	99.85248
129.0108	105.151
129.0108	57.71297	11.04546	107.2333
129.8608	103.3194	6.939343	59.42111
129.0757	105.4028
129.8957	107.9492	76.38411
129.1658	108.3363
129.4866	20.98436	114.5684	106.1383
129.2437	106.5043
129.2437	108.47	55.68324	58.07188	74.32673
129.8202	94.57512	58.46067	124.1169
128.9886	108.1018	73.79516	36.85858
128.9886	103.3968	52.50641	15.3452	26.37017	68.70428
128.9886	112.226	47.22109	53.56824	25.16127
123.9609
129.5406	24.18787
122.3391	70.48799
118.3341	77.64735
127.9016
118.6691	43.24486	95.24148	8.359267	39.69722
121.1975	56.08868	23.78646	99.60995
122.5921	52.96928
122.6206	11.78101
121.106	36.87321	119.8101	4.289722	1.327806
120.3588
96.12038	14.31484	127.4297
122.1537	0.5287235
121.222	34.7019	53.93036	49.23625
122.1445	75.55195	23.35439	66.76921
124.4688	52.69484
129.0207
129.2099	112.1562	29.00395
129.7265	104.4539	86.87654
129.15	109.8409
129.1719	112.7413	46.67308	10.95617	32.34494
130.0722	105.6256
130.0722	113.5527
129.2145	96.82905	95.57711	89.66407	8.146143
129.2145	105.1646	25.60722	80.76934	59.73384	71.31482	36.14111
129.386	35.02306	112.24	75.17107	57.57286
129.386	108.6836
129.4622	105.6405
129.4622	102.7761	16.25222	27.55185
71.05818	92.2785
78.74064	14.45672	55.91973	77.47069
31.32952
121.494	75.28419
67.14875	14.90059	120.4855
78.33	17.32846
29.17729	17.4748
11.93077

81.2876	19.49503	50.3573	12.15881	12.9214
2.938197
90.23251	68.76151	38.92398	0.8686705	12.22858	114.5003
31.27413


29.04583
66.58908
124.5747	7.96677	112.0133	27.96384
11.45307
69.51252
84.77881	7.586974	51.10883
51.55963
22.33414
75.00889	11.63161
66.49451
100.5108	60.48726	112.2907	123.756
54.29923	109.6818	33.61552	30.34419
46.75408	13.18477	98.22782
89.31427	13.03498	85.42568
77.34955	16.78043	34.9368
75.41481
106.5453	128.785	85.37806	84.47349
130.0988	72.74143	28.52343	0.6310426	2.984092	122.8388
130.0988	106.4426	3.356282	129.4541	119.4452	94.79184
129.4541	102.5667	5.802922
129.4541	108.1527	55.83763
129.4541	112.8305	19.067
129.4541	103.4495
129.4541	98.50777
129.4541	31.16169
129.4541	103.6607	83.45183	81.07818	116.4083	26.42583
129.3503	105.933	112.1576
129.49	108.2162	50.90063	16.60281
129.0284	113.6818
129.6689	106.0335
129.6689	103.11
129.4336	108.4795	71.90118	5.091066	48.22818	33.56807
129.4336
129.4336	106.6761
129.4336	105.0335	43.3805	13.59171
129.4336	103.5339	28.1596
129.4336	107.0632
129.4336	98.93074	30.26917	53.74515
129.4336	103.0284	22.78196
129.4336	80.61261
129.4336	95.40391	47.64583
129.4336	37.55747	4.966617	108.3479
129.4336	110.001	22.59591	6.884365
129.4336	103.5187	60.23641
129.4974	105.1775	123.8012	11.55932
129.4974	108.2699
129.4974	105.8337	84.886	20.83068
129.4974	104.9642	42.94994	50.91725
129.4974	112.2578
129.4974	109.2617
129.6525	16.83304	44.07348
128.856
130.5958	116.214
130.3704	111.2681
130.0707	112.0367	12.90194
130.0021	112.9345
130.0021	113.771	10.59176
130.0021	103.4207	42.23073
129.1588
130.076
130.076	98.75454	42.37613	58.58888
130.076	107.6162	47.1991
130.076	69.11625	107.1185	90.95676	9.77838	53.09547
129.4922	6.313217	108.1764
129.7043	109.8032	67.13394	24.50887	98.0466
130.9424	111.8567	124.0994
130.9424	105.093	22.9378
130.9424	105.2128	125.5274
130.9424	111.0428	1.54555
129.2234	36.29174	123.2599
129.5265	89.5646	95.47807	114.3814	128.6892
129.5265	74.84405	102.4541
129.3957	105.5541	34.46175	100.9076
129.3957	106.247	70.1975
129.3957	73.6566	108.9004	117.3696	49.08769
129.3957	120.9425	5.926011	8.952317	106.1591
15.25193	20.88026
67.2361	50.29535	33.10077	37.79828	34.92827
72.20683	65.79103
89.41795	42.02478	4.395975	7.243902
83.02877	4.713285	15.76112	1.026595	121.253
122.8752
1.977203
77.83699
73.69439
74.11693	18.58121
73.88342	65.2711
84.34141

97.41424	70.67511
124.8591	111.5006
130.3355
128.7519
118.6292	79.28284	44.33052
116.307	23.75787
15.04508
0.7412823	20.19952
78.49325
97.55744	1.169552
85.59559	38.34754	66.17886

109.1033

71.53769	63.55697	52.26393	40.42902
70.04276	62.63834	64.54463	0.6771741
118.7927	14.67997	114.0563	107.3546	3.005568

86.30673	83.57608


70.97103
45.42351
102.0863	39.96387
118.8597	4.432435
73.56196	31.31724	45.38303	0.528397	130.8361
121.1362	61.17447	37.97219
125.1034	69.77742
67.10394
61.44935	0.03941905
12.64681
67.98725
130.8845
123.3663
80.70175
44.76983
74.36867
91.84897
129.9651



74.60479	112.0878
84.9985	116.87	79.77041
70.85586
87.72044	120.3023
118.9078
75.15004
85.6901	43.28396

51.41086	2.264674	40.47725

0.006207252
69.17028	100.0132	120.209
45.59663	30.83031
86.5376	11.96124	62.40875	93.3196
73.68674	62.60504	48.33037	69.01219
53.38783	23.74112


46.91145	127.6801	4.913996
121.7754	4.523811


55.49342
16.45315
84.00265
74.94154
87.4782	97.43907	0.6288918	5.482637	56.37806	58.80652
72.00389	42.97336
37.13262	11.7646
70.8424	4.720473	48.673
125.2175	106.8202	122.3545
15.91971
88.47693
101.1764	100.2599
7.708698	98.6833	23.33522	78.86034
93.86551	36.90538





72.97359	14.99369	26.10877
118.8644	70.64913
43.84783	31.12486
127.4014	72.65808	42.40724	92.33959
54.29002	16.78096

72.30615	63.55307
72.37742

81.96938
74.98657
20.17845
53.52717	50.92955

47.7042	35.54129







57.41168	79.17714	51.0364
121.8764	33.79643	34.61306


129.6726	50.97873
124.6256
47.45052	74.22916	129.3731	41.42018	114.1648	27.75481
27.77205	121.4069	40.28837	57.34867
44.13502	41.86341
4.25771
72.48261	42.96772	56.01404	49.66887
2.213682
81.77971
53.90942	39.47584	23.8538
89.54397	72.29188	31.66128


120.5755	25.43478
118.0344	74.82145	43.45005
118.9864	30.00859	55.87066
1.048659
42.44162	28.49234
35.79803	24.03894

129.6745	108.1949
129.5655	105.4538	102.9969
129.3595	103.842
129.6981	99.74189
129.9081	108.6451	15.11818	105.5125	127.1005
129.6293	30.34355
74.51389	69.68282	32.72947	22.65221	57.85251	79.95676	52.86127
129.24	44.95955	12.5502	88.12963	26.75186	66.51597
72.40423	68.39935
63.75723	4.971574
99.33344	7.838144
89.3718
73.99574	9.043946	24.26627	56.48018
66.69465
34.44268	23.98716
70.84546	48.2156	130.2173
127.9268	34.96621	103.0111	109.7537
72.79575	28.66467	25.73792
3.26319	78.52843	63.2951

83.70719	126.8957
75.04331
75.7938	11.82729
72.1031
69.05743	55.42222
53.068	43.36151
11.62031

124.3681	37.97366	118.4406
120.9091	70.41028	41.54304




125.8215	7.581475	69.9554	26.38922
124.358	0.4213335	50.4884	49.60319
16.47064	88.7093
87.07024	70.46282
66.51132	68.65988
68.54874	127.7416

70.1951	34.57651	60.63463
76.6213
93.4942	35.16857	20.12297
91.09623	61.02592

73.98995	45.07809	25.33816	91.89335
69.77313	23.55465
12.08546	8.563704
123.1021
82.49187	75.99638
12.61123
84.23225	14.3306	27.82967
22.99415	92.24966
82.78585	5.803902
86.53265
39.27011	23.57117
88.82686
70.10731	43.8686	40.81361
74.98938


121.3933	67.40842	48.71722
121.5861	69.42133	0.6281789	72.85306
124.2328	46.49676
68.08444	46.37826	78.6158	73.83043
89.70073	67.46839	66.86842
52.02185	16.76204
129.1992	13.43763	0.7400677
129.1992	104.9231
129.3122	104.9201	44.4401	58.30475	67.1016	20.28043
129.8199	104.4516	86.62146	8.701252	10.27128
129.8199	102.8581
129.8199	105.868	54.79066	102.7684	57.71876
129.0548
129.4646	113.9885	110.8412	121.2735
129.5107	108.1017
129.6409	112.9564	63.59122
129.996	104.8781
129.996	105.0076
129.662	112.7867
130.0734	108.9003	74.13887	52.12704	51.79572
129.2561	47.08923
81.46342	59.01196
119.0679	93.41011
65.67314	58.54585	31.01225
127.78
74.37909	5.306822	60.20149
43.94191	1.317029	26.60108
38.48529
83.91855
89.89874
69.27942

126.9487	69.9565	67.88845
55.47976	17.45438
60.18622
84.50345
129.3155	28.77878	116.4989
121.7069
83.44759
114.2904	9.032215
2.462132
75.68146
73.00445
73.18045	66.60215
72.22669	61.94421
83.77547	31.40292	72.8101
67.12017	100.4999

45.95569	56.35783
86.09504
35.53147


101.5525	50.4008	80.25984
129.1734	16.34391

24.07315
29.0816	9.716788
62.87481
64.52649
9.572392
75.75118	1.363992	65.93167
96.0728
71.23286	68.28535
71.85902
125.6143	74.08372	124.4234
66.42303	13.87581	43.63468	127.3126	52.08632	55.81233
124.7695






43.81366	10.08733	30.43661

