SurvivalProbabilities
0.5225872
0.6092017	0.9654297	0.8314776
0.8254703	0.4215203
0.2277513	0.7390757
0.4082632	0.642177
0.4425067	0.2524626
0.2313658	0.5420733
0.3149281
0.2969348	0.394675	0.9673364	0.7885206
0.3057157	0.7833883	0.5572325	0.9172348
0.4176906	0.7558156	0.3428026	0.466603
0.5056883	0.4179425	0.6854996
0.4526868	0.5703489	0.4843229
0.3472094	0.7314116
0.384506
0.4068712	0.8023026	0.4154717
0.3085864
0.3070377	0.6874564
0.4059242	0.4441671	0.6596521
0.4729596
0.3470534	0.6087299	0.9524911
0.3563342	0.9769585	0.8414238	0.6125609
0.2986191
0.3669701	0.1792363	0.3710875
0.3143698	0.873347
0.2494957	0.8524668
0.3956232	0.06778038
0.297511	0.4305541	0.6630102	0.7770689
0.1884115	0.9414438
0.3320419	0.6544892	0.4578297	0.8152651
0.3201534	0.517543	0.4758959
0.3618877	0.5400889
0.3714319
0.3317503
0.2286557	0.5199239	0.5183152	0.459407
0.288003	0.8017599	0.7451953
0.2987647	0.8028806	0.7300977
0.3018247
0.3841041	0.8112498
0.385397	0.04752206	0.8547082
0.3421467	0.5059983	0.9595721	0.8999622
0.3614273
0.3226013
0.3517039	0.9584576
0.3177926	0.4250641
0.4161521
0.3169283
0.425229	0.8707791
0.4387924	0.940462
0.497952
0.3076202
0.3733557	0.844557	0.489713
0.2971951
0.894335
0.3710283

0.7119336




0.9912606	0.9537983
0.7331623
0.5212631
0.6917854	0.7889013
0.7717773
0.4277008	0.7072082

0.3862487
0.2768445	0.1838182
0.4364081
0.3192469	0.7628784	0.6465278
0.1872792
0.3834031
0.3311856
0.3083421	0.3443889	0.9780903
0.6736918
0.7150055	0.8585964
0.493958	0.6710747	0.737842	0.7711052	0.2084654	0.8535457
0.2624982
0.342466
0.3876095	0.9627208
0.3340501	0.8337492	0.9273182	0.7648385
0.4562785
0.3185071	0.8885741
0.3331004
0.365699	0.9048738	0.2007689
0.3173267	0.4367122
0.2465106	0.7056272
0.3462994
0.2572488	0.6811722	0.7708953
0.3516296
0.3463634	0.8782089	0.8576143
0.6650534	0.486862	0.8936416	0.9663907

0.4873275
0.7149664	0.7407485
0.8724695
0.7516241
0.6729656	0.8119251

0.8914279	0.5505828
0.5159485
0.6010574	0.2913736	0.866762
0.5852879

0.8046431	0.8690624
0.6694717



0.9485057

0.7668637	0.6003438	0.9772885	0.708608
0.4838285
0.9561916
0.5531152
0.9427193	0.6769487



0.8819565
0.8178332	0.7748586
0.7571909
0.7989034	0.9326926
0.7758242	0.2240819	0.9485199
0.6597927	0.9807652	0.8104847
0.60053	0.3671107
0.3721792	0.7446605
0.6455219	0.7724545
0.9628759
0.8692205	0.9449259
0.02118933

0.2997626	0.9934837
0.5990612	0.3689283

0.5356581	0.919259	0.7352336
0.9345434	0.4494747	0.2816596
0.7854254
0.5681048	0.4907577
0.304994	0.3270304	0.6406287
0.6203941	0.5596233	0.7085424
0.6673172


0.6934472	0.405561
0.5453997	0.5306673	0.4828044
0.4239074	0.7421583	0.3562221
0.4426611	0.5785616	0.8046303	0.9683052	0.4439869	0.5812032
0.4033239
0.4400072	0.6397823
0.3775189	0.7354915
0.3775457	0.9235434
0.1950353	0.60223	0.8168833
0.4409569	0.6759975	0.8997988
0.3277048	0.8570503	0.7043223
0.3186562	0.8951579
0.4147482	0.614955	0.7607179	0.9611789	0.6373691
0.2795486
0.4979462
0.3993736	0.3648761	0.927128
0.3903998	0.9501539	0.9530909
0.3270446
0.5540711	0.7273668	0.7787711
0.3046187	0.7107631
0.3401648	0.4255098	0.9503695
0.3515308	0.638716
0.4407268	0.8063598	0.744078
0.3218599	0.4161111	0.9885162	0.9311416
0.2015922	0.8318744	0.8645035	0.8130202
0.3177023	0.6264679
0.463285
0.3935729
0.4236821	0.7764651	0.6471259
0.5570939
0.5207243	0.05996806	0.5120621	0.182525

0.7451643	0.6605625
0.6660442
0.9346783	0.1871172	0.6663061
0.3047175	0.5800745

0.8358196	0.257476
0.7525083
0.8484537
0.1463724
0.8944689	0.02957174
0.808111
0.8000732	0.4685929
0.4984394	0.9472466	0.7274724
0.4783419

0.7791474

0.8943957
0.4109405	0.3364718
0.5883425
0.8751718
0.963863
0.4556401


0.6402046	0.6906451	0.9119263
0.6586996	0.639005
0.5835188	0.3351004
0.4101989	0.9857036	0.7193861	0.255029
0.532868

0.4453217	0.9545265
0.3730587
0.9005898


0.6932992	0.2527736
0.741894
0.3642418	0.9882687
0.8865175	0.6638749	0.7566959
0.9473322
0.5855232	0.6066235


0.2754834	0.6490802	0.1518158	0.9429357	0.4685024
0.4756412


0.8888115	0.2734894
0.5519286
0.9217323	0.6216642	0.9232784	0.4987145
0.591001	0.3711958



0.9013706
0.8804054



0.6114413	0.4730368

0.668024


0.7377156
0.7333186	0.8229745
0.5267966
0.3070074
0.7359753	0.9434021

0.5182727	0.7830487
0.7217342


0.9438762
0.9992796


0.6972657
0.7094973
0.7847317
0.6157417

0.9016005


0.2932581	0.7688664


0.4725132	0.8678254
0.124243	0.5180665

0.7056542	0.3300203
0.4973178
0.3269305
0.3427563
0.3027701
0.3460159	0.5806649	0.8885291	0.6997905
0.3124991	0.5448588	0.4291231	0.1808968
0.2898026	0.764315	0.990838
0.2842689	0.6873334
0.2674796	0.7101998	0.9993019
0.4037528	0.5358507	0.6725396	0.9229571
0.335448	0.7172141	0.6424232	0.5809518	0.707006
0.3266144	0.9413527
0.2640967	0.9717524
0.346476	0.9228766	0.7710291
0.2660638	0.5108879	0.4641077	0.7895669
0.3215862
0.3161248	0.8861043
0.248932	0.6064122
0.4029283	0.90594	0.8506605	0.9263204
0.2021003	0.8684861	0.5983066	0.8546916	0.5877164
0.3489433	0.9766956	0.5155214
0.3848413	0.4697642	0.707345
0.3409041	0.8593035
0.3292774
0.3009176	0.7666974
0.4027811
0.3560235	0.879039
0.3765996	0.7902267	0.500893	0.8751258	0.969315
0.5276925	0.5398775	0.640677
0.4071179
0.4062993
0.277472	0.5901006
0.4065267
0.3915384	0.6959558	0.3578038
0.3212718	0.844352
0.3563804	0.5347358	0.785395
0.3385236
0.2239414	0.3942817	0.2880778
0.1726489
0.3200361	0.8492171	0.2816216	0.902609
0.3696663	0.2629036	0.2465393	0.9362796
0.4005707
0.5317578	0.8832528
0.4789138
0.4335348	0.7680604
0.2094804	0.7638594	0.4096374
0.3720324	0.6694628
0.3446673
0.4332056	0.9385699
0.428099	0.1973458
0.3048716	0.8716013
0.3932971	0.9202483	0.6792875
0.2450853
0.3473633	0.4797964
0.3056792	0.4518254
0.4839812	0.7160767	0.2547665
0.6674264
0.3126433	0.8577226
0.3040394
0.3826305	0.7695813	0.6417025
0.3739575	0.1853453	0.6148414	0.1551521	0.8939061
0.3113365	0.8513461
0.2829375	0.7884639
0.5031967	0.5553451	0.4619263	0.6144861	0.8113019
0.3269419	0.5340861
0.3648275
0.2268611
0.3475594
0.2907335	0.4951862
0.2885372
0.3077829	0.4178511	0.9312861
0.5086431	0.4800141	0.9517947
0.4374533
0.4990292	0.7999429
0.4741174
0.3428537	0.2674447	0.7707846	0.1241018
0.4168207	0.5477273	0.3452219
0.4432517	0.9970317	0.3483481
0.3122167
0.3742959	0.7505456
0.316975	0.1606425
0.3722806	0.2345372
0.2370026
0.4624211	0.7759973	0.2303932
0.3456978	0.3998219	0.9602956	0.8906615	0.6985776
0.2921358
0.3902847	0.9524871
0.2717386
0.3518407	0.3477488
0.3717204	0.7561937
0.3489538
0.357307	0.6466834
0.3535871
0.3286193	0.6727795	0.8634622
0.3571385	0.9555623
0.2968048
0.3171999
0.4420813	0.8933767
0.5416809	0.6207678
0.3379685	0.7564101
0.2692685	0.7056117	0.6879746
0.2550838	0.8300726	0.189973	0.8814629
0.2951494	0.6321092
0.1726479	0.7076518
0.3151636	0.8690755	0.7915385
0.1461174	0.5096673	0.9876675
0.2588945	0.4577541	0.5236792
0.3543895	0.907256
0.3370089	0.3411855	0.7941628
0.2190186
0.292947	0.3239938
0.3290353	0.5632042
0.1714505
0.2904253	0.8342518
0.312148
0.4459804	0.5790183
0.6584564	0.4541153	0.8938266
0.470478	0.5196628	0.6324997
0.359559	0.4641325	0.6269639	0.6117782
0.2964493	0.4427339
0.6580786	0.5344917
0.292874	0.6877077	0.7673998	0.9763008
0.2781989	0.8848362
0.5038599	0.4202717	0.3915672
0.2466804	0.6325727	0.8868513
0.2486787	0.9127655
0.4033152	0.885493	0.4312815
0.380749	0.4100156
0.329386	0.6814675
0.4092153
0.4255461	0.529819	0.8318221	0.8548307
0.5022424	0.3876219
0.3424307
0.2305094	0.3102164	0.9353185
0.2835321	0.9480597	0.7992769
0.3517669	0.7732647	0.8862332
0.4307633	0.1642209	0.8237601	0.92013
0.4033258
0.2618876	0.8077287	0.8914462
0.3012348	0.4868792	0.8995243	0.8742072	0.8520874
0.3569672
0.2368828	0.5849362
0.2386865	0.8003342
0.3775457	0.7864476
0.4442648
0.3704155
0.2435939
0.2442861
0.3207814	0.7936982	0.5958575
0.3975836
0.4346366	0.7256299	0.2554303
0.2978057	0.556205
0.3046734
0.2675645
0.3401654	0.4364744
0.5246902	0.8626944
0.3747202	0.3505197	0.9502663	0.3365574	0.6449614
0.5090386

0.8151013

0.9986798
0.8239266
0.8123682	0.3434968
0.3003806
0.349877	0.5742219
0.9877433
0.2190256	0.7854118
0.8859455
0.9477321	0.6304936	0.6289141
0.8773332	0.6768629
0.6103122	0.6519972	0.7352984

0.9593997
0.316345
0.8973662	0.4788012
0.9288421
0.7627154
0.9647024	0.8264958	0.9667501	0.7971602
0.8935849
0.8318867	0.9135441





0.8021008
0.5585937
0.8471827

0.9435208	0.9948134

0.3834831
0.2855755
0.5326651	0.514855

0.4824346

0.465102
0.4450855
0.7050743
0.4833882	0.6322686
0.6330681	0.6784432
0.927165	0.9141838
0.7341941	0.7266056	0.8153227
0.93395	0.683793

0.1476559
0.7231055	0.3807354
0.7168963
0.83202
0.6965378
0.8503702


0.3915848
0.4081971	0.7873044

0.166662	0.6820233	0.5703465
0.7292066	0.5650411
0.9984475	0.5578635
0.3603505
0.92229


0.8116375	0.9904014
0.6725259	0.6228399	0.4635152
0.9807448
0.6370554
0.2911102	0.9972361	0.9253394
0.8907656
0.6067784	0.8185996	0.779309

0.9588479
0.6916643	0.9465267
0.8370632
0.7219534	0.6641664
0.7064613
0.5440255	0.7540081

0.285863	0.7405937


0.9044815
0.2952486	0.83187



0.7552851
0.3017414

0.4535136
0.8543902	0.7971452



0.6707371

0.268209
0.5436014	0.9813669
0.6736539

0.2042411	0.9513822
0.7608733




0.3215756

0.3353519	0.9650552	0.3989183
0.3451294	0.7283762	0.7004886
0.4149536	0.4803925
0.2733219	0.8695385
0.4043064	0.6131754
0.593969
0.56477	0.4316172	0.3399958
0.3818315	0.4816184
0.3603362	0.4532725
0.347108	0.4698974	0.838631
0.3222458	0.5635506
0.3647087	0.856577
0.3987318	0.5968668	0.5943221
0.4624034	0.8353323	0.8084561	0.7907569	0.4483196
0.8281257
0.9324333
0.6113337	0.9547005




0.610504
0.8598465
0.5830215	0.848246


0.3865387
0.8987943
0.6377489

0.8309027	0.9144192

0.71028	0.7830425
0.9635908

0.7274509

0.5055079	0.7425812
0.4052043
0.5348678	0.5211568	0.05229466
0.2836874	0.9431574	0.4854743
0.299277	0.6735092	0.8122927	0.9164774
0.6084165	0.5606949
0.3343702	0.7570257	0.5479668
0.5482108
0.7377694



0.8392976

0.3868218	0.9865384
0.7438334
0.4968382	0.4423156
0.6195761
0.3163281	0.4815758
0.6361449	0.3715836	0.48693
0.5645194

0.5728691	0.8303414	0.5375432
0.6560457
0.6695343
0.4800045	0.787299
0.8385251
0.9121866
0.6016341	0.8939109	0.4841591
0.9265708	0.5673785

0.5907068	0.9711665
0.4094195	0.7537805	0.9273656	0.8293383
0.5010154	0.7507384

0.6236116	0.4363643



0.06775611

0.1970614	0.7086795
0.247608	0.9572578

0.9250371
0.4556896
0.6783886	0.7963932	0.03085225
0.7131424	0.4437962
0.9704045


0.8971433	0.4389338	0.7857561
0.9669914

0.8636708
0.760839	0.3894155
0.8298274
0.9516108	0.8792006


0.5051898
0.5934013	0.470973

0.0226804	0.65733

0.3822417	0.873205

0.8873261	0.9010577
0.5838753
0.8309053
0.9445589
0.957377
0.7295202

0.8658112
0.7730509
0.8818302
0.8935826
0.70485
0.4810863

0.8303662	0.3520499

0.5275968
0.8652663	0.8321176

0.7557142	0.6415488
0.9094298

0.411422	0.9607849
0.4317857	0.9726806

0.6708085





0.8581447
0.5424343	0.6178011
0.389259	0.9836607
0.4534655	0.9781874
0.3920992	0.5014144	0.9061286
0.4487497	0.5084648	0.1692936	0.5489732	0.9254448
0.2987341	0.9736707
0.3435113	0.9324595
0.3584612
0.4222728
0.2951995	0.04019928
0.2690644	0.5662263
0.3217269	0.8590193
0.3560358	0.9486653	0.7224987
0.4008688	0.4100238	0.5829789
0.2470352	0.7563903	0.6503635
0.2625195	0.1072372
0.3001923	0.9772755
0.3130354	0.9010294	0.9251094	0.3633526
0.2752876
0.4186663	0.9324453
0.378588
0.3324454	0.4859684	0.7330869	0.8263652
0.3395785
0.3467858	0.4503127
0.2154072	0.2416759
0.333217	0.6951145
0.340053	0.6092517	0.9885107
0.2811641
0.2411591	0.6635381
0.309426	0.7136117
0.3117423	0.5187554	0.7524778
0.2615936	0.413984	0.7651779
0.4354719	0.2660313	0.8839142
0.5901073
0.2532478	0.7008838
0.3544717
0.3981758	0.4330723
0.432743	0.8261674	0.5369367
0.5030932	0.9538288
0.9750251
0.3834049
0.2722011	0.9867839
0.2534632	0.7257348
0.8503718	0.8489799	0.6516835
0.5732422	0.641932


0.6928637

0.7996414	0.9766116

0.9495223
0.4118671
0.7225853
0.2610376	0.8798762
0.5370453	0.6442492
0.8223928	0.8146311
0.8307188	0.5270567
0.2635909

0.5818413
0.9033578	0.735066
0.241393
0.8974546
0.9234084
0.6951637	0.8365827
0.993099
0.3500799

0.6154727

0.6878848
0.8442653
0.9767166

0.8152782	0.9045437
0.9955868	0.6208358
0.6879912	0.07166289	0.930556
0.7530836	0.4800895	0.7119773
0.8241199
0.864544
0.6366609
0.5253528
0.6266374
0.283758	0.7872818	0.1909096


0.5201042	0.7439209




0.7544839
0.557253	0.4054731	0.7678146	0.6708311
0.2886906	0.7418512	0.8070693
0.2003455	0.798086	0.5776163
0.3280482	0.449841	0.974414
0.4356974	0.1211263
0.3126849
0.3526377	0.3687862
0.2510867
0.399073	0.6342356	0.733996	0.7798538
0.3232349	0.2837126
0.3740044	0.9896771	0.8452702
0.4414613	0.9460646
0.2302284	0.8347755
0.320786	0.7018938	0.496151
0.2905116
0.2492793	0.9401355	0.5702619
0.2856909	0.3163088
0.3102181	0.4085185	0.8328815
0.2169538	0.2673673
0.4045874	0.720675	0.6314693	0.7705732	0.9799186
0.3404109	0.4365634
0.2542053	0.6989474
0.2238217	0.7050788	0.5067908	0.9832724
0.3287492	0.5307729	0.7963786
0.2834289
0.3630286
0.4552658	0.9572515
0.3281936	0.3658203
0.3405658	0.5742787	0.581344
0.2653113	0.7379576	0.3333879	0.449089
0.2353881	0.4387299
0.2660214	0.6762168	0.4880563
0.2890071
0.4956921	0.6268877
0.340992
0.3164106	0.6200224	0.8967212
0.3048187	0.1742529	0.7472722
0.3742312	0.1995934	0.4758821
0.5802424	0.6338799	0.9847087
0.367788
0.3531401	0.7035889	0.6956556
0.4486716	0.9954879	0.8341981
0.3293719	0.5750878
0.4083902	0.7528442
0.2641282
0.3697727
0.4680811
0.3343883	0.7885729
0.349268
0.4373511
0.3126238	0.9242851
0.2112495	0.6847699	0.2238793
0.3441119	0.6420671	0.941595	0.9949736
0.5212083	0.2723874
0.3459978	0.6402174	0.6374453
0.457872
0.394554	0.1409014	0.8129076	0.9509542
0.4318199
0.2973214	0.9887292
0.2577151	0.334666
0.5229594	0.4493024	0.6032976
0.8100327	0.5756622	0.7651034

0.8585613
0.5398043
0.7309348	0.8436222


0.702255	0.2942351

0.5294562
0.9190165
0.6561524	0.7885356
0.9779538



0.6682798

0.194674
0.4892612
0.695937	0.4984272	0.9173188	0.87838	0.6978137
0.4439521	0.6491263
0.5059529	0.8106797
0.8521224
0.8935416
0.3431589	0.9717085
0.8073892
0.6782048	0.6816793
0.3877
0.5690871	0.4530955
0.5017454
0.3110035	0.6439133
0.468185


0.7993254	0.4285391	0.9591839
0.5300055	0.06659861
0.7133957	0.6299504	0.951345

0.5172419
0.978124
0.9578657	0.900264
0.7815369
0.8077435	0.7397235	0.933155	0.8153771
0.9952468	0.5610634	0.8419047


0.8459983	0.4947358
0.5468957
0.632269
0.3137524
0.5006358	0.865053	0.96753
0.6861246	0.7336956
0.5062958




0.998229
0.7825586	0.9082557	0.4647222

0.7974268	0.7325028	0.9528186

0.4468979	0.6410639	0.5321812
0.7234656	0.8908606
0.9927656	0.9086183	0.8398755
0.7182025
0.9360443
0.377242

0.5599436	0.6006429
0.7971228
0.5411854	0.4459038



0.8482717
0.9644257
0.6123271
0.9316813

0.9372732
0.4804235
0.6018231	0.9015216
0.9615295
0.2874469	0.3902432
0.6579649
0.3247031
0.2694872	0.6509169
0.4194326
0.3438997	0.5313497
0.266534
0.3356965
0.3042321	0.4537229	0.7564564
0.2684834	0.4518786	0.5358826
0.3367116	0.1852109	0.5183511	0.8672625	0.7605647
0.2687065	0.3996534	0.4062007	0.4599797
0.3188666	0.7982983
0.3737217
0.3832023	0.5384575
0.2758629	0.8559165
0.5603321	0.5787933
0.281029	0.8797539	0.9268799	0.3325345	0.8426506
0.3444442	0.7353261
0.5219731
0.2965854	0.8743014	0.291393
0.2582025	0.7155969	0.9917084
0.2665258
0.266066	0.9943857
0.423012	0.5751422	0.6858868	0.9015126
0.3498251	0.5929614
0.3261244
0.3297259	0.9911712	0.4231357
0.4109937
0.4126166	0.6526839
0.4147212	0.8174601
0.247233	0.4006246
0.2496444
0.2153042	0.5702757
0.2946451	0.6265431
0.3256436	0.9716193
0.1925516	0.4079899	0.5992931	0.3992022
0.3202278	0.5975153	0.4452824
0.273057	0.5668272
0.3993777	0.6896029	0.7574839
0.3480951	0.9266925
0.3360655	0.4032484	0.9382491
0.2499374	0.5327457	0.3353546
0.3105382	0.8856989	0.6356659
0.2651226	0.2896884
0.5335239	0.4736791
0.2529513
0.3522327	0.6219076
0.2465247	0.3011883	0.4976564
0.4212891	0.7907154
0.3641145	0.8640138	0.6644233
0.3101646	0.2521313	0.4029392
0.3047589
0.300933	0.544068	0.1992734	0.694306
0.2259971	0.6117576	0.7380478	0.8712797
0.3218515	0.9814239	0.7466289
0.3087541
0.3823675	0.6602425	0.9965429
0.3482712	0.7334218	0.3100093	0.4941333	0.338118
0.2547158
0.4794792	0.9641719	0.5757534
0.4718774
0.2421117	0.5313134
0.4795836
0.3047379	0.7205222
0.3023246	0.5281711
0.3963857	0.4170687
0.3012196	0.5368491
0.3884314	0.9214145
0.3174978	0.6367792
0.322636	0.9259346
0.3658608	0.7390176	0.2028979	0.6032928
0.2910402	0.5545339	0.3257002
0.426985
0.2362096	0.2913112	0.2273998	0.9280915
0.3066476	0.8965893
0.2829623	0.6766346
0.3466039
0.2916029	0.9256682	0.312064	0.6359683
0.162762	0.4062898	0.5697305
0.2132982	0.4975042
0.3816354
0.3239073	0.7036867
0.3662373
0.446408
0.2913579	0.8265199
0.3038774
0.2526593	0.8466905	0.4586896
0.2810935	0.844552	0.9571465	0.78992
0.298219
0.4171267	0.8425467	0.6943934	0.9096057
0.4150582
0.3223458
0.3703189	0.706447	0.983072
0.4567596	0.0303482	0.5274627
0.3071786	0.7844182	0.2598213	0.9406883	0.7683058	0.9109159	0.4449697
0.4161863
0.2933623
0.2435822	0.9937617	0.8434009	0.8364295
0.3657767	0.4417927
0.4646974	0.4973471	0.6265578
0.4967588	0.9655043
0.3071594	0.6532113
0.443619	0.7177969	0.7126918
0.2581648	0.9850123
0.3202588
0.3089149	0.8362619
0.3230009	0.9735088	0.8733575
0.3715806	0.575673
0.3193008	0.9846713
0.3509684	0.9209186
0.377281	0.2122976
0.3531161
0.3133111	0.1201364	0.5864177	0.6291395
0.3410261	0.8865969	0.342599	0.5506586	0.4691398
0.3285147	0.972903
0.409942	0.2166359
0.2752214	0.5846416
0.2730023
0.3518961	0.9217336
0.3396583	0.7869774	0.9327838
0.3738855	0.9432232	0.791175
0.4019921	0.8054733	0.9594744
0.4825508	0.5117552
0.3091619	0.3518032	0.7289397
0.3843866	0.7379692
0.3545481
0.3365352	0.845162
0.3394666
0.4569915	0.3064105
0.3894439
0.3910835	0.8188006
0.2883842	0.5722307
0.38753	0.8013403	0.8195249
0.365051
0.26753	0.5537702	0.9190253
0.2257794
0.245081	0.7239764
0.3622315	0.4404752
0.3666644	0.8992855
0.3529474	0.328121	0.7403439
0.3906699	0.5797987
0.2948247	0.2316613	0.9444504	0.8646254
0.3675615	0.7513915
0.4391739	0.7068847
0.3402545	0.9032397
0.3689097
0.3600279	0.3353956
0.5758682	0.644596
0.4633634	0.6434221	0.746501
0.4830652	0.5052346	0.5386962
0.4359977
0.4960249	0.8655148
0.5186472


0.6439903	0.3320962	0.6451433	0.4732566


0.4787367
0.6191518	0.9829775	0.8352353
0.5785868	0.3780361
0.8649631	0.9312694	0.427523
0.5494852	0.7009074


0.4800126
0.6553533	0.4225432	0.7879611

0.8325519

0.8639651
0.9296181

0.1404397	0.748091

0.7841696
0.5426371
0.6886476	0.943915
0.7008854	0.9295304


0.9187865


0.579551
0.8511518	0.7671017	0.9774271	0.7988177
0.933643
0.7731041
0.5499124	0.4800926	0.8886226
0.2667283
0.4755455
0.5780742
0.6927217

0.7471973
0.6420463
0.3824979	0.3163267
0.643304
0.5845155	0.805025





0.8295462

0.4942161	0.7035633
0.8213021
0.001032116	0.9843876

0.8179707	0.9636657
0.9904108	0.3227337

0.8784256

0.6529324
0.4620211
0.5881298	0.4800728
0.8555745	0.821241	0.9440551	0.9725189

0.9893219	0.5161435	0.1759097


0.5827093
0.6367439	0.5429496
0.563974	0.6441014
0.7320033	0.9553701
0.1284576	0.8811445



0.7223501
0.8075449
0.9122974
0.2898574

0.5726761
0.5033457	0.7648031	0.009107002
0.5082373
0.3173335
0.283963	0.5757932
0.4174169	0.4661052
0.2733596	0.3836423
0.2937786	0.9421048	0.9808902
0.243921
0.3285136
0.2428607	0.8997666	0.9008997
0.3090828	0.4394249	0.6019462
0.7236453	0.6657414
0.339494	0.8104857
0.3739871	0.7961542	0.8599817
0.3298935	0.6125404	0.8410049	0.9071107
0.4650825	0.8163003
0.2967987
0.4634211	0.747856	0.7210058
0.3114297	0.7519242	0.3348569
0.2909184	0.8532586	0.9306574	0.9773722
0.4288402	0.6593049
0.4357917
0.7536468	0.233192
0.6700451
0.7206812


0.5324751
0.5548291	0.5643367	0.8285378

0.7798346	0.6135448
0.9021326

0.5811531	0.999728	0.8328394	0.9937165

0.9380952	0.9215569
0.7041321
0.9747583
0.7423278


0.896613	0.8684888
0.7009225
0.2433064	0.9148808
0.9691756	0.5504182
0.2303295




0.4667773
0.403489
0.3528918	0.6068952	0.632558
0.4323982	0.3076993	0.6901023
0.8564058	0.363252
0.8073406



0.4802411	0.5958757

0.5922026
0.148237
0.9344124
0.8014231	0.9768159


0.8499738

0.6294537

0.5685883	0.1498856
0.5037943	0.7319192
0.5553469

0.1659569	0.919767
0.9523728	0.5374994	0.7475796	0.5359383
0.5191343	0.8577991
0.2421428	0.3376493
0.4904509	0.9020654	0.6476364	0.789754
0.3435598
0.5374132
0.4231505	0.4347812	0.2569172	0.7402641	0.2542878	0.9081701
0.4278928
0.3354157
0.324118
0.4403751	0.5966266
0.286504
0.2765268
0.3852517	0.6008372
0.3747648	0.8291277	0.8266952
0.3360832	0.7972125
0.3113819
0.2620923
0.4626704	0.4538157
0.3741376	0.9885092
0.293835
0.2695856
0.462679	0.7689624	0.4565121
0.2481701	0.3514544	0.8442329
0.3611966	0.3681647	0.6110656	0.9738457	0.7864051
0.6918613	0.8477691



0.9952216	0.7522756
0.7057061
0.6098139	0.9476518
0.1211949
0.2774126
0.9458931	0.7457791	0.9666996	0.1716996
0.1961972
0.8351298





0.201379
0.2586537
0.7881984	0.9935809	0.4863798
0.3448273
0.910127	0.5988957


0.9656769	0.9179918

0.7278985	0.9993732	0.832421




0.4839751

0.2513368	0.7813332
0.3801748	0.8857852



0.7283651	0.9272295	0.7292501	0.9642825
0.943208

0.6496558	0.7255738
0.2819336	0.6065729
0.2429105	0.4684155	0.5273786	0.7415962
0.3971324
0.46394	0.210789	0.7655336
0.3207837	0.5383211	0.5212505
0.4833905	0.9954889
0.3763382	0.3463727	0.5890512
0.223959	0.9626936	0.4201025	0.6453783
0.2875909
0.3864892
0.5549156
0.3678898	0.6192535	0.5621545
0.3978399	0.3377412	0.4289025
0.2092782	0.974661
0.2612592	0.3968871
0.4106507	0.3767795	0.4501628	0.979348	0.7720614
0.3921634	0.5839011
0.5831296	0.4684284	0.8028443	0.7538259
0.4081779	0.7164522	0.5558946
0.6251222	0.222245	0.8659118	0.9607422


0.5150577
0.6406605	0.9698406
0.6737035	0.8619498	0.6850487
0.710515




0.2508247
0.4511081	0.5847823	0.5626088	0.3838431
0.3991092	0.7012493
0.4791326
0.4957991
0.4723958
0.306334
0.2938105	0.7688816
0.3432284
0.3859191	0.7090777	0.8137461	0.7539337
0.3377269	0.9403154
0.2947673	0.7712171
0.3671769	0.3214932	0.9702371
0.4001883	0.6412509	0.9378993	0.6904256	0.9886401	0.9961193
0.3441527
0.310351	0.9435142
0.2885602	0.9918651	0.9223267	0.719852
0.3673745
0.5143886	0.9693526
0.2611732	0.4318816
0.3802659
0.4871516	0.2435915
0.3074592
0.4304882
0.3706602
0.3798794	0.5853965	0.4877126	0.8588302
0.3991389	0.6531381
0.2902786	0.5330116
0.3430937	0.1578364
0.3361627	0.8838899	0.6483495	0.7198234
0.3250292
0.3755846	0.5679357
0.3626454	0.5245908
0.4667104	0.9123704	0.3940945
0.6308773	0.6158085	0.4425844	0.9561754
0.4408899
0.2973946	0.6994369
0.2574171	0.7860965	0.6305769
0.288503
0.2522246
0.444022	0.6861164	0.8618335
0.463418	0.9762769
0.3951667	0.9623618
0.2685805
0.2369025
0.2795943
0.48072
0.2303719
0.3203783
0.3266936	0.6639714
0.3304858	0.8638497
0.2581918	0.9834498	0.7108754
0.3861994	0.5194375	0.9054334
0.4129958
0.3342753
0.2751032	0.3136499	0.9416004	0.345387
0.3553457	0.7051969
0.3557068	0.4993885	0.3881925	0.750689
0.4301924	0.7539006	0.6803748
0.2835664	0.5326767	0.8594491
0.2518153	0.8855601
0.319498
0.2535378	0.2362529
0.3276506	0.7750664
0.3502343	0.7295684	0.2344519	0.6858435
0.4260597	0.3726525	0.5648977	0.7891271
0.359197	0.8809453
0.3208588	0.9945275
0.2018816	0.6281339	0.9061352
0.3313657	0.6392383	0.4133805	0.8152068	0.7187402
0.3112795	0.6093575
0.3688101	0.7906019
0.3405348	0.5957087	0.7777327	0.7923817	0.7933816
0.4098843
0.3144597	0.5814032	0.8189004	0.6732382
0.2639412	0.4788162
0.258151	0.6430503
0.2940076	0.356779
0.1916269	0.4255314	0.6829375	0.525505
0.3327958
0.3422411	0.812128
0.3185771	0.9158089	0.8305202	0.6041736
0.4794712	0.7436387
0.493846	0.9643537
0.3050634	0.7843238	0.9709584
0.4321269	0.7727343
0.3812477	0.3566293	0.8648194
0.3895161	0.3278426	0.3063708	0.4387499
0.3761138	0.5995527	0.7304298
0.3246216
0.5492069
0.2855157	0.3282544	0.7291259	0.7551603
0.2811252	0.3731122	0.9986404
0.4471285
0.3473522
0.3550597	0.9569898	0.9357629
0.4338614	0.6736905
0.3842358	0.9016613	0.9856018	0.8591227
0.2422689	0.3374194
0.2613598	0.8377803	0.599808
0.4481648	0.809749
0.1522325	0.1943317
0.2586041	0.6937701
0.3389955	0.5763305	0.8260696
0.4651505
0.4289557	0.1351707	0.2413658
0.5320118	0.5560833	0.5948574	0.9140427	0.8583844
0.5198906
0.4932684
0.6723496	0.786374
0.9225768
0.9718676	0.7939263
0.8922288
0.619396	0.8539975
0.6984295	0.8841382
0.8443073
0.4422243	0.4356116	0.8808442	0.8137965
0.5682552	0.7963109
0.4627372	0.3629554
0.329344	0.5687258
0.2452856	0.2518241
0.363481	0.4962119	0.3514
0.3021886
0.4349402	0.718336	0.4996781	0.3505401
0.4258789	0.8665487
0.3897935	0.9386635	0.316075	0.7992557
0.3433765	0.8298513
0.2723433	0.8544953
0.3516779	0.3674888
0.4326382	0.3681223
0.269707	0.8163677	0.6224665	0.445435
0.2511459
0.2765454	0.9131922
0.3072619	0.7337414	0.5922659	0.9058527
0.3415246
0.2315235	0.9009671
0.3290031	0.8687468	0.3780583	0.8252215	0.7582714
0.3184651	0.5695156	0.6756002
0.4608852
0.5189658	0.9726039
0.3556218	0.4488809	0.4858954	0.8191604	0.8039714
0.3064583	0.6764842
0.3450814	0.353081
0.452541	0.6313331
0.3416023	0.1523773	0.672531
0.3800939
0.4074597	0.1657869
0.37588
0.4652478	0.3718316
0.2460121	0.7290493	0.6578893
0.3962752
0.3168925	0.4638408	0.7580007
0.48038	0.6819363
0.2816327
0.3479204
0.3849797	0.5597025
0.343454	0.5673842	0.5999158
0.4235107	0.5091914	0.645291	0.8653414
0.2658828	0.418406	0.4913567	0.7466188	0.506505
0.3890099	0.2788978
0.2477142
0.364978	0.9411229	0.9756547
0.3945139	0.5896447	0.4382251
0.1926581	0.657595
0.247265
0.3593179
0.286065	0.4797179	0.6014169
0.3794745	0.3061788	0.9713464	0.6604767
0.3999353	0.6310691
0.3317899
0.2289384	0.5135674	0.6735375	0.8436033
0.2182002	0.8049758	0.001801888
0.2712802
0.28352	0.5825694
0.3237723	0.6563865	0.9871315
0.2539963
0.2392205	0.9301332	0.04848292	0.6010235
0.3632177	0.6653307	0.7345515	0.1001161	0.9844924
0.3800737	0.7156984
0.3480741	0.08036188	0.901584	0.1134948
0.3533764
0.370879	0.2665832
0.433594	0.6688756
0.3821105
0.4702378	0.5236131	0.9853722
0.3379934	0.7335202
0.2672148
0.4107073
0.3927351	0.2257098	0.9958547
0.3236444	0.9871652
0.2139167	0.8880245
0.3237595
0.249866
0.260334
0.3074134	0.6570053	0.2863686
0.5983724
0.3743426
0.5912288
0.8863843


0.7597793
0.7537539	0.8764041
0.3773661
0.9771151	0.7624155

0.5632901	0.5262672
0.5956192	0.7840403	0.9308137
0.5531095	0.7411675
0.2443136
0.760771

0.9396856

0.882321
0.9479845
0.377164




0.3480548	0.6590585	0.6930735	0.7393573
0.4051466
0.3297839	0.4086451	0.6782122
0.2793182	0.808613
0.2982687	0.5384569	0.6835254
0.3165012	0.9310113
0.2628795	0.8369571	0.866267
0.2615813	0.8095206
0.4348438	0.9138845
0.4740377	0.3787338
0.3707426	0.9813613	0.4610941	0.91892
0.2941131	0.1808381	0.60268
0.285568
0.3580058	0.42856
0.2548498	0.7450756	0.8176867
0.3362152
0.3559601	0.5634729
0.5080256
0.4359382	0.8621251
0.4048705	0.6756345	0.7514648
0.2593936	0.7391207	0.9377305	0.9150268
0.4104475	0.5181675
0.5551512

0.9787686

0.9756202	0.91249
0.8965536

0.8792406
0.4796536	0.7993253	0.9467151




0.4810134


0.3614625

0.9194399
0.5272606

0.8277404

0.6457173	0.519429
0.7238692
0.5595313	0.8467769


0.5967529
0.6014696	0.488533	0.2311291
0.571655
0.2949444	0.4937856
0.1650847
0.452088
0.4137166	0.4662107	0.7912975
0.2035567
0.3026395	0.6217702	0.5924627
0.271681
0.4030777	0.8425616
0.2707936
0.2412673	0.3929278	0.7536101
0.2986407	0.4520924	0.6680798
0.2936957	0.8399547
0.3083113	0.08993638
0.3834228
0.8375171	0.5100247
0.6921181	0.9409078
0.3543311
0.7483625	0.6753075


0.1323495
0.7495039	0.9467106
0.7115855
0.6981594	0.7559669

0.4032651	0.9454874
0.5813626	0.484412
0.3878461	0.4714235	0.9335048	0.9830917
0.4891047	0.84897	0.6257946	0.8199547
0.3368706	0.3565958	0.6109513
0.4427084	0.2850925
0.3291574
0.2761585
0.4043592
0.3472555	0.8236295	0.4093798
0.5060846	0.923669
0.3538513	0.6173378
0.5568372	0.5298732	0.7925504
0.2756129	0.7229683
0.382675
0.3602487	0.9847955
0.2476254	0.8178069	0.7298823	0.8605686
0.5023105	0.7163965	0.6155593
0.3533336	0.8851951	0.7064227
0.5034581
0.4153863
0.2557112	0.1287297
0.3512327	0.8780476	0.7634139
0.3882463	0.7485846
0.2862055	0.6439598
0.3938407	0.6650395
0.3084366	0.9659202
0.2781742
0.3187751	0.2585859
0.3905818	0.7613232	0.8421417	0.6593569	0.988507
0.4886592	0.5975558	0.5010706


0.5137834	0.8685776
0.4321482	0.9303287	0.7277718
0.6522083	0.5097216	0.5134072
0.6173507	0.815836
0.9947759
0.794236
0.5960541	0.8220156

0.5160828
0.4672919
0.9250011	0.8361278	0.9182282
0.230281
0.6741822
0.6941274


0.8040481	0.7370059
0.5144571	0.5305117
0.8190962
0.5491322	0.8424808	0.9892228

0.9063719
0.7529423	0.8809077
0.8027658
0.5808933
0.821167
0.9159364

0.7539844	0.8190518
0.9376442
0.7928331
0.6951628	0.9630479

0.9940062


0.6122702	0.9660023
0.9274369
0.3550708	0.9302627
0.6490003	0.9476909	0.5761915
0.9248736	0.4542367	0.6999283

0.700831
0.8260341
0.7180523
0.7390636

0.3223056

0.697132
0.9587733

0.0327207


0.9732444
0.8909673
0.5914619
0.6788523

0.4778179	0.6778634
0.6356048	0.7683095
0.399469
0.4150476	0.7575298
0.2358629	0.7548594
0.3106052
0.3264705	0.4291819	0.8468529
0.3428853
0.3256259	0.7918855	0.4303544	0.6807698
0.3186834	0.6729317
0.3127186
0.8642168	0.5563272	0.7028526
0.4948164
0.3513524	0.6851042
0.3165053	0.2375089	0.9934114	0.868133
0.5353991
0.4024131	0.926677
0.3942373	0.557983
0.3313103
0.3292753	0.4051507
0.4674649	0.7471262	0.9882118
0.3091738	0.3778477
0.2865194	0.7498519
0.2915053	0.5808168	0.8122353	0.3964146
0.3985286	0.9868571	0.9926999
0.276507	0.2472397	0.4328095	0.9900521
0.6085149	0.342964
0.4747063
0.7571752	0.429075	0.7180538
0.3079321	0.9035209	0.988144	0.4894017
0.3244706
0.2909439	0.7061029
0.3426093	0.4725387
0.2177545	0.6758137
0.3771373	0.5651892
0.5275955	0.6047967	0.6704754
0.2886215	0.3726933	0.9853657
0.3568646	0.3808668	0.6378893
0.3073541	0.8826017
0.3296679
0.3419132
0.436323	0.9116835	0.3283608
0.2987517	0.5994144	0.5592694	0.9182636
0.332778	0.86593	0.9505143
0.4586126	0.1872881	0.7537285	0.9197205
0.6444647
0.2649778	0.9294011
0.3858734	0.9026801
0.3697205	0.6540867
0.4215869
0.4726524	0.9665975	0.8806321
0.3556963	0.4343435
0.2588497	0.7982688	0.756716	0.5433796
0.3113237	0.7123091	0.7031537	0.3100484
0.3288486	0.5356703	0.8123858
0.2973213	0.7108196
0.3282541	0.4539607	0.6946205	0.952722
0.3588971	0.3289717
0.2908322	0.9159017
0.2427442	0.1273581
0.3459415	0.6617714
0.3681756	0.6851514
0.3955783	0.1788127	0.7363117
0.2919189	0.4500168	0.6288423
0.4967977	0.4901277	0.8805315
0.5218005	0.06420003
0.5713642
0.3937062	0.7944019
0.3821564	0.598223
0.3589886	0.4822068
0.2879039	0.4946555	0.972657
0.4729999
0.4081844	0.6501315	0.7706998
0.5728876
0.2500777	0.7232817	0.9140933
0.4664316	0.3903096
0.5921144	0.4801697	0.7152096
0.3584377
0.291238	0.3075877
0.2630634
0.5145783	0.567865	0.8426997
0.2369586	0.5790245	0.8090979	0.8742267	0.7507948
0.3223273
0.3154494	0.2555892
0.5590475
0.4162644	0.4851119	0.8991201
0.2728608	0.2650031	0.4406445	0.3544714
0.4438093	0.5131957	0.6047234	0.7794288
0.4214111	0.5388126
0.2766058
0.3308056
0.3520896	0.9094908
0.3725982	0.4050659	0.7309701
0.1872411	0.363275	0.7634369	0.9045507	0.4442219	0.9816771	0.500311
0.4097082
0.3475244	0.4649839	0.8386842
0.4528232
0.2934926
0.366575	0.960727
0.3860171
0.4671411
0.3083817	0.8302994	0.5426562
0.3141732	0.2602157
0.4155055
0.3131525	0.9601504	0.8066345
0.3362086
0.2674174	0.8262571	0.4836989
0.4955538	0.8418686
0.3100741	0.7834997
0.3977487	0.4604533	0.9002107
0.2656486	0.6712	0.1316973
0.2440236	0.5600486	0.4861778
0.3346913	0.5202872	0.800914
0.3558947	0.3010556	0.9073752	0.7247611	0.8205934
0.3166569	0.9299256
0.2262107	0.513962	0.5665441	0.5302034
0.2987879	0.3917024
0.3428067
0.4216812
0.2049696	0.1663843	0.9412379
0.2967417	0.3000473	0.8273551
0.3634692	0.5955842
0.3803476
0.2944501	0.7295561	0.6903478
0.360114
0.22375	0.5564704	0.3735712
0.3428871	0.6023942
0.3019439	0.7069249	0.06534337
0.3114039
0.2911972	0.3983289
0.2354077
0.2389425	0.8368156
0.241951	0.8961709
0.4266622	0.673863
0.3641879	0.6500578	0.3543395	0.7703929
0.2590692	0.3878406
0.2767415
0.3001489	0.3715617
0.5532366	0.9752522
0.3717481	0.675551	0.8803065
0.3485752	0.8187581
0.3833762	0.7145592	0.8752648	0.6909027
0.3859615	0.8590546

0.8742186	0.9086923
0.6710879
0.6012235
0.8478574
0.9539898
0.4469105	0.6912616	0.8669107
0.2575999	0.8734078
0.3923593	0.7921961	0.6003875
0.2291586	0.9484922	0.7229341
0.3463233	0.6937221
0.3661654	0.6974457
0.3529114	0.8756097
0.239504
0.3835917
0.4174851	0.4220421
0.2857239	0.5805017	0.9215704
0.4563697
0.2361652	0.3094787	0.4518657	0.4076956	0.9490763
0.2941361	0.687344
0.2403359	0.8801473
0.4956601
0.354739	0.5300555
0.3459044
0.2407484	0.6142635
0.2188567	0.5021249	0.9572413	0.5347502
0.447925	0.03468957
0.3450735	0.6803843	0.9536316	0.7783566
0.3006891
0.2675404	0.3537247
0.274287	0.6126241	0.9425728	0.9443775
0.3971277	0.5886175
0.2704764	0.6217676	0.2711628	0.7395003	0.7723817	0.9190187
0.2871982	0.9074979
0.3627133	0.5450094
0.3732734	0.5252606	0.3462395	0.1622866	0.9924913
0.2541818	0.4905233
0.3310737	0.7879149	0.4624986	0.682856
0.3169768	0.9314688
0.4143704
0.4253613
0.3032
0.2852085
0.3759651	0.8012246
0.3691423	0.6761845	0.7300282
0.3229397
0.3569255
0.2632705	0.1920688
0.4499988
0.4916119	0.8797881
0.2947646	0.847546
0.3301951	0.7432008	0.7041555
0.5499701	0.4918447
0.2435079	0.9351492	0.885138
0.2433128
0.4206294	0.968562
0.4037193
0.275574
0.4409729
0.3248419	0.9416359
0.363416	0.8391853
0.2731381	0.1962734
0.3481804	0.636921
0.4563278	0.8504912
0.4501031	0.8464328
0.2646222
0.4569476	0.5912072
0.1728229


0.9072818
0.880762	0.5792925
0.5002013	0.5199638	0.5047268
0.9153562


0.723946
0.8914901	0.8072074	0.4377825
0.6107238
0.5485976	0.6276696
0.9472609
0.5046046
0.4211876	0.6711072
0.2162723	0.3282337	0.9419375
0.2933471
0.4281572	0.4760479
0.3475649	0.4271707	0.8790262
0.3773324	0.8522076	0.6910915
0.2741139
0.4965063	0.8971959	0.8380142	0.8033212
0.4436556	0.5043027
0.4309625
0.3392631	0.3493335
0.4906806	0.7195597	0.3131624
0.3323715	0.4552312	0.7780232
0.2929005	0.7998633	0.9985827	0.5160635
0.3343086	0.6519478	0.8363798	0.7733223	0.5402115
0.4696378
0.5248644	0.8593529	0.6774939
0.2811315	0.8391375	0.7708672	0.4521367	0.8290789
0.1888938	0.8327072
0.2701789	0.5692049	0.3472386
0.5003085	0.4223969	0.4176284
0.411809
0.2322111	0.5897002	0.4849434	0.9360046
0.4483205	0.8315155	0.8038823
0.3688065
0.2607735
0.4869786	0.9443564	0.5732341	0.643547
0.3180478
0.3628674	0.4635563	0.3493551
0.2444156	0.3335335	0.2484824
0.2534989	0.320637
0.441341	0.9055747
0.3622038
0.3784753	0.5048456	0.794517	0.6723039	0.8718725	0.7192132	0.8231817
0.4206028
0.2310513	0.2963763
0.3185678	0.4857248
0.3489956	0.6748892	0.7019838
0.4370915	0.9769461	0.38942
0.317722	0.3281867	0.1875429
0.4238372	0.6765148	0.8558502
0.2952695	0.9423286	0.4643576
0.3681952	0.6026072	0.6290247
0.7046439	0.9503826
0.3932899	0.888394
0.4068654	0.1680737
0.3066112	0.2694255	0.2415902	0.6422286	0.8204659	0.9263747
0.3269738	0.879449
0.4034035	0.7747753
0.3426519	0.8284995	0.2092699
0.2616918	0.233299	0.3866511	0.654536
0.3712546
0.3009074	0.517098
0.5344965
0.323057	0.3755209
