MassExtinctionTimes

33.7411
67.95538
50.91641
69.79077
80.29939	62.45589
72.6201	21.29485
12.15082
57.16201	8.657891	41.91573	1.427179
69.03303
42.97468

65.47603	37.79346	62.0239
38.28051	81.02808	60.03792	67.59198
94.44378
89.98452	62.68375
43.88615	58.78119	44.74757
66.30585	55.3217	50.33272	38.65858

69.30366	36.37807
44.04999
32.72356	70.71862	52.50941	72.35306
69.77038	78.28302
73.47776	34.88357	8.459354	40.44464	44.43866
80.25527
94.54887	79.85092
94.54887	35.66791	20.73627	65.84707
94.54887	33.12897	33.1258
94.54887	38.71458	70.54637	84.36205	51.84632

92.16449

33.53952	28.49088	54.20871	39.45086
44.05524
68.71348	72.13186
68.81202
68.25677
79.87975	68.30905
64.81227
64.73336	39.98891

61.40078	64.8701
61.88575	4.440859

68.27551	23.92007	70.44003
70.36566
70.84722	64.13209	35.55171	35.55476
94.35856	89.40605	20.22849
93.54977	83.88681	50.66777	41.28785	75.26393	40.23452	48.81027
67.09425	11.80291
23.24337
47.99352	9.310508
37.1122	23.65328	35.2219
32.04547
65.11574
69.6538	53.78205	52.00844	19.11332

45.25889	52.60898
42.20558	25.93297	0.450663
56.72466	8.051283
42.0016
52.31713
67.02601	37.99588

28.58665	40.82814	4.78052	72.47366
84.87917	4.071645	45.95738	0.7941296
40.10413

80.42264	70.05213
39.67675	93.71516	24.01506	66.42263	2.505688
94.29258	16.6208
65.76046	70.82211	21.10994
52.55383	71.8979	10.90292
67.75431

57.30849
28.19806	79.58862
68.71256
71.05009	84.53659	3.900345
69.71934	35.41709
81.51438

66.10885
56.02746	58.16592
73.27792	21.81806
28.03303

66.20832	70.47786	2.763021
68.82069	6.918147	16.4625
56.9567	41.23669
65.44516	70.58189	77.93009

62.09454	73.4525
68.78775	16.65016
66.26045	46.25592
89.74023	60.98463	65.00865
70.75014	30.4462	75.67057	11.03743	15.94523
61.09873	7.812014	26.17951
46.30599	64.58256
64.05895	70.35824
71.72473	63.10027

70.4713	33.11079	49.74194	42.79079
70.4713	31.74678	56.56792	71.95764
68.21332	35.83196


37.51592	80.72957
68.68542	65.55362	84.60264	91.46952

69.50898	6.239321
68.95975	12.62113
71.53664	71.07131	49.0166	43.82489	74.00865
72.45729	29.02158
70.92075	33.79475	26.56208
67.42424	44.62512	15.95366
67.6961
70.38268	22.10948	1.004005	30.24193
70.89945	5.299714
12.82648
59.52437	9.733928
70.42217	55.04918

67.53376	69.8923	46.28618
18.79393
41.935	28.56171	2.068345	58.0549

39.35682	24.92574	71.77996
58.3292
83.98338	85.30116
36.02928	2.335335
57.73573	72.27349	78.85411
66.6184	34.47086
70.9346	75.86654
60.48729	64.73405	2.621609	71.41741
68.98951	17.98602
15.84178	68.76593	6.127815

65.58398	80.52195
71.14044	5.175464	29.44703	68.12501
39.35875	71.76793	70.05164	25.59008
42.734	66.88229	11.24745	29.85885
70.278	85.6758	64.78438
67.96619	94.31546
67.99304	0.4753415
51.1814	3.917362	28.70154	7.180654
51.4601	37.99921
69.0999	70.02877
67.53683	61.61285
93.38126	32.01489	85.51639
3.088142
45.00245	30.84729
63.5583
93.07072	43.44045	68.94393
41.78122
39.92088	5.196892
80.8976	25.39353

74.9167	41.48077
93.18351	44.45397	44.50977	25.14455	20.97084
94.41528
94.41528	69.21051	89.59875	32.66916
94.41528	68.42548
94.41528	69.23373	94.0012	43.77555	79.78959	83.40102	30.28719	62.20495	68.11739	36.7399
90.06152	70.8141	94.0012	78.35139	41.0947	33.86839
70.8141	94.0012	41.92664	65.7447
70.8141	94.0012	22.23301
82.21068	93.85997	3.039008	10.74504	67.01192
93.85997	79.44142	41.81926
93.85997
94.09844
67.32044
72.02387	44.91844
69.67896	41.57967	66.26533	26.74793
67.91192	37.41074	79.39593
44.24146	56.91773
44.61101	49.84163
43.26724	33.81574	24.46892	70.02766

39.53118	2.408055
3.600285
21.76482	59.20509	20.15245	39.97699
68.77752	90.63906
67.94311	21.0007

64.48118	43.48968	27.97853	18.91123
6.356574	80.09497
81.26343	66.4502	76.19123
34.75994	60.80348
68.68566	69.2418
65.57836
37.32106	3.810753
64.22656
40.9102	71.53684	33.29374	20.50107	50.2026
61.61054

43.92596	1.073683
67.44847	81.22462
69.92888	41.10049	42.39616
70.88145	69.5223
71.06957
42.03022	69.6317
71.22529	26.89487	2.512288
71.05143
71.05143	93.5455	34.41676	69.42493
65.6791	43.41306
68.74173	74.15004
79.23714
78.96067	83.31292	41.80133	91.86641
46.4869
67.3797
53.86518
68.12641	31.59492
46.08226	93.83969	19.6945
66.29157	71.96882

13.4793	92.39097
10.35582
70.21932
67.54237	4.620498
70.94925	79.6651
67.57987	38.11055
93.98944	30.43542
93.98944	69.84035	73.1167
93.98944	94.43935	60.69471
94.53275	83.24473
94.53275	36.73695
92.47617	44.72199	0.6187464	24.35857	44.63943	67.32627
93.80174
44.32061	66.37084
70.8333	35.8605	78.03503
67.78044	57.23469	1.76249	21.84586	72.59975
70.30452	4.330899	57.63986	74.42964
70.81002
70.0382	29.5879	48.06331

68.8433	18.61828	29.29247
43.2238	16.22357	4.71959	25.18598
61.32768
74.30636	59.63023
70.40189
49.45869
43.03396	77.50396

70.60523	49.69096	30.61951
50.3899	56.82518	71.16269
65.1227
92.67695
43.14339
46.34172	39.70369	27.37075	70.18386	48.78827
31.52529

70.98368	43.89684	78.41138	44.56543
71.09999	69.39394
34.93773
0.7205773	65.25852	1.568982
64.95856
30.91722
67.44355	45.70285	76.23793
37.98391	18.08815
36.0318
10.21692	72.05739
48.32296
4.106653
69.11276	91.53797
67.7727	94.25333	2.235066	78.51551
93.53268	28.21839	60.88912	50.96117	9.532939	3.119769
93.53268	73.29411	31.25349	13.69411
26.58318	68.99596
66.35488	87.17245
67.38048	24.9618
61.58938
7.103888
5.585352	43.0197

92.41399
31.97661
65.47646	28.00212	85.88166	2.708268
72.52279
70.94026	46.61016
70.11923
70.30522	72.8594
41.80114	58.50552
69.19231
71.63245	47.17361	82.62681	19.01926
71.22143	45.37494
11.24004
29.40851
71.88164
37.06861	93.30231	23.07738
42.1744	67.93747	55.45629	66.97825
65.91411	53.16984
42.07106	94.55182	63.79092	69.91263
72.72477	44.22972	66.18417	27.79752	81.8336	66.23686
63.80645	35.45825
70.71592	66.44068

69.00146	39.86822	84.28673	89.65661
2.576141
79.59688	19.13068


79.00539	18.46938
21.09143
73.72298	58.60882
70.04602
70.04602	84.73574	4.438934
70.7637	42.4864	35.94112
70.7637	7.192353	64.15542
70.7637
70.68485	18.92168
69.20032	55.95687	46.83911

68.42472	80.79427	23.24871	2.808545
92.88462	71.03317	81.41897	86.99174	20.84943	54.78165
93.5774	22.2089	65.60755	44.75624	12.60493	32.91424	65.09915
72.29778
41.3316	34.49135
33.91816	25.34792	19.8341	10.82412
58.44742
5.679076
75.09035
35.88678
41.44169	38.95279
42.02704	93.23034	56.77611	7.178081	12.60558
60.88869	33.29839
59.8385	83.73451
44.83302
70.57841	62.87005	62.29153
68.02968	85.32939	39.40355	28.56638	39.62203
79.17003	54.32405	28.09053	9.282243
71.06194	33.67271	39.18353
68.56748
42.20287	70.92382
43.86388	66.52172
48.30429
69.9732	67.1482	12.07076	56.92077
3.373661
70.31794
35.25556	54.9968	69.86358	61.40409	80.57381

55.79757
43.15467
36.92742	66.50276
42.60369	74.22485	58.77393


69.09167	28.53314
69.91979	6.556901
67.80252	35.30421	48.03467	62.64642
63.72007	32.48434
58.14011
60.28905	1.067219
67.19072	43.93333	67.65546	56.22521	7.039394	82.62643

68.73093
43.66818	79.82376	34.44169
60.34848

4.839061	66.2971
69.54063	24.42234
65.00326	78.79747	61.43111	49.98559
69.14528	4.946709
66.52104
67.2611
70.78398
18.72781
12.41383
63.27494

55.88254
38.90914	22.98621
66.72443	26.86776
27.12587
41.53523
70.12745	59.86469
67.18891	93.51396	65.0012	34.21847	71.21844
44.12884	4.123954
12.72633
8.016213
70.09766	2.105882	11.90955	73.06018	53.70037	40.56379
53.11206	94.35367	65.08053
94.35367	65.57483	46.18823
94.21033	70.11105	45.18754	84.10601
94.21033	24.75879
94.21033	39.64073	28.56445
94.21033	2.517276	41.70684	0.7424976
94.47993
94.47993	64.49774
94.47993	83.75593
94.47993	44.02171	68.25579	84.63231	7.517137
94.47993	69.55446	54.26406	93.55571	13.8683	38.49155
94.26895	69.94976	3.714702	11.13822
94.26895
93.73744	1.969547
93.82506	67.01027	43.74037	1.718325	14.81901
93.82506
93.82506	19.20586
94.34412
94.3082	84.61327	71.01702	12.80963	67.23674	80.31171
94.3082	68.38694	79.1578
94.3082	69.90402	85.0836	85.2706	39.63491
94.3082	79.85381
94.3082	79.77583	14.54606	24.74095
94.3082	71.7036	42.96396	43.58002
94.3082	24.11208	45.58245	40.54221
94.3082	69.78612
94.3082	69.1471	1.950189	0.4509962
71.32113	78.65157
92.94825	83.28323
93.92734	71.48275	5.016363	22.22979	63.65968

39.42865	12.53531	35.06642
70.76803

67.38262	71.78235
62.71104	79.05595	37.10358	3.428802	62.30825
44.36176	56.37745	67.06001
70.43336	45.15328	0.6922019
90.22376	66.7044
70.54726	41.39329	6.860037	34.30945
65.07314	33.40025	80.09945
68.78409	40.7973
32.91383	56.79097
44.95052	64.7954	93.7444
73.87988	43.67126	67.4648	31.61814	33.5856


70.80757	35.98838
6.130862	62.56867	35.94242
44.61574	69.23019
94.47767	67.92786	0.06329381
94.47767	70.88578	14.34554
94.47767	70.29237
94.36465	65.06454
94.36465	70.73422	44.08894	59.35869
94.36465	72.25938	35.68818
94.36465	68.00222	6.293747
94.55694	63.41882	55.89528
94.55694	64.17255	40.89838
94.55694	68.71222

94.41182
94.41182	28.74168	71.80574	39.22954
94.39073	67.08838	38.60323
94.39073	71.40765	45.00478	79.06265
94.39073	79.06265	44.27002	92.61532	57.99997
94.39073	64.25964	3.510811	0.7872685
93.47404	42.95832	70.19015	60.48352
93.47404	67.9262	60.62253	44.94147	37.32464
93.47404	71.24944	66.77718	32.02394
60.61477	91.55568	4.293929	31.67652	3.512035	32.95224	26.48127
5.428837
36.17346	89.49548
54.71226	13.76979
24.40905
93.55206	61.44291	90.75632	79.7482
93.76251
94.28963	3.659035	2.843901	67.84407	69.02024
94.53305	53.99457
94.519
94.15618
94.15618	69.72368
94.15618	83.23534
94.15618	61.07357	90.15378
94.15618	70.33439	9.391679	68.14327	73.47938
94.15618	77.51244
94.35311
94.35311	70.48644	72.69148	75.08697
94.35311
94.35311	70.78862	36.06908	41.29801
94.1488

67.27798	71.43962	65.52122	52.30371	69.48694
70.2181	48.6246	50.43412	81.39569	52.18416
69.58899	61.89085	35.8873
36.78014	59.8139	27.94237
17.23831
34.53516

7.767612
58.7651	50.35945
73.58525	16.98697
75.10623
81.92532

27.74872	58.34616	66.32
71.23482	60.97775


34.21548	68.86251
45.07661
67.35609	71.24629	43.85788
43.10379	8.603202
28.63121
71.94549	41.64674	80.3205	41.14757
71.6372	89.42286
61.51261
44.54227	61.79212	42.11194
43.90212	71.22844	27.52176

31.63943
71.07699	36.13217	64.24285	41.90814	58.4886
35.03703
50.79861	68.53677	59.02484
77.83918
3.843447	65.22554	22.15855
40.62886	0.6737704
70.58832	41.69812	24.89159
70.92324
17.64329	80.15537	6.301076
42.14939
42.88148	62.99327	39.94926
37.40786	21.12438
63.09865	93.00577	38.70698

43.28473	67.88181	61.4591	51.90643	91.26652	59.09612
43.28473	60.42128	25.38241	38.30761	56.90623
77.86173	90.88905
38.49091	66.12666	68.32897	22.70119	6.87215
43.94417	65.76895	19.40603
64.04471
42.74348	66.10091
70.17759	64.66049	65.60961

9.753395
23.09205	36.72356	80.83737	6.402842	66.5363	5.502714
70.27749	30.64442	74.36387	69.48638
54.45674	59.47215	51.97533	52.16849	32.03301	2.684779	65.87237

64.72673	31.52529	15.57376
0.9986798	6.020392

43.86989	55.14457

45.21036	75.72881
38.80676	23.54781	92.81264
55.95158	43.83374	71.36867	50.1269
70.91965	71.00577
68.22276
74.51196	25.53622	45.28235
43.97433
42.56049	43.61889
79.10948
70.25786	45.0679

70.55592
68.28578	1.784381	61.31174	34.30696	67.89139
70.03036	41.31705	45.37766
68.02458	36.15949	6.343086
70.62008	81.9676
63.46988	66.60715
66.85795
81.89636	56.0668	2.25559	2.855654
86.03504
58.99339
80.49317
69.44198	69.37272
67.15034	69.77048	50.94962
34.4044	43.52315	45.11987	20.00753	24.22694
4.964852	93.02306
3.220131
65.02577
75.54909
72.87234	35.50039	77.90207


49.35332	60.22582	20.58311
69.97102	81.00252	46.3648
50.03337
58.11481	58.75057	67.18419
69.10742
25.69727	87.13881
70.6786

7.579322
23.85441	11.65398
66.66225
40.69571
76.51183
66.46862	44.78659
76.99179
49.84645	70.25576
21.09648
74.14131	27.14217
39.05589	65.22781
69.59236	93.94158
44.62092
67.57421	43.38085
21.32577	37.74057	70.68151
70.52722	71.50694	30.81205	4.601507
83.73213	9.984441
68.91649	81.99926	66.86689
61.5137	61.70043
65.69644
78.55648	77.16574
57.90138	83.59415	75.7245	71.33998
70.89365	61.66706	73.06493


0.7871404
68.17955
27.63673	14.01543
68.30743	68.80455	14.56656

33.0439	40.76939
69.65979
57.76795	76.00206
44.54101

70.10222	51.3327



70.21481	44.31723
43.08901	68.11924	78.72587	81.75118	10.26748	71.3396	60.44116
69.31653	65.72838

40.83778

71.13958
62.49531

69.74041	43.53727	31.84643

63.4799
67.55126
12.64241
71.10028	2.159325	32.15315
69.81711	72.84417
44.45037
62.96651	40.65998	59.73641	35.88995

67.13093	15.40843	65.90165	4.338241	16.18121
94.24668	45.06852	41.83156
94.24668
94.24668	77.49199
71.83075	0.4735018
67.84991	65.76386
69.53852
65.88109	7.680922
91.2568	11.0687


93.79583	65.19872	24.86433
86.08113	10.34611
93.95102	21.52329	69.70575	32.79858
93.95102	24.40475
94.32004	2.411697
94.32004	4.434469
94.32004	11.39423
94.32004
94.32004
70.76728	38.42738	62.34445	84.80214	30.72447
83.46095


75.47766	56.1283	30.92925
71.55571	48.77638	80.59278	94.25315
73.29272	71.63331
70.95704	94.20217	44.89804


78.91685	1.266532	64.68839
38.1056
66.83796	34.62767	12.91654	3.040074
91.46421
58.59959
79.37489	1.693112	23.39306
74.97815	65.37255
38.87016
32.99962	35.398	27.71755	90.55603

17.76786	79.14287	2.177863
42.13478	26.32318
37.6196	87.07716
70.24574
70.24574	45.00415	42.41943	7.522534	9.299554	1.059428	53.92293
70.87861	1.049563
77.55946	67.82267
70.41961	84.22909
68.66223	44.31816
44.26119	62.62935	79.76704	9.517805	7.702555	36.90315
69.39366	5.873452
26.8548
46.92474	13.75427	48.2731
65.01601
66.82667

70.72623
63.70381
67.1658	78.06915
67.82374	46.17259	41.76216	42.52015	18.15148
70.53731	23.57508
45.10658	32.77498	68.22141
94.41824	40.14331	31.0172	13.74886
94.41824	71.08416	4.73833
94.41824	11.39954
94.41824	77.35292	36.14978
94.41824	55.11623	35.27976	2.671503	77.7699	39.82524	44.83833	39.12818
94.41824	70.41577	34.91354
93.55359

38.88164	30.61701	61.11841
21.71373	63.36715	36.02319	70.50947
23.77102

12.98361	6.299943
68.47184
93.6942	55.6732
93.91029
93.91029	44.53703	78.9628	78.72721	38.85535	12.4804	61.35923
44.17783	69.24726	63.0377	92.41436	77.66045	15.31066
43.2315	69.24726	93.11115	78.49465	30.38298	69.57653	90.01608
41.85283	69.24726	93.11115
44.67631	71.2835	93.11115
67.08935	93.11115
44.38822	94.08405
94.19218	73.34649	83.93324	89.94839
94.19218	70.18518
94.07109	39.17282	40.59128
41.01138	64.7948	21.39916	24.32082	64.86506
93.96957
43.15662	4.076047	45.72024
94.32468
94.48997	44.56621
94.48997	88.9819	32.20802
94.48997	43.88477	11.31644
94.48997	72.98491	78.78529
94.48997	44.26177	16.63654
94.48997	84.61403	65.90667
94.48997	65.67446	50.46309
94.48997	69.62808	69.3127	49.52073	88.49049	2.836454
94.48997	69.62808	19.3285	93.56646	40.95643
94.48997	82.91846	50.04142
94.48997	83.11375
94.48997	64.48855	3.138133
94.48997	48.74011
94.48997	67.95729	73.30067	3.845471	73.44702	24.19756	31.76826	33.89535	64.20982
94.48997	70.59128	94.08116
94.48997	68.17109	38.29126	67.60481	79.70922
94.48997	68.33718
94.48997	67.02364	65.9784	40.54899
42.84503
93.99085	36.0768
63.90467
61.28296	64.5687	87.92061
31.68761
70.78223	55.31996	60.02225	74.61924	82.33925	41.19983
67.41889
92.86702
33.08247	19.95918
93.03173	73.25125
27.80335
63.09778

58.08578	3.240628	40.72136
63.50669
63.47686
91.36494	78.41233
46.96693	67.43598
31.88318	49.93074
69.55127	37.45348
73.16869	1.770933
69.17362	27.21085
38.96155	65.98875
74.71879	73.83918
70.43183
70.5985	67.04502	47.36318	92.5003
70.69852
70.69852	94.11793
44.10406	94.11793	69.26335	73.00577	5.011358
94.11793	69.26335	79.47946
78.16908	48.13892

94.0525	67.01363
94.0525	48.22793	63.9754
68.27263	86.50406
89.79431
93.79217	65.74883
93.94905	70.77581	45.37872	85.74196
93.94905	71.70145
93.94905	65.3115	46.75223
93.94905	76.17872
53.65391
70.70061
35.50198
21.4566	19.24112	40.90897
20.33309	8.124928

33.32543
41.22564	6.34494	61.58962	50.13307
79.56789	91.30148
49.39548	40.59259


58.82573	85.53092	45.87884	75.31196
64.11036	25.1745	70.36849
69.26267	16.26456
67.71775	61.63506
71.02831	72.85739

69.69972	69.31875	37.07502	76.66999
72.35647
61.14056
38.95987	28.80102	69.54344	24.14843
0.9459959	35.65827
72.84406	85.58057
67.82003	4.753632

63.51371
77.9808	56.09456
48.13451	32.25386
70.47919	28.05817
72.10206	62.72854	27.16611
39.38277
4.513319	56.10402
66.29115	93.29294	56.69512
46.70637	93.57749	71.1892	69.2776
68.94972	94.14509	68.42614	2.823995
94.5441	38.44687
94.5441	71.87637
94.4554	79.6484	30.66626
94.4554	78.63839
94.48757	79.61714	73.78424
94.48757	72.6916	82.42916
94.48757	70.57096	71.11549	92.46006	65.86935	20.80364	70.95375
94.48757	69.93814	44.90573	69.30472
94.48757	70.20033	3.720174	49.62201
94.48757	71.04128
94.48757	71.04128	44.16005	0.4472197	64.89126	22.68748	41.35447
94.48757	71.04128	75.59738	41.60188	19.85751
94.46076	71.04128	39.62007	59.48723
94.46076	70.22144	38.80624	70.93593
94.46076	64.16596	70.96903
94.46076	70.24112	69.35662
94.46076	70.24112
94.46076	71.16946	45.19331	80.15779
94.46076	71.16946	42.76967	7.211628	78.95044
94.46076	71.16946	44.50004	83.67619	65.80409	25.00794
94.46076	71.16946	94.55775
94.46076	69.19435	31.6405	25.57272
94.46076	73.08562	68.71295	63.90674
94.46076	73.9877	68.01767	85.36566	34.2544
94.46076	36.77444	70.85717	25.52157
94.06821	68.8743
94.11856
94.35438
94.35438
94.34785	5.25521	68.80877	28.25948
94.34785	67.23097	31.13375	42.34575	68.6385
94.34785	68.28347	78.94938	42.6319
94.34785	60.14991	4.80489
94.34785	69.64568	43.56661	21.90905	68.32151	2.869601	32.51203
94.34785	69.64568
94.34785	70.80508	69.44729
94.35604	70.27053	64.49962	64.5221
65.40285
74.05174
94.54835	1.213613	24.84241	2.030437

68.51206	69.88738	88.80014	22.80754
66.63209	35.07946
70.79688	30.83038	10.00012
74.15916	62.18184	4.330809
70.33464	43.64649	1.298196
44.37759
66.33585	22.17672
68.88745	23.27642


42.78043	68.93939
43.93546	65.12494	72.16925
69.8926	40.62006	34.87877
70.19718	48.92393	57.66619
68.82734	4.780021	46.88559	30.49893	2.895183
17.92246	23.47726	69.07136

12.6214

68.84591	74.6574
68.76077	90.49641
86.89497
64.5882	43.68934
43.70932
44.42644	70.28952	46.00477	1.217318
33.10344	70.66678	3.683145	81.32809	63.79424
70.76586	40.3832	83.32317	86.57147	27.06819
94.24871	53.22996	73.19867	40.7625	80.30335
41.89811	22.18982
54.24548	36.09606	45.49742	35.02214
62.40899	27.88671
48.69752	11.04397


60.64539	11.02961
71.03607	71.39794
19.18841
67.67313	3.495154
31.73176
15.32926
0.9764432	65.42754
71.52428
47.14164	57.26124
8.134993
44.99369
92.94487	71.55406
29.09942
55.12978

33.14326	38.63121
66.48528	4.67839

6.44899	25.73912	28.45334
67.01843	94.11971
26.74884	45.2047	8.243728	83.42208	89.09965
70.94963
70.94963
70.94963	44.67416	67.54764
70.94963	41.04339	14.24992	93.21604
70.64249	14.87977

86.9119
80.54544	45.02638

68.14452	43.00821	6.04937

71.31575	17.86233
31.13893
70.81206	61.87481	39.79431
44.91998	53.57761	84.65529
73.38361
70.79414
40.59032	27.45479	40.29159
68.73083

93.11013
29.31351	82.12555
19.95411
64.44292	92.95229
4.903892	51.48113
78.753
61.41101	6.42461	89.93388	9.108207

12.3282	0.3116483

34.31193	5.446901	89.86056	19.10383
44.45038	39.80328	66.62109
42.90073	1.925006	17.56783
69.79789	43.70557
75.7525	63.29986	50.09263	22.07055
16.44852

70.34828
44.01205	67.33018	57.755	6.101128

8.894866	56.56531
34.68551	71.00264
62.21773	82.43294	61.11884
70.03813
71.08939	67.90925
69.45033
63.28128
64.0357	84.19916
59.91838	79.37268	34.05462
44.6154
68.70788

94.30325
94.30325	81.17319	56.54495
39.39999
75.37923

43.54787	67.1693
35.91085	71.26811
70.59347	32.6387
68.673
35.67232	0.6445435
36.46451

66.18589	60.30863
71.08735	54.6555
32.90346
36.87475
8.869081
63.65673
69.70249	61.17093	23.35064	2.80948	4.377146
70.1267	33.23563	6.165623
41.85207	62.20683
69.78885
71.06985	75.4096
50.57477
67.31468	71.21478	21.69806
18.00851
40.67172
67.05229	43.55294	43.07026
70.91796
43.80605
73.03858	93.95828	35.83583
11.89758	45.00619	47.33885	92.52516
93.6929	45.04425	9.032467

41.67689	1.051207
93.73691	70.00901	65.61371	35.26364	8.98293
94.14052	71.92964	65.68444	5.36168
94.43247	71.14501	67.46482
94.43247	3.321535	75.79219
94.34341	82.08205	24.05726	50.26348
94.34341	73.90812	68.30471	18.04015
94.50738	38.93488	3.095796
43.06534
94.52295	6.137803	66.8183
21.89943	69.90589
3.542032
94.44002	68.60969	27.37389	23.63364	32.9982
69.72463	93.82625	34.70841
69.72463	94.36433	22.82021
69.36886	41.08626	3.475058
18.03324	11.41202
67.55353	23.2302	3.27916	30.54785
35.5405
3.181887	36.82907
94.32697	70.40908	32.78471	9.246602

42.20565	2.159161	34.91921
94.4286
65.37303	94.48499
94.48499	67.04148	79.64651
94.48499	63.63946	45.19724
94.49304
94.49304	7.500754	50.26403	3.138895	78.05872
94.49304	69.97539
94.49304	69.10269
94.49304	34.0637	71.88492	91.06563	41.82558
94.17624	73.51819	39.97679
94.17624	2.019531
94.17624
94.17624	81.03653
94.4556
94.43022
94.43022	0.7828839
92.7254	4.04245
78.05503	25.06683
66.10902	39.98104	30.75655


93.9022	70.34262
93.63207	63.09736
73.38959	24.97191	2.5019
1.275075
2.128088
36.3176	64.8122	10.32474
47.22154


94.48963	38.54252
94.48963	64.40236
94.48963
69.94456	18.24663
68.40108
62.22774	19.25508
5.13192	0.4066553
4.366172
69.94481	50.74332
66.73322	65.97343
63.88188
61.11504
69.16657
70.93015	4.932162
69.96677	9.850475
64.53218
73.41172
72.82432
71.15951	4.478553
62.74423	65.48742	55.54951
71.57196	81.04557

84.37172
70.52241	58.65983	49.08737	10.75954
61.59936	51.02127
94.28278	44.7493
94.45927	69.45855	27.00487
94.45927	42.31268
94.45927
94.45927	79.76484	1.069884
94.45927
94.45927	19.89631
94.45927	4.593477
94.0503	60.08483
65.00164	6.796864
70.78276	94.25336	48.25601
94.25336	93.71298	32.85016	66.73615	2.001069
69.93738	0.6831606	4.535584	47.99141
69.06095	11.59304
69.06095	34.27028	25.7138	7.067727	65.55199
70.43242	82.38985	18.02737
69.97665	62.64486	28.61106	42.77899
68.48475	38.99336
68.63087	49.48033
83.7166	51.87815
39.25602	90.76854	21.71295	65.93752	23.58003
72.35313
2.195129
42.76285	1.692691
44.84121	3.62186
65.1208


63.99196
35.72433	46.17119
66.15131	19.93345	55.24459	66.88742	53.44821
45.22777
47.51892	14.46356	75.99239
65.88296	49.69682
49.5464
70.27958	43.74545
69.63747	10.46834
33.90389
42.00392	68.00445	90.98606
42.95559	36.93078	22.84823
34.5568	70.9846	91.14359
50.08034	9.73373
67.48367	70.89693	43.6258	51.12823	64.24202

68.61283
30.53904
44.42444
48.47273	73.55404
44.88461	6.611969	62.05443
43.45378
65.17222	28.48346
94.537	78.34275
64.46038
68.97383	61.63611	40.70629
71.35652	44.46888	42.74846	93.53817
70.87378	33.97361	1.297759

46.3612
0.2168775
80.92912	67.85742
70.26192	3.388371	44.65778
93.40259	6.34318
93.98461	71.12984	41.06865
25.22205
41.25863	3.980877
93.82214
93.82214	70.70539	40.29373	68.39189	68.04034	5.212303
93.82214	69.99879	35.34535	2.292539	3.190038
93.82214	69.85961	38.8923	81.96818
61.4388
27.68762	93.91723	5.704036	77.81974
25.39131	19.50495
83.32234
27.81828
39.84494	93.22114	69.21793	76.19489
41.49358	41.03678

64.01391	20.53541	62.61755
33.71515	89.55096	12.57002
70.48014
34.07311
66.33339

70.24545	11.52373
64.11539
44.81678	44.61071
70.85372
58.563	41.56237


24.6216	37.7837
85.55385
63.45127	25.45127	42.97237

94.16676	2.883249	73.41695	29.07783
94.19307	70.92836	30.68557	78.63405
94.19307	68.86411	68.585	48.99096

24.12839	69.88112
40.58238
1.244524
65.53435
70.17278	1.465243	68.86065	5.065683	42.11671
0.83293	50.9104

75.09729
68.4511	63.20148
65.57224	67.35362	76.57972
64.56882	21.37808	80.31638

31.09683	63.60326
65.34376	45.64576

68.47085
5.133151	14.37033	71.25443	20.83626
68.20635
77.29121	34.17944	28.06212
79.52477	67.56195	1.037067

59.5468
68.43306
33.3218
27.78071
68.10055	58.42801	44.41569

3.704631	21.59273
69.79254
86.33749
69.12865

52.4343
71.14932
25.14063	76.25502
94.58469	14.72521
26.32323

69.95244	42.72669
73.7265	42.03066
63.7203	92.65411
13.63016	72.69395
67.24516
33.75356	65.09113	61.26466
69.99709	69.35491

7.831506	83.75379	12.09434
69.79236	74.43585	69.55198
68.48354	35.24799	0.02083746	34.5533
25.97609
49.08851	79.16033
67.01066	82.25727	37.27785

43.33462	72.97113
75.71145	38.14627

72.76723
79.06889
66.86632	30.86531
69.13033
56.98842	73.71297	22.48101
23.90368	59.65488
72.40204	78.26433	12.94775
62.93009	81.82069	2.862793	41.24089
69.19381	23.31417	86.31079
62.95458
69.17982
71.15239
71.18022	32.10657
70.53342	42.54321	38.63898	3.517174
8.849218	51.77197
69.5703	79.02828	53.28577	79.1035
44.0604	69.25887	39.42992	28.12389	12.84497
57.59462
79.76462
46.92998
92.14677
24.25657	93.70155	41.44658	90.20589
68.07083	67.8642	33.52465	15.58907
93.36036	75.59781	40.48925
44.03989
43.47454	27.86894	51.20606
52.6832	0.4930032	83.31076
69.36787	28.68873
35.18954	94.08656
72.51987	15.37876
81.41009	70.4023
44.89859
12.89826	50.27952
36.38642	56.77585	30.61445	47.65549
67.9146	89.59321	93.5856
43.59929	62.13457
13.44957

48.49688	93.69167
93.41482
38.48875	53.10012	65.36492


73.5972	68.55209
70.62126	28.42398	93.09031
63.55918	3.297795
42.33357
42.79479	37.23307
68.2644	80.44483	34.00338
70.63973	79.64823	11.4484	39.61663
70.65961
69.41647	1.264829	4.179249
47.64019
50.55105
93.567	2.837861	74.67868
93.24408
93.82377	64.76874	88.21223
94.1581	60.32674
94.1581	91.22329
94.1581	68.46732	2.076437	68.12773	65.74885	89.35211
94.1581	69.22149	80.9105	72.50038
94.1581	60.21208
94.1581	45.20436	30.36762
94.1581	65.5528	33.06979	79.22606
94.1581	69.54502	71.04657
94.1581	69.67391
68.10391	47.2338	39.23458	43.48173	23.811	92.75717	25.02817	31.65369
70.44533	10.4273
81.16156	44.65707
70.7134	65.95392
69.39877	39.80009
70.49793
73.36066	41.9132	46.13988	6.924681
45.56976	71.86758	3.018873
70.01661
71.80984
67.89426
44.58774	62.56018	34.0308	45.7519
24.30255
70.19574	39.89408	26.15627
69.32714	2.252497	15.30236
35.48297
18.65234	1.083776	56.57926
28.03922	36.19078	67.74382
93.92168	75.2576


67.3782	44.98842
91.80702	62.76736
93.77088	31.85972	66.84134
94.14297	29.09078	59.69527
94.14297	68.38286	41.88369	62.69293
94.51294	84.25384	53.94804
94.51294	39.92072	39.26191	42.55157	55.49601
94.51294	38.43019	92.85191	67.14566	75.25982	28.72635	77.00999
94.51294	67.37844	44.24535
94.51294	37.36703	69.94127	3.952571
94.51294	65.00844	53.49494	71.26555
94.51294	69.54364	9.769885	67.1234
94.51294	71.02167	42.43865	24.12245	29.51671
94.51294	79.62481	67.25682	34.79103
94.51294	70.09716	62.81679	41.34131	53.55227
94.51294	71.19854
94.51294
94.51294
94.51294	27.45477	8.958998	58.55534	38.84564	40.48782
94.51294	19.36149	90.02919
94.51294	43.47127
94.51294	40.96165
94.51294	71.20158	6.573314
94.48511	34.08522
94.47645
94.47645	58.2186	44.94899
94.47645	65.72265	71.1407	35.23158
94.47645	63.31487	79.4187	2.392424	19.94126
94.47645	69.69782	79.4187	60.88679	46.29883
94.47645	69.6768
94.47645	70.61976	79.43952	41.14577
94.47645	69.321	31.16318
94.06414

5.514277	70.8079
23.32415	27.28316	2.212428
78.37166


1.303642	67.56707	61.6353
79.96967	93.50045	92.42872	26.89181
7.693946	33.53867
60.3293	80.04928
70.78114	38.5732	0.187296	15.70411
72.5847	43.71716	66.96859
62.55854	41.73973	54.9506
45.47179

66.46698

67.15288	82.60632
67.30555	41.02189
69.5935	49.55281	43.6102	38.82352
71.06039	23.20662	61.66103	9.727023	52.44547

71.17274	2.286818	62.459
70.56356



44.86894	0.5141054	58.31914
43.39485	44.13733	48.84162
89.06643	66.33138

68.61985	44.47339
34.05782

65.4147	11.86262
81.91581	41.44524	56.74572
69.92145	77.88453
76.94176
39.76272	38.33036	60.70293
45.20836	68.82622
67.28785
55.19359	58.64048
69.84406
70.59609	69.04164	0.6343177	71.62706

69.73227	20.91971


65.23212	7.011648	60.21966	57.30967	69.91398
42.24399	64.12265
41.91246	69.0713	94.21957	36.4958
41.29605	69.41741	94.33123	39.83813	73.44949	63.73646	82.53944
40.92376

44.11061	59.90779
65.37913
68.3623	27.55746
41.70572	58.71086	8.178218
39.33583	73.3083	66.22587	46.41166
70.53426	10.33223	32.38576
27.46353

20.18012	57.88056	15.85382
93.15799	58.6804	82.61834
69.75515	41.08906	42.79186
70.94831	94.33276	91.97305
70.02215	94.33276	79.63466	33.55928	46.59363	64.56574
70.02215	94.33276	72.90955
70.18732	94.33276
70.52691	94.33276	79.02832	65.77615
70.52691	94.33276	37.41628
71.18375	94.33276
94.33276	70.63804	56.36988	52.1644	71.48843	1.644455	65.06226
94.33276	62.60627	23.80624
94.05934	42.64251
94.05934
72.56195
18.2494
52.40154	90.75427	62.63782	6.816257	6.872936
40.73395	26.88841
85.27647
93.42388
94.21098	76.42912	33.09741	67.38223
94.21098	70.69534	68.73057
72.40547	94.51042
94.51042	29.0151	78.89536	69.95731	87.16707
94.51042	70.17763	44.28427	55.51348	9.015598	30.94208
94.51042	70.17763	50.38126	39.86723
94.51042	69.59119	28.08082	84.01896
94.51042	70.56543	40.22904
94.51042	70.77117	43.70803	12.31163
94.51042	69.43847	16.55353

94.14864
79.79755	57.87687
93.9584
93.9584
83.03063	42.62801
3.78092	92.6538	37.24564	14.93932
42.22137	61.44189	1.868741
33.05042

70.87651
68.89889	6.127663
26.3574	9.112874	3.809667
26.4869	85.32768
12.52533

27.20704	86.20956
64.28403
1.037141	94.42151
69.64828	94.55979
77.64816	25.15142
64.43191	93.70011	43.70999	67.94921
94.42455	68.13007	22.89659
93.89388	71.23363	3.140172	4.219599
93.89388	71.23363	43.36946	21.58776
93.89388	71.23363	82.0588	87.69961
93.89388	70.13607	43.86715
93.65377	70.13607	4.607786	31.36992
93.65377	31.05795
94.15531	65.9286	38.16045
33.49117	45.17344	73.85162	2.031118
94.03157
94.03157	44.06881	1.815528	82.17123	17.51553
44.61585	93.96988	5.699714
44.61585	70.79541	29.77969	41.26031	93.81453
40.17114	68.58857	93.81453	0.4187804	73.09347	40.07818
68.58857	94.57735	59.45636
59.13049	94.20345	30.09824	64.49116
94.20345	32.74831	56.48867
9.113102
94.04632	38.04804	19.87379
93.70485	52.15262
44.3613	93.50411
93.44674	69.49741	52.21097
94.04972
94.04972	28.63282	82.76145
94.04972	75.58223	47.30796
94.04972	38.58903	71.60613	60.7008	79.02078
94.04972	69.73067	23.98602	28.1104
94.04972	69.62256
93.91132	63.45835	89.22609	14.90912
93.91132	69.66665	77.35012
68.64612	24.96895
85.97458
72.11096	25.3078	72.33185
70.88907	28.76106
70.88907
69.54829	48.941	10.39241
66.29483	94.18271
69.04692	56.53157
70.97209	43.03331
1.250529	35.89381

35.03729
70.47033	63.76204	19.42137	27.58122

0.8366044	12.54596
4.31926	84.0453	67.78975
93.63684
28.17829	43.22638	71.40277
91.82841	55.41373
41.51185	72.62652
66.72884	48.7946
68.05962	41.41355	25.71208
70.47234	47.93958	89.14664	79.07896
67.61402	49.80432	45.43399	3.570605	6.934415
73.39211	40.9599
89.13387
24.52478	34.78089	50.24327

94.40701
94.2987
94.33321	0.1370405
94.33321	70.52717
94.33321	41.82409
94.33321	70.17924	44.86396	31.57431
68.59559
93.54714
46.11407
69.31072	43.4161	54.82896	27.96774	8.306562
59.56485
69.19468
63.66481	73.28385	41.96984
65.12682	43.85363	54.91223
64.54774	27.82495
69.99912	60.64523	5.458119
67.79542
70.84873
19.50707

40.5248	25.53154	11.69327
71.04265	83.05204
67.61513	4.854104
77.40502
43.89459
65.42955
46.87124	31.06779
26.82998

68.79455
91.29247	43.98358	68.53624	53.87103
53.41468
88.08786	48.42612
84.80128	63.41055
37.32546
68.13423	23.23936	76.82557
62.64283	22.93923
67.53714	40.38323
42.09191	19.27798	73.47525	6.701935
47.01884	71.1456

47.95522

80.78856
70.97672

47.81337	69.91254	69.64488
44.65556	69.91254	44.92347	60.41312
58.32232	53.50614
70.2918
70.4805	30.61947
63.85173	92.57967
44.47473

70.89881	18.17119
63.3623	65.99232
67.31269	94.58816
44.56412	85.51959	34.49519	25.28816
28.2806
71.00905	85.57601	40.75297
69.22831	45.32992	20.09424
70.11181	0.6184428
70.01221	41.75484
70.01221
65.49462
57.31301
75.99446	14.98863
70.22917	33.31755
58.58503	21.85344	89.46677
39.70337	34.10982	47.56131	69.35642
40.16805	61.74749
10.74137
34.10209	84.24405	1.279597	63.42906
47.69558	29.49707	36.89471
30.61468
94.40108	47.746
94.40108	72.412	6.434942
94.40108	69.21736	47.49212	43.56381
94.40108	69.42391	89.26123	11.593	2.012401
68.09103	73.52676	69.30675	70.30628
34.32131	74.42231	1.496004	53.845
26.88076
45.26123
33.83694
69.71958	64.76794
68.82301	21.21086

94.2942	63.73478
94.2942	73.11958	43.20738	70.63078	1.388496
94.2942	41.49934
94.46338	26.0468
94.46338
94.4263	39.88371
94.4263	1.895239
94.4263	79.10994	37.90142	69.01983	70.39524
94.4263	43.42105	66.34436
94.4263	8.437804	41.04281
94.06868	63.11156	68.5418
94.20856	66.88012
93.57997	70.42915	54.45814	71.08665
93.57997	70.69275	4.961976	10.55891	35.12746
68.76868	37.57738
68.98966	94.30996	56.26064	35.38158	48.82613	24.6199
94.30996	69.54315	1.4081
94.49183	70.46271	31.3328
94.49183	42.56598	71.01492	6.854349
94.49183	68.19987
93.63919	69.57826
93.63919	69.90134	53.18919	8.739664	71.71197	85.26686	83.57931	24.96902
71.24233	46.66153	41.08892	91.03884	22.32679
71.24233	85.91301	71.41492
80.24714	67.98036	1.400941
68.91539
70.51512	37.76829
67.49365
73.17274
65.77837	6.600036
1.559475	20.80578
40.3121	71.31634
70.36573	28.63998
43.50515
41.60548	71.73431	2.151891
69.29128
4.8393	34.98385
65.72152	35.97607	6.57994	64.10937
64.90858
41.66218	62.83802	45.1703
39.63626	19.46487
50.40894	93.97539	38.99905	38.6139
69.47104	89.21488
44.76607
60.64841	71.03317	73.67078	50.31727	84.54352
94.47826	9.092767	34.39486	25.52228	78.80782
94.47826	69.25384	84.53736	38.27108	0.8962032
94.47826	78.09805	59.65799	51.25298	84.37266
94.47826
94.47826	82.79455
94.47826	37.79855
94.12345	45.37807	54.87092
94.22463	72.88837	44.80646	49.82652	1.744211
94.22463	71.06223	58.42152	65.69642
94.22463	69.62313
94.22463	70.30476	43.5709	32.56249	92.19998
94.22463	94.24588	23.22399	63.57708	6.888806
94.14051
94.14051	45.03606	71.18836	83.78937
94.17176	72.85213	35.22124	32.59985	64.30843
68.69096
94.08515	42.08856
6.67403
3.544669
51.64627
62.18231



70.11063	71.26637	26.51681
42.72877
91.91056	52.63203	31.24543
74.96766
69.14517	23.28577
94.54467	61.91269
91.81277
92.23025
92.01824	57.5363
93.93635	60.25663	54.45586
94.12942	27.0647	7.389818
94.07282	27.52005	86.35541
94.54682	59.02748
94.54682	0.377111
75.4098
75.2239
1.260337
67.32875	47.15492
42.93539	5.150913
71.02501
68.67401	3.536976

82.06354	27.70687
50.62693



39.45304	44.66749	36.61961
94.02913	79.9281	53.49944
44.66815
45.05714	63.57167
63.9456	8.723952	13.37263	36.68233

45.19176	66.8199	43.60576
24.22306	45.18238
69.89883
70.38986	93.41166	81.444
70.38986	93.7959	80.69766
70.38986	93.7959	36.00456	38.07781	42.13114
70.38986	93.7959	84.35145
68.42978	93.7959	78.64289
93.7959	66.61372	79.77157
94.11045	71.23917	20.22195	41.5476	50.54813	20.80766	58.92653
94.11045	69.7624	47.21073	63.25233
94.11045	69.7624	38.22325	63.02255
94.11045	70.20401	82.59186
94.11045	69.8097	80.8825	19.12252	35.27318
94.12147	72.78513	36.60989	27.84392	44.07775	59.68288
94.12147	71.13289	82.01873	48.23472	10.28779	12.04189
94.12147	65.48
69.72209	28.36053
68.30589	53.428	37.97887
67.88148	69.55975
69.03024	49.46331	40.44475
50.26586	30.64738	56.51373

41.60903	70.06988

27.95257
60.74143
71.35514	30.05685	22.12806
71.2854	22.57185	89.5362

94.26454	94.08921
75.63352

43.1594	67.31774	68.79136	7.411734
64.44722	82.43924
69.01854
23.77138


69.82459	62.29679
40.97014	44.22801

70.40376
70.684

94.00902	23.59673	8.123887
94.00902
94.11447
73.70914
71.104	26.03479
55.06162	77.01356	76.86655
68.24214
62.7399	3.115145	41.1465
52.25573
24.41345	69.67752
69.90138	73.116	5.121434
59.32203	88.75019	44.66461	85.94103
38.9072
45.6293
35.34623	69.42799	22.7122
69.46023	81.40696
40.5718
63.59362	65.38161	44.38191	51.15251
69.6504	43.3404	77.55502
40.26835	69.26977
68.14814	36.54686	82.15419
70.9074	43.81978
70.9074	40.65751

50.55223
58.24474	68.70474
66.53778
69.61801
66.85986
55.55384	64.7146
69.01013	0.9188068
67.50719

26.8984	70.28295
69.62726	30.03819	6.445125
32.41749
83.49271
69.08249	67.97549

34.12361	47.20306
67.78831
67.79011	79.62196	33.28509	7.575457
66.22385	48.89624	68.80796	75.63542	85.8459
24.75296	61.77669
30.44028
71.70763	37.31961	68.54155	33.93832
33.53844	25.55417
44.1281	68.27502	11.55758
62.43135	43.86143	68.99858	1.841045
40.27964	32.50364	72.33747	57.74306

94.56384
94.43903
94.43903	43.71092	51.79043
94.01931	69.85669
94.39825	69.85669	66.9254	43.92115	58.13827
94.39825	69.29476	57.76423	73.8562
94.39825	80.68674	65.7267
94.39825	18.45715	29.32635	45.08081
94.39825	45.20764	45.41267
94.13689	31.99627	9.791835
40.47153
43.9411
93.96412	70.65597	37.38475	26.63741
93.96412	70.2543
68.5421
68.43929
82.4476

10.89277	65.41002
71.25367	78.87742	45.97651	69.2871
66.99739
67.62562
46.11668	49.96076
69.70395	44.60899

74.3175	69.91575

69.52618
64.28536	4.726342	20.82741
61.18938	58.11089	38.94311	85.08026	6.384196
69.58608	2.244428	2.064069	71.97483	61.2329	29.90113
70.28462	68.83939
37.9955
65.85143	28.72034
74.60501	59.83584	44.42437
34.02762
11.73557
61.54737	14.23155	42.7901
65.83734
4.921243
67.92726
43.87998	69.50824
3.466414
85.58544	92.81565
31.96133	20.86
71.16784
0.5223371	48.91032
44.1663
57.20544	28.06938	62.94003
57.34158	8.536875	78.30333
66.70232	69.29949	39.12637
71.15959	93.65372	46.64169	7.806417
70.76784

72.87877	24.39501	26.68335

37.91993
94.1874	87.0517	54.77195
1.707993	68.82501
