SpeciationRates
0.1723893	0.3858859	0.1276844
0.1368001	0.2966781	0.1416365	0.05335579
0.1355336	0.3581535	0.07941269	0.1369529
0.07083306	0.4582502
0.1676846	0.3059869	0.06461058
0.2129362	0.36295	0.04381778
0.1984416	0.3650886	0.09032445	0.1979088
0.334016	0.3334601	0.1032602	0.09912948	0.2377903
0.2853311	0.4635234	0.07550794	0.1175508	0.1570561	0.1524654
0.1639739	0.3614533	0.06958459	0.08906783
0.1569116	0.2949657	0.0729256
0.1450874	0.3369599	0.03095221	0.09922751
0.1586083	0.3735861	0.06920341
0.187805	0.4093323	0.09275456
0.2563053	0.3683985	0.07855859	0.1575085
0.2812655	0.3187402	0.06953996	0.1085261	0.08869044
0.1491338	0.4054594	0.0592766	0.2178382
0.1588455	0.4703898	0.08688335	0.05318365	0.03697816	0.2140194
0.2643722	0.430502	0.08168431
0.1296926	0.3676957	0.08835841
0.1129869	0.2421582	0.07750431
0.1446806	0.2711184	0.04479027	0.1504163	0.02233869
0.161775	0.4812937	0.0385963
0.1918021	0.3393928	0.04412137	0.1599285
0.1144601	0.02949826	0.1056871	0.1556564
0.2726265	0.05032133	0.2496766
0.274678	0.06986097	0.2245471
0.2801986	0.05362104	0.1735972
0.1006954	0.336014	0.2490555
0.1263544
0.09654947	0.2422663
0.1436067	0.2894491	0.09608471	0.09804637
0.1740242	0.2644625	0.06471848	0.08018193	0.3168611
0.062517	0.2121661	0.06420437	0.03214202	0.2893741	0.03929692	0.1066064
0.03772541	0.3387261	0.07324205	0.1972376	0.149221
0.141327	0.2563054	0.05263146
0.1429138	0.2605641	0.07106078	0.1426685	0.3542139
0.06302173	0.2735174
0.06787046	0.4021683
0.04869604	0.3107094
0.03576657	0.2173886	0.02962793	0.03933954	0.0868323
0.21237	0.2754918	0.04086878
0.08700334	0.4127072	0.03677504	0.05595544
0.1109508	0.2659194	0.05766369	0.07962101
0.1006794	0.2327352	0.03336591
0.1215969	0.3581359	0.0575898
0.2216367	0.405538	0.06117441
0.2722207	0.09740417	0.1715648
0.1894789	0.04461534	0.2351114
0.1671362	0.0753769	0.4782148	0.1848058
0.125922	0.2764601	0.07774428	0.007114262	0.3076575	0.1009901	0.02810945
0.3504916	0.3966679	0.08753528	0.1484278	0.04117564	0.0616819
0.2697357	0.2874622	0.07548754
0.2894808	0.299813	0.06612929
0.2388402	0.4173923	0.08418538
0.1583243	0.2554786	0.1022536
0.1664136	0.2778878	0.07047433	0.1206392
0.2021294	0.3417551	0.08241538
0.0306787	0.2009021	0.2698309	0.08195869	0.03707747
0.2611235	0.2967264	0.08766163
0.1311244	0.3726888	0.1153562	0.01910346	0.1706216	0.0840304
0.2049422	0.3418442	0.07557926	0.08338225	0.04324627
0.1344772	0.4023927	0.09191068	0.2458738
0.3150973	0.3776439	0.1127998
0.2505783	0.452601	0.1237622
0.2027303	0.2026852	0.02439479	0.1843547	0.1056572
0.3463389	0.1667266	0.03720906
0.291373	0.1562226
0.1517626	0.1476667
0.1602574	0.2062599
0.1126561	0.1681409
0.1561954	0.3413835
0.157402	0.4033848	0.06920879	0.1449319	0.1524678
0.2096434	0.3326013	0.1618584	0.07188875
0.1976152	0.3812002	0.0903786	0.00462664	0.1473887
0.2744929	0.4364043	0.04990072	0.006617144	0.09397656	0.005083622
0.297667	0.3073056	0.1026977
0.2701742	0.4918581	0.09198596
0.1438888	0.3757018	0.124924	0.2274006	0.08599778
0.1182887	0.4497746	0.07429582	0.1185087	0.1705926
0.03990619	0.3685218	0.1020336	0.1337071	0.04570269	0.1816239
0.05830767	0.3102156	0.07519198	0.09456579	0.0535249	0.2186798
0.02399526	0.3624818	0.04598816	0.2430759	0.02508053
0.006099182	0.3680924	0.1837081	0.04303167	0.3787574
0.01624872	0.243866	0.2187827	0.05530649
0.0262552	0.2619788	0.07143596	0.142888
0.1430831	0.3378193	0.1111658	0.06768499	0.241578
0.1725371	0.1970436	0.06022881	0.09394488
0.1285986	0.2014048	0.1352668
0.2483003	0.2437318	0.1140705	0.1236042
0.206552	0.1789048	0.05789515
0.2218583	0.3331929	0.0773554	0.3872306
0.2623059	0.3743626	0.0927609
0.1918691	0.3662887	0.1296425
0.1871401	0.3844329	0.06050905	0.1632023	0.2070602
0.09775281	0.4267406	0.1010844	0.04702754
0.2945517	0.370466	0.08869663	0.05159781
0.3043656	0.4708111	0.07370818	0.03716785	0.2316922	0.1932952
0.1767075	0.3387926	0.1135053	0.09256516
0.1767075	0.3037932	0.09580976
0.05924338	0.4085539	0.1811496	0.1327395
0.00474129	0.3489202	0.1784425	0.2871943	0.1689261	0.007627273	0.05724884	0.02132579
0.004538357	0.2948752	0.2573285	0.1071259	0.2504666
0.00378903	0.3172655	0.1318795	0.2475731
0.003859082	0.3648379	0.2610595	0.02194607	0.1466502	0.1660194
0.02290038	0.3698402	0.2538257	0.01603943	0.1440782
0.1133342	0.3541514	0.06169922	0.1694875	0.2963313
0.1116478	0.2241683	0.04262132	0.1699097	0.2087216
0.1458348	0.3152609	0.1084117
0.2096721	0.3292054	0.103287
0.1826329	0.3237456	0.07041769	0.123394
0.1886609	0.2742929	0.04669584
0.1612986	0.311275	0.07667005
0.07912013	0.3639194	0.07899527	0.06532589	0.1634828
0.1586908	0.5103339	0.1011794
0.09598505	0.3894004	0.05054292	0.095122
0.05110491	0.4050471
0.1193692	0.3935681	0.08754012	0.0637634
0.3132562	0.2353392	0.1067312	0.06873639
0.1515855	0.4123084	0.06538223
0.08034992	0.285348	0.08266179
0.2255583	0.3279046	0.1201975	0.09674513	0.09831721	0.3348321
0.2353924	0.3317218	0.07417065
0.1442954	0.3373204	0.04633932
0.1908423	0.3698685	0.09838745
0.238939	0.2354875	0.09461025
0.07955041	0.3686196	0.3558046	0.09117859
0.2763547	0.3590466	0.1321728
0.1479299	0.3877135	0.07646912	0.1394378
0.2697347	0.3093967	0.1328085	0.1426353	0.08204546	0.0871078
0.1346617	0.4047002	0.08376652
0.1937589	0.3268494	0.08742654
0.2261779	0.4273121	0.06530188	0.2655369
0.2354285	0.3833203	0.05376143	0.0328229	0.1123886
0.1538305	0.2709957	0.0403059	0.1044344
0.1805175	0.3282911	0.0566451
0.1825663	0.3481481	0.07118643
0.1611118	0.3769172	0.03361423	0.04056199
0.2167468	0.432506	0.04482456
0.2290734	0.2968265	0.1114763	0.09847553	0.0236227
0.1791139	0.2708627	0.07863326	0.02356487	0.1019887
0.1531435	0.1443597
0.1236112	0.1460177	0.1705416
0.1513613	0.1096695	0.02554656	0.09179954
0.1741644	0.08781336	0.2253446
0.1263629
0.1167149	0.05673771	0.1733652	0.1169669	0.05810877	0.136577
0.1152899	0.1970028
0.1650946
0.1803801	0.1708014	0.07242406	0.190437	0.2297609	0.158684
0.3525568	0.1964271	0.1054494
0.1334764	0.1933718	0.2746808
0.2424602	0.253432	0.1726007
0.2975498	0.238378
0.2023598
0.2003303	0.4569387	0.17883	0.07108435	0.1673254
0.2007817
0.232443
0.3744576	0.2615476	0.1753576	0.1426181
0.2149928	0.07490451	0.2269526
0.2419693	0.2925333	0.00364653
0.2338063
0.1773717	0.2115713
0.1166122	0.2402836
0.2126762	0.2644282
0.2050908	0.2740841
0.3709024	0.1258431	0.3113521
0.1210459	0.3617083	0.2222188
0.1289548	0.3621641	0.1596667
0.1214229	0.3132199
0.09261282	0.1704335
0.1122921
0.1166279	0.3095604
0.1531146
0.3125711	0.3132004	0.1355959
0.3429167	0.2720086	0.06267168
0.3479485	0.2541645	0.07429089
0.3487972	0.4261475	0.06979947
0.186248	0.384823	0.09444513
0.2169589	0.4321435	0.04677161
0.2252889	0.54642	0.08469158
0.1754466	0.4360973	0.1354102	0.02346791	0.05016493	0.09326532
0.133066	0.3520778
0.05851389	0.2862792	0.1864142	0.1030906	0.06835193
0.1821361	0.387415	0.05177501
0.1544535	0.4488597	0.07249316
0.2742856	0.2805553	0.07997534
0.2486385	0.3876587	0.09043077	0.08550153
0.2189555	0.3681634	0.0688998
0.1603101	0.5594207	0.05626474
0.3224255	0.3098617	0.08401767
0.170379	0.4397372	0.03456702	0.0245925	0.1097901	0.01540796
0.1110635	0.2818514	0.04983606	0.07702643	0.1181027
0.2074016	0.3000513	0.005888243	0.102079
0.1619178	0.3381598	0.09667201
0.1307833	0.3192905	0.06158426
0.2138485	0.3627229	0.03175001	0.0878998	0.0269792
0.1503366	0.3729711	0.06165064
0.1981532	0.2333933	0.09778716	0.1327715
0.192636	0.2749769	0.08495936
0.2403036	0.2686046	0.1013522	0.2340494
0.1733461	0.4098858	0.03460947	0.2452414	0.04089425
0.1707886	0.4516884	0.072975	0.4151164
0.2528173	0.2545843	0.09425471
0.1963089	0.3411412	0.1013882
0.1643211	0.4223367	0.09525921	0.001047253
0.03786151	0.2516765	0.0759794	0.004145303	0.1573409
0.01901235	0.4893384	0.09504985	0.003487368	0.1695993	0.2032863	0.0894092
0.05233283	0.2237871	0.09474761	0.02288594	0.2225106	0.1469353
0.07435673	0.3698426	0.177295	0.06083245
0.1235951	0.2582532	0.08277129	0.1405668
0.07039405	0.293584
0.07565471	0.2419733	0.06280934
0.1932609	0.1960951	0.0915662
0.224413	0.4817258	0.1270362	0.0141993	0.1320487
0.2655593	0.3068092	0.06418394	0.2046841	0.01338663
0.2137107	0.2317623	0.07117723	0.09963566
0.1778775	0.1654332	0.06898048
0.2047532	0.3491072	0.1429827
0.2643039	0.411404	0.09450571	0.1365436	0.187824
0.3174107	0.3389057	0.1625069	0.07792633
0.1961294	0.2088675	0.008210069	0.1377585	0.08872629
0.1227453	0.3107673	0.1415851
0.08478169	0.2562798	0.1931805	0.1172933	0.1878578	0.2171384	0.2699609
0.01815769	0.2674301	0.2037812	0.06145086	0.1289292
0.2232105	0.2537354	0.2603937	0.07925307
0.2347744	0.2571593	0.02171933
0.1639694	0.2050578	0.01858588
0.2313297	0.1880854	0.01988345	0.06932218	0.05439681	0.1987014	0.05472314
0.1386537
0.2348873	0.2571095	0.1805725	0.08857347	0.1379725
0.2233663	0.05759406	0.09260508
0.1629118	0.05121331	0.2950041	0.1830023
0.1425804	0.4879045	0.09969309
0.1394407	0.3676113	0.1312974
0.05214313	0.3232017	0.1525998	0.2489776	0.06972972	0.1358695
0.302162	0.3728724	0.1473592	0.1277549	0.05615462	0.1644662
0.1310351	0.4686528	0.1152702	0.2472582	0.01260339
0.2288687	0.3641782	0.09028735
0.1785664	0.3200977	0.1146459
0.2420813	0.3546405	0.08153513	0.06815384
0.1923571	0.2989162	0.1069104	0.08100503
0.2554105	0.3148622	0.1146987
0.1140717	0.2611702	0.1522398	0.09892525
0.1678593	0.3789737	0.1602538	0.1203559	0.1510989
0.20215	0.297675	0.1527073
0.1736858	0.1682901	0.1418566
0.1330952	0.04233274	0.2132999	0.1935978
0.1560151	0.2187333
0.2092021
0.1717494	0.2811545	0.1507179	0.1769042	0.1781508	0.2947708	0.1948381
0.2350885	0.3971222	0.1413878	0.08496497	0.1464442	0.1074999
0.1399752	0.2756419	0.1377458	0.2073539	0.07183689
0.1724561	0.499643	0.1110436
0.2152415	0.187133
0.21464	0.2009699	0.2707614	0.0763781
0.1904308
0.2164232
0.1896487
0.2391562
0.1397373	0.2759755	0.2360114
0.2483605	0.08174134	0.189652
0.2248323	0.4037663	0.09151395
0.1805561	0.2281087
0.2333311	0.2581698	0.1087566
0.1936239
0.1981787
0.1498573	0.2805633
0.1368408	0.1717338	0.08515237	0.408338
0.2247831	0.1870514	0.3493589
0.2474821	0.05103312	0.312356
0.2442271	0.1411385	0.2040379
0.1917389	0.1230838	0.1854341
0.1999705	0.1443956	0.2391436	0.1574317	0.1114947
0.2012838	0.2104094	0.1391897	0.1934522
0.09318718	0.1835487	0.1968489	0.3029812
0.04631631	0.1817031	0.1690219	0.08733595
0.02295542	0.1865899	0.02505103	0.1782941	0.1559043	0.1191443	0.212928
0.1282509	0.1221598
0.1966619	0.1014855	0.09596093
0.08934668	0.3537104	0.1454381	0.1244379
0.1696846	0.4467472	0.09330482
0.1314501	0.3734941	0.09929286
0.1345528	0.4704629	0.08990032	0.05120425	0.141884
0.2277216	0.3457449	0.1063193	0.1198143	0.03784409	0.1017558
0.2298923	0.1880003	0.1077335
0.1038676	0.1969931	0.2519051	0.08147626	0.08499827
0.2383858	0.2120828	0.4527005	0.05479144	0.08313278
0.2109949	0.09867657	0.1374539
0.180561	0.1417854	0.2393778
0.1318676	0.1226811	0.386372	0.139214
0.2407723	0.4556824	0.1001983	0.1272655	0.2566438
0.1900573	0.2559489	0.126824
0.1285011	0.2584935	0.1661198	0.05307922	0.2186396	0.4816689
0.2908986	0.2756078	0.1877402	0.09069025
0.2071764	0.5961542	0.04761417	0.151838
0.2489715	0.1805824	0.02605364	0.1699357
0.2425502	0.3462034	0.06098136	0.1619724
0.2213535	0.3083429
0.1829165
0.2876813	0.1702235	0.2139868
0.2562667	0.1491995	0.1511124
0.3197724	0.1556433
0.2657965	0.1579308	0.2010317
0.1731588	0.4322987	0.0579822
0.163975	0.2672433	0.03696935
0.2509927	0.4827916	0.1726659	0.009530536	0.05648718
0.2668555	0.5640253	0.0641773	0.1825555
0.3302779	0.2568398	0.04938267	0.1870856	0.2623945	0.1504418	0.03803419
0.2752436	0.3236771	0.0632823	0.2553619
0.2698551	0.3710198	0.1070823	0.04647561
0.2596982	0.4164561	0.0981795	0.04108503
0.1780394	0.1887317	0.08820294	0.2601047
0.2113457	0.2340586	0.3629529	0.087269	0.200908
0.1752427	0.2816586	0.08057074
0.1753839	0.341785	0.193328
0.1833963	0.1649699
0.3102993	0.1943159	0.1973723	0.2530113
0.34303	0.2185139	0.09058929	0.2244473
0.1902461
0.2579766	0.1573007	0.3189722
0.2853286	0.1598246
0.1626855
0.0440325	0.1864099
0.1871567	0.189427	0.3664375	0.01422942	0.03719715	0.1849025
0.1516455	0.321733	0.005685631	0.05401605
0.09116818	0.3405644	0.06509775
0.1639933	0.3174886	0.07347463	0.03512152
0.1071255	0.3335593	0.09993518	0.08539563
0.2153704	0.3548683	0.09957468	0.07273073
0.08049662	0.4105035
0.09369642	0.4289644
0.1218176	0.2864696
0.1302881	0.2355045
0.1393287	0.2895152	0.1218415
0.1300939	0.1888001	0.05547693
0.07750587	0.2839686	0.121969	0.02289679
0.171152	0.3783852	0.09987757	0.1816423	0.1710745
0.04337478	0.3698588	0.1640518	0.07435635	0.1355984
0.1621069	0.392589	0.1042462	0.2093648
0.08036857	0.3284886	0.2614684	0.0506005
0.04104679	0.3617262	0.04892921	0.0663966
0.2367102	0.434472	0.05566172
0.2227803	0.3455443	0.0759547
0.1567558	0.5153409	0.07844113	0.07150192
0.3658257	0.4348393	0.06241772
0.1769388	0.2882285	0.07956513
0.190763	0.3127639	0.064724	0.3319104	0.08081685
0.2078982	0.2713666	0.07869527	0.05324348	0.07993805
0.09677325	0.2826623	0.07873971	0.1554337
0.0580162	0.3463799
0.06845895	0.3567817
0.05546809	0.1929828
0.08443453	0.1744324	0.04835896	0.08280629
0.1533989	0.3730558	0.06371161	0.1544928	0.08743353
0.1512872	0.4119731	0.1881984	0.0515346	0.1110865	0.05345381
0.1553111	0.2078504	0.04407651	0.2034765	0.05047667
0.1906927	0.2942585	0.07032974
0.205198	0.3343115	0.08521956
0.2961275	0.4156526	0.08065096	0.07339564
0.06316918	0.2795573
0.07223805	0.3592311
0.04561488	0.2896827	0.01788093
0.0807406	0.4563095
0.147981	0.4192297	0.05607758	0.05314667
0.1143173	0.3554613	0.06803274
0.1936501	0.1649264	0.04139612	0.04499038
0.1241663	0.4347485	0.06932454	0.01767	0.03745857
0.2319673	0.4351804	0.07547409	0.07022828	0.2089905	0.1276694	0.09617415
0.1387563	0.5586555	0.01322945	0.0777272	0.02930704	0.08337762
0.1381552	0.3063626	0.003134708	0.1624173	0.08879957
0.1942908	0.3547563	0.0008943072	0.2368268	0.08421734	0.08373634	0.01901362
0.117716	0.4263	0.1949086	0.1052298	0.365717	0.2653893
0.1753466	0.1850236	0.249937
0.2409881	0.2588452	0.1048389	0.09340008	0.01618065	0.2280653	0.008284974
0.2341166	0.3432899	0.2004611
0.2289302	0.2103416
0.1727531
0.108166	0.3793062	0.1277441	0.012598	0.1700919	0.105935
0.1211688	0.3854807	0.1141324	0.00714445
0.1536737	0.3277516	0.05232234
0.2762164	0.2355487
0.2443305
0.2716992
0.2721192	0.2790196	0.1421654
0.2506851	0.2799597	0.133115	0.1709018
0.1759792	0.2798947
0.2289848	0.2598801	0.02884272	0.1661627
0.2845688	0.2082695	0.04817003
0.1969794	0.1560809	0.03195045	0.2429044
0.147178	0.2402505	0.2444115
0.02107253	0.2942739
0.05180546	0.3107249
0.3139489
0.2931467	0.2913581	0.1642992
0.2764309
0.1683566	0.249587
0.3520621	0.2595178	0.09759166	0.00967356	0.1654599	0.01742141
0.3539936	0.2486651	0.1079224
0.2558475	0.3167295	0.168731
0.2609792	0.1003064	0.3525352	0.187673
0.2125015	0.3650307	0.1503906	0.1143901
0.2038961	0.3689586	0.02762707
0.1893117	0.2654221	0.05408739
0.2384321	0.4324635	0.08261628
0.1427671	0.2432308	0.08331148	0.017856
0.1494334	0.2580621
0.1573215	0.1890988	0.2050667
0.1529541
0.1498371	0.2911798
0.1276964	0.2148398
0.1764344	0.2322956	0.1040989	0.1160776	0.341981	0.1601431
0.06257445	0.1138397	0.2443357	0.2641629	0.1221292
0.3480563	0.1098965	0.2870233	0.1888746	0.06931842	0.1519178
0.2627156	0.3419044	0.07395271
0.1958841	0.2825629	0.08927554	0.0707125
0.1831061	0.32955	0.2326572	0.07735954
0.1734356	0.483891	0.1305135	0.07073663	0.09937156
0.2062819	0.4057962	0.09552789	0.144379	0.04272173
0.2273982	0.1993973	0.05181082	0.1018929
0.2084785	0.399205	0.09456327
0.1702034	0.2965109	0.06734189
0.09595167	0.3171499	0.08234755
0.1043482	0.4890882
0.1503621	0.3894532	0.1253564	0.1042224	0.1098839
0.1976576	0.4101102	0.09680112	0.04998613	0.06746241
0.1826596	0.3650778	0.1168558	0.07336639	0.09906232
0.2466465	0.374285	0.08045788	0.111155
0.2406007	0.1391085
0.2392625	0.1547333	0.1783184	0.06346041
0.1927579
0.2377956	0.2246321
0.2386022
0.2620631	0.234206	0.1083705
0.2351316
0.2181812
0.1906606	0.347575	0.09686533	0.1667415
0.2349646	0.3347283	0.1205546	0.24245
0.3591527	0.2796484	0.1920165	0.1154801	0.1476783
0.2418605	0.1328512	0.263347	0.2959079
0.2150037
0.165643
0.2113988	0.3306561
0.1975513	0.3682179	0.2340598
0.1517806	0.3012011
0.2356948	0.3062711	0.05828132	0.1005449	0.07875063	0.2312654	0.139587
0.1965715	0.3657255	0.02843202
0.1697771
0.09802479	0.1724893
0.1721826
0.2111538
0.22998	0.2099063
0.2186043	0.235278
0.2041199	0.2162941	0.2523429	0.08768755
0.2013646	0.1354949
0.1662446	0.1518432
0.1947637
0.1874074
0.2007774	0.2233466	0.1773663
0.1902894	0.4011199
0.2151224	0.3502795	0.181933
0.1806906	0.3429649
0.1644935	0.2792081
0.07982413	0.3341866
0.09585096	0.3387582
0.1705754	0.2771241
0.1004625	0.2603068	0.2133748
0.2615637	0.3550563	0.08554874
0.1612677	0.3978562	0.101125	0.1103282
0.2302847	0.04157387	0.1761442	0.4199596	0.1905111
0.1565289	0.07885548	0.3704101
0.09764002	0.340114	0.07225842	0.02502442
0.1179554	0.3671219	0.05287952	0.07809656
0.1581692	0.3610777	0.06050548	0.156514
0.1625462	0.3253722	0.06413633
0.1736604	0.2875946	0.06515279
0.2009274	0.3760591	0.03653916	0.06512654	0.1389675	0.01810904	0.07134589
0.1382303	0.243381	0.01961532	0.0662147
0.1743816	0.2906337	0.04910748	0.24733
0.3101855	0.2727012	0.04936584	0.1344989	0.06533819
0.1214079	0.3751385	0.02357771	0.02268778	0.1045306
0.1545751	0.4226341	0.05779669	0.04884581	0.08240719
0.09825813	0.4199222	0.03912614	0.05841746
0.09225081	0.3256239	0.06191947	0.1354678	0.06103567	0.1435543	0.201613
0.2833557	0.3441564	0.06818727
0.2331036	0.3621107	0.06506883
0.2887228	0.4366138	0.0966189	0.02426839
0.217515	0.3508432	0.1064511	0.1312136	0.04785827
0.1715353	0.4368658	0.106262	0.05732793
0.1598739	0.4643276	0.1080153
0.0858166	0.4897348
0.09309532	0.2895791	0.05345547	0.06228506	0.0765178	0.0944977
0.1263982	0.3103725
0.1176045	0.0927606	0.0933872	0.1322938	0.1189411
0.09849011	0.3055049	0.09744772
0.0928464	0.405147	0.1014596
0.1033034	0.3844878	0.08902044	0.1850899
0.09426544	0.3601937
0.0933953	0.2635014	0.007999216	0.117201
0.1865894	0.3568027	0.08097888	0.1034304
0.1834405	0.600374	0.08280273	0.04340673
0.2059077	0.2944096	0.001775044	0.0970012
0.2053226	0.45766	0.09188821	0.2499937	0.2144508
0.2192309	0.3545153	0.07443211	0.09143362
0.1737637	0.3694055	0.1330718	0.07480352	0.1039381	0.169579	0.2153726
0.1142524	0.4198343	0.09209879
0.1841388	0.4342897	0.06191701
0.1111037	0.4144596	0.07101114
0.1106947	0.3275694	0.06506485	0.10863	0.03289926
0.07845811	0.2352094
0.1716318	0.3516768	0.1230554
0.1677943
0.1889493	0.2772628	0.054401
0.1925664	0.3796953	0.1426354	0.1403625
0.1501094	0.2848235
0.21979	0.2846304	0.03346945
0.2385529
0.2246263	0.06648699	0.2080237
0.1229491	0.3208451	0.1032101	0.1600221
0.1954895	0.3017692	0.09222835
0.1630092	0.4958814	0.09244269	0.2471991
0.1862796	0.3418578	0.1025153
0.1871487	0.403224	0.09772936
0.1520817	0.3553998	0.1139747	0.1071923	0.07357299
0.3510114	0.3852734	0.08419169	0.1885588	0.08923495
0.2946261	0.3270008	0.04452935	0.06930582	0.07159238
0.1426798	0.3856201	0.03894142	0.2385214
0.1812917	0.3854927	0.05461276	0.1155047	0.1975239
0.03559144	0.4362514	0.0701648	0.2160145	0.02449409	0.1443824
0.1662297	0.3503547	0.06596143
0.1221616	0.2782463	0.05015534
0.1610654	0.3602323	0.05727523	0.0525914
0.1141895	0.444117	0.08036832	0.04149028
0.1493139	0.4339087	0.0591504
0.1506713	0.365642	0.08081318
0.08327271	0.2800258	0.09537886	0.1924035	0.05898523	0.1513929
0.1712489	0.2868552	0.1425311
0.2300991	0.4053208	0.02791014	0.1543809
0.1556215	0.3814503	0.102178	0.05060273
0.115744	0.1509137
0.1507947	0.3165949	0.1427385
0.1504475	0.3092339	0.1357434	0.2304193
0.149763	0.2755995	0.08479552	0.06210318
0.0636106	0.2372814
0.3685827	0.4176572	0.09004186	0.06703821	0.08441738
0.2488258	0.2761809	0.07581385	0.1281483	0.01856699	0.07946403
0.1046998	0.4244399	0.1295043
0.06741554	0.217733
0.1090907	0.4101625	0.05591239	0.1543022
0.06986046	0.4637658	0.04218827
0.07644176	0.3452475
0.08500771	0.257097
0.09677546	0.2604264
0.1021471	0.388338	0.02891896
0.1078734	0.3062149	0.1035637
0.05601456	0.3766441	0.3242161	0.08926037	0.08746101	0.3343494
0.03592511	0.2453842	0.2724629	0.09651631	0.09277877	0.09952382
0.008347166	0.3156333	0.08766459
0.1252301	0.2482496	0.08761131	0.02825132
0.2634191	0.3505101	0.04141959	0.1091217	0.1128375
0.111924	0.4382135	0.1763477	0.02279276	0.09280319
0.114672	0.1886295
0.2112388	0.1224018	0.1270158
0.2505373	0.1091878
0.227164	0.1152361	0.03805577	0.1403974
0.3148673	0.03472448	0.2836849	0.09095508
0.179818	0.377421	0.06224155
0.08698479	0.2159627	0.1215047
0.2814942	0.5647523	0.1159316
0.1828	0.3633558	0.07280029	0.1136999	0.09836515
0.2305781	0.1662471	0.08135237
0.2150362	0.4145325	0.04947021
0.399014	0.4531394	0.0561007
0.2226411	0.2556366	0.06607165
0.1400661	0.4107375	0.05597613	0.1704737	0.1411476
0.2406821	0.5492628	0.059948	0.08997885
0.329074	0.3432488	0.1516425	0.08478322	0.2369871	0.09887879
0.1322704	0.3947576	0.06724001
0.1210833	0.2760915
0.1609866	0.2722664	0.13383	0.146815
0.1790815	0.4412344	0.07382544
0.09789901	0.1474645
0.2163162	0.1832867	0.126954	0.0811471
0.3064193	0.1085	0.1837568	0.04811637
0.1374435
0.1650202	0.1282834
0.1556743
0.1953004	0.1538345	0.08475776	0.1876564
0.2406489	0.4597439	0.08299853
0.2093447	0.06401746	0.3015726	0.1573388
0.1258245	0.1136495	0.4546987	0.129118
0.1129081	0.2075082
0.1210041	0.2089819	0.1323548	0.1136177	0.08913105
0.09943595	0.4476556	0.06105792	0.3111954
0.07967821	0.3802063	0.05166295
0.1151042	0.294044	0.07392032
0.1469213	0.2811154	0.09293106	0.06884058
0.1859052	0.3914143	0.05384061	0.0662383
0.1794596	0.3770253	0.06064518	0.02739095
0.1180534	0.3262269	0.05797463	0.2263309
0.1034642	0.4133756	0.06180241	0.1011838
0.2288958	0.3624255	0.0493923
0.1563568	0.3352462	0.02022604	0.07031669
0.1629804	0.332555	0.03677822
0.2927925	0.4595138	0.05908828	0.02375255
0.3141608	0.421053	0.1051199	0.2937803
0.1177764	0.3873694	0.09680961
0.3840525	0.2591979	0.08357429
0.1363998	0.3452924	0.04701621	0.1247389
0.2608717	0.4471549	0.1176975
0.09032224	0.2626083
0.1349128
0.1655682	0.2765904
0.1410966	0.4116054	0.1598327	0.1656272	0.1843275	0.1625347
0.1900019	0.4077817	0.07907109	0.2346936	0.1776393
0.1271997	0.2670982	0.07032638
0.121181	0.2102847	0.04591474	0.06995949
0.0774877	0.2625886
0.05806077	0.1706466	0.1574048	0.09448287	0.226519
0.1717155	0.1172834
0.1341182
0.1334281	0.2341934	0.1358825
0.03953783	0.3133779	0.235424	0.07521935
0.3037961	0.3301845	0.09572246	0.08121525
0.1557632	0.3281606	0.0691436	0.01474387
0.3081973	0.2871384	0.08057629	0.05760839	0.2074592	0.101639
0.1171968	0.4991245	0.07463917	0.1111935	0.09557243
0.1092976	0.3828587
0.07983425	0.4530158	0.04803376	0.05498967	0.05165666
0.05429316	0.2636829	0.06447483
0.1494359	0.6292953	0.05616866	0.06599607	0.2735092
0.1280934	0.3639985	0.1485474	0.05661541	0.1913615
0.168802	0.2463538	0.06827832
0.3594546	0.147433	0.07806186	0.1018903
0.2488279	0.2435873	0.1674265	0.1071734
0.2357508	0.2599238	0.104073
0.160649	0.2574952	0.03135521
0.1456025	0.1712871	0.4181231	0.0596269
0.1199619	0.3411827	0.1550213	0.0331585
0.0523459	0.4065529	0.1435283	0.09268691	0.2571139
0.01286739	0.3372818	0.1235201	0.02275122	0.3165814	0.0247544
0.02195434	0.2627858	0.2037496	0.1221844	0.1352707	0.1037678
0.179153
0.1280268	0.1596194
0.1823497
0.2293312	0.2157676	0.2457167
0.2510674	0.2543875
0.2354893	0.3029584	0.1498531
0.1586043	0.3962882	0.1621305	0.3392841	0.06730316	0.2289907	0.1790441
0.1686244	0.3063055	0.2122297	0.3085529
0.1940264	0.3249855	0.2555038
0.1888301	0.3259328
0.2090016	0.2004677
0.2770854	0.1491858
0.09198108	0.123411	0.3410196	0.1237996	0.252124
0.006491473	0.1473104	0.13602	0.2560079
0.011835	0.1610498	0.1612933
0.0383299	0.2035376	0.122675
0.1926326	0.1335706
0.2832332	0.1088568	0.1494276
0.0711991	0.1869297	0.1370509	0.2209329
0.2821675	0.1901738	0.146159
0.1643465	0.4446952	0.07864561
0.1986611	0.2604557	0.1245946	0.07809359	0.03744974
0.1936661	0.2101692	0.0956671	0.07353581
0.1900088	0.1335201	0.08861084	0.1348601
0.05025044	0.1334575
0.05483926	0.1418786
0.359617	0.2251765
0.1372848	0.1554994	0.238193
0.2235525	0.1869503	0.3609913	0.02768384	0.2458483	0.1585423
0.3242981	0.2111743	0.4121646	0.1550408	0.1611842
0.2648467	0.1385786	0.2410051	0.07851278	0.1283821
0.1063531	0.2866799
0.2643945	0.4029099	0.08009748
0.250917	0.3911079	0.07901909
0.2162692	0.2423656	0.06519883	0.2405312	0.0854974
0.2085539	0.3327921	0.09748923
0.1342677	0.2008285	0.07741537
0.07185322	0.4450749	0.06893587
0.2203976	0.3017277	0.01490226	0.09047758	0.04736521	0.1255762
0.1054656	0.434701	0.08514711	0.07224398
0.2338229	0.3087979	0.05973065	0.2441782	0.2467659
0.1611448	0.3956439	0.1425663	0.1051874
0.1243355	0.3230759
0.3332624	0.4136659	0.06780135
0.243948	0.5244282	0.04728257	0.06879911
0.2356435	0.4117906	0.1304333	0.03679864	0.02370913	0.1462258	0.02911771
0.1491145	0.323165	0.05968779
0.1152933	0.256986	0.1270415
0.1030274	0.1696221	0.08689287
0.09045516	0.2328688	0.0849066	0.07502674
0.1357418	0.2930803	0.05163444
0.1470978	0.3244146	0.04337887
0.1464273	0.2775826	0.0496848
0.1729493	0.3773801	0.133833	0.1026243	0.143168
0.1373562	0.2549838	0.1382337
0.1070412	0.2848799	0.1264638	0.2287204
0.001364882	0.2777967	0.2341053	0.1228305
0.00347052	0.2712094	0.260241	0.1218113	0.156011	0.06365833	0.519872	0.1000622
0.1812229	0.2180739	0.1344416
0.2002439	0.1888254
0.1916954
0.2238383	0.1063537	0.1270662	0.18795
0.118733	0.2711112	0.09727498	0.08512183	0.04197321
0.1301766	0.3571477
0.2332262	0.3515094	0.1288519	0.08493618
0.3079969	0.3217442	0.1610087	0.1260193	0.02698158	0.1992941
0.309518	0.0973421
0.2795061	0.08446729	0.1476155
0.3230876	0.2530495	0.1786573	0.09699302
0.2424979	0.3000314	0.08372738	0.2276196	0.06506785
0.2573249
0.297947
0.1127749	0.2476165	0.2838563
0.2314328
0.1481803	0.2117066
0.1532736	0.1742734
0.2028769	0.2372055	0.05122938
0.2091928
0.1712678	0.3299726
0.1977146	0.2126079
0.2124888
0.1807744
0.1880676
0.1691659	0.3555062	0.1598574
0.2206253	0.445695	0.1917656	0.07330671
0.2619902	0.2400729	0.06908958	0.090462
0.3123843	0.3463975	0.15823	0.3447913	0.2556387
0.3183825	0.3638116	0.1581385
0.2059844	0.3421723	0.09646905	0.06464908
0.09218184	0.3664086	0.2106629	0.1393539	0.08309262
0.2075555	0.1871213
0.1752339	0.1265959	0.2379718	0.3119918
0.2514787	0.3352353	0.08776074
0.06675017	0.3349469	0.08013159
0.09401959	0.404312
0.1558749	0.4467595	0.1501386	0.09682727	0.0499249
0.09413081	0.2599803	0.3534999	0.1113875	0.120055	0.1822355
0.1440229	0.3204545	0.1592248
0.1949142	0.2737619
0.2055819	0.1822908
0.2662318	0.2772946
0.2455199	0.290371	0.2570054
0.3084577	0.1967757
0.3870937	0.1982909
0.1631377	0.3163397
0.1128096	0.3571418
0.1114349	0.2763682	0.05811679
0.1133901	0.217214	0.1759919	0.1289825
0.1961522	0.2223836	0.08625597	0.1026715
0.4262094	0.1677831
0.1882432
0.2237275	0.1209016	0.131543
0.2238525	0.09326293	0.2107014	0.06866062
0.1750564	0.4085342	0.1589929	0.2532251	0.07482177
0.319806	0.3770765	0.0667072	0.04319992
0.1158749	0.352122	0.1326509	0.2071633	0.1328299
0.08828712	0.2765963
0.05597497	0.4721077
0.1061062	0.5039607
0.07278852	0.4748796	0.2662993	0.1164984
0.3454293	0.1428122
0.2248831	0.3235249	0.0694725	0.06416878
0.1245898	0.462795	0.05356076	0.0637404
0.09014749	0.3930816	0.03877673
0.1472461	0.3064272	0.01460984	0.05845338
0.1630049	0.4141333	0.09466206	0.01231182	0.08470525
0.1551823	0.4232016	0.0007644231	0.1283267
0.1625928	0.2558823	0.1139756	0.1370973
0.3144871	0.2016333
0.2513614
0.3056732
0.2630395	0.1918914
0.2203909	0.1749093
0.2267612	0.1535353
0.1721939	0.2528489	0.05325247	0.1019424
0.1439274	0.2074762	0.1026594
0.1369275	0.1881146	0.06853773
0.159997	0.2465702
0.323884	0.3638138	0.1764238	0.1564193
0.2042415	0.2926851	0.2035849
0.2238197	0.2741054	0.1140957	0.08058582
0.2710695	0.2129952	0.1686051	0.03654629
0.1603639	0.1366581	0.1646626
0.1892463	0.3052326	0.1392223
0.3166993	0.4636853	0.04829563	0.1284989	0.1749544	0.1920344
0.2038211	0.4595248	0.04204399
0.2612076	0.2799234	0.1799183	0.176142
0.1778958	0.2120646	0.04489205
0.2979302	0.3176224	0.07847628	0.2135915
0.2169141	0.4083452	0.009176533	0.1275594	0.01974233
0.1995422	0.3045122	0.09417898
0.3339387	0.3477091	0.1055912
0.01247368	0.3085763	0.1034306	0.08055066	0.05441611	0.08074043
0.02608815	0.2370056	0.07111826	0.1912092	0.07013359
0.1791343	0.3709516	0.04550648	0.05901981
0.0538422	0.2809849
0.09124649	0.3271666	0.0590148
0.1654195	0.3166209	0.06308003	0.1702436	0.06735146
0.06188295	0.3529998
0.09958656	0.3686951
0.121658	0.3378057	0.08638546
0.198499	0.187674	0.06380657	0.1408483	0.08041592
0.2441215	0.2684789	0.0989957	0.04827607	0.05639588
0.2284556	0.4787328	0.07649941	0.07691724
0.3014751	0.3060723	0.05245548
0.1141252	0.4560544	0.07273551	0.06913575	0.05279523	0.09401766	0.2752495
0.1233959	0.401083	0.06447799	0.03434942	0.06618416	0.1392375
0.1677224	0.04268677	0.2473305
0.07962263	0.3167906
0.089794	0.4265395
0.1544009	0.4503648	0.1030634
0.1054086	0.3811731	0.06321374
0.157435	0.4217287	0.05211055	0.07526216
0.2464779	0.3425615	0.04952845
0.2024135	0.386701	0.07109543	0.2077486	0.08456183
0.1349972	0.1326766	0.2627121
0.2149649
0.115999	0.233356
0.1786463	0.2359027
0.1152856	0.2274027
0.2027681	0.2734965	0.1381937	0.2119823
0.1323133	0.2924244
0.1578712	0.3045367	0.1444287
0.1113492	0.282097	0.1512387
0.2158528	0.3412198
0.2403568
0.09167088	0.2996697	0.2328783	0.1207833
0.2349871	0.3302462
0.2485659	0.458761
0.275879	0.477898
0.2515957
0.2429291
0.3294426	0.3265128	0.2154524	0.1755103
0.1981863	0.3156391
0.2000107	0.3391229	0.2712407
0.2887876	0.3867411
0.25977	0.361734	0.2965815
0.1020145	0.361734
0.06468791	0.3486298	0.3906338
0.1795294	0.3343623
0.2545803	0.3282107
0.3434811
0.364277
0.3340177
0.3316527
0.353205
0.372426
0.3306604	0.3936714
0.3311753
0.3473781
0.3455218
0.2990593
0.3397655
0.3528356
0.3311869
0.2660717	0.1696174	0.1171554	0.07035058
0.1196993	0.1443348	0.01494371
0.3044296	0.05538629	0.09800451	0.183384	0.2224932
0.2708601	0.156802	0.3440094
0.2343023	0.2670332	0.1192545	0.1961658	0.2567772
0.21611	0.3309001	0.08508592	0.1353973
0.2477177	0.3891558	0.1031246
0.2046199	0.3702795	0.09686267	0.09250119
0.1318881	0.392834	0.06517651
0.224642	0.3271936	0.1212012	0.3469648
0.2686843	0.1326352	0.1544815	0.09577537
0.1414419	0.2324145	0.08914842
0.03006371	0.3005122	0.08448899	0.167403	0.06063528	0.1007445	0.1736978	0.007400502
0.1416356	0.3401964	0.09149962
0.2391483	0.3603946	0.05436295	0.1913766
0.171124	0.2375746	0.07539963
0.14633	0.2934697	0.07997319	0.1025899
0.05530315	0.3669818	0.09933113
0.08213679	0.4462447	0.07543929
0.2137314	0.4261832	0.1236431	0.06789421
0.2269847	0.2062892	0.09826469
0.2277448	0.3920381	0.08216937
0.213138	0.1499143
0.1324558	0.09028875
0.2676887	0.09116546	0.2648238	0.1518247
0.2409839	0.1171385	0.2909965
0.2949175	0.2054691	0.05721055	0.1452471
0.2065475	0.2851588	0.1497518
0.2015577	0.3335127	0.06530708	0.1977488
0.2872118	0.3659921	0.0900936	0.1052272	0.02985207
0.199766	0.3163411	0.1102109	0.04561993	0.1419769	0.1936261
0.1475513	0.3428158	0.0990481	0.03723594
0.1324065	0.2855794	0.08075117	0.1201973	0.02584906	0.1028677
0.1781527	0.3541872	0.09744218
0.1199247	0.2225357	0.06195155	0.06017288	0.06516505	0.03604967	0.1822938
0.354565	0.4168376	0.1410165	0.06338728	0.1255439
0.1609629	0.3666838	0.1084758	0.09267882
0.1232582	0.4937407	0.07331109	0.09110192
0.2404424	0.5114196	0.02810124
0.237415	0.2917618	0.009290512	0.06347532	0.03888716	0.2546981
0.2017876	0.1993836	0.04757333	0.05170295
0.338709	0.3087333	0.1314257	0.09549713
0.1335755	0.323081	0.05234809
0.05648254	0.247025	0.04471573
0.08009637	0.274967
0.05991254	0.3309683	0.06550909	0.2153027
0.1135349	0.3503485
0.1018037	0.35389
0.1989443	0.2951405	0.11537	0.01855395
0.270323	0.4441655	0.0704266	0.1538694	0.2111893
0.269057	0.4013295	0.1275716
0.2003456	0.287577	0.1066995	0.0434758	0.06947757
0.1353694	0.4165392	0.0732959
0.1396121	0.3996574	0.06284021
0.2000163	0.3311727	0.06341587	0.07488678	0.1013428	0.0645812	0.06339989
0.1009908	0.09130856	0.1529255	0.2145079	0.01596173
0.3831797	0.1691878	0.1628527	0.1707993
0.2018229	0.09150945	0.08478189	0.3396687	0.1756679	0.04686261
0.2461386	0.288205	0.1003483	0.2066235
0.2650185	0.3660758	0.1214667	0.0671717
0.2746722	0.1966757	0.1317817	0.08219602
0.1888398	0.2404307	0.100651	0.09963102
0.1893825	0.3029422	0.1228595
0.1924097	0.0646232	0.2350061
0.1622597	0.1118658	0.1996682
0.1697091	0.3194469	0.1456881	0.1473035
0.207156	0.3329415	0.1385198
0.2114347	0.3094691	0.07391734	0.1084194
0.1050053	0.3872181	0.06871881	0.04541638
0.1966251	0.3872953	0.0651725	0.03702105
0.3223279	0.2389796	0.1049817	0.07109582
0.151834	0.3849498	0.08363798
0.2895365	0.3393203	0.07540899	0.1154139
0.1395927	0.2838091	0.1346959	0.06730031	0.03111179
0.2507661	0.3382454	0.06515343
0.06357779	0.5253572	0.09310033	0.2710156	0.2082987	0.1395926
0.09720747	0.3822711	0.2678774	0.1182631	0.04414017
0.0388145	0.4514158	0.2174853	0.1111026	0.1504961	0.03912034
0.03401844	0.3548269	0.2101255	0.2045302	0.1150297	0.004872257
0.1665139	0.5255097	0.07099512	0.08526024
0.1590218	0.3136429	0.027855	0.07938118
0.08893817	0.2939163	0.05033514
0.1526682	0.2721575	0.06620401
0.09268654	0.3419152	0.09826087	0.1304224
0.0988646	0.4745076	0.01830008	0.1092344	0.0526775
0.1301857	0.3521784	0.02237456	0.05266831
0.2045892	0.2713154	0.1022463	0.03275489	0.201358	0.06714967	0.2266095
0.2749126	0.3273435	0.0860689
0.2556059	0.2133288	0.07706529	0.1676148
0.1989142	0.3807665	0.08748415	0.1022492	0.0009977435
0.2126894	0.4807363	0.09359914	0.001337344	0.08861916	0.2514824	0.3805009	0.07802091
0.06628548	0.2248168	0.191735	0.0880852
0.05300248	0.4377567	0.1557582	0.115436
0.2032518	0.2803595	0.1020225	0.09845101	0.002905516
0.2095905	0.2967098	0.07750751	0.106216	0.04965462	0.06542136
0.1043347	0.3066571	0.07219813
0.1624353	0.3875726	0.05685863	0.1208804	0.05041479	0.07770553	0.07190185	0.08909732
0.2436212	0.302989	0.08093232	0.1248589
0.129375	0.3841479	0.05905162	0.0991625
0.1720948	0.3176591	0.08310402
0.1555447	0.3114573	0.05768715
0.196407	0.370694	0.05371165	0.00779226
0.1792103	0.4935826	0.07182396	0.07824634	0.08406397
0.1460431	0.3349872	0.07597563
0.07336735	0.3720048
0.05557381	0.3683884	0.00377058
0.07725925	0.3520933	0.06012979
0.1054929	0.09601985
0.1238667	0.3125186
0.117761	0.2542411
0.1346375	0.4487
0.2035162	0.1912593	0.06059251	0.3130767
0.1592025	0.205716	0.02916315	0.1559229
0.2092827	0.1471776	0.07771576	0.410244	0.1733733	0.1250032
0.1799128	0.4729159	0.2824607	0.1005151
0.0731486	0.2891018	0.1954601	0.10335
0.1222464	0.200262	0.2464983	0.07743993	0.203278	0.1078883
0.2049799	0.2878101	0.09053304	0.1382661	0.1139386	0.01011421
0.2150542	0.5020814	0.07942633	0.2436837
0.09818725	0.4221295	0.03067992	0.05962288
0.1934963	0.4155069	0.04446881
0.1720574	0.2949149	0.04965085
0.2562873	0.3400449	0.06719553
0.2962109	0.3014891	0.08172316	0.1620041	0.06099491
0.1673865	0.3029108	0.03101675
0.178186	0.4137601	0.06759884
0.06872249	0.3334993	0.1049166	0.3528344
0.1545193	0.2769191	0.08999363
0.1522659	0.2559323	0.08127298
0.1819202	0.2796295	0.04383323	0.09377805
0.1801859	0.2002238	0.0594415
0.1099967	0.3765614	0.08028965
0.1480198	0.2886911	0.06672307	0.1006066
0.09667806	0.3026732	0.05784453	0.1897143
0.07995901	0.2971741
0.08520625	0.3861471	0.0447074	0.04926973	0.08254739
0.3393325	0.3356593	0.09249708
0.2613632	0.4324829	0.1310835	0.1023214
0.2888874	0.4123547	0.1122403	0.1009846
0.1842828	0.4373369	0.1255624	0.02962777
0.2167518	0.1692861	0.08074426
0.2479569	0.2588028	0.3074601
0.2693916	0.02329664
0.2456745	0.3210038
0.2532161	0.3090194	0.2474324
0.2766561
0.3022777
0.1862695	0.3005218
0.2334912
0.1890602	0.3044438	0.1140564	0.1979735
0.2671076	0.2387392	0.03943717
0.2664599	0.31254
0.2355612
0.2458535	0.2273387
0.1956362	0.384633	0.1381179
0.1783512
0.2143652
0.16091
0.1681936
0.1903778	0.1780346	0.1641813
0.1310018	0.1922885	0.1426974
0.2039234
0.218767	0.1416681
0.2549766	0.1524079	0.1694318
0.2651331	0.1542118	0.2370626
0.208374
0.2264317
0.2027715	0.2351107
0.3297222	0.2014606
0.2173079	0.3662752
0.2167888	0.266889	0.08241714	0.1646967	0.1785808
0.2028395	0.266889	0.1094677	0.2879008	0.09574404
0.07222446	0.3576961	0.2809581	0.1039699
0.3314036	0.4450644	0.1185877	0.1696492	0.0394308
0.04452449	0.414131	0.1504131
0.1855847	0.4039107	0.1790301	0.02260045
0.1783039	0.320924	0.08729683	0.1948901	0.1638595
0.2517766	0.328248	0.1182579	0.09850968	0.03518024
0.2058257	0.1721928	0.08545346	0.2823553
0.1345621	0.1183105	0.06462655	0.2565473	0.1840552
0.279536	0.3491169	0.0537355	0.1946213	0.1684448	0.202472	0.1110603
0.1431574	0.1231327	0.4286508	0.1279399
0.2134248	0.3070467	0.1538199
0.2193992	0.1856392	0.2618009
0.2180698	0.2358428	0.05097678	0.1254945	0.05056032
0.1440607	0.2447694	0.09860923
0.294798	0.1543191
0.1376478
0.2054126	0.2054134	0.1168115	0.185314
0.181127
0.2010651	0.2486165
0.2327166	0.3551815	0.2081701	0.2976234	0.1487396
0.156332	0.3514942	0.07672397	0.02518437	0.2116945
0.1926304	0.397443	0.1525654	0.01244691	0.2664535	0.03711634	0.06183982
0.2050269	0.4243239	0.04117041	0.1467648	0.06382959
0.1721493	0.450186	0.05950828	0.02876837	0.07924157
0.120071	0.3428913	0.0577536	0.1163861	0.1538725
0.1029976	0.3416331
0.1500337	0.1118122	0.1467855
0.3347278	0.1512654	0.2536507
0.2795371	0.1709207	0.1341535	0.2254637
0.2965486	0.2026462
0.2839737	0.1600363
0.2775516	0.2563964	0.2001481	0.05917078
0.2741003	0.3559118	0.1246094	0.0471838
0.3052944	0.2968251	0.09130152	0.09740494
0.2827086	0.05992519	0.1234402
0.2246245	0.0577806	0.3388127	0.0962495	0.1880813
0.2534711	0.3846537	0.1194179
0.2104974	0.2894061	0.118545	0.09948477
0.1979174	0.3583356	0.0245069	0.1223165	0.136059
0.1154229	0.4583419
0.2212429	0.1027685	0.4281932	0.187796
0.1961488	0.2715705	0.09959836
0.1046192	0.190943	0.272498	0.06497078	0.08769332
0.2154416	0.3909954	0.06106752
0.2166446	0.3423204	0.07078121	0.0659161	0.01878453	0.1823584
0.1420338	0.4160626	0.09078931	0.2772401	0.1182275
0.1251824
0.151487	0.1641852
0.2005641	0.1662413	0.07824947	0.1466808
0.1728756	0.17096
0.1488336
0.1948421	0.3498256
0.1070577	0.2850836	0.1369545	0.1876177	0.1116084
0.158066	0.3694627	0.185991	0.0888842	0.1281985
0.2667489	0.3102457	0.1203378	0.1112808
0.132652	0.3276323	0.1333866	0.1888774	0.178581	0.08290925	0.2538033	0.3673262
0.1890684	0.2967834
0.1916376	0.3664867
0.06018817	0.2606075	0.2099873	0.2093005
0.2110898
0.2390038	0.1757162	0.114238
0.2065495	0.2606283
0.1616246	0.3024815	0.1267498	0.1736178
0.1609788	0.116962	0.07974875
0.1205975	0.1569113	0.06124906
0.162261	0.3732014	0.05791446
0.145528	0.3680876	0.07696446
0.09789154	0.3536583	0.06784392	0.07513136
0.1735113	0.3702353	0.08527186	0.2256362	0.04522493
0.2044282	0.2537523	0.04469965
0.2660443	0.31623	0.05229275
0.2310016	0.3695952	0.05962497	0.08434391	0.01420908
0.09138351	0.4355464	0.06079434	0.2707815
0.1950612	0.2691772	0.043543	0.04892104
0.2043466	0.443527	0.04982476
0.25765	0.3168291	0.08273097	0.03858984	0.06099332
0.1861677	0.264733	0.05137055	0.1549579
0.1580228	0.492733	0.06291106	0.2354147
0.179304	0.3124002	0.08100835
0.2426294	0.3079777	0.06020274
0.2472534	0.3675417	0.0779191
0.121488	0.30063	0.09439382	0.30124
0.2043461	0.351069	0.1005818	0.04185764	0.1178354
0.1716463	0.4113465	0.05471322	0.1510898
0.0935539	0.3835822	0.05325129
0.08717113	0.2748118	0.1297409	0.09485049
0.1058339	0.3936198	0.07765812
0.1508996	0.3863473	0.08529133	0.1022621	0.06382587
0.1429255	0.5120375	0.05729618
0.1704574	0.407212	0.03893965	0.07978977
0.1805838	0.331641	0.09164042	0.3073223	0.2387459
0.1305004	0.2221739	0.06078693
0.1736174	0.2919756	0.08679887
0.137821	0.3104254
0.1298994	0.3003143	0.1252353
0.1677366	0.3536322	0.07682634
0.1542437	0.4249566	0.05753112	0.0792759
0.1636843	0.2936273	0.07732591	0.1192955
0.1548928	0.2599524	0.06625742	0.03575202
0.2670733	0.3348504	0.04105331	0.07183678	0.01347365	0.2052488
0.1540855	0.3999572	0.02293624	0.05402651
0.1654127	0.3339339	0.03914162	0.1280385
0.2044978	0.4286534	0.07711513	0.13743	0.07575621	0.2195382	0.1238889
0.1655924	0.1280701	0.1205105
0.2219369	0.1533115	0.1200602	0.1316782
0.2048066	0.1483075
0.2803865	0.1296252	0.3229559
0.2200081	0.3929777	0.09960181	0.07831086
0.2216876	0.3982738	0.1627636	0.101933	0.1597777
0.3049648	0.319397	0.1088144	0.1696455	0.1651454
0.235384	0.367306	0.1049071
0.132803
0.2008098	0.1628392	0.07942043	0.222352
0.2168049	0.2070123	0.2031692
0.2140511	0.3239165	0.1222248	0.1901571
0.195849	0.4792601	0.02765406	0.2135531
0.1631795	0.2741211	0.03441825
0.1664895
0.1367184	0.205737
0.2253304	0.1471081
0.1606161
0.191215
0.1528351	0.1551968
0.130079
0.1450016	0.1505528	0.1048013	0.1340228	0.07734712	0.04499642	0.0920322
0.1482401	0.1739082	0.02282427	0.1619282
0.2204809	0.1414571	0.1307449	0.09508053
0.05672873	0.2098274
0.08982522	0.1448457	0.3878925
0.06815668	0.1249827	0.3775255
0.1077478	0.5638704	0.1143187	0.04770626	0.1126464	0.02765775
0.1970032	0.4230652	0.1062966
0.1551029	0.3259	0.08871272
0.2075612	0.3310301	0.08987416
0.1247099	0.4437477	0.07004643	0.2992601
0.08575284	0.298096	0.04265087
0.1182955	0.1983239	0.04547848	0.2106763	0.02675481
0.07339039	0.2938453	0.02913031	0.06648609	0.2683281
0.1299373	0.2295999	0.02433169	0.04385747	0.1689319
0.1849473	0.356068	0.1047361
0.2497119	0.5004165	0.05769438	0.2300865
0.2406081	0.2929093	0.01599165	0.1020745	0.1116992	0.08838235
0.1775518	0.1749594	0.04542128	0.04468795	0.3093734
0.2727817	0.4103694	0.132554
0.2399682	0.1566254
0.2254026	0.3113446	0.1639275
0.2261342	0.3196198
0.1732307
0.1252206
0.2567636	0.1658602	0.1474359	0.1641271
0.2015483	0.06705163	0.3790576	0.02698443
0.1715402	0.3838313	0.1043558
0.1015789	0.3801163	0.04516067	0.1796495
0.1193096	0.2185541	0.0718343	0.04909818	0.05748149
0.1221815	0.3294316
0.1537778	0.3530228	0.1149386
0.2410838	0.4564394	0.06186695	0.1889849	0.1016318	0.129199	0.1828971
0.1730568	0.3072308	0.02419186	0.1295279	0.1358274
0.3259758	0.2673502	0.09325837
0.215942	0.3498235	0.02416444	0.04165053	0.130439	0.0368524
0.2360909	0.2685238	0.01126092	0.0636857	0.2697914
0.3318908	0.222178	0.04027522	0.09949511	0.0351623
0.1236832	0.2721627	0.05075819	0.1936742	0.2736036
0.353706	0.3557075	0.01716119	0.07917418	0.09353915
0.2231836	0.07803748	0.2612984	0.1036773
0.1945626	0.4216225	0.0586496
0.1494227	0.2740477	0.08956419	0.07526317	0.1498554	0.07524782
0.1606664	0.3710192	0.05024245
0.3311906	0.3298967	0.0823528	0.0688711
0.1881683	0.4512838	0.05040288	0.1354463	0.02185745
0.2132064	0.3211571	0.09426309
0.1813548	0.4046322	0.08923493
0.1830795	0.2751425	0.1337452	0.2373929	0.06115062	0.2368863
0.16673	0.4725718	0.1044486	0.01553434
0.2856893	0.3820679	0.08015018
0.05442159	0.3647299	0.05568361	0.179447
0.1569631	0.1866375	0.1028931	0.0747651	0.02763976
0.2258784	0.3534395	0.0819767	0.1159559	0.2640857
0.1453928	0.2115878	0.07410555
0.1232221	0.2944968	0.06248977
0.03609309	0.5168943	0.05159618	0.1967339	0.1289639
0.1994919	0.4495287	0.0526711	0.08164228
0.1584406	0.2762491	0.100845
0.2517377	0.3994457	0.08932889
0.1607167	0.3396848	0.04623337	0.1466389	0.2446696
0.2241374	0.4320723	0.1023196	0.03941702	0.0003256047	0.06751594
0.1744172	0.3755044	0.0008307501	0.09245346	0.1259906
0.197539	0.3873586	0.001785246	0.06763873	0.03135786	0.2650393	0.03620581
0.1703992	0.3185737	0.05673307	0.1494056	0.133678	0.1768461	0.1322395
0.1821883	0.3982011	0.1287813
0.2381506	0.4576038	0.1259068
0.1924797	0.1472333	0.111863	0.02404141
0.2774851	0.4696006	0.1085412	0.17141
0.2222678	0.4652011	0.1178635	0.04206911
0.1184253	0.5325242	0.0362356	0.06676236
0.2070535	0.3901443	0.01551078	0.108549
0.236935	0.4559775	0.03284639	0.1408404
0.1455491	0.3214871	0.06438276	0.1265471
0.1177113	0.3434457	0.1182776	0.126677	0.1294873	0.126635	0.101028
0.1051424	0.3122076
0.09181244	0.279254
0.1454404	0.3535135	0.08091049
0.2276693	0.3738289	0.06911899
0.2614565	0.3066944	0.08461448
0.250375	0.3018338	0.08436135	0.009936125	0.09235499
0.2561709	0.4974474	0.07217419	0.1452892
0.1964551	0.3389526	0.1047873
0.0678974	0.3167476
0.07694758	0.4723993	0.01689314
0.2433337	0.3590195	0.04236891
0.2603466	0.3170817	0.05263251	0.2606616	0.0806377
0.3184051	0.3809751	0.06712637	0.05329226
0.1781865	0.345288	0.05157628	0.1283686
0.1508065	0.361856	0.07036217	0.07942147
0.1385725	0.4174981	0.06538305
0.1272407	0.2751045	0.04380053
0.1493757	0.4195829	0.04919818	0.1616173
0.07348282	0.4095156	0.0537952
0.1170339	0.4745461	0.07876179
0.08675542	0.3888295	0.09212206	0.2068306
0.1438046	0.3519922	0.1488955	0.2455093
0.2488295	0.1355579
0.1978566	0.3515377	0.1735658
0.1996952
0.1367764	0.1764386	0.1540877
0.1901894
0.2077293	0.2118582	0.1519416
0.1927536	0.2404259	0.1490381	0.09097651	0.2234999
0.2167781	0.1245719	0.1423492
0.139524	0.1041802	0.4257759
0.3298419	0.06926109	0.2908736
0.102748	0.260657
0.1471667	0.3902197	0.02170521
0.2221075	0.3575779	0.1465125
0.2705555	0.2335001	0.1303291
0.1418673	0.392169
0.1406195
0.08992794	0.127655	0.2787104	0.2682404
0.2715736	0.1298852
0.3520601	0.07648008	0.1299262
0.2673208	0.1006303	0.01682831
0.2575512	0.1552022	0.1663276	0.1043494
0.2256662	0.1446123	0.1325347
0.1999258
0.275712	0.1376023
0.1922923	0.1243523	0.165789	0.06354265
0.2853188	0.08840212	0.1167567
0.3646246	0.06671184	0.1544898	0.23673
0.2383738	0.1079552	0.1586367
0.1458112	0.1126811	0.2485286
0.1247554	0.3813734	0.08981277
0.2288941	0.3420386	0.08003969	0.2057742
0.1521743	0.4293336	0.1116236
0.1591989	0.3306992	0.06865253
0.148557	0.3614935	0.0925547	0.1573838	0.2319088	0.2233462	0.1097523
0.1985855	0.2035606	0.07664832	0.1878931
0.0951052	0.3983625
0.1055598	0.271255
0.1232643	0.2394868	0.05533721
0.1069822	0.2794896
0.3304941	0.2452721	0.03711356	0.1107418	0.3685637
0.3473992	0.2111716	0.06556229
0.2924924	0.2097577	0.02794503	0.3125696
0.3018503	0.1497832	0.07434	0.2649004	0.04024514
0.1694859	0.3055923	0.1117625
0.1633579	0.2285579	0.3173307
0.126821	0.2772895	0.04111778	0.1514527	0.2498866	0.05922246
0.1545423	0.324733	0.2390375	0.2370223	0.1671341
0.183581	0.3387855	0.2185415	0.1255226
0.3134203	0.3212217	0.1304662
0.2537081	0.2472992	0.03463934	0.1395853
0.2717899	0.08438972	0.1014972
0.2093578	0.04831427	0.1551958
0.2302639	0.2209676	0.05288272	0.3963398	0.1457236	0.09305706
0.1606304	0.3779176	0.08279424
0.1687986	0.1943569	0.03453356	0.0864533
0.171807	0.3411425	0.106992
0.3222787	0.3407969	0.1186567	0.1138021
0.2222447	0.380013	0.1468653	0.1538175
0.2598807	0.4470323	0.1643729	0.06042245
0.2882443	0.4702716	0.1879868	0.1134017
0.2415232	0.3893297	0.1514365	0.0366591
0.2445926	0.3323088	0.08804065	0.06425399
0.1477228	0.285247	0.09982473	0.2032277	0.1847896	0.1289132
0.1722687	0.1816355	0.04313228
0.07725617	0.228358	0.06817244
0.1157625	0.2179887	0.04325368	0.05571286
0.1781801	0.3498816	0.0775021
0.1253164	0.2921238	0.06853596	0.1414605	0.09198402	0.09368807
0.1745156
0.06066823	0.1568886	0.3202561
0.1273207	0.1248889	0.2899003	0.3903722	0.2167816	0.1201689
0.1661843	0.1423871
0.2271334	0.112653	0.1004295
0.2489182	0.3377743	0.1996874	0.1959953
0.2324858	0.121738	0.1602393	0.06604453	0.3105047
0.1066981	0.2475007	0.1292555
0.1917358	0.09582323	0.2170683	0.1513086
0.1122987	0.2062111	0.2760719	0.2936266	0.1161328	0.1934931
0.2211778	0.3254714	0.1332799	0.2188373
0.2487029
0.2236889
0.2196671	0.2415437
0.2507857
0.2784817
0.3004092
0.28895	0.2561404
0.2827941
0.2631948	0.344999
0.2677135	0.4055195	0.06331659
0.1647414	0.4111685	0.2281726	0.2109408
0.08609611	0.4737645	0.2151795	0.1422717
0.1014476	0.4061912	0.2246111	0.3034995
0.05268266	0.3625874	0.2343109	0.1783082
0.2131339	0.3273055
0.09302002	0.2202758	0.2580239
0.1445235	0.2328833	0.3600728
0.2223898	0.2823569	0.0592642	0.1460452
0.203978
0.2126835
0.2503094	0.2831275
0.1866953	0.2572793	0.1646508
0.1049136	0.3375066	0.1670867	0.007076773
0.2445745	0.2360416	0.1389192	0.2504045
0.159079	0.2629747	0.1279084
0.1795176	0.1734806	0.02505782
0.309837	0.1218602	0.290525	0.1428481	0.137105
0.3294469	0.1541732	0.3254108	0.1003892
0.3165169	0.04967165	0.3924275
0.3219076	0.4154108	0.04902614	0.251661
0.3034674	0.282764	0.06192818
0.2699928	0.3618012	0.07624901
0.2312653	0.4688909	0.09663281
0.2393087	0.3744708	0.1065779	0.09273877	0.2380643	0.08772987
0.1651302	0.3117936	0.07792608	0.01772628	0.1782326	0.005242368
0.09989044	0.3750712	0.3272703	0.1101361	0.09686931
0.08320403	0.3425092	0.3327703	0.1136074	0.04733362	0.2085014
0.07963335	0.4319482	0.08673762
0.08030615	0.2651434	0.09022741	0.2621695	0.0575804	0.09763935	0.03724288
0.1793962	0.3886987	0.07976941	0.0178258
0.2143479	0.2461484	0.07574194	0.2130878
0.1948983	0.2990873	0.09531894	0.03673986	0.08790067
0.2106929	0.3438631	0.132897
0.2126497	0.458306	0.03979964
0.1381265	0.3147605	0.2057614	0.04793902
0.2571628	0.2695646	0.04526069	0.1188092	0.08198264
0.0509883	0.4693181	0.1075179	0.2489244
0.09123653	0.3624241	0.0483497
0.2361743	0.202952	0.1002773
0.188969	0.3350473	0.08988555
0.1338468	0.232706	0.08316586
0.2691036	0.3934609	0.07150775
0.2367323	0.2837121	0.09009991
0.1314395	0.5194218	0.07474418	0.150314	0.1604367
0.2100621	0.2887513	0.05195426	0.02134049	0.07603747
0.189628	0.3518283	0.02353351	0.07697935
0.1799552	0.3109955	0.08648281	0.1107307
0.1190677	0.3529618	0.1117189	0.3294288	0.06549804	0.07266974	0.2218172
0.1623051	0.4487414	0.07974557
0.1508965	0.3537807	0.08659333	0.08283432
0.2025416	0.322715	0.09229843	0.09394435
0.1867052	0.23547	0.1040573	0.2576046	0.03961148
0.2145042	0.4103743	0.05707542	0.1580796
0.2059621	0.2790767	0.05993318	0.0512861	0.07876817
0.1844688	0.4292007	0.06390355	0.08241195
0.08529486	0.4014307	0.06127916
0.1279543	0.3342217	0.06313021	0.08287016	0.08092652
0.1163206	0.3538063	0.06236683
0.09346256	0.2038953	0.07637107	0.2297684
0.06539283	0.3648936	0.1117963	0.141088	0.06472388
0.2845569	0.2680316	0.0938959	0.2121789
0.1059865	0.4062673	0.08755124	0.1099371	0.05575984
0.05878225	0.1955459	0.09118613	0.24928
0.354368	0.3166799	0.1183401	0.08596565
0.3099799	0.4191379	0.1782521	0.1771909	0.17361
0.3368138	0.1463147	0.2395922
0.2994068	0.193246
0.2200514	0.1832905
0.2319253
0.200663	0.1174459	0.2118466	0.2005722
0.1446989	0.2229563
0.1027129	0.1318722	0.2708586
0.3260773	0.07387902	0.288188	0.2793445	0.156142	0.2419443	0.09146888	0.03431699
0.2125962	0.3967065	0.05938381	0.1949086	0.03838707
0.2046753	0.3743857	0.1478226	0.08631924
0.04799154	0.2457523	0.235463	0.3259659	0.2189993	0.1343146
0.1491699	0.3612526	0.0198191	0.06567005	0.1245397	0.1193333
0.05443818	0.2748234	0.2712279	0.1236288	0.2420435
0.05815937	0.3803579	0.176019	0.1170685
0.1753957	0.4194977	0.07782127	0.1833502
0.1458482	0.3772837
0.1302383	0.3081497	0.2244161	0.1835061
0.2086266	0.3557737
0.2040452	0.3347097
0.2370448
0.2005121	0.2315384	0.1949014
0.1292009	0.2234371	0.2674369
0.1104251	0.1179543	0.2642948	0.1637855
0.229688	0.2024305	0.09334429
0.352041	0.3277967	0.1760351
0.310018	0.2117367	0.0119668
0.2339974	0.1477768
0.1853282	0.1653912	0.3166895	0.1602387	0.0743119
0.2412311	0.1991955
0.175034	0.2857037
0.2210506
0.2128556
0.1334503	0.21236	0.2794607
0.185623
0.154919	0.2507818
0.2359189
0.2622647
0.267124
0.2094544	0.3010698
0.01906531	0.3425616	0.1981406
0.01556117	0.1954501	0.3398088
0.02845531	0.1649713	0.1274307	0.3702825	0.06959701
0.01719586	0.2140824	0.1252211	0.1569115	0.1234628
0.009938572	0.2737811	0.1996642	0.08038434	0.1962705	0.2701458
0.00565837	0.2208257	0.1896907
0.08497038	0.2417757	0.3033368	0.1742591
0.2772149	0.2537589	0.356494	0.2079498
0.2014449	0.1841481
0.2362123
0.04355161	0.1848949
0.1106096	0.2958783	0.1658322
0.3828014	0.1236121	0.172011	0.1474844
0.2068595	0.1908662	0.201856	0.148387
0.225634
0.1282044	0.2341121
0.2431586	0.1936443	0.1263227
0.105223	0.1546513
0.05089655	0.1716489
0.1935049
0.2329455	0.1927357	0.1300069
0.2377068	0.1819026
0.2620169
0.1878116	0.2130635
0.1901999	0.1151654	0.270989	0.2275283	0.09053231
0.1832771	0.2933262	0.06310414
0.2096575	0.3090633	0.07170238	0.1792455	0.2474141	0.0647348
0.1117168	0.2405234	0.1071061	0.2220784
0.09848675	0.3183551	0.1488601
0.2592754	0.1795594	0.03574248	0.3976117
0.2432222	0.2104411	0.1321129
0.2352116	0.1831854	0.09471053	0.2461753
0.2771811	0.2415214	0.167782
0.2158636	0.1540403	0.2019681
0.2612346	0.1812686	0.3134636	0.09642295
0.2497151
0.2048897
0.2506918
0.2614952
0.07626041	0.2204341	0.2429262
0.06928302	0.2575624
0.3197211	0.2066202
0.2506921
0.1391628	0.1861866
0.2387112	0.1716925
0.2009902	0.2878966	0.3182647
0.2149218
0.05747054	0.2248291	0.2557909	0.1001844	0.2163163
0.1090166	0.4478485	0.2144215	0.3288504	0.1776247
0.01963127	0.1793763	0.2412251	0.2742168
0.003110949	0.2953293	0.237181
0.003611505	0.2614633
0.07697507	0.2591461
0.1988223	0.2045123	0.2020534
0.2196861
0.1849004	0.1298986	0.1954526	0.2466694	0.2762713
0.17124	0.3371206	0.1221968
0.1037854	0.3580743
0.07038481	0.379579	0.1824462	0.2032831
0.1541749	0.3355585	0.05421447
0.1398196	0.2880501	0.07878804
0.1411655	0.2253886	0.1095851
0.1706646	0.2359677	0.0670927	0.1544413
0.1926825	0.2793452	0.04775122	0.07975542
0.2177929	0.3624879	0.04750447	0.06534422
0.1804048	0.2852536	0.1018345
0.1168413	0.3450538	0.09534055	0.05750512	0.05280617	0.1393701	0.07013971
0.256926	0.3093322	0.0982475
0.07199884	0.3617731	0.2293766	0.09797017	0.07987538	0.082848	0.06299575
0.2807849	0.3816496	0.05555543	0.273048
0.2793329	0.3476547	0.05901799	0.08819255	0.2320422	0.1005193	0.09873433
0.1506041	0.3891799	0.1622495	0.15098	0.2085325
0.163686	0.2326976	0.1667867
0.16345	0.2936626	0.0912967	0.2319803
0.1558122	0.3966791	0.07588873
0.1044268	0.3174242	0.07638847	0.06893489	0.001403642
0.1689753	0.3059795	0.05289294	0.1703617
0.1802501	0.2263284	0.08399698
0.1806886	0.3337269	0.1025845	0.1634347
0.07416397	0.1526436	0.1063861	0.02465538
0.02052479	0.1076678	0.2731889	0.1300877	0.1117085
0.02668036	0.1348542	0.1873547	0.1061165	0.1718565
0.05716062	0.1717456	0.09260457	0.1542839	0.1144041
0.2482639	0.2355341	0.1110368
0.2826171	0.2771846	0.09978257
0.2176999	0.4363635	0.1091311	0.2571881
0.2261757	0.3539064	0.1782302	0.1641754
0.214433	0.3193403	0.1647834	0.2611101
0.1696506	0.2104511	0.1944017
0.1818965
0.155199	0.2325914
0.1764187	0.1223099
0.2484267	0.1683385
0.1916605	0.2375668
0.1633245	0.4020314	0.02120451	0.136976	0.07800577	0.1395225
0.1276693	0.2597014
0.1268086	0.3556837	0.06489079	0.1869392
0.0870845	0.4868848	0.07653527
0.0751735	0.3104396	0.04163195	0.2186731	0.04831131
0.1077759	0.3784666	0.06394947
0.07206366	0.2814641	0.04298748	0.1234493
0.0787004	0.3650512	0.05773768
0.2877654	0.2799012	0.06510054
0.1013018	0.2281611	0.1208817	0.2783635	0.134397
0.1715525	0.3889769	0.2347802	0.150496	0.2114402
0.1958297	0.1464465
0.08505505	0.2702473	0.2240927
0.2129991	0.1941767
0.08330349	0.1292728	0.114888
0.102393	0.1356936	0.2021798
0.3823722	0.1468059
0.2182142	0.1071417
0.2128515	0.1828261	0.0182622	0.2112146
0.3356155	0.1451622
0.2594677	0.1610268	0.1725485	0.3299985
0.2255392	0.1406982
0.2850933	0.130621	0.005618351	0.1079069	0.1246316
0.3144244	0.1027641	0.1782233
0.255658	0.1052504	0.06742973	0.2417455	0.1810388	0.05182861
0.2125825	0.3195919	0.03730507	0.09186675	0.1860497	0.07201925	0.05862587
0.3564133	0.4122164	0.1139075	0.1112626
0.1838692	0.3231255	0.07261702
0.2195229	0.2541922	0.1335434	0.05927684
0.1901836	0.4440022	0.05628302	0.0591037
0.1374778	0.3085205	0.04337116	0.08814614
0.09615575	0.310698	0.04472553	0.08210417	0.141667
0.124997	0.2328063	0.09728141	0.1400137
0.1835357	0.1957958	0.09959883
0.1183177	0.3946122	0.05634169	0.2692193	0.1065023
0.1954297	0.3037457	0.05864868	0.07557198
0.1195525	0.3072986	0.05691768	0.1730308	0.0761754	0.03971174
0.1324547	0.4047563	0.06396519
0.1820266	0.1804344	0.07248472	0.09719743	0.0713528	0.03028786
0.08515222	0.3114192
0.1763655	0.1742814	0.03982493	0.1381314	0.1163991
0.2061236	0.4890589	0.107439	0.09245472	0.09772004	0.2907133
0.09618209	0.3525053
0.1472292	0.3244334	0.1269468
0.1487272	0.3038313	0.06476636	0.1218594	0.07139962
0.2284574	0.161042
0.2302376	0.1003588	0.2094145
0.2481421	0.3930155	0.07480688
0.2971691	0.4139033	0.06154323
0.3134384	0.3204915	0.05957866
0.1247877	0.2919534	0.07236136	0.04127481
0.1415333	0.3131945	0.04966239
0.1052689	0.3448467	0.07880708	0.02373526	0.1764577	0.113507	0.207042
0.1661539	0.3835866	0.05475664
0.09989178	0.3205946	0.1185674
0.1318815	0.4422547	0.06106144
0.1331196	0.3772227	0.1218789	0.1230628
0.1352274	0.3912449	0.1518849	0.04363006	0.002728569
0.1529514	0.2754601	0.1171516	0.03824947	0.05160144
0.2028467	0.2711342	0.08650161	0.06719041
0.1654211	0.4660256
0.2284351
0.2619542	0.1423249
0.2926546
0.2678482
0.2313318
0.2549822
0.2854835	0.3324777	0.1469164	0.150173
0.1235875	0.1651415
0.1893341	0.127508	0.1929483
0.1705449
0.1392018	0.1868661
0.1545329	0.1657841	0.1180713	0.1270262
0.2604348	0.179912
0.164246
0.1771949
0.2038547
0.2724031	0.2570315	0.09173061
0.4116506	0.2471363	0.173044	0.2320148	0.1466937
0.3076832	0.3079684	0.2086048	0.01946103
0.2400721	0.2878154	0.1672871	0.05275485
0.2069309	0.2914468	0.1380365	0.0184545	0.04333359
0.2591673	0.218955	0.2581944	0.08806168	0.1931194	0.05516674
0.2064867	0.283854	0.279753
0.1910422	0.08680571	0.250099	0.07043185	0.1533752
0.1628815	0.2134531	0.00672869	0.1131511	0.09781915	0.1975304
0.1811756	0.2419277	0.1109047
0.1229031	0.1295231	0.2073641
0.1923685	0.220806
0.1782632	0.2921481
0.2367756	0.2127514
0.1945623
0.1810639
0.170358	0.2875385
0.1969695	0.2296641
0.1854365	0.2744718
0.211517
0.1878235
0.2109481	0.2378642	0.05222453
0.1741666	0.3395562	0.09799732	0.1761926
0.1318817	0.2655373	0.07703375
0.1694371	0.3843816	0.05753322	0.03201717
0.1102911	0.367543	0.05752896	0.1105542
0.1671777	0.3093675	0.06990014
0.2040639	0.2775983	0.073311	0.1185449
0.2705411	0.05709375	0.2429079
0.1337743	0.07709621	0.1923672	0.02636567
0.2341138	0.04893792	0.2754301
0.2798251	0.07075845	0.3985417	0.2249473
0.1808736	0.08979011	0.3325848	0.3266173	0.1619313
0.1929872	0.239228	0.045007	0.1092256
0.2806809	0.3202939	0.06580458
0.2530412	0.4832955	0.02004543	0.07728157	0.1613375	0.1690066
0.1173299	0.2884916	0.03084066
0.1452815	0.6193741	0.08331052	0.1296398	0.0757566	0.04878747	0.06128639	0.04035735
0.1947413	0.2718756	0.1164031	0.1941423
0.1166276	0.4323511	0.09886741	0.2135237
0.1346716	0.159527
0.2140569
0.138758	0.2585896
0.1148478	0.391148
0.2640117	0.3202799	0.08575918	0.1442507
0.2384856	0.2901443	0.1486972	0.08852858	0.2025654
0.1733424	0.3164152	0.2440675
0.1895827	0.3857014	0.04952904
0.2960525	0.4697906	0.0516532	0.1068486
0.2961552	0.3670436	0.1668303	0.111706
0.2404274	0.3972355	0.01748746	0.1574345
0.2624771	0.4078541	0.1386967	0.08088852
0.1248872	0.2852274
0.1866855	0.3381455	0.1213526
0.2573056	0.3202425	0.08261619	0.1607397
0.2541156	0.2641776	0.05054706
0.2439931	0.3901338	0.05135931	0.09443395
0.1251031	0.1539281	0.03396077	0.247623
0.2352861	0.1554032	0.09158469	0.09195873
0.2870554	0.1362246	0.1787045	0.2239942
0.2231812	0.1820195	0.2773392	0.1216444
0.1840537
0.2147767
0.1856839	0.1268445	0.02826327
0.1465643	0.1319303	0.136215
0.1070333	0.1194885
0.2686418	0.142048	0.1678604
0.1457564	0.3546081	0.1145164
0.1529214	0.3455757
0.1259678
0.1357416	0.1105178	0.2191058	0.09712405
0.1569093	0.3235037	0.07617763
0.1628371	0.2985982	0.06763576	0.06228743
0.2189055	0.5805251	0.06376817
0.2872468	0.3638077	0.0809671
0.2443744	0.1693784	0.1101959	0.132589	0.1883557	0.2878729
0.3550739	0.2475992	0.0374752	0.1274774
0.2974686	0.2429976	0.1550651	0.06389601	0.09583434	0.2608516
0.1863061	0.21812	0.09373918	0.006376882
0.1828936	0.3047185
0.2511175	0.3544108	0.06492686	0.04806209	0.2327348
0.206141	0.06958275	0.2815182
0.1470957	0.3684867
0.1862947	0.3136784	0.02358721	0.1668799	0.02651196
0.2324415	0.3464557	0.06814748	0.1776302	0.06493935	0.05339129
0.0678579	0.3129127	0.04444686	0.247206
0.0700111	0.3682455	0.2413333	0.09715692
0.0802883	0.3362463	0.05645387	0.03175691	0.1666327
0.06631446	0.3620228	0.1862267	0.1004413	0.1331134
0.21069	0.4196083	0.1038875
0.2516054	0.3116411	0.0461237	0.1050991
0.1687663	0.2987628	0.08541193
0.3051969	0.4943044	0.09750007	0.05253796
0.2621695	0.2691188	0.1174173	0.05723585	0.2236748
0.1908894	0.2322176	0.03958687
0.2451155	0.464817	0.1689374	0.1447004	0.07946417
0.1892036	0.4550443	0.170577
0.1975223	0.3317271	0.1244744	0.01818701	0.1638668
0.2732384	0.3825336	0.1273594
0.4026388	0.3150295	0.1103288	0.08784112
0.1865024	0.2059908	0.3635253	0.06965293	0.1338531
0.2743955	0.1835651	0.1051596	0.06843684
0.08185098	0.1735991	0.1036614
0.188458	0.1622166
0.2189837	0.2013046	0.2403387	0.07548548	0.1338029
0.2140564	0.3190611
0.3389283	0.245467
0.2814475
0.269424
0.2888214
0.2698359
0.1678255	0.2562857
0.2409257
0.2022511	0.3102001	0.1515467	0.09452548
0.1859289	0.2914955
0.1539937	0.2948712	0.07343114	0.1610488
0.1288136	0.2621267
0.1452639	0.2109197	0.1477333
0.169866	0.3681892	0.08317902	0.006841547
0.1001516	0.3186862	0.09027091
0.1134951	0.3415587	0.08218956	0.04185639	0.05755896
0.1075488	0.4917137	0.0721275	0.08571301	0.01120979	0.1547074	0.0414509	0.09572318	0.06884738
0.09763237	0.3593675	0.1196346	0.1468195
0.1156027	0.4489835
0.108628	0.2878007	0.05122909	0.2331479	0.07635414	0.07378602
0.1273081	0.2585332	0.02449622	0.1690915	0.07103069
0.3213328	0.3590817	0.1007408	0.003415506
0.03037482	0.3757951	0.1392785	0.02157233	0.1688392	0.2470289	0.07314431
0.01385389	0.3839016	0.08267992
0.1301895	0.2759728	0.1330839	0.1956793	0.08366341	0.1617858
0.1948295	0.349216	0.1293233	0.1101927	0.06939533	0.3552381	0.2736721
0.3570104	0.2927723	0.1297424
0.1728399	0.3392263	0.1062632
0.1701861	0.3683011	0.0790439	0.1136793
0.205914	0.341167	0.1301584	0.0930876	0.146445
0.08919249	0.1024748
0.1132335	0.3592265	0.03044207	0.1526626
0.1513988	0.4116362	0.2046614	0.1013528	0.07058916
0.2288267	0.5278877	0.09652422	0.02908268
0.2458491	0.3968738	0.05948678	0.1904243	0.05404093
0.1722686	0.4150887	0.03429201	0.1464344
0.1544095	0.30391	0.01077676
0.2146267	0.5027589	0.1230465	0.08764749
0.1925823	0.2737163	0.08692473
0.1618048	0.2780524	0.08020339	0.2634105
0.3141367	0.2478562	0.1527122	0.1397639	0.08837971	0.2856312
0.214884	0.04749435	0.2447057
0.1279842	0.2914474	0.08483821	0.2450022
0.06327558	0.2175995	0.184158	0.2182453	0.1219123
0.1085288	0.4772774
0.08820348	0.3096629
0.07928929	0.3053209
0.124988	0.09184655
0.1904358	0.1275691	0.10405
0.2474582	0.137466	0.2173832
0.3224446	0.1876224
0.5056744	0.2066145	0.1868909	0.1352421
0.3349012	0.2274067	0.1697447
0.1948141
0.2758844	0.1964212	0.08631664
0.1587572	0.07986822	0.2682572
0.2389946	0.1229148	0.4258203	0.0545248	0.2675686
0.3642658	0.08091409	0.3294452	0.2708779
0.1386288	0.3763602	0.07866588	0.1255298	0.246483
0.1926395	0.1657427	0.07916066
0.1583098	0.2835394	0.05487257
0.1267556	0.2775823
0.1121823	0.4560741	0.0168611
0.2165829	0.3468578	0.06718265	0.08887371
0.09775018	0.3453227	0.04912787	0.009945191
0.103056	0.3678626	0.05293433	0.01110988
0.1492642	0.3757989	0.06938183
0.1313855	0.2881725	0.05659812	0.1914548
0.053998	0.4759925	0.09987581	0.1351746
0.2127254	0.4069087	0.0800589	0.06184412
0.1323791	0.3487688	0.07470179	0.05676418
0.1269419	0.3439435	0.06366341
0.1170833	0.2319962	0.04310283	0.2111496
0.08348196	0.5372774	0.01891419	0.03994041
0.2935186	0.2789742	0.1111077
0.2112809	0.3614815	0.1398207	0.07259978
0.1689757	0.3997674	0.04079779	0.1441211	0.1959209
0.1674782	0.3528151	0.07543021	0.1584847	0.0323259
0.2004306	0.2626026	0.04761037	0.1871773	0.02717952
0.1655431	0.2696886	0.1203422
0.0534181	0.301749	0.1959067	0.160364
0.1873854	0.2901884	0.0948971	0.1279506	0.1767537
0.226021	0.5589804	0.08851827
0.1763372	0.5072783	0.1187197	0.20184
0.1976508	0.2967843	0.07869228	0.2642445	0.1726708
0.2749752	0.4611873	0.04383664	0.03414132	0.1754634
0.3964663	0.4926622	0.2465259	0.05840333	0.3137743
0.3556731	0.5032569	0.08357905	0.0576057	0.03534432	0.2463329
0.3057595	0.4056475	0.07131547
0.2468247	0.2200771	0.05108843
0.3100074	0.3233059	0.1106757
0.2704138	0.08042097	0.1637435	0.1957766	0.1269884
0.2627294	0.4061717	0.1449127
0.2099826	0.3357446	0.07723198
0.08036817	0.3238291	0.1622933	0.1617434
0.1834217	0.2108251
0.1769448
0.1736194	0.211047
0.1797236	0.3533991	0.03952783
0.1859931	0.3288339	0.09869176	0.2291616
0.1873864	0.3457047
0.1015996	0.2646432	0.1396725	0.1758947	0.002059303
0.09072904	0.2164501	0.1903519	0.130292
0.2227084
0.1841253	0.259199	0.01226328
0.2056318	0.3004186	0.2263651	0.06399843
0.1977674	0.1573115
0.1791841	0.182149
0.1230635	0.1866741	0.1252414	0.1835015
0.2777999	0.107992	0.3637509
0.3905946	0.09282556	0.2876388	0.05864247	0.09180056	0.07368749
0.1643118	0.3298525	0.1067891	0.04002759	0.1909703
0.06255638	0.3586173
0.1227644	0.3420095	0.1423895	0.09520531	0.03826692	0.06072167
0.1701075	0.389414	0.08167476
0.1664849	0.3642331
0.114177	0.3223696	0.07848708
0.1005262	0.3026917
0.1837369	0.3250493	0.07452328
0.2602203	0.5197682	0.1035227	0.06545571
0.2577559	0.3553391	0.04735096
0.08872092	0.375189	0.05939129
0.06376363	0.375369	0.07312552	0.1265991	0.2015444
0.2059498	0.304604	0.07006304	0.03460675
0.1443632	0.3763793	0.06173177	0.3159129
0.1585291	0.2906272	0.06909667	0.05999703
0.1772145	0.4274304	0.03875286
0.1015422	0.5603984	0.02784256
0.2105331	0.3120731	0.05526922
0.2150681	0.3544241	0.071659
0.2212042	0.3666111	0.07378492	0.2580946
0.1554894	0.3268655	0.05751904
0.07396277	0.3225975	0.06786812	0.1262822
0.1397189	0.599004	0.08687807
0.1965902	0.3325477	0.06365285
0.2252356	0.2020639	0.06130694	0.06520375	0.1302805
0.2997335	0.3709846	0.0849718
0.142361	0.2243402
0.1124445	0.4668887	0.0409566	0.1483986
0.2053382	0.4738919	0.0897913	0.2901681
0.2567276	0.474599	0.1192336	0.1566618	0.09814515
0.1856241
0.1220955
0.0900692	0.1827215
0.1267123	0.1039894	0.2775002	0.1564274
0.1617914	0.3534926	0.07962354	0.2182109	0.1464532
0.1547252	0.2969624	0.03743662
0.1605897	0.1982149	0.08243939
0.2729408	0.3436741	0.06872072	0.1829445	0.05027971
0.1865773	0.4477751	0.1493203	0.07761622	0.01511366	0.238948
0.2121223	0.3331292	0.05986681
