ExtinctionRateChangeTimes
38.43866
35.26676
27.33747	57.37255
32.86884

40.95618	92.73034
33.55113	94.20762




36.79337	30.11748	92.78083
67.72209
7.95205
75.32598	10.35084	5.676508
4.741537
2.052812


44.82438


8.952873	6.443089
17.53109
92.03654	12.55558
47.68434	8.537634

13.48569	0.3355405	13.03238
27.23044
60.25197
10.1659	30.09605
19.82783
47.19101
29.90946	21.23718
8.824502



93.64651	48.32136
45.42214
4.066981

89.84615
30.60544	28.90082	24.83555
41.80895	91.57784
8.076944
56.04875

71.16542	69.53828
7.494768
6.162742	88.7253
14.43827	80.04584
9.97661
77.99129
16.80038	29.29478
30.32514	14.18898

91.3023	28.92514	92.93387




51.66803	85.32741

41.79154	15.21937	61.49184
26.79189	12.89419
31.19807

28.51108
55.51232	9.761095
2.490214	25.55089
68.81888
77.27345
14.52172	2.752549	83.85107	54.83716
14.54641
36.09976	4.305858	63.18365	60.78973
60.10574
11.60851

21.34275	17.83817	19.52553

93.20706	74.31119	73.04004	5.958663	88.92092


17.43413	10.02122

83.87092	70.99047	83.20779	56.8972	83.38865	41.36107	89.98667
64.33686	21.95462	12.20505
53.28574	50.50951
62.98234	51.38642	39.32918
50.97217	29.47173	20.29588
33.33153	56.96971	80.37531
62.33035
30.11273
25.32394	14.2272
47.61449
29.37217
12.13419
2.672401	42.97548	34.22306	62.50525
36.11461	92.44618

52.50059

49.44803	46.02488
63.9196	1.658605
77.15413	33.66996	3.518952	19.59271	74.80466
28.21416
80.54857	47.70311
25.30935
23.05266	11.32509
6.574924
48.84624	0.8471179
85.13819

16.07548




10.05407	90.29386	62.95205	74.08311
74.01197	4.097454	63.71665	1.890163
15.21392	5.011399
93.26807
7.458904


72.45321
63.50119	87.77306	57.78014
34.42122
58.08271	32.14114
49.39266
16.56301
41.76322	25.10526	3.636141	26.43141	4.894284


77.41549
55.57732	4.185315

43.84957

10.14538
58.86837	64.64673	93.52495
79.64714
49.18437	54.92383
85.17356	6.532524	39.90135
82.00883	79.59729	29.53184	67.84349
49.71759	78.92407
0.99265	75.75742	90.99354
78.77733
25.48808
84.14305	77.1391	9.536411

50.2331	81.18551	77.82661	94.32197
24.85039	84.93632	10.13385	23.92834
53.6277	47.68337
55.27372	44.43814	22.8252
35.70334
38.72066	62.13366
88.07517	75.66344	70.73365
60.75589	14.07172
66.74061
80.38957	65.80878	61.89378
16.22083
28.92069	70.57826	17.99521	37.47917
25.34258	57.39357
50.03469	37.8904	19.3597	6.074811
67.64873
38.02743
36.91598	9.193976
39.40705	23.36495

23.03742	7.738316	66.65517
53.49911
4.27333	77.3732	84.46585
78.16733	74.36248	30.67524
73.59033
69.04916	81.03492	5.856509
82.34579

79.1902
78.16878	93.32295
29.55383
93.22743	54.1096
78.65484

74.56585	69.06374	44.87159
65.85469	57.97176

30.96138	17.04734
9.215682


66.35303	84.32641

43.46911	50.27763

16.65889
83.25422
91.73236	41.97211
9.189399

94.08569

73.11637	68.58318	24.74822
5.530854


2.979553
70.42912	50.27514
73.53659	36.39396	14.48919	63.35723	8.223268	73.16094	55.89594	25.77542

63.65856	85.75608

26.55756	15.46113
12.05139
46.09076	31.31646
93.15699
28.36771	93.97374	24.29163
83.10705	1.321785

55.24272
65.96428
37.74764	81.61243
0.477755	83.3782
84.86824


84.43855	94.522
94.72867
56.59499	26.18777
21.06146
66.47693
36.86074	92.41353	30.68615
89.91707
73.79328	37.61654	70.1132
88.83199	4.458848
23.47219	58.15543	67.75733	7.172777	60.95615	16.49994

12.5695
60.37087

35.71496

52.32323	23.99548	85.34095
75.02306	41.62435
38.15595	19.26901
60.50384	38.43626	34.71996
54.25983	24.44798
49.69165
64.54386	35.25441
27.52219
31.50179	19.0413

36.9913	6.125483	70.15321
43.8462	94.58375	18.80404	87.72241	13.62121
32.23463
31.94953
36.90171	24.78037
44.92739	38.7196
49.2351	22.21482	33.03066	13.6164
23.71697	52.53953
32.26553	82.11133
28.78633	14.91688
48.05556	9.239721
69.56327	33.25666
11.91455
39.24073
8.690704	68.4949	0.982858
57.26609	39.25064	4.10707
24.09613	88.81622
17.86108	20.59892

41.97915
53.21609	38.16847
50.56704	13.51162
18.76393
50.18257	28.4517
34.94256	56.32596	54.01931
39.27223	17.14186
14.28812
25.72439	32.28869	44.32987	11.08194	40.90672
31.37038
54.77236	12.59171	22.08788	31.09047
63.58154

74.64313
55.0539	54.07978
57.31081
51.67173
50.53527	46.08754
63.04094	32.88143
85.02008	66.5636	49.80833	49.15963	50.04621
69.0796	83.85596
10.12053	41.65333	19.17667
29.22138	17.20314
84.30362	89.10945
66.56479	46.71732	86.70143

23.97532
32.18371	93.80856



56.69798	91.4552
62.34876	50.56972

41.87949	35.33299	77.60768

86.53396	15.46495
78.92129
6.917433
23.04144	83.79968
30.64197	78.02523
42.52444	28.06225	94.04926
44.34908
53.04594
31.22057	55.00196	74.94407
90.8571	59.55151
53.62018
59.75401	90.86524
30.42177

52.4847	9.780347	8.42653
37.11752	25.88124
51.08386	0.7045033
31.21609	74.96232
24.54714	77.81521
68.85069	25.9129	44.12235
27.08262
41.80168	57.6993
11.54044

56.41433
22.26174
8.026166	50.39606	37.41901
26.15605	35.34024
63.30113
3.167247
35.13641	29.28729
28.84141	90.6589
52.53729	86.25583
1.212889
3.766596
3.620743	52.44067
64.86344


92.75261	53.54077	94.30864
3.292386
9.754785
76.51383
55.03432



53.16104


78.1614
82.63638	87.41748
18.73678	41.83833	87.3089
85.29677


36.77197	18.25319


2.753114
91.51221
56.95249
18.5791
41.42269	16.49119	70.04533
10.6435	40.93147
33.55267	33.75057
35.60746	67.9241	92.98669
29.31917	17.38465	8.481561
24.66205
52.66708
27.48623	9.756931	8.768868	85.21484
46.75041	15.89662
67.60564	4.816617	78.96997
12.74497	7.042531
22.87611	11.41694
49.17658	24.13742
84.17621
60.99374	59.94008
38.8478	88.83621	70.19866

55.0349	51.5757	16.74822
94.03702
47.8875	31.19564	14.51958
20.49897	74.12745
0.7961916	23.79973
23.96148
21.44308	50.62181	2.624931
31.68828
43.82003
21.4131	91.65434	72.8129
62.78863	50.33375
22.27158	84.48634	42.56131	14.67815	75.36681
0.9290478	28.01046	56.16365
46.93681	72.09459	34.89877	41.96635	30.45186	15.7678
82.46279
91.64265

5.336773
71.19144	33.36772	55.80781
84.7382	45.41012	48.76054	31.43031	87.55967
27.07156	70.33625
24.71569
42.65395

11.7971	72.68866
30.93725

63.76611
69.20855	86.5784	71.26968
10.47589	40.20928
86.08077	2.721389
69.74196	6.415361
28.25245	43.10109
27.60245
5.161863	77.47098
56.29927	1.440588	46.77152	40.70413

73.54417
47.48822	86.14897	20.86362	25.95421
64.19141	2.489729
91.52857	68.15516

37.96878	14.40026	91.16582
11.69431
30.28575
37.781

14.09234	86.05007	66.4203	12.43816	54.95055
65.85207	33.1306

87.22077
68.70912
80.88346	54.60307	72.07193
31.06207
32.8357	88.49597	93.84001
35.39981
72.08169	32.79869	37.48037
90.51414
77.60808
1.245048


15.61564	0.705829
52.14092	38.93081
27.93262
55.5741	37.87598
93.59976	33.87964
39.93241
39.51655	79.08051
25.89226	85.90562
22.97973
51.78232	10.82847
70.36372	93.69369
38.38217	69.85855	8.512193

58.24792	30.61991
28.46014	26.1871	27.00721	56.10311

41.57079	11.63316
7.235809
81.97609

80.90856

52.46363

61.02228
22.00059

13.26484
2.768223




30.85155	82.07428
75.66865
67.1552



20.78684	56.16884	55.72001
56.41152	72.31279	64.75394

43.01672
42.79056
60.86411	48.78369	46.65089
52.57868

48.57587	86.33712	62.92635	77.76999
79.65543	69.78869	86.24462

27.73292
53.42383
47.20054	35.36948
24.41545	74.45785	92.58109	46.92879	75.51684
24.74801	26.7812	17.0795	75.44795
35.05121	79.19437	67.89761

44.16283	26.96798	25.06625
3.26056	86.25587
2.047724
40.13028	80.26802
23.41805	91.29595
44.19243
27.3365	85.61925
56.26016	93.45883
36.47369	28.83562
80.43038	48.36158	64.40379

57.58148


23.91528	56.41669	1.842505	7.624257	81.18098

17.9899
7.693264


17.00978



28.46074	29.24441

75.53351
80.84739	28.72738	33.84295
75.38158	70.49126	49.57254
78.10896	47.96999
50.63146	67.94378
17.22008
48.2508	93.25143
78.92892
31.2687
65.88285	63.36985
7.08104
11.7805

65.21988	5.901262	54.85483
83.11804



55.75356
68.16978	31.15259	84.68674
38.54358	71.69363	74.44938	36.74324
34.38767	82.60013	23.66867
84.2276
12.15394
80.1444	94.2258
23.01061	20.40157
22.28751	4.843734
44.00603	24.3253
79.27652	55.68921	1.888548	19.96157	74.83965	65.39576
14.48432
49.71473	2.90462	81.22868
80.92955
29.62398	79.16642
84.56882	10.73168
55.18721	23.33924
14.51969	93.9148
90.011

14.89141
65.99337
94.54909

22.61741
26.02993
61.4336	31.01664
42.21563	82.88666
32.14237	89.70018
32.99384	42.32896	74.88286	42.16352
54.27798	43.70744
42.50204	94.63206
42.84142	38.97685	88.49185
33.05897
73.84219	57.06752
35.49317
60.48958	24.28247


27.75966
6.79152	29.49057
73.11366
14.03495
1.339002	13.01753
24.44372	7.94095


1.957005
74.98302	91.6434




17.48512

29.1455
35.25516	23.93832
79.3323
39.79978

82.32216	57.37141
21.18615	53.85868
79.48772	51.41265	23.88034
83.35555	67.74551


56.38342	24.34729
75.15045

91.50591
75.95313
63.33387
18.61679	39.40355	21.77452	27.95157
75.95509	51.46644	53.76156
37.82824

92.50155
93.42914
34.50395
82.37896	76.74924	31.56654	50.50905
36.33122
71.11279
27.03966	26.81934
10.18522	72.03971
8.209625	21.52644	90.17011
37.12626	52.76298
36.35563	10.12944
33.27926	1.159126
56.4924	73.89575
8.409272
29.93791	54.99891	52.39855
30.31656
32.39794	82.90027
39.37575
32.1044
32.63009

25.78074
33.66083
45.2954	23.86377
19.12074	94.28396	86.51723
17.43922	86.69562
80.38426	11.50824
16.94852
32.57635	18.814
28.18248	10.50096
90.44956	5.7754
24.8484	91.17523

28.05327


3.083537	40.96926	74.32061
78.73914	59.01569
3.411411	91.23363	37.07031
14.25333
34.5994	68.987	87.61482
88.67642	23.61372	67.97474
87.1834
71.03756
61.24692
21.30549
22.31857	51.95665
86.07755
69.64882	46.38158	67.83489
67.45615	11.50243
12.68372	79.82629
4.958617	76.01455	60.29078

63.58685	92.11942

12.56899	47.70406	22.44252
78.4216	27.72488	92.73752
74.9682	54.71226	34.70972
66.32497	71.00942
38.42587
58.61384
33.59385	19.30692
37.8275	8.661897
5.670977	34.93713
2.300877	33.5901	24.58712
89.51874
31.16045	86.48636
36.86081	23.68805
55.53728	79.48588
40.42595	94.42454
20.38694
38.33324
59.51168	26.07155
48.93732	80.76788
57.14757	90.46922
53.44022	46.29347
11.48104

36.9237	81.71765
27.00671	18.00005	25.26493
34.30981	72.49013	13.81483	88.61576

2.348594
24.95753
66.7601	60.99398
62.88243	87.4204
49.14978	30.52585	89.755
46.55238	88.8105	54.72375
58.29105
48.03	24.01288	47.93358
45.28626
27.82634
24.73972	71.38846	84.61838	24.44456
61.1857	78.99594
58.80565
25.19443
20.88449
0.3713348	48.69831	9.274959
38.75519	22.18486
63.09334	11.44584
77.18477
78.17181	6.391936	6.509965
50.36844	41.56367	76.21771	43.90842	32.24051
80.48987
40.32692	40.29809
19.56908	79.04799



88.7976	67.79038


23.5811
58.45512	13.75972


37.28107
23.88256	14.89859
6.355177	27.82582
35.74598	23.46193
35.66511	62.73724
90.47587
34.73412	87.19339
36.05607	77.44903


79.01443	88.7702	60.99982
29.31602	62.56907	1.301246
93.66427
4.766273	36.15624
18.18164
72.38797
32.63691
47.87964
67.45726
13.98261
53.55866	73.11299	38.3343



36.08974	1.42752
87.49096	13.09144
51.99926

18.75239
14.22197	3.938349
16.14925	4.84977

24.97539	6.487276
74.81924	23.40492	39.67441
58.18326
58.53262	76.54934
31.73286	17.03365	80.61344

19.10405	55.54475

24.05686
32.65837	14.4735	29.22775
22.75759
37.9806	18.71631	91.11627
32.42733	5.313563	16.19117
27.98723
24.57124	10.32936
38.8412

36.47215
69.49999
73.84921	91.80206	82.93823

30.18751	16.59096

92.87614


32.61533
6.490084
5.217474	53.01889	45.22817
58.69202	14.93008	29.26771
67.85626
34.43528
3.733031	78.62141	76.913

75.74693
45.4626
29.25429
47.10223	90.97995


36.21957	43.02355	44.47022	72.25973	35.65603
22.38696	11.48629
25.3689	75.54613

38.83326
41.6006	85.74093	52.63033	30.45624
24.83637
31.29584
63.37364	46.78987
35.36706	76.9207	69.73684
71.51977	84.12165	53.07563	45.21469
32.08026
43.00151	84.01588
39.27383	85.2908	33.10518
40.02383
29.52361
86.11385

42.59486	83.7574

67.35993	54.92974
23.34287	8.474915	7.292157
90.20821

80.90774
22.63694
25.44439	58.40345
30.61822	66.44884

24.73967
31.23072	27.46238	0.8856944
26.71499
31.41227	74.93466
33.13082	80.41881
56.27931	85.539
56.58572	86.96058

3.083565	94.08122




38.93327	90.62796
84.29561	76.49362	68.43534	38.71201
19.09224	31.37383	82.6789
21.37485	88.56922

44.44285	50.05744

43.9122

83.41601	73.82014
38.16284
33.42284
75.78337
9.255592

22.00188
89.96659
60.08804
89.08273
38.51052



9.985494	53.93483
9.874808




20.48561	90.04588
6.908457	93.12637	74.70066
45.41964
69.51404

55.82699	52.17573
69.46055	11.48009	1.889771	92.35541	8.391633
32.70654
3.838146


18.63175

4.186314	2.133741
73.31013
62.74774	79.80595
37.32386
65.8228	77.60807
46.48382	32.73893
34.00955	72.59142	53.24434
76.15298
0.7422456	92.35307
70.40943

60.79451	21.50808

51.69628	93.19953
52.58673
30.91985	52.20548	20.85742
36.82161	87.78485
89.64164
53.36786

31.97488

37.09827
24.63312	69.02342	14.91196
31.12023
83.87877
22.29839
43.85322	33.56583	9.861351	10.00352
43.85322	34.37417
37.94643


35.81807	20.57486	17.75545
10.8719	69.84906
43.74187	53.59248

43.42305	13.97609	89.01656

73.65176	45.89657


57.2947	71.11413
57.52092	94.06845	16.17288
32.41645	31.45829




88.05073

22.25428	47.6163

13.53196
58.3511
7.217053	27.9125	46.48741
18.08866	31.0445	23.90393
73.03653	71.864
7.655573

46.00848	13.3025


31.62569	52.58205

21.71035	69.89698	2.665564	62.78463

36.06337	10.07475
34.04691
8.918558	71.30973	86.35183	47.62487	16.85987	57.57003	63.9742	84.16527	8.759359
26.92058
22.01405
31.52643
5.815806	40.88502	77.51617

49.66518	67.93099
63.09444	75.33637	18.8438	94.32546	85.03723
58.85141

64.52005	1.173062


88.01105
25.76756	0.7932498
87.21795	74.09841
57.79829	70.28894
80.8225



69.45502


40.64521	40.48457

4.773347	27.35332	23.19213

34.62713	10.7432	12.48645

51.76708
34.54969
35.15655
27.4986	7.057792
35.03059	78.52909	75.02596
52.81121	7.108745	72.94301	68.35257
20.74475
25.09346	15.12228
20.86223	27.31724
7.66221	5.811429
17.83181
3.242329
46.14214	13.58615	35.86113
60.86883	23.12748	48.68044

51.75701	11.63015	6.259544
46.09364



23.20674	76.08701
25.24424	46.14003	37.2863

52.21011	22.33018
72.50463	67.50233	86.58799	77.23913
30.55702	56.58258	3.845957	85.1043
63.78234	10.50501	34.18537
11.51176	43.94256

22.43939	2.278998	17.97072
49.37551	34.64237
77.14104

28.22126
28.78678
1.380589
75.21473
3.183279
3.236882
82.41893	74.82549
70.59993	75.15724
5.838216	25.90999	42.34865
22.17478
63.83153	77.05535	43.74381	56.85254
72.62482
86.46155	58.14804
27.37354	51.41498
34.29116	29.05367
23.59164

60.92972	76.25294
14.4887	91.4809
43.36737
28.70715
27.65011
38.00165	63.59528	24.45833
40.63322	13.07064	76.71209	70.01628
38.25091	15.57541
33.55508
43.38515
29.32138	4.172778

75.37392
75.24665
79.97685	62.66395	76.49553
69.40628	89.65357
72.96057	12.67515

32.51101


63.50129

1.601516

93.12956	90.80045
41.76912
5.223206
21.28784	77.34276	78.50816	80.39634
9.782536	53.19578	9.781063	23.74954	70.70206
2.814732	84.07813	82.18801
64.04148	13.34658
22.34485
54.50671
42.60916
69.12646	63.5786
35.17755	66.82641	46.669
60.08558	1.94799	57.84025
85.75113	26.87441	3.916826
42.03831	22.58614	11.94054	7.688661
32.41893	5.889807
36.30025
30.3022	13.58686
27.78012	38.53095	39.97549
10.44316



2.371844
24.15905
90.14222
59.24854	16.50587
10.73862
15.71032	48.64129



2.822635	1.332063
3.260226
35.38538
32.97326
26.82241

44.4498	84.73029



54.64262


76.8976	65.25501	48.6905
81.97993	39.27154


85.00572
72.49551	69.34259
33.95037



34.17524
23.49718
5.930891
3.984533	89.353
90.42772
82.87424
35.14039	11.97445
79.14216

57.07016	30.24612	56.60485	32.11639
25.31221
75.45096

57.93188	85.47062
29.32276	80.44505
23.92561	16.85908
34.75202
80.14409	56.48396	58.86883	73.14125
20.55143	62.34952	94.05743	53.07556	44.29411
33.96798	54.53695


42.74668	91.4438
28.15738
30.40391
37.25986	70.56318
50.84724	4.557164
51.56251	8.857574	87.36717
63.97342	20.99055
65.82093	38.92611	27.78476	17.30546	91.39705
67.48283
2.582611
2.057627
26.06823	40.82773
86.93033	93.69233

13.43011	90.97294	65.18145	62.04207
7.575622
9.527627
16.86102	78.39049

8.5034	62.83229	82.24415	39.47242

25.00581
31.55783
62.04459
82.51112
11.93831
91.71416
32.38232	67.3247
45.12379	94.33479	43.94062
38.3086	23.69589	23.32958
65.05665	37.50507	13.08764	8.970035
11.29566	87.20859	50.3251


34.40838	40.08645	76.17157	29.82321
3.151815	24.70121
5.47738	67.59164
48.47194	51.71146	22.25644
91.09577	9.743611

0.5860804
49.53131	21.04188

18.96856	92.61012


67.79974

35.38993
77.06679
21.95166	81.43588

33.86396
44.19191	42.05653
68.87303	39.65832	23.17724
5.67615	74.21777

93.91361

73.16669	67.09946

54.59034	6.858524
62.84314	30.19808
42.30247	18.29554
31.08848
36.46943

13.55523
6.511094	70.61852
1.139855
63.31193	2.418586
58.0236	86.56098
6.475555
57.02973	44.52242

70.5006	18.70206
47.28623	53.52271	9.285658

35.83891	55.48102	37.51899
89.01654


1.152608	90.41081



70.72257	78.78902	44.75442
64.68763	66.61813

37.12539	19.7643	82.95972
21.39097	13.2977
9.786541
19.48009


94.20095



21.86704
67.33374	13.72087
18.06722	68.38831
46.02596
69.00248	91.15088	19.55871	79.25388	89.00653
45.61336	13.10287
59.09512	18.17472	2.638882
40.67024	11.07921	22.89747	8.744704
30.43248
35.41836
74.99555	40.89303	20.2189	61.05458
62.16575
37.40043
39.07126	38.20438
59.2211	68.85822	28.6347	80.33585
89.7088	66.52413
57.29034	42.29836	39.21384	83.21849
51.66686
23.5697	4.115355	51.77556

42.2089	82.89132
44.06698
25.11218
77.76081
18.9129	75.03732	19.96985
21.71565	44.89878	72.35349
24.51255
43.955	50.96449
16.4698
66.18434


5.763314
55.14343	35.43143
26.9749	37.29987	86.16573
74.2865	32.68764	92.41688	2.502733

76.73114
94.29156
27.72738
62.12556	2.798568
60.23389	22.03445	9.265019
79.40296	32.92163	77.82495
89.19774	12.50401	85.96836

31.28037	19.58996
4.005974	47.97082	47.20954
38.56142	56.52864	39.91748
56.8241	89.46633	13.00505	58.01463
80.11384
36.45236	23.40619

36.37041
77.77814	40.48638
60.29351
68.53723
42.91616



31.39993	93.53926
83.86132	76.96366	42.80499
16.30556	71.84674
38.00786	61.06815	83.32308
73.76948	49.07358
8.361055

67.4563
32.34153	73.66345	64.27479	43.84566
63.29754	26.29526	90.65737
21.47352

40.32423
59.39127


74.7983	51.41348	48.14493
43.92643
53.39442
12.7348	0.6568793	90.87521
43.59845	39.73925
87.08326


24.70331
29.56621	9.583604	88.37667

78.88764	65.58718	33.29433	74.50291	10.44412
30.14529
23.66044	7.499965	2.424652
25.873
62.01481	22.35357	92.71941
31.47305
35.03245	45.04788	2.697794
26.00384	87.5709
29.6786
23.41492	72.27712	58.09099
29.78301
55.19267	41.09234	24.42133	92.72784
63.26897	72.75741	40.43942	5.258134
91.28358

38.12221
40.35256	78.57615
71.19227	40.93623
15.55181	40.69707
50.50335
59.4418	30.54812	90.74765	28.40942

74.38227	37.14844
75.382	19.09207	50.72945
72.21384
72.58345	18.56329	32.93455	4.601304	13.17667
87.96652	23.67695
12.63803	79.18488	92.54863
56.47054	75.76061
45.73311
79.87744
84.09485	56.98523


12.66007
15.84992	91.92592
22.17865	70.20401	0.8680324	67.89465
68.91531	60.12379	68.42032
36.57627	62.38035	69.59288
67.55089
68.70054	58.16943
27.94976
42.00074	24.61257

24.79986	72.62922
13.58464	9.937482	25.71603	81.38642


17.08965

92.01261
61.6501	16.84856

13.6948	61.99952

40.40249	17.45025	64.11811
57.84538	93.08024
42.3279
9.541213

47.48908	94.18151
82.02258



31.94364
11.87586
58.1554	83.88592

51.19473
78.82895	94.4544	48.28839
11.19588	1.441502	43.57597	42.60926
58.30709
61.55026
40.30967	34.24054	66.53958
36.90579

68.68393	87.38064

20.05931	10.46632
19.75708
70.16808
69.37147

3.451965	88.0805


52.21768	3.102929	26.80706
49.96165	36.76306
88.89954
69.00891	86.72245	12.62532	75.8723
17.5426	13.5486	16.61606	17.13964
64.86214	47.6521	24.51566	7.469415	19.1587

62.86806	19.11477
29.57153
66.64159	38.73137	94.74189	89.96236
35.04531
40.48974
29.7173	10.08194	9.448257
22.99227	83.64688
2.882078	7.552912

37.94054
38.47794
58.10952	81.90879	90.59278

53.756	19.66638	34.84145	88.6222
20.63862	38.73393	31.34024	70.31421	61.88827
73.37908	49.80231

22.84957	27.49823
67.55147
87.3984
19.69037	89.78759
26.66869
33.15491	71.81741
28.60955
65.48429

81.91513
84.07981	63.76189
91.41979	56.59506
63.28255	29.2069
62.73423	0.9606726
38.72932
28.3291
38.75167
39.01901
21.92828
28.20821	35.02047
20.94727
65.71569	76.93381
60.3396	68.25977	49.13092
54.61401
81.92791
53.02382

6.402627
13.8394

18.97581	82.53447
45.2361	14.54685
53.64655	79.19924
53.98499	91.54801
51.26345	28.93725
65.19369
37.21541
21.68716
31.85546	19.66577	25.03716
16.06049	53.15908	9.790156
18.11588
79.7685
36.82995
21.61792
17.00111	89.43596	79.59565




26.9524	68.33189	87.95151
15.37897	94.53086
50.8912	91.65722
18.51587	47.08415
24.40807
49.73679	9.977165
76.29502	76.65306
16.01611	71.0932
9.002181
8.448327	56.87398

44.31391	41.74915

20.66122
72.6008	59.29008
41.64926	75.8664
41.89876	89.85992	31.89452
2.505528	74.1266	62.78947
44.25776
25.96262	23.613
29.70771	54.45904	20.45415	80.77233
25.21654
42.53947	37.75706	93.27079
18.5724	2.204383
76.08878

3.76589	63.66483

41.19603	21.43732
53.92205
3.672562
12.14349	7.986691
90.1594
28.87332	58.34121
22.57788
24.0431
55.48439	69.19401	45.35182
38.17982

40.78543
29.33342	67.03685
51.83918	11.2405	34.17193
29.03615	12.49834	94.40721
63.48734	89.14907
71.65293
60.94123	9.494164



3.704134	42.31055
58.35734
69.66453

28.84071	21.95399
38.61238
29.80781
66.40524	94.56011
66.42103
8.912678
73.33854	60.45418	93.35375	4.14576
76.52274	11.07866	72.21655
18.4403	87.43873



85.14481	93.95281
49.3372	91.4925	79.42863
63.13803
13.22851	64.93983	4.897655	18.8396

13.75137

25.74995
55.47407	51.88365
90.7289	36.21714
70.13626	25.29946
39.41139
48.45966	7.311649
26.3084
70.00447
19.96385
91.53845	73.28536	55.88754	72.70275
31.27021
77.11815

89.45993

27.30095
21.5169	75.04057
91.52648
49.34772	28.99537
27.07933

60.21882	62.57485
51.54097
0.1471715
50.53788
35.65822
47.7774
89.91178	46.79885	83.64103	40.32408	33.86483
90.3401	38.2723
66.59819	2.877776
23.91979	90.58413	25.71096	49.22154
40.38097
63.17401	28.34032
55.27499	28.68994
29.11883	13.44923
65.3641	33.78258	5.358745
55.62212	36.99475

88.31561	10.98813	87.65209
57.3881	80.61113
40.48699
52.07778
38.2726
60.24131	46.74408	23.77033	68.83576
57.0118	38.71075
22.52128
52.96941	7.599778	63.2904
7.82431
58.52314

21.20906
49.35359	73.29467	53.436	35.25431

57.9566	51.2453

76.53754
35.67884
35.95451
9.706473	93.69378
34.86752	18.25756
21.30852	88.42954
22.88288	36.21938	33.38226
26.9124	21.76545

53.25252	84.82935	44.99956	31.68333


38.94259	43.26805	65.46642
61.2394
68.35169
40.98023

86.76533



44.01009
16.72332	10.82325

16.46934
16.67754
45.84593


30.0024	75.48816	71.14146
59.95145	11.40185	70.14262	0.04723027	6.162362
42.9494	12.53629	65.62343
47.60233	90.92375	29.38086
19.61998	4.896957
61.40105
86.71784
47.50255	73.49247
18.65415
31.58908
60.17652
68.12829	63.64915
5.365477
5.556386
53.36301
48.29749	17.54034	94.47052


77.685
28.24952	32.03822

88.89095
78.7049
0.2759823	39.45665
43.73688	55.88111	26.13714
29.78022

35.0087
42.00635	6.147556	40.49062

59.29287	73.647	47.3208
66.78338	89.47238	32.42887	57.47131	10.23147
60.03254
20.61579

25.6361	22.67831	17.85172
67.04553	14.3743
81.95758
74.21797	57.73537	16.76635	11.87387	89.87522	9.546828
61.40539	55.86343	25.5544	5.472892	60.68274
56.87373	27.52625	40.22409
13.18544	55.46392	54.02303
26.26807
10.01899	65.35843	3.412756
61.51392	42.36804
94.62253	20.11524	46.36543	4.129029
19.2223

47.53852	28.97531	94.5287


23.19038	15.11385
59.69636	78.12961	40.88738	6.877008
75.04595	43.71644

27.41816
82.1068	86.54398	85.14325

90.51973	80.1133	67.56724
15.42678	86.28484
44.50398	10.66528	88.82468
18.25517

69.69005	12.92416	46.02397
82.63107	79.77897
68.90087	56.55901
71.11728
91.30472
48.66491



71.51583	4.462865	1.303302	7.563585	77.42623
41.04029
35.19986
28.58417	12.48779
32.06982
32.11039	88.71837
53.11292
36.50088	24.60461	28.82495
47.78959	38.78255	66.69572
31.23977
63.65786
89.96394
49.76268
4.840834	18.65358	42.38029	93.43675
82.2226	49.36598	7.062791	55.64258	86.71498
42.01868
90.72403	78.03392	55.61716


21.8171

32.096



62.54622
46.34007	90.84622	77.19282

57.44989	7.640917	81.87022

87.33236	39.87352	21.20147	82.41498
41.15319	51.48439	29.65524	10.30784
58.07568	94.69002
93.84714	80.95783
70.78283
45.03003
73.7195	62.93326	57.24275	1.881337
34.38507
66.26712	58.66196
14.99387


55.21998	14.60181	93.82277
82.42746


31.26853	51.16416

37.82042	20.14078
38.62852	26.77504
45.58028	62.07915	26.23462	59.91692	46.95657

43.98782	14.88237
16.70999	92.99146	62.4022	69.28673
93.44811
7.084766

61.31785
1.15052	73.67372	0.3832306	62.25843	89.20281
56.78555
5.42354	38.88211	1.695911
5.622854
7.86304	36.11569
70.69066	93.08473	51.5412	70.56707
1.701215	85.06918	87.89463
12.18053	93.8776
45.23324	87.88637



1.927038
33.72036	30.46078	67.4002	86.97533
74.42084	50.42107	17.74134	44.61756
72.82218	55.51164
68.17417	35.18092
19.44321	41.17066
67.79462	64.63499
71.4718	9.657468	92.32319


81.03641	39.86431	91.66058
74.65693	49.449	69.07044
18.10699	64.80433	17.59705
75.3494
89.59635	74.2559
59.75226	23.36876	5.57295
50.42792
68.09508	51.48599

56.73767	48.64794	36.87478
26.84418	81.26995
24.29318
75.89022
57.2656	75.89601
60.57832
70.45396	63.2195	35.71706	26.08989	42.91079
70.11731	60.35742
61.99409
51.30643
23.1976
26.8878
20.9159	20.37861
10.11419
56.85381	14.22384

90.42817	76.5424	73.47862

4.169899

46.83682
26.76014	27.79536
56.5643	93.34916
57.5802	79.47119
25.63665	88.02434
30.26367

8.684426	32.71247
6.212648	57.45133



2.718193

41.68677	68.6634


51.01398	21.14447

10.85437	8.269024
38.39014
77.86785	70.77098	27.81235	69.55586
69.54571	41.93073
88.33939	90.36965	63.16985
26.748	49.3663
57.5768	38.10478	73.2117	82.39245
74.05051	16.51549	42.67488
24.00931
34.19805	37.56226
1.105482	45.67424	84.23157	48.85838	81.01658
2.988431	38.1691	74.58181
7.124524	40.68968	50.81706	19.68826
14.11805	45.70257
24.37615
46.88475	44.63566
79.27475	46.42833

76.10662	26.61412
