ExtinctionRates
0.02371683	0.132296
0.003081505	0.154758
0.0409839	0.07713424	0.08287952
0.01296204	0.05803914
0.03258466
0.1025873	0.01200245	0.2130606
0.107082	0.06470317	0.1017541
0.09836664
0.08606483
0.03352723
0.07654691
0.01440726	0.1568562	0.1760819	0.1912885
0.07848248	0.05552693
0.1452314	0.03470047
0.1168567	0.04463216	0.06831638	0.1737941
0.2425439	0.06595743
0.05612841	0.01503767
0.0209963
0.09454246
0.02884336	0.06197485
0.07109172
0.003977502
0.3617041	0.004467785	0.2039615
0.1111178	0.01279551
0.0470054	0.1203607	0.02294146
0.02711886	0.008521985	0.1087982
0.07118627
0.107845	0.06682765	0.2570368	0.250279
0.05169033	0.01620054
0.09959085	0.1286169
0.1611453	0.01692893	0.1026099
0.149299	0.08051701
0.1955649	0.03978685
0.125116	0.004125143	0.006141158
0.1507396	0.0394294
0.03928417
0.04984148
0.01088175
0.02303707	0.1264214	0.05013978
0.01341734	0.006525829
0.007611735	0.01232625
0.006373058
0.008915997	0.04077291
0.06583572	0.03299376	0.2693747	0.0759392
0.01802451	0.103027	0.01166553
0.1521086	0.04258342
0.1394604	0.02176409
0.08096637
0.04548953	0.03406752	0.1160194
0.1850989	0.03882531
0.02064038	0.06942301	0.1144713
0.1323649	0.1184963	0.0494139
0.1631469	0.0587039
0.1040782	0.02546326
0.0741405	0.03597285	0.0781151
0.1315078	0.1008767	0.02460001
0.1036898
0.1326911	0.2497929	0.047023	0.1152591
0.0615071
0.09672146
0.1007305
0.05739861
0.08110032	0.06428088	0.004816597
0.1381323
0.08684399	0.1349758	0.1160523	0.1384553
0.2471288	0.1745435	0.03728053
0.1631275	0.1981178
0.2116295
0.0716838	0.1067624
0.2020124	0.1608096	0.08433118
0.1869575	0.006361991	0.1242029
0.06291701	0.1795039
0.08478156	0.06478438
0.0461878	0.1064824	0.1599258	0.0495261	0.1397129
0.04102863	0.08948825
0.3681555	0.04872062	0.09095303	0.0311047	0.1849094
0.1866467	0.06445962
0.1823756	0.08651366
0.07911537
0.03214431	0.08124453	0.03684423	0.04495256
0.09152736
0.1010411	0.1353732	0.01504632	0.1191425	0.08721172	0.06185475
0.02284742
0.01195259
0.03794739	0.03127949	0.1988748
0.05024579
0.07352552	0.05858535	0.03654149	0.0416541	0.2855977	0.1821567	0.02465722	0.007564125
0.1745083	0.03067704	0.1157055	0.01443022
0.06964891	0.1292318	0.08133724
0.1362339	0.1402151	0.1310221	0.0004382209
0.1429313	0.008296189	0.2026063	0.06155534
0.0399064	0.1527339	0.07268464	0.03864156
0.08963978	0.07738918
0.03278413	0.1010793
0.02711279	0.1451215	0.06440444
0.01329365	0.08356199
0.03415591	0.06412265
0.2366839	0.09857581
0.08402084	0.03587811	0.08488288	0.2138687	0.1377785
0.04202989	0.1487174	0.3141735
0.1379262
0.1315585	0.147357
0.1422003
0.09156022	0.1395175	0.3698811
0.3299035	0.1205787	0.136968
0.2470506	0.09375199	0.2327131	0.1220218	0.03476984	0.1506456
0.04554407	0.1851656
0.09343613	0.1347648	0.2029743
0.06126832	0.113591
0.1258478	0.139293	0.03828286
0.1192007	0.05286536
0.1928381	0.000176113	0.04962983
0.01357231	0.06142628
0.03229235
0.1326169	0.05112056
0.00176178
0.0002796785
0.01222079
0.05465888
0.1394524	0.01239846	0.05565146	0.2513919	0.05414106
0.1662081	0.04531636	0.01117725	0.1469525	0.06021641
0.1692257	0.06779586	0.04957745
0.06783051	0.1699928
0.1701266	0.009500541
0.09139697
0.08983664
0.1202682	0.0732684
0.09517177	0.1134056	0.08395077	0.1368465
0.1114722	0.125992
0.1880193	0.1612253	0.06621572
0.04208811	0.1179357
0.009368819	0.06150802
0.259383	0.04922066	0.3271683	0.269517	0.04994295	0.08477831
0.03673206
0.01108975
0.01267586	0.06367036
0.01578451	0.04883163	0.01674276
0.01570633
0.06885297	0.02209695
0.04817536
0.04381571	0.0100289
0.02731705	0.1087943	0.1659668	0.1557749
0.05339223	0.06048838
0.02812117	0.06531439	0.0385449
0.1093476	0.2650357	0.09637746	0.1026931
0.01925362	0.1672503	0.00970539	0.06146049	0.2204537
0.0002293183	0.1009633	0.02260396
0.002276761	0.07029255	0.1083035	0.09424783
0.09618134	0.201484
0.1282871	0.1119711
0.2315233	0.2448944	0.2236313	0.1579743
0.1972456
0.1969109	0.2154197	0.2594219	0.01287863	0.06769012
0.1197919	0.2275516	0.1740214	0.001975576	0.1732797
0.1746262	0.2301293	0.0779737
0.08895373	0.2302732	0.04145108	0.06112298
0.05397007	0.2140973
0.1185734	0.2685872	0.2734217
0.121155	0.2673125	0.2979722	0.08310219
0.05487299	0.2053409	0.08466254
0.1618214	0.2246667
0.1559608	0.08079858	0.2795206	0.02824564
0.05787868	0.1516741
0.09231736	0.1853269	0.01751744	0.02707191	0.1576896
0.05920761	0.176346	0.07741723
0.1658657	0.1045364	0.2952098	0.00170591	0.2680332
0.09539633	0.04362473
0.03725815	0.2604134
0.02191147	0.1716491	0.08160301
0.009402939	0.1321226	0.05536547
0.08182682
0.01276765	0.05689206	0.1189337	0.1001808
0.08438278	0.09387976
0.2881004	0.01408861	0.07854658	0.1332334
0.1700998	0.1146678	0.07343216	0.1489785
0.1684484	0.03802053
0.2153994	0.02517798	0.1094353	0.1855632
0.08139126	0.03243555
0.08419807
0.0880873	0.0001515678
0.1220059	0.05866116	0.1237579
0.07085821	0.07363865
0.04736969	0.1428423	0.143249
0.07926884	0.02138463
0.04300831
0.006348487	0.003194068	0.166537	0.01384848
0.07094876	0.03108531	0.1051042
0.04620436
0.18231	0.04489548	0.1397789
0.07719654	0.02347827
0.1064122
0.03603889
0.08804947	0.1631066	0.01634573
0.08542963
0.0864032	0.1845305	0.1050771
0.05374634
0.06190304	0.03874413
0.01448984	0.01706083
0.01623215	0.4051036	0.0443232
0.01003101	0.03349612
0.07768505
0.01912781	0.02684079
0.02816244
0.1173232	0.05813237	0.04515145	0.06259418
0.1398933	0.01025685
0.03783029
0.07607577
0.0840521	0.06194097
0.1341371	0.04200612	0.1479631
0.1756719	0.0106741	0.1862279	0.06437858	0.09852994	0.1025264	0.1056231	0.1016071	0.03418203
0.0922248
0.00610186	0.1178952	0.02077074
0.02665557
0.01914073	0.08246802	0.009282514
0.09128177	0.121751
0.1051294	0.111412	0.2431122
0.05894837	0.1098757
0.02904067	0.09182626	0.0950681	0.02329317
0.1253285	0.197006	0.09660164
0.0946086
0.1708603	0.08352188
0.05180367	0.1262429
0.03509553	0.1272287	0.01475975
0.09566725	0.1183602	0.1423877
0.1390972	0.177732
0.1765744
0.1282198
0.06253162	0.1229818	0.3522722
0.06189964	0.008653475
0.007302087	0.1417277	0.02104822
0.05924648	0.1471049
0.001973694	0.1277645
0.0593134	0.0003638383	0.2719098	0.1276473
0.06867284	0.1429223
0.01767479	0.1263524	0.05178019	0.1514174
0.0607897	0.1899029	0.1463436
0.1316531	0.1284287	0.223391	0.1347126	0.1352177	0.189693	0.1585692
0.09640843
0.03124475	0.08451929
0.07794715	0.1567176
0.07322813
0.1086535	0.1033334
0.1138067
0.02491833	0.1920448	0.1153111	0.04107295
0.0564336	0.1692218	0.06393717
0.05731193	0.1549533	0.1231777
0.02625291	0.1931318	0.0715909	0.20679
0.05366536	0.2088416	0.04393633
0.04154577	0.2330528
0.04764622	0.2383738	0.1163231
0.07102421	0.1703889
0.05797531	0.1606592	0.09972716
0.07412169
0.4016133	0.1237839	0.06417645	0.1742417
0.06316103	0.2166104	0.02370356	0.1417593	0.1704256	0.1583326
0.1066095	0.2390837
0.06349459	0.2043341
0.154864	0.244332	0.07235477
0.1070684	0.2320554	0.05298567
0.02079648	0.2576495	0.04578075	0.2298307	0.03435576
0.02947487	0.2537223	0.2403378
0.09691635	0.2808803	0.08829265
0.165473	0.2176806	0.04108842
0.04990728	0.2540073	0.1206779
0.2275037	0.3537453	0.1630589
0.1235995	0.1592168
0.04427901	0.1537792
0.2020087	0.08711339	0.1047431	0.1576094
0.07314143	0.1797921	0.1420967	0.09195101
0.1479383	0.2096357	0.2646059
0.2204041	0.06916914	0.2051971
0.1369403
0.04463393	0.1657252
0.03531627	0.139884	0.1585028
0.01765746	0.2178636	0.09358982
0.03164762	0.1682868
0.01528647	0.1467522	0.2391642
0.0007611121	0.1891277	0.1738949	0.1194423
0.007402838	0.1236948	0.09158667
0.168095	0.06192068
0.1059335	0.05542248	0.2329608	0.1383002	0.01960182	0.03579934
0.1230618	0.1382217
0.1406831	0.1202293	0.00429173	0.03497959	0.02067356
0.08379825	0.07082215
0.07675037
0.04187015	0.2025635
0.04820042	0.1461395	0.02132517
0.01600554	0.1984769
0.02516072	0.1459104
0.0760038	0.1605658	0.06115923
0.01604067	0.1192434	0.1142879
0.1387489	0.2034433	0.2347482	0.05787446	0.05608017	0.0217194
0.04242827	0.1393365	0.05671537
0.2513443	0.08609913	0.06633491	0.03442549
0.08519322	0.1531705	0.1246962
0.12655	0.1886124	0.06910269
0.1607869	0.2016251	0.3268881	0.09293518
0.158576
0.05705104	0.2331688
0.07094635	0.1902845	0.0324185
0.1869065
0.1598092
0.1687371
0.1384537	0.1662086	0.379171
0.1459455	0.1568491	0.1004568
0.09051569
0.08551634	0.06044213	0.20037	0.1193828
0.1214615
0.1353206	0.1321381	0.1647806
0.1952307	0.2166089
0.08168998	0.2104166
0.03585467	0.199857	0.09771445
0.03425618	0.188929	0.1661517
0.002530889	0.2196101	0.1198973	0.009881495
0.03072838	0.2050286
0.06002087	0.1821863
0.04349071	0.220364	0.09594432	0.1894923
0.130589	0.1716031	0.1995241
0.1507873	0.2630863
0.12269	0.2190399	0.2922823
0.05166525	0.1639403
0.1769827
0.1424023	0.187676	0.04763031	0.03315531
0.04578833	0.2011731	0.006662184
0.05961834	0.1279208	0.01880784
0.01002666	0.1120852	0.01161678
0.0007466415	0.08816679	0.02417027
0.001636974	0.096525	0.118417	0.1000413
0.0008538137	0.07560165
0.0001976881	0.09928362	0.03972051
0.003447689	0.01950952
0.02964451
0.03347147	0.1393467
0.001209359	0.1060956
3.82576e-05	0.0416971	0.1070817	0.08365042
0.0004095379	0.1492015	0.04494778
0.02054678	0.1122148
0.01355078	0.1126972
0.0235724	0.07979215	0.1700784
0.007064706	0.07930429	0.08373979
0.1515104	0.07823369	0.009236458
0.127509	0.02355445
0.2086576	0.00255128
0.1102213	0.07356048	0.0632342
0.08734868	0.0311698
0.06869923
0.0741795
0.1053958	0.05755539	0.0291972	0.1238836
0.2026804	0.03972618
0.03645531	0.007131573
0.003003256	0.02678861
0.02249068	0.05752139
0.02369069
0.001573816
0.0649752
0.06889331	0.0462002
0.02090659
0.07433334
0.1185132	0.05950017
0.06282014	0.01508093	0.08992082
0.1186363	0.01168803	0.04409703	0.005388575
0.02437027	0.03078045
0.002575232
0.04702875
0.1063828	0.02297872	0.09185758
0.0406487
0.02092752
0.2100824	0.01984368
0.08106229	0.01353606
0.02371641	0.07680456
0.01565386	0.1050922
0.1044435	0.1967457	0.01380135	0.1525373
0.1604762	0.2351082	0.2104595
0.0413722	0.133241	0.2081913
0.100308	0.2364775	0.06271281	0.1193106
0.200397	0.2246029	0.09154643	0.03154984
0.1292693	0.1594568
0.03937301	0.1922657
0.06151137	0.1241173	0.00139585	0.2854234	0.1440813
0.05881415	0.1324452	0.07206021
0.3077008	0.2460288	0.08269906	0.1674293
0.2760632	0.2131907	0.01110443
0.2430354	0.2297174	0.01297351
0.1238398	0.2415612	0.1892603
0.2112448	0.05073924
0.07210146	0.2086581	0.03560226
0.07840916	0.2052452	0.1856966	0.2127284
0.1371435
0.1414223	0.1394562	0.1696572	0.2031513
0.1308997	0.01834244
0.01245593	0.1789419	0.2364454	0.05048834
0.1584746	0.2513718	0.2380295
0.07056318	0.2662739	0.2584577
0.1514542	0.3130815
0.07986215	0.3010496	0.2162473	0.1089793
0.07233069	0.2054312
0.03709046	0.2063104
0.01175825	0.08008196	0.1116066	0.139684
0.1126659	0.2265221	0.05697568
0.04650592	0.1362895	0.09680725	0.1701857	0.2584265	0.2645058
0.4212363	0.07195319	0.1185498	0.1685892
0.06422867	0.04552036	0.2234531	0.09530192	0.1395704	0.04208264	0.07063366
0.07828197	0.2169852
0.04665423	0.08223513
0.05253764
0.3428792	0.0203593
0.01041875	0.008603215	0.1107126	0.1147002
0.01727327	0.02729053	0.07024628	0.2011719	0.1340459	0.1679729
0.009200339	0.1328282	0.1333143
0.001866862	0.1233014
0.006088664	0.1238529
0.1071735
0.09502454	0.08788891	0.1477887
0.1274363	0.04399789
0.07999507
0.03768237	0.06561084
0.1075583	0.09307742	0.01957405	0.04062146
0.0963238	0.05021538	0.05659533
0.05973484	0.01037311	0.1267904
0.1852181	0.03574344	0.1117646
0.04133668	0.0717328	0.06400276
0.08126476	0.0337647
0.3513265	0.04995254	0.04540254
0.08795078	0.1123179	0.01126867	0.03569489	0.02013693
0.1060205
0.06995294	0.03242879
0.0480764	0.09468771	0.002609452	0.2044171	0.1549201
0.1090365	0.06765055	0.1438703
0.1153569	0.3224365	0.1108367
0.1376299
0.271479	0.1989313	0.002884753	0.3188866
0.07342009	0.187328
0.09019151	0.1891814
0.1188258	0.1692937
0.1782311
0.2658325	0.1451816	0.1408047	0.2233113	0.01703859	0.1260516
0.04228928	0.1366194	0.09696472
0.1371933
0.1356724	0.06340892
0.1463249	0.1403114
0.1497065	0.08698133	0.1451164	0.1805193
0.0587656	0.1827095
0.1092489	0.2400833	0.1087269	0.1926742
0.0436583	0.2104741
0.1034247	0.160842	0.1160767	0.0761221
0.08526437	0.08941088
0.06558734	0.1938376
0.1968912	0.1239792
0.0896449
0.1188812
0.3163794	0.1419784	0.003777741
0.03596705	0.1651993	0.2606509
0.06782924	0.2349926
0.1091952	0.2631108	0.1377143
0.1040996	0.007832551	0.1899085
0.08876828	0.139717
0.04123441	0.2275047	0.1023386
0.03641283	0.194314	0.10597
0.02326101	0.1789528
0.08258734	0.2105877	0.1213469
0.1426331	0.260613	0.1060224
0.1533885	0.2494945	0.1484807	0.03977382
0.1236594
0.008025384	0.1304767	0.03382502
0.00934244	0.05632105	0.1904535	0.04278406	0.07633888
0.1172868
0.1781299	0.1051769	0.02296692
0.2353159	0.08787608
0.03335334	0.03407502
0.06635779
0.02571632	0.06517266
0.004819926
0.01361572	0.05157687
0.0006533182
0.02992349	0.0363722
0.03747845	0.05271672
0.002078132
0.1821421	0.08278677
0.0845779	0.03105882
0.03986414
0.0238013
0.07457882
0.0165807
0.02206675	0.0172756	0.02705787
0.09702706	0.02651375
0.1031392	0.0756591
0.09123582
0.0917126
0.0901468
0.1177186	0.06611696	0.1315282	0.2968716
0.02138685	0.1461896	0.05763691	0.1393074
0.02896931
0.03366505	0.1283592
0.001773955	0.1204314
0.06042039	0.1469391	0.06341876	0.1209084
0.01278567	0.07873625
0.04739305
0.01297345	0.1937624	0.06940831	0.1203865	0.05165165
0.005653394	0.06907435	0.2264935	0.07519158
0.0111791
0.006622222	0.0705619
9.364503e-05	0.09157965
0.00395292	0.07785831	0.2030164
0.02419499	0.0204171	0.1044798	0.1173546	0.12343	0.0840995
0.02299458	0.04986682	0.1009546	0.1226615	0.09122594
0.01835957	0.1065949	0.07287488	0.09868968
0.05742514
0.05747738	0.05733968	0.02615805	0.1317467
0.3097993	0.008146633	0.06645635
0.01444814	0.01897754
0.02922821	0.2088098	0.1943156
0.0643341	0.1505459	0.3204671
0.02965857	0.1835351
0.02064484	0.1890902	0.2064877
0.00908062	0.1389987	0.04331369
0.09592419	0.2337306	0.1366386
0.08794366	0.2408944	0.02094131	0.221399
0.03492393
0.07427082	0.1041364
0.07229754
0.07550762
0.09330764	0.1091508	0.09103431	0.1349133	0.02294783	0.09914032
0.06133629
0.01856876	0.07094396
0.2216889	0.1000031
0.05674833
0.00418008
0.03393676	0.01769321
0.00997787
0.06537279
0.02150053
0.03592721	0.05568513	0.09534002
0.07341405
0.07116178	0.03143023
0.007200843	0.003579165	0.1357655	0.07393994
0.01074868	0.01546407	0.2251171	0.2669646
0.05487681	0.1112142	0.2128404
0.07024179	0.1921071	0.1340608
0.001607365	0.09765232
0.04307163	0.1724608	0.0135031
0.09135821	0.1215268
0.02467204	0.1449892
0.07260221	0.08587606	0.2181686
0.07432622	0.009955379
0.2882015	0.0636224
0.09493412
0.2046389	0.1371115	0.0615566	0.1152568
0.02362437	0.03457029
0.005150109
0.00468755
0.01037152
0.02741387	0.07081049
0.006759029	0.160129	0.04109231	0.05453777
0.01979882	0.09094566	0.05914336	0.02590252	0.1421782
0.03778183	0.09716219	0.1088831	0.01801633
0.1011902	0.09192255
0.1358783	0.09389841
0.0160604	0.06930017	0.2402972
0.06323052	0.03042047	0.2099027
0.003549734	0.1042831	0.05249423
0.04950964	0.1007054	0.1907167
0.2031401	0.09489542	0.3110733	0.08618277	0.04127742	0.04406162	0.1833795
0.1926027	0.1076646
0.1068203	0.1401258	0.0617962	0.06244021
0.04649011	0.1639793
0.1000747	0.1065451	0.02056176
0.04011133	0.01637429	0.06352868
0.04825296	0.1152415	0.001201196
0.1539242	0.05848103	0.2418722
0.09714081	0.02808925
0.06512995
0.03311515	0.003398484
0.1036192	0.03060096
0.04105975	0.0936642
0.02326383
0.05375696	0.08194376
0.03981384	0.0916149
0.01819001	0.05595455	0.1490101
0.005094217	0.1495941	0.1091635
0.03096514	0.1578259	0.1986435
0.003084058	0.174609	0.1638995	0.1880131	0.1191555
0.08246156	0.1438466	0.1753592
0.1320349	0.1286079	0.1169956
0.2226393	0.1178278	0.1963056	0.2071075
0.03408396	0.1403753
0.1121275	0.1271918	0.2173834
0.04847781	0.1580436
0.01580472	0.157281	0.1781249
0.0836941
0.0715314
0.06256594	0.05528297
0.1804571	0.02247866	0.1071781
0.0475657	0.06753379
0.210824	0.01157118
0.2584695	0.01933855	0.0262251
0.06252222	0.05467916	0.01281893
0.04680374
0.03101683
0.01355385	0.04650698
0.04785456	0.004207621	0.05567511
0.06172834
0.006886251
0.009714693
0.008174824
0.1493341	0.04005183
0.1041235
0.01280032	0.1198214
0.1777305	0.045547	0.1017251
0.009748395	0.05386783
0.04666816	0.1490483
0.06653459
0.04625185	0.08562532	0.2141818
0.06729365	0.1418358	0.1643188
0.03660499	0.1949754	0.2149487	0.08752465
0.06467484	0.06519665	0.1041336
0.01066195
0.01992378
0.0422513	0.09334317	0.06633136
0.08606314	0.1490609
0.1093847
0.08326877	0.2536347
0.07410389	0.1437421
0.1418467	0.06502889
0.04339412	0.03468473	0.02618971	0.099067	0.03120707
0.06503004	0.02678587	0.2304088	0.08134621
0.06240336	0.076893
0.09121367
0.08907318	0.2093595
0.02963144	0.116614
0.0380435	0.01172077
0.05321048	0.02855658	0.07879379	0.118849	0.1443001
0.04673641	0.0993975
0.08299772	0.07672966
0.02896122	0.05633862	0.05457056
0.1186257	0.08961745	0.1639961
0.373934	0.1145619	0.1031286	0.1294789
0.0423516	0.1759557	0.1856598
0.001637614	0.1807494	0.009673758
0.003625034	0.1096102	0.02647684
0.01449798	0.2138294	0.11006
0.001182924	0.1146682
0.00229651	0.1331482	0.1756817	0.003668603
0.0001841823	0.1849627
0.01622033	0.1950071	0.1385781
0.06176509	0.195673
0.04161333	0.2600705
0.0459117	0.2391548
0.205245
0.0787223	0.157603
0.01141436	0.2175068
0.005439359	0.2197888	0.2012024
0.00374831	0.1977944	0.1336786	0.1525986
0.002386737	0.1971707	0.1295819
0.07524155	0.158633	0.08840855
0.0189974	0.1172511
0.06999519	0.1818234	0.0266201
0.04865296	0.1867368	0.03855459
0.0571169	0.1959012	0.08608786
0.05318137	0.1411037	0.136725
0.09188282
0.07818193	0.1002979
0.1382647
0.06633799
0.214372	0.08592879	0.07937167	0.03753931
0.05854693	0.07075587	0.1398782
0.02303147	0.07916152	0.05225127	0.06182017
0.02130045	0.1237984
0.04126052	0.11202	0.1922196	0.1636739
0.1118658	0.3718406	0.2210782	0.1921829
0.1422077	0.2831176
0.1966597	0.1691008
0.1981212	0.1581276
0.2409792	0.1463065
0.04447047	0.07693577	0.08849848
0.1387433	0.01868665
0.1270703	0.01258057	0.2216501	0.09761835
0.1582073	0.03435991	0.1445661
0.00843122	0.05119512	0.1007884
0.2142783	0.04011163	0.05451192	0.0285076
0.0365247
0.02585031	0.0005016925	0.07763836
0.0006969705
0.0007443234	0.1694863	0.0246875	0.1358356
0.01283392	0.06244043	0.1431233	0.2794837
0.01124718	0.09184239	0.2108228	0.07881962
0.04188846	0.2389077	0.05608935
0.1041227	0.007712793
0.06458198	0.07596343
0.0512924	0.1511356	0.06840873
0.06042622	0.1151525	0.07511166
0.1427478	0.01116626	0.1001711
0.219495	0.04029139	0.04933067	0.08375593
0.06713045	0.01463289
0.01655802	0.1168002	0.03313948
0.03409301	0.1066265	0.05036329
0.007239444	0.2031539	0.02696195
0.002478475	0.1780661	0.1843703
0.04624759	0.1500869
0.06516401	0.1492767
0.02536229	0.2462828	0.009148433
0.01521333	0.1519363	0.1511912
0.1203185	0.2649211	0.04768177
0.1267912	0.2232793	0.1498018
0.01222817	0.1391884
0.04964893
0.02044076	0.1217855	0.1975107
0.005025974	0.1273264	0.1330543	0.01599336
0.005376558	0.1578856	0.1346679	0.05289728	0.230285
0.0765918
0.1716317	0.07107304
0.1791904	0.1435602
0.078381	0.2529716	0.08603476
0.06742716	0.2369119	0.2658256
0.1047188	0.2039528	0.07349246	0.01512942
0.1217427	0.2142192	0.1125222	0.2216169
0.09830993	0.1943739
0.04804885	0.1890898	0.01316108	0.01467169
0.09659028	0.1746597
0.01270448	0.1511392
0.062889	0.2242531	0.0693133	0.1797179	0.02068753
0.03262465	0.3708596	0.07151504
0.07864189	0.2330185
0.03759723	0.2004649
0.01660754	0.1809997
0.2371994	0.01915623	0.2034978	0.1313409
0.04940617	0.1820803	0.005653767
0.09568321	0.1697478	0.05128526
0.06699685	0.1977728
0.08494208	0.2480825	0.2656309	0.1800858
0.0415468	0.1372285	0.09938614	0.1636782	0.03301793	0.01975519
0.04075471	0.1288164
0.02087982	0.1300604	0.1190541
0.007858704	0.1097226	0.07363144
0.08818274
0.09541528
0.03834402
0.06253358	0.09715686	0.02804835
0.07248176
0.00625491
0.08190003	0.1079436
0.1820306	0.1192582	0.06482469
0.1303177
0.1936291
0.08796934	0.301824
0.1817549	0.2958842	0.05844666
0.2440292	0.1073787	0.1855718
0.1471175	0.1497805	0.08745678
0.01653033	0.09710171	0.1144894
0.04439679	0.06730956
0.03240981	0.130466	0.2839549
0.0784998	0.1974629	0.2086575
0.1846505
0.1625565
0.1270048	0.1274014	0.1042635	0.1329851
0.2122688	0.1432309	0.07929418	0.03646518
0.1123604	0.1277953
0.3264023	0.08121812	0.06376501
0.06501351	0.1259272
0.009831378	0.05093256
0.02255362	0.02880491
0.02379853	0.1182682
0.06686948	0.1607316
0.1278029	0.1050473
0.08392015	0.06039676	0.02592493	0.02725954
0.03469238
0.009207904
0.01892187
0.03129692	0.06947599	0.01350763
0.0690972	0.0750043	0.1005789
0.08846563	0.06748074
0.135765
0.07273407	0.1444405
0.07146954	0.2465324	0.09102273
0.2092705	0.2184729	0.1676525
0.1760231
0.1277587	0.13956	0.09153943
0.05598562	0.2470966	0.04684275	0.1055918
0.0223406	0.2198998
0.03435076	0.2645774	0.224597
0.0587306	0.1553824	0.05947981	0.1172163
0.1165249
0.05861582	0.1070364	0.1601284
0.09404341
0.1185585	0.1474474
0.01724399	0.1663929	0.0460777	0.06127801
0.0743792	0.1604681
0.1003505	0.2029884	0.1008922	0.1857869
0.2051871	0.1836597	0.09944549	0.09728936
0.02009503	0.1868508
0.2019915	0.1735207	0.01682293
0.1483296	0.220986
0.1025029
0.1160841	0.07465952
0.1020957	0.08610152
0.03408335	0.1008088	0.08965219	0.1109205
0.05910465
0.06542019	0.0115722	0.03089136
0.002621873
0.02422903	0.1968765
0.004740148
0.02485975
0.01835341	0.0989243
0.06594193	0.0590416
0.2757966	0.03140189	0.04577518	0.1840456
0.0232163	0.03897537	0.09178557	0.04257956
0.05685144	0.06421597
0.08152236	0.02862341
0.1849837	0.04792327	0.03627978	0.127013
0.03453253
0.05041695	0.03230484
0.03143022	0.04012609
0.01686365	0.07670421
0.02714774	0.1033775	0.2079206
0.02953979
0.03407787
0.002639924	0.2043102	0.01404792	0.04716404	0.02327312	0.07801415
0.1010613	0.08879965	0.1231166
0.0299129	0.06866549	0.07161771
0.1247643
0.01367531	0.1385349
0.01903229	0.2135094	0.01041279	0.2761704	0.1187503
0.05512689	0.2350685
0.03889361	0.2096367
0.007797834	0.1259907	0.2783153
0.01136929	0.2277601	0.184713	0.2749504
0.07971786	0.3092636	0.1657497	0.320657	0.01443881
0.08203414	0.2337266
0.09190953	0.1931939	0.08788221
0.07190951	0.2073815	0.1978489	0.003196263
0.1730875	0.1558167
0.1123177	0.1553375
0.1734205	0.158254
0.1813892
0.1010823	0.2291008	0.06392814
0.1873318
0.1417401	0.2427471	0.1877002
0.05220833	0.2689819	0.04962411	0.008923709
0.263533	0.1202276
0.2324266
0.2243624	0.2039767
0.137036	0.2739295
0.1366972	0.2664576	0.2664232
0.1172876	0.257665	0.1992862
0.2579691
0.1092309	0.3249731
0.1123332	0.3303832	0.04163715	0.1591113
0.1291075	0.3488744
0.2080491	0.3668389	0.2924902
0.2282895	0.37594	0.2529143
0.2345278	0.4137645	0.2543633
0.2077173	0.3197279	0.1888925
0.2348614
0.1674986	0.2507321	0.02144802
0.2004909
0.2652448
0.2659078
0.25284
0.08902048	0.1401386	0.07567093
0.08233367	0.1890483	0.09038203	0.04187473	0.08892761
0.09575829	0.2643971	0.2138481	0.06306577
0.05305874	0.1946794	0.1683193
0.1305661
0.1020168	0.1192463	0.1128989
0.08483777
0.08645062	0.08015546
0.0542687
0.09948365	0.06177485	0.2083872
0.1850605	0.1283787
0.05184461	0.09017211
0.06989559	0.04353318
0.2177582	0.06847442
0.03293066
0.01753544	0.0755618
0.0102848	0.1231562
0.006415419	0.01955822
0.0002191653	0.01277774
0.002846907	0.06542399
0.09620993
0.06723544
0.1231909
0.2373114	0.05803925	0.09810924
0.1885847	0.07360334
0.1054937
0.117191
0.1375604
0.06654004
0.04692061	0.02061103	0.2330488
0.2049647	0.0352436	0.1028075	0.05911559
0.07273333	0.04643278
0.08237819	0.112172
0.06519531
0.04736766	0.05530501	0.1308365
0.1199301	0.1842153	0.06775982	0.2937377	0.1025319	0.3048917
0.03540373	0.1167406
0.04831744	0.08911894
0.006026287
0.02580485
0.1929541	0.02581955
0.1167548
0.451059	0.02779368	0.1208773
0.03101922	0.00976777
0.03529561	0.1628985	0.01463076
0.02476104	0.04480943
0.02723341	0.252811	0.1536448
0.004727537	0.1027826	0.04240777
0.03963821	0.1222559	0.07478093	0.17592
0.0938396	0.02523674
0.3025579	0.1267894	0.2123295
0.07536093	0.03129917
0.05939632
0.01848137	0.06330897	0.0333436
0.046416
0.08137526	0.1308835	0.2841293
0.07319396	0.206217
0.04997146	0.1136823	0.1016163	0.1393746
0.07797294	0.2012643	0.07214424
0.1295088	0.02380003
0.08975798	0.06363902
0.07192642
0.05837195	0.1109441
0.1160194
0.02706512	0.1921899
0.02621402	0.1199382	0.1981268	0.00489532
0.05585523	0.1453984
0.07280417	0.08404606
0.03396401	0.005136758
0.02585004	0.07585119	0.4205239	0.01400722	0.05803448
0.01949956	0.04171778	0.293155
0.04339759	0.07569879
0.04606311
0.04041771
0.03296628	0.05487752	0.2690652	0.07073577
0.01076489	0.188929	0.03824356
0.1127267	0.1912066	0.1475358
0.1113845
0.1974545	0.1265801	0.1174425	0.06446403
0.07350904
0.02795191	0.06237924	0.02061606
0.04673113
0.01330184
0.008225972	0.3160675	0.06807404
0.002308952	0.09745208	0.1882198	0.0814965
0.008361618	0.04698724	0.2423454
0.07087619
0.08976267
0.06728291
0.05498465
0.09881533	0.1020139
0.09777389
0.01805104	0.05559628	0.108561
0.03902083
0.003690637	0.08972845
0.05196985	0.07150345
0.1213166	0.07086077	0.03709504	0.01946955
0.2275723	0.03443851	0.04228635	0.009542307
0.05282144	0.08084499	0.3867014
0.06479852	0.0849231
0.03877135
0.1631224	0.003143128	0.07816521
0.03452053
0.02358966
0.006115474	0.0508736	0.06851629
0.01713091
0.09412759	0.01951618	0.03072766	0.003147745	0.1951072
0.05682512
0.03149374	0.1317931	0.05344398
0.03227734	0.1035595
0.1261578	0.09163806	0.17867	0.09805123	0.167902	0.051632	0.02910663	0.2770164	0.05941145	0.2446078
0.04171213	0.1558688
0.05996205	0.08521896
0.06779528	0.1466248
0.0616816	0.1775413	0.123553	0.05341182
0.1108234
0.1519613	0.1274895	0.1062454
0.1099653	0.2327466	0.1578561	0.06606751	0.3618425	0.1375519
0.1032317	0.07537816
0.01182481
0.08070009	0.03667675	0.01501037
0.02849759
0.09751349
0.05948672	0.03309206
0.04071348	0.00576873	0.02620433
0.03713588	0.01105591	0.1432046
0.07566804	0.2272886	0.04874434
0.0973909	0.06387936
0.07877238
0.001572972
0.0005377694
0.01579368	0.07418889
0.02179552
0.02012058
0.007518293	0.05774866	0.04076885
0.001885922
0.06287521	0.1113524	0.09565876	0.1917409
0.1016238
0.1658609	0.07017404	0.09157754	0.2125011
0.06731313
0.05088115	0.2194828
0.07933814	0.2451624
0.0532021	0.3060357
0.1203813	0.2511359	0.05236366
0.16655	0.2383533	0.3697702	0.04366812
0.05922692	0.275952	0.151904	0.3427447	0.2631399
0.1056135	0.2408949
0.1239436	0.2292835	0.1161321
0.1056943	0.1987925	0.2075337
0.09582427	0.149926	0.09061035
0.1462266	0.1888466
0.03088671	0.1757216
0.1070026	0.2387805	0.05956983	0.05084165
0.08447023	0.2841952	0.151666	0.1571029
0.1871379
0.118654	0.1514035	0.1001615	0.0009437933
0.14019	0.2495978
0.09758665
0.08462439
0.09542656
0.0423179	0.1395415	0.1570523
0.06762065	0.1714535	0.2044812	0.1902575
0.1414102
0.08420783	0.1721079	0.1198136
0.1730579	0.2097902	0.3494008	0.2077476	0.2219252
0.1996576	0.1450845	0.1763091	0.1090098	0.1984213
0.1285591	0.2362739	0.1296821	0.2129243
0.1066617	0.05519588	0.2398558
0.1808461
0.1060993	0.1530127	0.10738	0.01275771
0.1208323	0.1574512	0.02397701
0.06859547	0.05794301
0.1146937
0.1339074	0.1531451
0.06448264	0.1011265
0.1277982	0.09418965
0.1052706	0.02499181
0.2087583	0.09149035
0.07585197	0.123601
0.04701494	0.1019904	0.3058775
0.08706825	0.1944342	0.1764491
0.1387713	0.05048547	0.1015612	0.1240499
0.02532937	0.1785382
0.1956396	0.255069	0.1526945	0.1084069	0.1544457
0.08923578	0.2193196
0.03812298	0.3648773	0.138233
0.1580548	0.05303064	0.1611805
0.008535723	0.1492025	0.0310081
0.1090066	0.169676
0.1229242
0.1418566	0.2937381	0.2020211
0.118108	0.1608045	0.1711504
0.007684568	0.1911664
0.009781839	0.1967688
0.009457682	0.1165464
0.07948185	0.1700316	0.05522719	0.01325197
0.07538024	0.1676108	0.03942357	0.02482724	0.1122228
0.09472904	0.1223496	0.006559685
0.06224968	0.1142382
0.1340381	0.1826181
0.1563115	0.1626229	0.1011071
0.1897298
0.2309273	0.1726787
0.1957445	0.05135871
0.08271582	0.03456199	0.2237236	0.08038556
0.2084826	0.06971199	0.003250003
0.1797979	0.02695356	0.2048626
0.1129588
0.06738033	0.1245155
0.114374
0.110027
0.07001	0.115122
0.09500942
0.1497072	0.1293482
0.05100726
0.07375023	0.06812797	0.04955175
0.05218531	0.05030607
0.1016017	0.08979023
0.05540384	0.1054513	0.2275168	0.09807811	0.05704941
0.04875906	0.0474956	0.1645039	0.1106615	0.1342288	0.2183017
0.03300588	0.1424951	0.2391279	0.05646772
0.09785122	0.1509859	0.092845
0.01337102	0.1532998
0.02981446	0.2447312
0.008479876	0.1549494
0.02096396	0.1212173	0.3236428
0.01157196	0.2040911	0.1990986	0.04375294
0.02111556	0.278032	0.05779342	0.1677652
0.07736936	0.09465812	0.1948784	0.02521308
0.07666866	0.2036555	0.1071742	0.07946179	0.06868165
0.0005132569	0.2301477	0.04075305
0.152679	0.2112568
0.07656814	0.1560238	0.1600156
0.03095991	0.1726165	0.09027011	0.1100406
0.1502863	0.1261581
0.07934661
0.03642384
0.02559343
0.1238802	0.003223066
0.04437335	0.03344873
0.02881127	0.1622352
0.08806667	0.01225376	0.02509177
0.0281446	0.0492776
0.115115	0.007770009	0.04329094
0.02875028
0.05600429
0.02972191
0.1583943	0.06788551	0.253772
0.1279963	0.02224361
0.09160015	0.04233074
0.04334762	0.07648588
0.09219347	0.04593732
0.07321266
0.1089137	0.06150556	0.04450063
0.01293277
0.03232925
0.03609514
0.02198589	0.07910044
0.0276145
0.0342791
0.06301899	0.02954208	0.08798283	0.117699
0.06249504	0.06089401	0.08488462
0.08223405
0.01638475
0.07016297	0.1539827
0.04771565	0.1221346	0.1102706
0.008237039	0.1276235
0.05307205
0.07107344
0.05276306
0.01276484	0.02801376
0.09078466	0.01426583
0.1487176	0.01056647
0.2965729	0.02551004	0.2478073
0.06346079	0.2572436
0.05051349	0.1705181
0.2193842	0.08170528	0.08650876
0.113456	0.1914157
0.1038005
0.08452693	0.1038642	0.2706695	0.3190178	0.2637841
0.1567712	0.1648923
0.1627951	0.1289654
0.07035361
0.02407394	0.1357699	0.1105128
0.0007561062	0.1609678	0.1134295
0.02425361	0.2036719	0.08822814
0.109648	0.1872643
0.05649141	0.2630667	0.1116499	0.1674735	0.2319817
0.03869991	0.1534093	0.1972527	0.09137743	0.05256186	0.09763418
0.04316638	0.01451411	0.02997121
0.07769778
0.09337602
0.09926622	0.167313	0.2817976
0.02271896	0.2014389
0.02576283	0.1628832
0.01946478	0.1849348	0.1083006
0.06311081	0.1313511	0.003081662
0.1455588	0.1031123	0.02643212	0.1651185
0.1355474	0.1915755	0.07064083
0.06982683	0.1869538	0.2635452	0.1677175	0.1001399	0.3121934
0.083378	0.2285936
0.06966976	0.1353443
0.1260329	0.07990915
0.0594921	0.1283889	0.1069233
0.06476505	0.07614177	0.2524862
0.1138441
0.1146916	0.08072351	0.03148385	0.05158723	0.2396301
0.1157677	0.02065871
0.2276817	0.010048
0.02090525	0.01795026	0.02690428
0.004994026
0.06263665	0.06309769	0.1570813	0.02294879	0.1220054
0.06250653
0.08117779	0.1183734
0.08037697	0.02958283
0.1589848	0.1412704
0.1769911	0.1940962
0.02076122	0.2076281
0.1856408	0.04061905
0.06643423	0.0951452	0.1711798
0.05928995	0.1296032	0.02415635	0.1514249
0.03864998	0.1292487	0.1533025	0.1200118
0.1735555	0.04049534	0.1591086	0.07841889	0.1058077
0.09413519	0.109961	0.1057181	0.1167092
0.0287373
0.02821245
0.03394293	0.1788158	0.1105047	0.1520562	0.002421295
0.1232815	0.008415362	0.1356573
0.01672001	0.1256793	0.07344483
0.01434356	0.1620007	0.08031903	0.0267939
0.03371885	0.07131555	0.04303211
0.03228406
0.09537558	0.02101834
0.120336	0.04896985	0.06026016
0.04216308
0.1374789	0.04643127	0.07684059
0.08373626
0.04847552
0.04627416	0.01712744
0.02381347
0.1322318	0.03328359
0.06698616	0.03463311
0.1107464	0.1550471	0.08959352
0.07347723
0.007626422	0.147599
0.04843544	0.1147884	0.1472649
0.1267532	0.08875042	0.006976964	0.1944037
0.1889644	0.07252156	0.005839177
0.05629499
0.04633506	0.1364721
0.04053573
0.03706084	0.0231131	0.2493668
0.02759822
0.07001744	0.09157213	0.01426439
0.0202216	0.1233271	0.07756324
0.09830619	0.1043842	0.02168785
0.05271327	0.03472144
0.1024557	0.06393462
0.08223008
0.1612427	0.003788416
0.3327754	0.06469928	0.1656852
0.09463324	0.1205419
0.06734329	0.1244385	0.1587201
0.07936777	0.05093926	0.1540998
0.08559385	0.08020007
0.04625802	0.05482915	0.1246159
0.02851493
0.01960261	0.1511406	0.03212962
0.011829	0.07602766	0.0733231	0.01128452
0.08793091
0.09504541	0.08966415	0.1388696	0.0879734
0.04715433	0.08839659
0.05324702
0.0871179
0.2026686	0.07936818	0.001794212
0.06132253
0.08171226
0.1087832
0.07655034	0.126403	0.09636859	0.1302655
0.003063007	0.06566856	0.02308741
0.04754593
0.06784655	0.005226564	0.05255231	0.03080793
0.03537369	0.02807766	0.07254754
0.1620196	0.03037977
0.09679008	0.04044991
0.03601187
0.05063534
0.0002738662	0.1432676
3.398786e-05
2.14526e-05
0.0004017451
0.001226402	0.124813
0.02139431	0.1115916	0.09564669
0.06568834	0.1861246	0.08933429
0.1259507	0.1967048
0.1196996	0.3105953	0.3030644	0.1527473	0.1141093	0.2915958
0.1938611	0.1964042	0.04736074
0.1078566	0.2051175	0.1638085	0.05253866
0.2032501	0.1904396	0.118276	0.1292226	0.1248594
0.02121633	0.1368961
0.1541396	0.09594411
0.02585158	0.1044315	0.07362202	0.02833581	0.0630548
0.05352122	0.06288048
0.0199599	0.09127334
0.01929998	0.1186054	0.1786928
0.079549	0.2681282	0.2160041	0.06946371	0.06789273
0.1255476	0.2604625	0.1019074
0.06076544	0.1368469	0.06429432	0.03026514	0.1154889
0.00769372	0.1804545
0.06042053	0.1228516	0.1296024	0.1404647
0.1370042
0.1988952	0.09511234	0.05880287
0.1796128	0.08630435
0.07954289	0.1791784
0.1205926	0.1938483
0.1048367	0.1592973	0.2348515	0.1729123
0.05859991	0.1994226	0.2278413	0.06056982
0.03445298	0.1141713
0.08963748	0.08957782	0.1207241
0.1482989	0.07189451
0.06705448	0.166861
0.05162792
0.06347816
0.1831375	0.07949562
0.01433338	0.1393301	0.1099503
0.006023198	0.09320857	0.1229645	0.16166
0.002917228	0.112613	0.1129172	0.182071	0.002879533
0.05514581
0.05647795	0.06735847
0.1057087	0.1295625
0.01627673	0.09894889
0.03911594	0.2172512	0.02909927
0.0970525	0.1981046	0.03011879	0.08677628
0.09930398	0.1683442	0.04022089	0.3276381
0.2068322	0.2272687	0.01456681	0.06323921
0.05781331
0.0909446	0.07886688	0.08080634
0.01592541	0.1109294	0.0647252	0.2417348
0.01028579	0.1267194	0.1210334	0.1373866
0.03091161	0.1167727	0.1524112	0.03706636	0.2078437
0.1236984	0.08947055
0.1027359	0.06994027	0.1696725
0.07980752
0.09312005	0.04509916
0.08639712	0.1843562	0.01191917
0.04924483	0.1611603
0.02901275	0.06365775
0.07707132	0.007886563
0.1019225
0.09936327
0.1638695
0.06335421	0.2152422	0.1160621
0.1657845	0.06545168	0.1061029	0.2076508
0.04382102	0.1477745	0.1645743
0.1263021	0.09178422	0.1363475	0.02281611
0.06519715	0.0949941	0.1760782
0.06998989	0.04515387
0.03250244
0.006913518	0.08433518
0.01884341	0.1799592	0.01667625	0.2608921	0.003180728
0.02266704	0.1058161	0.04547996	0.09307012
0.03912749	0.1207279
0.19412
0.1938203	0.1558318
0.08759025	0.1434112
0.1003206
0.173316
0.06021225	0.06090962	0.2206807	0.005376122
0.0466329	0.08751887
0.07089453	0.152644
0.3775342	0.09470156	0.2908954	0.2246564
0.1209706	0.1046519	0.21562
0.1821471	0.1164566
0.1609604
0.1653618
0.1182071	0.2065152
0.2028464	0.2144296	0.02926687	0.1214775
0.2252617
0.2228883	0.1955527	0.1615594	0.2293791	0.2960792	0.1217991
0.2050042	0.21614
0.04324623	0.2426102	0.1440542	0.1164802
0.01785091	0.2871077
0.03488452	0.2632032	0.1729045	0.02481176
0.08518779	0.1985392
0.04949512	0.2375868	0.2446007	0.02123253
0.04336845	0.2353409	0.1463291
0.1191774	0.2179628
0.108798	0.2134304	0.2133699	0.2482616
0.04642047	0.2561653
0.08515531	0.2218925	0.02807446	0.1439022	0.02679952
0.01368572	0.3754036	0.1114269	0.08431638	0.1213697
0.0792752	0.1663759
0.1070096
0.08854209	0.1010186
0.01174965	0.07479816	0.002452687
0.1602906	0.129757	0.07948078
0.04755791	0.06710532	0.1242005
0.02165166	0.1558944
0.03131465	0.1154762	0.0473577	0.1399619	0.1531672
0.143905
0.200224	0.005171742	0.2051622
0.2500261	0.01612149	0.2006686	0.2222241
0.2503209	0.02300587
0.3375903	0.007628271	0.1937388	0.2669277	0.03795262	0.1135217
0.0653681	0.01649375	0.2196268
0.162847	0.162285	0.1109183	0.190241
0.1489274	0.01985316	0.06501761
0.1076016	0.07213907
0.04355519	0.006607273
0.02739017	0.1107474	0.004712884
0.06335698
0.0387769
0.01912412	0.05269334
0.009894899	0.08543036	0.09151548
0.01295248	0.1107499	0.1314327	0.1064086	0.2242704
0.1302208	0.1814788	0.04046739	0.1263119
0.05537386	0.1138898	0.04741411	0.20237
0.02793563	0.1049862
0.007791156	0.07941227	0.2941684
0.003572883	0.0639031
0.1263407	0.02598868	0.1686638
0.09593472
0.03840234	0.08537841	0.03386305
0.1050012	0.04549746	0.08308829	0.09406079	0.02346499
0.07833331
0.07120572
0.04474945	0.0437971
0.01769836
0.02452869	0.09790151
0.05214373	0.06452561	0.05960577
0.06720694
0.0756938	0.04382962	0.05992655
0.07906142
0.06177287	0.08596875	0.1934675	0.0729146
0.08646151	0.03596199	0.06123767
0.04916258	0.02497624
0.1619257	0.03709771
0.02955628
0.02414422	0.08475506	0.2480275
0.03456673	0.01570779
0.04124871
0.1005269
0.0621215
0.0364253	0.1204784
0.02569293	0.1153065
0.05162236	0.03553417	0.04896041
0.1942619
0.2097386	0.1933819
0.1327728	0.1195366	0.1074725	0.1260609
0.1539174	0.02564269	0.2580844	0.1863187	0.09754688
0.1722572	0.2869102
0.01040836	0.1900248
0.03252304	0.1042535	0.2298849	0.2227201
0.0861117	0.1383319
0.03193018
0.04278037	0.03158698	0.03257608
0.06567345
0.2033089	0.1537748	0.02209974
0.01921406	0.1114943
0.1362815	0.13866
0.1168903	0.1479713
0.04808124
0.06833575	0.04340945	0.07142733
0.02089061
0.08875676
0.1444424	0.1106205	0.02827655	0.1300521
0.1669176	0.06333183	0.1189882
0.09172838	0.01308125
0.1206991	0.1595459	0.1324194	0.0588344	0.1223017
0.1646546	0.0972355	0.02858985	0.1236068	0.03024995
0.1906882	0.07161566	0.02145171	0.1291655	0.07564748	0.2477372
0.172419
0.2662356	0.2121919	0.1758049
0.07472025	0.1654391
0.06218964	0.1904626	0.2509922	0.08611014	0.2836252
0.06418811	0.2127065
0.02301669	0.1903
0.07240634	0.2359715	0.06829763	0.2371149
0.07501169	0.1982396	0.08089292
0.03518916	0.3368668	0.1659409
0.1192621
0.06044221	0.1913495
0.1217921	0.1752822
0.1103053	0.1503162	0.1429932	0.01224381
0.1604602
0.02050819	0.1789288	0.1267859	0.2473455	0.02558304
0.03519209	0.140364	0.1069848	0.09014759	0.2063267	0.2220309
0.1043171	0.2002745	0.1392681
0.1153962
0.03011523	0.1135188	0.132723
0.1191737	0.07876147
0.1767054	0.2499002
0.01489578	0.2283455	0.1624775
0.04986405	0.2727953
0.1120052	0.2124074	0.161148
0.04587074	0.2420661
0.09370976	0.2441239
0.1991429
0.1643877	0.1747716
0.1450295	0.1859906	0.1309404
0.1732623	0.2529067	0.2133375
0.08168882	0.2788506	0.1997099
0.1514549	0.2262177	0.1194539
0.06254419	0.1641518
0.02090144	0.1917927
0.09515724	0.2032091
0.04713932	0.2136296
0.05179097	0.2109434
0.1508638	0.2930096	0.2042948
0.01243033	0.200326
0.03340082	0.4154836	0.2000444
0.07428822	0.3113545	0.2272511	0.1627525
0.08218329	0.2116285
0.03190423	0.1386046
0.005478403	0.09486838
0.07123807
0.03051258	0.1094668
0.1085361	0.1605164
0.161816
0.05298731	0.170086	0.1161919
0.04724595	0.1947892	0.07982554
0.09810077	0.2119741	0.1686331
0.0342722	0.2308018	0.1547281
0.1439241	0.1976124	0.02370513
0.09968474	0.2055496
0.1653146	0.1911286
0.08390336	0.2186317
0.08875445	0.2129536	0.003836382	0.08104926
0.01498974	0.236305	0.2687246	0.02215873
0.01939326	0.1656149
0.1820904	0.09750548
0.04655459	0.1998301
0.07101638	0.205076
0.08469695	0.165504	0.04661869	0.209603
0.2347694
0.1837446
0.2193256
0.1811158
0.08416091	0.2194689	0.224056	0.1181069
0.08758639	0.1539717	0.2708652
0.161595	0.1152508	0.2766757
0.05218433	0.2082483	0.1098881
0.04889248	0.09572737
0.06911089	0.0769676	0.03310953
0.055212	0.1442872	0.2421868
0.1180832	0.04541988	0.01913366
0.08789002	0.01453707
0.1060324	0.007829523	0.04070799
0.03581642
0.05197982	0.0312016	0.08447697
0.06060569
0.05195813	0.0884513
0.01608767	0.1480192	0.01709257
0.02544576	0.06952078	0.07704332
0.09155971	0.0865414	0.08300299	0.2838926
0.1411826	0.03078507	0.02466868	0.2010828
0.07817672	0.08457091
0.052374	0.132134	0.1958677
0.01130816	0.02857105	0.1720026	0.03609513	0.2053133
0.047601	0.1515084
0.05760696	0.09276333	0.1224008	0.05723542
0.1405809	0.03445743	0.05325985
0.03559427	0.01757166
0.07043944
0.2054954	0.0673728	0.1552649
0.06607754
0.04491497	0.1404127	0.08480597
0.07438067	0.1324813
0.1510535	0.1059759
0.3435908	0.1201611	0.04482601
0.1783706	0.06209447
0.05873281	0.08686217	0.1423091
0.01383742	0.1616064
0.06932974	0.1711234
0.05052932	0.1353952	0.09664057	0.04882644
0.1270507	0.1990617
0.1407899
0.08192088	0.2035979
0.03652155	0.1729523	0.2084647
0.2752277	0.1993419	0.04666636	0.151916
0.03924801	0.1331138	0.07266449	0.2628223
0.06894391	0.06678079	0.2027716
0.03703032	0.08894931
0.004020049	0.09351279	0.009268394
0.005055143
0.04347975
0.005549572
0.1100942	0.03220883	0.05193264
0.07758935	0.05321885
0.09785462	0.135591
0.13353
0.055027	0.1253082	0.06569165
0.1257199	0.2405279
0.01581144	0.1974347
0.01759906	0.1680138	0.2085007
0.0973566	0.1862218
0.1152178	0.1439633
0.1441523	0.06433812	0.331086	0.3297881	0.1287731
0.09306817	0.2302045	0.1298778	0.1670191
0.08609998	0.1424617	0.0588465
0.1837086
0.1518808
0.1232992
0.1078928	0.183721	0.1027073
0.03199652	0.1255672	0.2521679	0.03096789
0.1062245	0.079392
0.2741921	0.01575942	0.1140113	0.3142283	0.03235062
0.06243633
0.1735865	0.1076071
0.03941202
0.0232112	0.04792128
0.03908118	0.07342899	0.128337
0.03424591	0.1372969	0.1069731
0.03347831	0.03981212	0.1500526
0.1332632	0.06778808
0.06250525	0.03024728	0.08312968
0.06881202	0.01495316
0.09934343	0.03933712
0.06482308	0.06969368
0.02127106	0.1354815	0.01087444	0.07076277	0.2445559
0.051393	0.1110183
0.1138768	0.1033223
0.08328411
0.07929999	0.2632674
0.05780429
0.1065125	0.1372204
0.05092559	0.100292	0.05583268
0.08909598	0.03008007
0.07875591	0.0009248908	0.06280623
0.1056691	0.02789329
0.02205205
0.02841653	0.05728985	0.006703738
0.05316117	0.0391118
0.2172983	0.0193141
0.02800963	0.1235624
0.02328628	0.1286758
0.06440653	0.1171171
0.01608085	0.1914442	0.1057725	0.0551838	0.1798856	0.2741726
0.004134393	0.1564753	0.0346196
0.03369617	0.08703753	0.00165564
0.004974121	0.05800426	0.2956012	0.1639458	0.1679986
0.09918543	0.20984
0.089905	0.2874329	0.1499336
0.1226304	0.3346387	0.2455395
0.0641152	0.2668846	0.06841938
0.1169481	0.1982493	0.2656739	0.1129694
0.1677213	0.2025695	0.1389692
0.1263774
0.1188877	0.258908	0.08331727	0.1812055
0.07443478	0.1579913	0.1558241
0.04908278	0.1978367
0.03589099	0.1878282
0.01435966	0.1645227
0.0937989	0.1834339	0.02383785	0.1855643	0.204785
0.086322	0.1905289	0.06054448
0.04298506	0.1861891
0.2738086	0.1756527	0.1313373	0.1810956
0.1191173	0.150902
0.1684146	0.1611342
0.1715585
0.03618585	0.1810116
0.1089511	0.099378	0.1403064	0.09411597	0.06026057
0.1705494
0.1300963	0.1853123	0.1235142
0.1077489
0.1050541	0.1355114
0.09727997	0.1544802
0.02632861	0.1911976
0.1257641	0.1355473	0.2040728
0.1127883	0.2242252	0.05752133
0.1567868	0.1549897	0.2744701
0.075195	0.1252656	0.1457568	0.184988
0.1135801	0.1345896	0.1359998
0.05373744
0.08108282	0.1919881	0.01397251	0.01960483	0.1006289
0.126772
0.1173613
0.01590564	0.1041205	0.1629939	0.1362043
0.04133143	0.01751843
0.09173889	0.1033611
0.02023285	0.05611999
0.02893521
0.02118854	0.004324542
0.0492725
0.05237535
0.0737264
0.03590378	0.0625749
0.002641924	0.01235089	0.182698
0.04954664
0.01740727	0.1055226
0.003238661	0.03429873
0.06756874	0.02997656
0.09424605
0.08196457
0.02739804	0.104418	0.06421017	0.1006732
0.04483851	0.2515199	0.09760255	0.1652862	0.002597442	0.0462431
0.01188528	0.1258014	0.001999461	0.1418497
0.008150774	0.1439194	0.1235627	0.06409732
0.2229738	0.1640233	0.03017381
0.04231282	0.2032419
0.05781023	0.1910207
0.03216208	0.07147367	0.1669039
0.06365354	0.1468431
0.01752634	0.1378901
0.003250589	0.1488967
0.06835673	0.2434634	0.1743573
0.01440147	0.1239847
0.02286751	0.1327927
0.05922679	0.0591034
0.01404709	0.01195703	0.07691403	0.1145101
0.07231713
0.02853886
0.008944012	0.01639306
0.0310195	0.05655109	0.0602076
0.01461934
0.06251375	0.09290365
0.1066526	0.2364009
0.03757331	0.155186	0.1369196
0.08020202	0.1257533	0.2121422	0.2091772
0.06890614	0.2354787
0.1277569
0.01602308	0.1459234
0.04860662	0.1394753	0.007484749	0.09358748
0.1377891
0.09626089	0.154914	0.09975112	0.1036341
0.02465788	0.06651507	0.2675796	0.07536329	0.2027433	0.09194214
0.04419847	0.1292821
0.1341939	0.06539279
0.07331918
0.04130135	0.02054227	0.02379015	0.1908441
0.09475427	0.0239737	0.06610403
0.1308847	0.05605413
0.1481714	0.05575613	0.1983062	0.1012815	0.02302029	0.08899409	0.08287343
0.2157391	0.2227888	0.07227199	0.1001498	0.2043338	0.1268343
0.09656929	0.2145287	0.2094858	0.01848302
0.2298935	0.04904069	0.1893454	0.0571285
0.03919991	0.1924434
0.3355007	0.02459541	0.2385816	0.08476621
0.07214266	0.1861355	0.02345533
0.1114906	0.1228326	0.04853156	0.1953885	0.01601143
0.09459542	0.1334829
0.07371817
0.06279366	0.01714628	0.1202694	0.1840344
0.08027042
0.02532566
0.03690956	0.1425076	0.03830603
0.479828	0.2774825	0.0583956	0.1342735	0.1338455
0.1244357	0.1044624	0.125053
0.08082312
0.1012371	0.07515837
0.1403187	0.1189827	0.0550638	0.2247256
0.1814847
0.1170969	0.2390714	0.03528074	0.2684509
0.01144712	0.1605183	0.08467532
0.1904191	0.179992	0.114409	0.1101051
0.0446087	0.1441293
0.09287603
0.09389518	0.2774093	0.0758457	0.07654515
0.08105978	0.2248324	0.1467774
0.03735503	0.1801951	0.1029891
0.09832982	0.1610846
0.1203002	0.1584319
0.1846133	0.1394528
0.1976135
0.2315177
0.2136839
0.1596653	0.1993414	0.1034325	0.07655653	0.2116347	0.1850832
0.0693537	0.2256055
0.1644946	0.1768685
0.1943157	0.172587	0.05226438
0.006974435	0.223001
0.01437353	0.1821256	0.2147376
0.006531082	0.2418258
0.001119756	0.2125388	0.03092647	0.08219859
0.0008141726	0.1356128	0.3249028	0.1886265
0.000598555	0.1766057
0.006630274	0.08297865
0.03649814	0.1422942
0.03817516	0.02020245
0.2093471	0.02187166	0.03648284	0.1219393	0.1608275
0.1027214	0.2895103	0.08600736	0.06142251	0.1308319	0.1272469
0.07314803	0.07294413
0.0355732	0.03568125	0.02935333	0.2085902
0.08335545
0.080082
0.01259646	0.03797231
0.08255621
0.09202776	0.1157513
0.1285522
0.0910443
0.09198386
0.05170713	0.1424878
0.02646058	0.07401304	0.1826688	0.08283952
0.05143394
0.08650107	0.1056674	0.07356306	0.09949646
0.09765291
0.1598293	0.003208803	0.1964655	0.1570408	0.1227988
0.1015998	0.2394629	0.1193628	0.02815227	0.09444527
0.02887435	0.1814866	0.01811441
0.1321033	0.1212842	0.08486633
0.08219995	0.04310093
0.126939	0.03636868
0.05866044	0.03282228	0.2875611	0.06352576	0.1139573
0.02292271	0.04362198
0.08211351	0.2271065	0.08613392
0.1143858	0.1826421
0.07567247
0.04227075
0.07287006	0.05774627	0.0109028	0.1611535
0.06790901	0.05180994
0.08715923
0.1414237
0.1088855	0.2340999	0.1857021
0.193557
0.1995199	0.2198764	0.05939202
0.124294	0.2125625	0.009038734
0.146414	0.1143779	0.222534	0.2386295	0.01680705	0.005888935
0.02085573
0.1236084	0.02625928	0.1216904
0.2306137	0.06736762	0.04693356	0.2655117	0.05093933
0.05912378	0.07837948
0.14377	0.03694034
0.005386257
0.02189615	0.1379426
0.08943517	0.03809501	0.09840394	0.2524394	0.05306862	0.1521111
0.02378249	0.02891449
0.1447064	0.03639674	0.01065095	0.2426096
0.09129084	0.007920165
0.1235299	0.03959118	0.007421429
0.1073035	0.03275396	0.05185511	0.05117592	0.1676792
0.1515048	0.05748349	0.08866125	0.01971495
0.1079137	0.06281883	0.01851742
0.03246083	0.08039957	0.02315652
0.03161845
0.01518795
0.06731151
0.07974203	0.1419433
0.1269275	0.07756487	0.2665266	0.100719	0.1195391
0.05672125	0.003906589	0.09652554	0.03911476	0.137548
0.06514097	0.02412472	0.3431339
0.01811469	0.02414188	0.1339534
0.02773483	0.1418361	0.1457859
0.06162546	0.2352274	0.03541207
0.0911625	0.1528742	0.0980688	0.2304595
0.1008668
0.09870043
0.09403681	0.03892119	0.1959121	0.03908765
0.2224815	0.02064271	0.1050794	0.1842096
0.2864513	0.2255334	0.02810558	0.386386
0.2345379	0.01805454
0.2219083	0.09799121	0.04644412
0.1672593	0.01504673	0.1797165	0.06338946
0.1842753	0.1124455
0.1219288	0.1182985	0.1371109
0.1635331
0.05381243	0.2360183	0.1176171	0.29176
0.06439266	0.1404067	0.1338117
0.05555682	0.143327
0.08823652	0.06744873
0.07813816	0.1249966	0.185515
0.07149002	0.2110979
0.08421324	0.2289335	0.3135206	0.07953044	0.2413846	0.09815253
0.07333096	0.3469999	0.245649
0.01812921	0.2995365
0.01159603	0.2704515
0.03356602	0.2251214
0.01224521	0.1157791
0.0124251	0.1831203	0.1201451
0.1123389	0.1133438
0.07126997	0.1976064	0.0942223
0.130746
0.1030233	0.06008953	0.1178041	0.1122099
0.05133682
0.05879582	0.04053441
0.02675737
0.06331118	0.09259453
0.08352554	0.08400603	0.09705474
0.05351022	0.1752702	0.2286224
0.03398199	0.1783806	0.08548445
0.007690568	0.06106878	0.05483051
0.1006185	0.06415447
0.08663273
0.1716208	0.02535782	0.02018316
0.1149888	0.03383875	0.02392455
0.04682969
0.03369996
0.07220191
0.03007205	0.03942838
0.01244846
0.02536507	0.05462182	0.01207203
0.06539936
0.0463702
0.05316175	0.06217289	0.1479582
0.04208877
0.05310758	0.04196735	0.2319809
0.01341075	0.08603461
0.04836404	0.0886485	0.009347381	0.1301902	0.09790521
0.0580752	0.03417666	0.07355104
0.09434339	0.3018471	0.1498947	0.07369387
0.01112783	0.1306311	0.1333756
0.007197377	0.2681606	0.02498033	0.08909859	0.2022303
0.03857736	0.09619624	0.1121516	0.09344294
0.07806652	0.1407793
0.06738103	0.1578372	0.1799321
0.258402	0.02622668	0.1761311	0.1332326	0.05273907	0.105024
0.1438874	0.01539789	0.09212979	0.09202225
0.1959985	0.09132501	0.2306026	0.07394542	0.08227349
0.1086354	0.09032201	0.1674154
0.04747736	0.1299658
0.130432	0.1520087	0.1760654
0.1300706	0.0201989	0.1152449
0.03840434
0.05869923	0.06406462	0.08880514
