MassExtinctionTimes
14.90554	5.981329
1.543097
3.647479	15.24588
7.488665	6.872227
0.3155754	25.63447	15.79381
13.97106
5.798962
21.47093	16.15963
18.31687	1.784625


1.361767	11.36509

2.923455
5.307003	15.02035	15.26055	19.9273

5.279316
5.97305
13.9181	5.534031
27.91226	10.72089
4.481324
25.85597
16.78177	13.00181	5.255055
14.70154

25.33172	1.130572
1.718308




12.97625	17.19581	15.12944
4.869345	2.050452	24.71455
13.56103	25.09887
9.288056	5.728609
28.38659	6.278014	6.81833	14.89395	0.08807607	5.105431
3.242937

3.177515	25.46513	14.68615
14.14692	2.183923
7.046098	3.8307
4.223772	3.361068




15.13455
14.00123
15.1783
2.830755	3.369392	1.688254
6.052841	14.87076	22.32696
14.49372	2.534379	17.49878	0.4349621
2.59907	1.375479
8.011797
3.128823
10.42633

3.707765
7.419002	3.864253

4.564699	14.71734
0.2803128	11.27257	5.008972
4.89915
26.70599
8.400145	0.623962	15.0071
27.59341	0.9540597
0.8547887	14.31557
8.631713
5.863368	5.834715	3.316906	13.46359	18.8497	6.106243
8.805135
4.323635
5.439884	18.29805
9.706938	2.252107
6.358366
27.94995	2.919039	14.7739	11.02233
12.75792
4.128018
0.5732389	14.36317
24.97733	7.383259	7.848859
0.5289952
28.14241	6.050792	15.09873	14.46052

23.06309	5.623602	6.35421	7.241234
7.998317	10.23762
14.56999

11.73484
15.8309	0.6550177	2.668172
12.74555

24.92282	6.449338	5.878437
9.296862	1.552889
6.465014	7.672325	5.913071
20.42236
16.13866
1.033314	10.26393
14.97272	7.858005
4.820204	1.167782
14.5968	25.93448	11.30246	4.903564
17.78446

13.5102	6.530131	3.004036
5.860546	2.583403
4.925121	24.21191
14.20637
2.647385

14.64858	3.308301	6.031332	4.889948
27.90188	9.967493	7.934981
27.49616
18.44331
7.076877
3.435008
3.40704
0.5507716
7.23847
6.515689

21.16659
6.222729	22.48999	19.23779
14.92275

14.54156
13.14007	8.029482	2.766992

12.21007	4.922888	4.388277
25.52821
15.70299

8.65961

9.10214
4.828179
3.088134
5.735772	24.6985	3.353174
13.6807	11.24376
1.915419
3.583132
7.583932
28.3185	6.375096	4.179172
4.469327	7.803847	18.26699
3.41174	5.040425
13.4204	6.864276

1.004305	2.350822	6.128392	8.137969	4.855041
15.04982	16.14455	11.56976	24.013
0.940985
5.237411	3.705466
27.96503
17.55015	0.8534754	1.711794
6.615547
7.596838	6.67101
9.652681	27.55903
6.198705	2.423126	14.56563
14.3013

14.31127	6.189619
0.7900305
6.297434	11.93664
14.36723	2.601546
6.285259
10.76311	1.939415

5.571849	6.395029	24.48646
5.370512
4.628231
16.23442
7.256195

6.062509	11.65151

14.97304	23.05891


15.11273	23.57541
24.90239	24.78578	4.237345
15.20239	7.670949
5.893936	7.376362
2.732612
15.05384	28.18434



20.79494

15.15416
28.03686	4.840241
0.9631126	4.413554	20.26319
23.09798	10.83914	24.77749	9.182662
7.268776

15.19732	25.04742
14.10378	6.407677
6.157974
7.11808
9.602335	11.90988	13.60674	4.343666
7.211714	14.81547	6.031967	5.532549

8.851012
0.04115989	9.302486
2.995972	27.68836	7.322378	12.91103	4.715238
6.69456	14.05519	4.981307	12.63401
5.567295
4.287024	11.23794

4.197474	14.06849	1.954043
5.274021
3.354924	7.787005	3.619535
7.053126

4.194562
0.2285901
18.45801	12.58404
26.50496
15.33743	1.234058	4.153191

6.24696	9.647843
5.364488
26.24345	6.555448	15.71572
5.257911	0.2116037

4.78366	25.96888
15.1311	0.8946985	4.015209

15.20729	5.788755	5.644994

2.693142
22.19859	6.487613
14.58671	19.3125	5.030611
6.918531	1.863103
5.494483
0.8878639
4.178886	24.54509
15.23003	9.003427
2.843631	3.538253
15.95351
21.30327	17.56999
5.870718	3.540494
15.52128	19.11346
1.571511	26.29851
9.004557	9.358592
2.632069

12.37795	5.962494	1.805331
0.5912984	9.912341
28.20063	18.2083	4.772421


6.076635
3.157757

16.88796
14.24363



9.477585

3.894483	24.05876	3.052676
1.900318

11.24125	14.22271
25.14107



2.756186	3.608828	20.84438
15.04078	18.10141	4.867831


1.970168
5.493386	7.680354
14.65556
2.951268
13.61554	10.60229	12.5565	27.46943
14.891
14.3658	7.694961	7.393178

0.2171216	12.20205
10.11033	2.562594
24.71262
5.584053	22.4092	15.78379
6.722755	14.31651
3.316032	27.30407


15.77238
4.643757	3.855333
13.01178	21.4075	3.412667

10.15907	6.286651	3.345155
6.022475	16.11267	11.66115
25.09937
6.715721	10.41714
22.19649
0.7498577	10.37428
11.54412
8.95234	5.718331	25.96615	19.039
6.235668
28.30459	14.92266
28.10482	13.80138



16.61401	26.64085
10.24852	24.43756
3.839755	1.429816
8.009814	15.28062
4.845881
3.736527	15.32963
2.574842	3.521239	6.840966
10.21884

6.308807	14.1169
3.192183	0.4905298
14.73582	14.45026
9.226733	27.08026
14.76683	8.85635
5.704184
14.248	12.68489	7.072371	6.684342
8.863295
17.88778	25.7903

6.530176
21.49276
0.1500278
0.2573871
6.454576
26.17946	8.097692

5.12738	2.596663	1.160716
15.12007
5.454248
6.579167	3.117464	5.001881

4.103446
14.76812
11.82808
5.088984	6.994021
4.59763	5.312798	14.27982	14.86675
21.04877	14.52355
15.48687

13.34913
3.015758
25.6581
5.189265	5.471627
10.79805	5.118084
5.606599


15.89207	3.136723	0.4456491
4.41157	10.7084	5.960229
28.08432	15.50761	7.289942	2.277322
7.255598
21.70649
14.50725
9.3147
14.35784	4.606252	27.24368
25.91959
15.17768	6.34762
15.66198	6.789086	6.092604	22.75581	7.342085
7.07413	7.587123

1.583706
15.11701	4.530293
6.574341


14.48344
14.2548
15.17332	3.407909
6.67818	13.16822
25.51921
6.088895
24.71205	6.490623	13.26183

1.282001	0.1798562	1.841489	15.13808
24.73611
13.62777
6.552029	15.01567	0.8004793
4.355087	14.96711	26.58388
4.46269	4.518366	1.055334
15.01118
2.574422
5.536665	8.780354
5.497718	10.19845

1.143472	4.601976	5.630131
9.496522	7.243641

16.84389
14.48031
8.92636
9.886976	2.102057	11.05032
25.19611
28.3197	8.155909	14.08681

3.82935

28.35729	24.9292	7.252451

8.738843	7.301824	13.26288
11.27011
7.882709	26.58118	10.9295
14.53663	0.457832	8.267647

14.46157	11.59202
10.50717
7.30649
7.271896	6.607542
13.70902	0.8674895
10.55462	20.50921	2.089148
26.2651	13.79235	14.8233
2.208486	6.017883
9.232171
6.165821
7.574777	14.7213
6.759228	16.09551
6.78721	8.714857	21.17171
6.44669
16.87742
4.204563

11.28886
0.04372649	8.778625	6.098444	3.841386
15.53801	5.429077	9.519096	21.03199
24.67302	10.52853	5.694712
3.847754

9.248229
17.16942	20.29362	17.34774

5.085232	7.651154	14.59512
6.006442	1.607757	7.069671	9.735997
5.274213
9.339422	4.474507


15.02975	1.813609
5.729796
10.96214
25.61139	4.122909	27.1576
7.97562	9.681114	7.586357
6.28999	7.549147
28.08862	4.631774
21.43453	6.850748
15.27238
3.997183	0.3875141	17.4085	7.469843




14.36054
8.968664

14.97903	10.15905	3.396212
9.635816
3.771834

26.65271	3.53033	9.426366
2.190856
15.27008	8.283947	7.925863
7.590953
4.495635	1.411665	4.098631
3.24784
4.552837
2.753277	26.43132	5.307278	25.45633	6.771924
25.54774	6.289494

2.839895	12.74024
6.649371
14.97185
16.57056	21.35783
3.891755	13.79386	1.572373
5.105854	14.45217	27.56548	18.03519	3.812343
3.314088	2.699926
14.41421
6.78076	5.848479
14.59787	7.434643
6.109038	6.974024	1.351336	14.46185
14.61824	5.123808

14.09638	14.94213
10.76771
6.444684	17.79646	12.99162	10.30112
14.97481	14.54832
8.116651
9.999952
6.774844
3.679994	0.8874964	3.496639
2.186993	3.897547	3.628043
12.60166	3.336732

0.2217324	5.455443
14.84088	3.517419	26.69247
13.9486

7.739852
5.122854	14.1692	10.33578
6.142531	12.82524
6.514337	14.60482
4.06798	25.95508

3.340492	12.03123	1.473689
4.138928	4.814959
15.19066
3.126722	2.167187
25.51221	3.691353	5.026459
25.54818	12.60358	20.02163
4.640356	24.07917
2.474029	6.391228
5.897989	5.851738

2.974605	5.817771

8.72693	7.610694
11.29141

5.773593	14.623	5.525842
23.64585	9.401723

6.935792	5.035412

8.248025	1.615956
28.33969	4.459337

14.27171


10.78248
22.00143	13.28179	15.06827	26.58424

24.90564




0.1600012
8.123938	2.810958

7.08835
5.693942	14.62017

6.370519	13.39019

10.86774
14.32453	14.03823
8.692642	0.3049349

2.816095

3.328818	7.009494	5.785687
6.798753

27.89003	13.13359
13.95997	6.619082	16.1005
13.06084	3.86699	13.428	7.889037	2.617527
4.379709	18.99821	3.143893
22.32483
14.11609	4.059406


4.668952
0.3067807	15.29933	8.462438
14.88187	1.168331	20.76737
7.770444
8.271435
7.229101	5.168055
12.2029
6.092371
9.184838

2.26025
2.371875	4.562709	10.07759

14.38772
2.438194	4.429125	17.53944
25.81817


4.873184	11.08659
11.15891

3.739422	7.349331
3.367994
3.075148
6.741266	7.569511	5.049523	6.569614

2.082136
