SurvivalProbabilities
0.6517074	0.4265772
0.5199092	0.813423	0.6949884
0.481077	0.9047497	0.5825224
0.628706	0.3848418	0.5645816
0.4524687	0.7253651	0.712346
0.5074305	0.5032734	0.804947

0.4491487
0.4978557	0.9645057
0.8176255	0.2394766	0.9040569
0.2984594	0.5531789

0.8593348	0.7321585	0.5976436
0.4263098	0.1377749	0.4459842
0.6700006	0.5541094
0.8450017	0.6752872	0.9426219	0.4780335
0.7442118	0.9141742	0.5547107	0.6153554
0.518342	0.8850248
0.6644479	0.09394465

0.231534	0.4940124
0.1617148	0.5490588	0.9160186	0.8322232	0.2566442
0.06204694	0.8387028	0.7001997	0.8099915	0.8358808
0.6140176	0.8896141
0.2332536

0.665975	0.9937565
0.4665841	0.5002315	0.8364581	0.8106288
0.4970586	0.8704396
0.2813848	0.1965478
0.5903248	0.1887205	0.4213908
0.3126067	0.1328736	0.5557817	0.8914308
0.5322534	0.4577809	0.845039
0.4096805	0.9320119	0.5860667
0.4224463
0.06006006
0.07048902	0.3618124
0.07204939
0.3011982	0.3538085
0.1817282	0.4572408
0.1126947
0.07004608	0.5580783
0.08084695	0.5628096	0.8442477
0.2521247	0.2315578	0.3250771
0.08218258	0.6762927	0.9140673
0.1941752
0.256969	0.2730576	0.9815876
0.1493746	0.6429201
0.323762	0.7361826	0.9205816	0.4167161
0.09029339	0.6882547	0.9825917
0.02152979	0.4054342	0.7065415
0.3098263
0.1805881	0.1502707	0.6097229	0.8859652
0.05579533
0.1348447
0.2682256	0.145155	0.7666599
0.9944425	0.6938724	0.869914
0.1219136
0.06520992	0.7384407	0.7472598	0.6891689
0.08787712	0.9040774
0.1026677
0.04872195	0.6511661	0.3564394	0.5121326
0.03642863	0.6154431
0.1394734	0.7370022
0.3760253	0.5919584
0.1564193	0.6957083
0.1049736	0.6701095
0.2075345	0.61986
0.134464	0.5640896
0.08113032
0.1855153	0.5562256	0.8299736
0.2187238	0.5327046
0.4550486	0.4943729	0.8057412
0.5178361	0.090003	0.5042981	0.8061217
0.5568303	0.1159096	0.2193904
0.6666743	0.2922236	0.8930552	0.990355	0.3877273
0.1157936
0.02681659
0.5120827

0.3963633
0.8432929
0.3402897	0.7689827
0.2507137	0.7545827
0.5393357	0.7029278
0.5561001	0.5307763	0.7728373
0.4895336	0.2765587
0.5058283
0.4894833
0.7250774
0.9159635	0.04125346	0.9587257
0.3489182

0.9448707	0.9623041
0.9457353
0.3483144	0.5075042
0.3170144	0.5144699	0.5808179
0.2631688	0.5813949
0.4428994	0.7653993
0.2649535	0.6106181	0.783117
0.2704415	0.6419983	0.3732831
0.3171712	0.5206025	0.6581863	0.9404117	0.5694657
0.4231525	0.3965795	0.6074708
0.4419922	0.586029	0.8064683
0.3413735	0.5305397
0.2914963	0.5820852	0.5468088
0.2292682	0.4767134
0.2213699	0.4896401	0.7782769	0.05378913
0.2590816	0.7400514
0.2294235	0.942087	0.9086547	0.1439448	0.9842216
0.1127432	0.8255792	0.6894164
0.1657267
0.1002017
0.1928826
0.2871638	0.836958	0.5335086	0.8832468	0.1114514
0.1619192	0.7794241	0.6322505
0.2998208
0.4177419
0.6776008
0.8226435
0.845068
0.8899283

0.4930431	0.9463509	0.8338825
0.8311782	0.2076226
0.6565938	0.8404785
0.1157605
0.5519741	0.03353991
0.7510938
0.6494719

0.6705866
0.594662	0.928578	0.8869208	0.07430385
0.4348128

0.1365198	0.2809499	0.9570709
0.5011001	0.1240634	0.5698489	0.6688609
0.294199	0.3616404
0.2873063	0.956368
0.3528245	0.6830081
0.1585923
0.07401875	0.8287545
0.05372076
0.7779601
0.9813982	0.9713251
0.2893272	0.8792641

0.182044	0.1633443	0.6714148	0.9259342
0.1169407	0.4715495	0.9513235
0.94246	0.1668367
0.7789393
0.3107262
0.2257378
0.2618335	0.893536	0.6997464	0.8139645
0.161172	0.3587302
0.2775596	0.4792056
0.3220562
0.1778307	0.3224964	0.922261	0.7909452
0.05206756	0.1005709
0.167876	0.5645328
0.2399989	0.6970256	0.4632968
0.9522803	0.2560681	0.3711415
0.5786317
0.4150829
0.937927	0.6277735
0.5135432	0.01979041
0.2654899
0.5551012
0.465773	0.4663218	0.8026907
0.3131189
0.35664
0.1526701	0.03478375
0.6732682	0.3987729	0.629801
0.7577255
0.746363	0.9944234	0.4502316
0.5432154	0.2236576	0.2044813
0.6698434
0.9587702
0.1287272
0.7945676	0.7878881	0.7841545
0.3030827
0.4088748
0.5284021	0.5499819	0.7528459

0.03914782	0.7445815
0.7135739
0.5320638	0.9693623
0.2301464	0.6680952	0.846865
0.4692791
0.2728405
0.6246527	0.4214889
0.4158145	0.3822112	0.5801979
0.2670692	0.3860179
0.8685707	0.8047431
0.7609073	0.3998106	0.9244297

0.6919479
0.5628243
0.4395559
0.6299944	0.9882303	0.5534098	0.6659661
0.8068379	0.6894981	0.09001406

0.8767457	0.6936105
0.6708137

0.2722774

0.923182	0.7028652
0.3564728

0.1908351	0.6548228	0.8190254	0.7047682
0.8293386	0.9764898
0.4089666
0.615215
0.651351
0.585381	0.6736653
0.8904713
0.4045614
0.5888206	0.7575893
0.804209	0.8552397	0.2863046	0.8609508
0.6497976	0.9747344	0.4771114
0.9753919
0.5611944

0.1831744	0.9014562
0.2120333	0.6694478
0.6854035
0.9143854
0.2124108
0.1152375	0.7007151
0.127905	0.1973928	0.6104141
0.03688036	0.9987979	0.530188



0.2408924
0.6093849

0.9741965
0.3363305	0.7825017
0.3569731
0.4598344	0.5868341
0.4627295	0.9431781	0.9851335
0.7398278	0.9099788
0.3375021	0.7035443	0.8252911	0.8662251	0.7771566	0.0003571711
0.5595877
0.6314466
0.3001803	0.631177	0.3855542	0.6181278
0.8624468
0.6968306	0.549445
0.4880495
0.7992276	0.8796262

0.4470406	0.8328266
0.148861	0.4522874	0.7819297	0.9349151
0.2031446	0.5328962
0.2878069
0.9943571	0.9931663


0.07555139

0.4906481	0.8682958	0.8347451
0.709542	0.6378465	0.9062559	0.1711726
0.9242559

0.2870106	0.4986796
0.1515869	0.9307161
0.3166575	0.5395869	0.9618556
0.5693107	0.3393648
0.5554994	0.2017304	0.1448213
0.5615128	0.3494583	0.663228
0.4773216	0.5565576	0.6870062
0.4606319	0.5013519
0.5549438	0.6357052	0.5120804
0.5350998	0.4489067	0.8811538	0.7057486	0.6055191
0.4801646	0.857225
0.5296123
0.4214105	0.8014325	0.2968217
0.2229368	0.5682032	0.5946039
0.449422	0.5906428
0.4498396	0.7136597
0.6259952	0.3208688	0.04306132
0.698323
0.2614855

0.1944703
0.09369198	0.5358901	0.03991231	0.1992181
0.1306076
0.7269452	0.3565807
0.5270638	0.8414734	0.8518487
0.8076258	0.9366378	0.9734387
0.50915	0.3705173
0.2145106	0.7775038	0.7673242
0.6984839
0.34084
0.4483535	0.7608648	0.1218315
0.1052959	0.8603426
0.3130318	0.8946565	0.709354
0.20573	0.4507452	0.9962133	0.8969417
0.1823671

0.9058572

0.5338753
0.7302178
0.2168081	0.7986775
0.6052252	0.8463367	0.7144727
0.9422243	0.5598631

0.7548306
0.2380686	0.4713359
0.3981467	0.9074676
0.1468268	0.2876444
0.1283423
0.9670433


0.7060335	0.2711394


0.7845425	0.4465286

0.7285193	0.9513073
0.07096975	0.3442914	0.3175251	0.8928327	0.7161226
0.2390012	0.9907283	0.9540281
0.1417164	0.8006998
0.1928043	0.8371296	0.655146	0.6868382
0.7219013
0.3248246
0.4700513	0.8856909	0.5858213	0.8172544
0.6417903

0.7704053	0.9660993
0.6057574	0.8817753	0.6476542


0.2814217	0.6627277
0.5602799	0.2100794	0.8205493

0.4398873	0.3836402
0.715327	0.7440478	0.9598226
0.600029	0.4967954
0.4802455	0.3689952
0.4799481	0.8669621	0.4779795
0.6931221	0.9177125	0.05858016
0.3436084	0.8511345	0.9410059
0.4270391	0.8924588
0.4600692
0.7575412

0.7281843	0.6481281	0.8423035	0.9176667
0.4390974
0.3660917
0.987849	0.6485294

0.1901698	0.3994398
0.253851
0.5542005	0.6983838



0.2513745

0.2920084	0.6447166	0.9236661
0.4296072	0.7030551
0.5995291
0.6570358
0.4914294	0.6367661
0.7515189
0.5164836	0.2486582
0.127408	0.6596812	0.9356565	0.7604591	0.5626968
0.7638393
0.110961	0.6873497	0.3580227

0.3891558
0.08590179	0.7827537
0.1712024	0.7003543	0.990156
0.4457691	0.7089948
0.1348624	0.2849714	0.9369533
0.4659815	0.2287987	0.7479304
0.6965673	0.8633538	0.6269135
0.5054357	0.6495456	0.6348034	0.9185099	0.9775371
0.6625516	0.1746112
0.1899275	0.329427	0.7269094
0.6470391	0.7314164
0.3536571	0.1244161

0.9250393	0.4369908	0.908293
0.3677821	0.7876524

0.3117331	0.8976686
0.7320152	0.1155782	0.923617	0.6756664
0.2676726	0.2176797
0.09967875
0.3521516	0.6999103
0.2038992	0.406231
0.235429	0.8157693	0.3756279
0.06594025	0.351722	0.9086347	0.8592256
0.1613744	0.3418788
0.7251192


0.4808401	0.6777424
0.2319128
0.3306031	0.9960729



0.1959083	0.09619578	0.9161169

0.7294787	0.614911	0.3998271	0.9340581
0.5156395	0.9545998	0.7704642
0.1276196	0.6766638
0.08864793
0.2017129	0.7324173
0.1618459	0.4869977	0.9980196	0.9144558
0.4837427	0.08486857	0.2561689	0.6419244
0.2553661
0.4058601	0.2523842	0.9676259
0.116704	0.05034892
0.8903464	0.03136945
0.9091745	0.9886079
0.7822491	0.8127626
0.3824953
0.1227929	0.8434084
0.5280479
0.9577496	0.2053531
0.6255321	0.1774215	0.9936637
0.7087297	0.1701168


0.6790857	0.6210313	0.7343438
0.3801572	0.3244373
0.5565673	0.79271	0.7362181
0.6302119	0.8351619
0.4482956	0.3830873
0.4680955	0.63364
0.931273	0.7662277	0.880194
0.9215526

0.3522683	0.8072384	0.2323633



0.5551984	0.3865829	0.8723973
0.4927412	0.4185991	0.4819167	0.7056032
0.4160138	0.4229136	0.4060008	0.005663966	0.6636221
0.5940416	0.3850485	0.5236197	0.6947297	0.6548635	0.2042055
0.3701735	0.4526945
0.2758764	0.6088446	0.3984076	0.6427781
0.6119608	0.5307452	0.6045544	0.02439709	0.3254201	0.8714429	0.7194864
0.68605	0.3615383	0.5954059	0.7872819	0.09946548
0.5505152	0.5017856	0.502094
0.5345132	0.6566372	0.5324614	0.6418455
0.5183497	0.380919	0.7181499	0.5820629
0.5930525	0.5521298	0.8274088	0.8858911
0.1910733
0.101906	0.4313003	0.519072
0.1103442	0.9007576
0.04634348	0.9745186
0.07784207	0.7381256	0.1152186
0.3733101	0.935671

0.1688429	0.2935842	0.9812158
0.7093924	0.7513153	0.6842252
0.8645432	0.3619643
0.6535384
0.4714635

0.7991602
0.348768	0.6752485
0.2167664
0.2415691	0.3768137
0.2937169	0.2658501
0.4270171	0.7022328	0.3087199
0.4120334
0.3527637	0.4415064	0.7978912	0.864912
0.4609343	0.7543469	0.8490806
0.1785374	0.7650254
0.1444169	0.2008881
0.1117381	0.9523604	0.6434733
0.07733209
0.164563	0.8267081	0.6121775
0.263849
0.4831548
0.3518236	0.5447095	0.4066441
0.3929881	0.5339615	0.05580735
0.4985204	0.07142586	0.8545155
0.270909	0.170967	0.2446789	0.7855586	0.9548248
0.4881158	0.3172955	0.3263644
0.1287892	0.8879553
0.1613297	0.6517515	0.689468	0.8489234
0.1496939	0.2681129	0.7818843	0.9750098
0.08792252	0.4989985	0.4039929
0.1393962	0.5824514
0.1441695	0.5218823
0.04993911	0.993239	0.8865896
0.06566909	0.717082
0.06264046	0.4637595	0.5234419	0.1264733	0.3313468	0.8271588
0.06264046	0.6469527	0.9162674
0.06395763	0.4910602
0.120804
0.1665442	0.6508136
0.1024997	0.3660177	0.7891955	0.9183606
0.09276133	0.4764131
0.08946736	0.4663996	0.909941
0.08420925	0.245874	0.9562352
0.1156386	0.3888815	0.1538981	0.6697528	0.810846	0.5942588
0.1208028	0.2838669	0.1240385	0.2805037	0.2539337
0.09362946	0.3333151	0.05746185	0.9328174
0.1087801	0.2979539	0.1966107	0.3252238
0.09611291	0.3298696	0.1145557	0.6289157	0.974282
0.08441055	0.3202771	0.1813148	0.1552408	0.7206217	0.8729435
0.102797	0.2310873	0.4961812	0.202045	0.9663207	0.6860734	0.7084303	0.6134378
0.1231976	0.3303882	0.2100948
0.1411542	0.4362582	0.327515	0.9558568	0.861855
0.1222682	0.3937791	0.1589889	0.6285943	0.6616306	0.8756429	0.6893843
0.1386828	0.6226441	0.8017861
0.2040278	0.5471343	0.3590248	0.5887232	0.6416851
0.2404084	0.5650237	0.6705103	0.9718799
0.08546846	0.5191271	0.8638267	0.8767964	0.1831118	0.2844237	0.7154036
0.1564346	0.5547159	0.1835109	0.7393163	0.9575989
0.16333	0.274397	0.05921878
0.1537581	0.5084782	0.1170509	0.8520918
0.1426948	0.4320731	0.4571394	0.684818
0.1050295	0.07749348	0.6157548	0.9132223	0.9103005
0.1459985	0.09288173	0.6571566
0.135569	0.2212237	0.3846426	0.6835421	0.9474793
0.135569	0.0705618	0.7967496
0.2915207	0.1668851
0.1152312	0.1530662	0.4888822	0.9369551
0.1740531	0.3310966	0.4720978
0.2287234	0.234446	0.2590605	0.568845	0.7148279	0.9393919
0.1968802	0.4371769	0.671427	0.7835229
0.3228035	0.69084	0.6627514	0.3905115	0.6164571	0.507193
0.1173899	0.5529496	0.788776
0.1562521	0.4164807	0.7958507	0.3914664	0.8080362
0.1562521	0.4556635	0.2242263	0.2209461
0.135164	0.4516018	0.8317692	0.1369942
0.1242159	0.5023667	0.7269061	0.8635353
0.06871153	0.4350413	0.6457348	0.8068949
0.07653794	0.357495	0.6107823	0.9385255	0.8862368
0.1005488	0.5188816	0.9264536	0.08184958
0.05963702	0.6508231
0.05758763	0.8063075	0.4858208	0.8956091	0.8559066
0.08690713	0.338913	0.9893684
0.0771574
0.1166675	0.9920079
0.1820875	0.6094468
0.3072495	0.5852311	0.4405563	0.7426463
0.1223162	0.6314271	0.3262128	0.189878
0.1077082	0.640067	0.3729215
0.1065957	0.4612644
0.1367581	0.4887384
0.1717115	0.8444987	0.9243222
0.149355
0.1040054
0.1573457	0.6164825
0.1216271
0.1700664	0.7852658	0.388585
0.1664583	0.413569	0.4084945	0.7781127
0.1338181	0.6834199	0.5122242	0.442506
0.08303406	0.5536428
0.09174572
0.2902075
0.1144149	0.7202095	0.04872789	0.8061302	0.4616216
0.09292789	0.9579724
0.1492088	0.6294843	0.4537166
0.134949
0.2573045
0.1657876	0.02340098
0.2391944	0.2021548	0.8939243
0.5299224	0.4097471	0.2648907	0.03604978	0.2456096	0.8304334
0.1518557	0.1463761
0.1131838	0.1929834
0.1317827	0.4768294	0.788272	0.07575153
0.3512416	0.745988
0.6808029	0.6946051	0.2897831	0.7386038
0.3635067	0.2416907	0.317234	0.3403211
0.7216728	0.2543663	0.7418018	0.4341412
0.1578097
0.2893797	0.8306167	0.4509397
0.2368316	0.8920589	0.03660051
0.1488904	0.6947927	0.3761097
0.1520924	0.9289112
0.4002414	0.3680337
0.1869787	0.639542	0.8067156	0.9921345	0.7024874	0.2362496
0.2287765	0.6759881	0.5672965	0.06269821
0.3492016	0.3504489
0.2244302	0.3346424	0.2729581	0.2401706	0.6941593	0.7623783
0.2659516	0.2161614	0.4280214
0.1241382	0.7668909	0.8047217
0.164632	0.9798009	0.1054887
0.2534618	0.2856029	0.7127541
0.1394164	0.3136819	0.2322276
0.1130441	0.9513982
0.09966342	0.6511623
0.09174402	0.9334439
0.05230067	0.7744956
0.07316328	0.200241	0.8150931	0.8713318	0.4347228
0.1186994
0.1451152	0.8040405
0.03855551	0.4366526
0.2012355	0.4916401
0.1430759	0.3177706	0.6677347	0.7157505
0.185068
0.09392666	0.8757339	0.6575289
0.05833656
0.05721263	0.6623931	0.4393062	0.1162068	0.5074211
0.02768853	0.8132802	0.5900573	0.7616337	0.6140881
0.05752567	0.2417366
0.05191149	0.75967	0.7238021	0.6819127	0.543856
0.04345858	0.3242048
0.05395317	0.4038412	0.7483344	0.06259179	0.959743
0.07277124	0.4558231	0.6593666
0.1311035	0.3338018
0.07386651	0.4222862	0.8075924
0.04240659	0.8137354
0.07393019	0.07681078
0.06130208	0.9294218	0.2472198
0.06582067
0.09638777	0.2370812	0.6238382	0.6478446
0.1063685
0.1415167	0.9032152
0.1004784	0.8180084
0.08249877
0.08539175
0.1258779	0.8305794
0.07549405	0.3110543	0.9064498	0.7901228
0.1138783	0.8185892	0.8826215	0.2163672	0.8834786
0.07172598	0.06990576
0.09014601	0.4678045
0.1451102	0.5123462	0.8087187
0.203345	0.3891689
0.105133	0.4697002
0.09334359	0.4427799	0.8017371
0.1253182	0.6907655	0.7028097
0.1674957
0.2058411
0.07357025	0.3663894
0.1025255	0.3856191
0.1062985	0.1157208
0.07405851	0.1672623	0.6639508
0.07405851	0.3285182	0.6548957	0.4313202	0.3018387
0.06042461	0.2983408
0.0825027	0.07953049
0.07195703	0.1900757	0.4680951
0.02747091	0.3410409	0.7208734
0.02817862	0.4814516	0.2804516	0.186943
0.03764844	0.5866959	0.3829019
0.05845736	0.2748378	0.05189024	0.118578	0.8121956
0.05465259
0.09055448	0.5884866	0.7566826
0.07573062	0.2146746	0.9187178	0.007067906
0.1052126	0.6837951	0.8455618
0.1329057	0.6948119	0.5601328	0.638014
0.09069164	0.2496866	0.7747906	0.5105199	0.4106355
0.06392471
0.1106738	0.9267465	0.7585775
0.06628017	0.9898508	0.7288542
0.07841424
0.1228479	0.3322183
0.06411083	0.3770384	0.6258484	0.9336811
0.1622153	0.2546815
0.1518948	0.5410114	0.1704966	0.7946264	0.6339473	0.89274
0.1579115	0.807376	0.5209772
0.1921936	0.4225547	0.8598727	0.1169301
0.2292822	0.3661353	0.6504993	0.02912935	0.1440088
0.2458125	0.453216	0.2004652	0.5062887	0.3811382	0.9144266	0.801192	0.252994
0.1856376	0.1642843	0.5585158	0.7858135
0.200322	0.05114752	0.2669672	0.9568357	0.681202	0.8119199	0.7570739
0.3170173	0.2639458	0.5604151	0.3086078	0.8782387
0.1122094	0.8247794
0.07389632	0.2058895
0.112185	0.01897056
0.08090798	0.8392831
0.1824622	0.6260122
0.1542918	0.3124431	0.09813597	0.8936464	0.6694287	0.9553047
0.07668167	0.2967858	0.8862797	0.7884777	0.8738216
0.05812578	0.5663534	0.9961558	0.3775684
0.05809859	0.6614716
0.05848634
0.06137891	0.5328791
0.0762065	0.5049808	0.9079174	0.1509182	0.8784735
0.1119996	0.7788005
0.1012986	0.09404769	0.6300458	0.8742865
0.07953228	0.5056988	0.5843347
0.06509386	0.8365687
0.06548766	0.3606919	0.9618219	0.8145975
0.0507064	0.6351772
0.02818218	0.6676613
0.03362006	0.6126418	0.944181	0.7028334
0.05057964	0.6853448	0.7609567
0.06058481	0.7857509	0.8544542	0.3797429	0.3305542
0.09339766	0.8327946	0.2564759
0.06307753	0.4618503	0.473747
0.07765034	0.5985822	0.3927607	0.4790013
0.07765034	0.7494472	0.152766	0.5082308
0.09743936	0.5825466	0.321588	0.3076214	0.8853869
0.1422103	0.5169461
0.07239871	0.6899909	0.5815791	0.2474121
0.06913648	0.8951352	0.2393146
0.03768753	0.03939539	0.758663	0.7836559
0.07933306	0.7048075
0.06128718	0.2314684	0.6856849
0.09323507	0.2311872
0.112303	0.3001048	0.9650413	0.9648777
0.1044173	0.3728262
0.1204696	0.4741207	0.2988028	0.4159889	0.9143736	0.6812636
0.09585028	0.2684598	0.6048435	0.8176879	0.8467596	0.3011401
0.09312287	0.3457773
0.09312613	0.5747563	0.611148	0.6103041
0.2488162	0.3237559	0.7359736
0.1287553	0.2617101	0.7281087
0.1272763	0.8135091
0.08931535	0.6442579	0.5508015
0.0547547
0.06750809	0.7642064	0.5537733
0.1245377	0.5395231	0.4311331	0.8603301	0.8089057
0.1144317	0.4166441	0.5350724	0.07632129
0.07268609	0.352116	0.1542116
0.104357	0.4270329	0.6490363	0.179183
0.08747359
0.06558231	0.8171023
0.1087041
0.1680433	0.7250945	0.945845	0.2622246
0.1484235	0.98986	0.2132357	0.8245272
0.1538002	0.1091834	0.5648894	0.9647619
0.1406522	0.3059725	0.843577	0.06536515
0.1235481	0.7154375	0.2674132	0.2505186	0.157326	0.5505429
0.1018659	0.3345986	0.4166971	0.5717312
0.0934524	0.2784699	0.1277406	0.5897074	0.6021119	0.8225322
0.0934524	0.3760961
0.1234489	0.04306269	0.4823832
0.1188719	0.2428257	0.00983002
0.1688638	0.5757957	0.3632388
0.2043217	0.431711	0.7432006	0.07268308
0.0891335	0.7404183	0.6151954
0.09610445	0.227493	0.5050218
0.06731615	0.1561357
0.06616193	0.1254937	0.3377047	0.7728328	0.05143882
0.07885263	0.1576056	0.5552073
0.0599057	0.1249464	0.1723215	0.3905415
0.0599057	0.4631919
0.1142282	0.1390408
0.081797	0.1051227
0.05880302	0.1458514	0.80984	0.764524
0.0888623	0.2340689	0.3829781	0.3385654
0.06033544
0.1244871
0.0967295	0.853699	0.4967348
0.1140956	0.2146517
0.1335349	0.1282802	0.6119375	0.2173102	0.8193104
0.1134658	0.02366881
0.1302129	0.06094785	0.6762057	0.683326	0.7508262
0.1671752	0.04239518	0.4711463	0.1530334	0.1582602	0.5775894
0.1671752	0.102802	0.5878808	0.2708651	0.359043	0.002932673
0.04941326	0.03073251	0.38982
0.03771772	0.2572433	0.5022341	0.9793563	0.4875765
0.06373758	0.1528488
0.06206885	0.1103144
0.03805365	0.1031191	0.5447734
0.04200932	0.2673676	0.2823463	0.4249516	0.2988456
0.04493752	0.1556957	0.6175306	0.7114711
0.04673314	0.1286294	0.1741442	0.94212	0.8708977
0.07060755	0.1042241	0.4158817
0.05217038	0.391236
0.1005333
0.1178164	0.2348221	0.6930251	0.5957263
0.2102669	0.05806973	0.2993599
0.2014838	0.9218756	0.8095402	0.6244727
0.09524435	0.5684309	0.1655644	0.3531604
0.05320533	0.08855102	0.7005021
0.05320533	0.2255526	0.4763377	0.7847592	0.07514247
0.05320533	0.599305	0.864322
0.1117257
0.1128761	0.9193422	0.3294174
0.1007962	0.5892468	0.2524472
0.1097222	0.1431064	0.8266161
0.2027834	0.2267221
0.1762437	0.3715935	0.5221061	0.5431625
0.1053504	0.05905553
0.07511604	0.9959177	0.1952839	0.928399	0.6100869
0.08367655	0.3794442
0.04633992	0.2640947
0.1362203
0.1520472	0.722847	0.3883839
0.1440608	0.3682916	0.7521405
0.08141459
0.07806332	0.2368944
0.08240771	0.1125504	0.1477431
0.1089644	0.3820968	0.1024902	0.4879253
0.07034854	0.04968969
0.07071247	0.1205799
0.05469597	0.2955148	0.8055311
0.05887496	0.3030945	0.9752276
0.09480698	0.2825307
0.08001997	0.1280614	0.5314811
0.09761992	0.1276134	0.3623186
0.1752034	0.0552523	0.8956397	0.7548509
0.1628802	0.1254418	0.3947706
0.1560976	0.1140235	0.7569695	0.8214078
0.09447726
0.1279979	0.1201964	0.3349504	0.8851278
0.1116463	0.3516553	0.8748017	0.9009249	0.2137603
0.09360188	0.115522
0.1104638	0.5344887	0.5968038
0.1070531	0.1776402	0.4329034
0.1339426
0.1410554	0.7114435
0.1410554	0.3484307	0.3224288
0.2256	0.4969561	0.08027207
0.1981097	0.5894344	0.3465723	0.4964645	0.7424833	0.4589773
0.1814025	0.7141449	0.001209094	0.2593526	0.7825117
0.1275961	0.1291941	0.3278004
0.1533425	0.5010762	0.2613887	0.8308607	0.02732659	0.4014751
0.1311889	0.3096796	0.7341805	0.4462469	0.6735277
0.06823156	0.3335496	0.2206361	0.4192052
0.09656898	0.5400257	0.149804	0.09333562
0.09300782	0.411732	0.3492546	0.3098745	0.9371802	0.6419356	0.8827179
0.09300782	0.5780535	0.05871748	0.7378268
0.1113231	0.3486623	0.3857388	0.2366735
0.1114234	0.6761386	0.3126092	0.9907824	0.6699452
0.06705369	0.6672085	0.1329213	0.8937996
0.062855	0.1322253	0.5559453
0.062855	0.4027792	0.05818543
0.05444002	0.3594608	0.06248013
0.1150481	0.08979274	0.947774	0.651367	0.359457
0.1204217	0.2071305	0.4588715	0.6822831
0.09319093	0.1974048	0.6354504	0.5925841	0.3446391	0.1197069
0.1468244	0.118497	0.5750928	0.6342323
0.1477394	0.74095	0.180611	0.8469075	0.5963465
0.1299752	0.107299
0.1325378	0.1222269	0.3489882	0.1077273
0.1350327	0.2566186	0.559508	0.3786068
0.1661608	0.0890623
0.2407774	0.1049604	0.8931349	0.9360376	0.9882223	0.2541344
0.1175571	0.01803167
0.178706	0.1199483	0.24617	0.2047189
0.06270049	0.05737549	0.3248524
0.1059707	0.1701684	0.4546466
0.09672028	0.07847711	0.4298508
0.08989715	0.1507977	0.3314611	0.7253419
0.07023826	0.06521522	0.6147822
0.06730636	0.2834296	0.606767	0.9589468	0.8282649
0.04768786	0.2114783	0.8579747	0.2198614	0.7830211
0.04768786	0.09839365	0.2263347	0.4726165
0.03713999	0.3396225	0.7524377	0.3975324	0.9342374	0.9973659
0.05491259	0.6994608	0.05704159	0.3748503	0.8690704	0.7722805
0.05432264	0.07445657	0.4516438	0.9506187
0.05920107	0.1488839	0.9960969
0.06915659	0.1673278	0.7623282
0.08066941	0.1066521	0.1669012	0.9054859	0.5630684
0.06015208	0.4291724	0.3059984
0.06015208	0.3579732
0.2057571	0.4815291
0.07284879	0.111467
0.1569629	0.3753812	0.3756473	0.6679266	0.5785851
0.1031861	0.06181897
0.1467761	0.2917818	0.2890439
0.1596497	0.1545278	0.2942372
0.151457	0.3163327	0.7743113
0.2813317	0.5446609	0.4611572
0.2041997	0.3972268	0.4493752	0.2898495
0.1106582	0.354162	0.9171059	0.9797963
0.1072184	0.5196561	0.2786522
0.09203096	0.08181065	0.9340013
0.08061447	0.456591	0.5427339
0.08393083	0.1284876
0.2246878	0.09551933	0.9196303	0.04600854
0.3190362	0.1663588
0.3938995	0.06941423	0.9514819
0.6824962	0.1101628	0.7412444	0.9802745
0.5064247	0.2254679	0.2549108	0.8501155
0.09369789	0.2500128	0.8024773	0.4914793	0.8375707
0.06464541	0.3517093	0.4548122	0.5170215	0.53331
0.06532147	0.4379446	0.5628723	0.3040798	0.2180216
0.05900359	0.5087966	0.6664816
0.7203823	0.5070417	0.120279	0.8904303
0.5507831	0.3965556	0.3547641	0.3362041	0.008627649
0.1833961	0.2033408	0.7142147
0.3549093	0.6862681	0.3198423
0.1649926	0.380868
0.1601068	0.7856653
0.1320633	0.1842248
0.1796282	0.5720317
0.229613	0.8456916	0.3349244
0.1762816	0.9180335	0.5244706
0.1522659	0.148895	0.9815743
0.145211
0.2432854	0.9326851	0.1015085	0.2974429
0.3696886	0.6769691
0.172393	0.1433137	0.1945701
0.2538344	0.3898845	0.9485456	0.7766601	0.878025
0.1727502
0.163396	0.9304648	0.852855
0.1170006	0.3222915
0.1704823	0.6838971	0.6587783	0.9807996
0.2781267	0.6478314	0.6877067	0.4631837
0.3110959	0.2797715
0.8924742	0.8271152
0.7381266
0.4380594	0.1117279	0.976445
0.1461674	0.2356747
0.1368462	0.3683451	0.5919806
0.6816477	0.4435096	0.5066322
0.3477143
0.3784397
0.5248506	0.04353724	0.5529301
0.5205728	0.4789055	0.4320428
0.5525791	0.515617	0.3915032	0.6525591
0.5530041	0.5309506	0.3098112
0.4683982	0.7712571	0.776386
0.4565283	0.7330105	0.6342274
0.3250075
0.6944515	0.572496
0.7328925	0.7640415
0.5148615
0.6405528	0.04840525	0.9032106
0.4923746	0.3795267	0.6501502
0.8240769	0.06934043

0.9665863
0.6343696
0.6228802
0.9555678	0.1594395

0.2639154
0.6006722
0.6300246

0.2402912


0.7480438
0.9211405	0.4331378

0.5951168	0.5485526	0.8415424
0.5304977
0.7189199
0.9077387
0.5469234
0.1747659

0.368802	0.9655179
0.7037814	0.6625049	0.3837075	0.8987532
0.5669744	0.4553372	0.5280357

0.33179	0.7149213	0.05899587
0.2025127
0.2318845	0.8202472
0.5868029
0.3915563	0.8470012
0.6711259	0.6914297	0.8000809

0.0312922
0.5488395
0.5325312
0.9764697	0.9181436	0.7659868

0.7968111
0.5936863
0.005748876	0.9110396
0.7570392
0.04035003

0.4515543	0.2973552
0.4190491	0.4036464	0.9038707
0.4374148	0.8225209	0.9185709
0.4747522	0.884063	0.928039	0.5941805

0.6301414	0.939299

0.6875611
0.6186444	0.6805562
0.3670225	0.5532108
0.5569342	0.5140485	0.5467487	0.07763359	0.9987503
0.4846994	0.4690364	0.6824699	0.7728038
0.6885218	0.8388308	0.9429522
0.3504768

0.8987531
0.7034435
0.5809338	0.6954981
0.9121979
0.5344323	0.1744169	0.6666128	0.328271
0.6476732	0.07535479	0.9469795	0.7363605
0.2939647
0.2819613	0.890019	0.8785862	0.5459362
0.1124741	0.9096945
0.706763	0.6551461	0.9600995
0.2634445
0.29507	0.8151213
0.1415215	0.5528237
0.4225138
0.5208811
0.5014996	0.2734594	0.7749978	0.9440559	0.628064	0.6641613
0.4264652	0.7615654	0.9315487
0.4736493	0.2907089
0.3831622	0.8819168	0.1517854
0.07436698	0.7760855
0.08772686
0.14325	0.6107337	0.6957201	0.8812498
0.4620219	0.2618773
0.4745872	0.3296454	0.9965899
0.4980813	0.157423
0.5686268	0.3745652
0.7248216	0.2625516	0.7296597	0.9691875	0.4805478
0.5198882	0.05901464	0.7857428	0.6466206
0.08734687	0.477467
0.1208678	0.8948942	0.4239796
0.0727276	0.469108	0.5456618
0.1141399	0.6221037	0.9932679	0.5294689
0.2731682	0.1613203
0.6558565
0.5046469
0.6625694	0.03945708	0.9849026	0.7722845	0.9630556	0.5228021
0.04193616	0.5994687	0.6617282
0.07202064	0.2769414
0.4581023	0.08057741	0.9502348	0.05403165
0.4215418
0.3595039	0.9947662
0.8685383
0.1689172	0.3430936
0.4869475	0.7114781
0.1250238	0.757596

0.2413253
0.3524189	0.6733656
0.4297253	0.7796932
0.7426551	0.4056141
0.03872827
0.3073587	0.8144912	0.906405

0.8954526
0.842105	0.198858

0.9100698

0.950207
0.9021104

0.9333484
0.1649912
0.5815403
0.1106714
0.1978926
0.08461931	0.8408542
0.08804381	0.9972997
0.179146	0.8639455
0.8901047	0.1069413	0.6928199
0.08407512	0.7136068
0.09497682
0.05934962	0.857173
0.4705926
0.25505
0.6473572	0.663937	0.7396113
0.7114412	0.8957375	0.5451505	0.8945024

0.383373


0.5154338
0.2932088	0.3647504	0.691826	0.3440714
0.4615956
0.3343765	0.392242	0.943105
0.5311753	0.2557726
0.4022564	0.3467344
0.4710057
0.6237574	0.8346085
0.4059019
0.6457752	0.4424564
0.3686775	0.7206491	0.7890143	0.3995945	0.4094457
0.4663921	0.8633355

0.9058269


0.9639706


0.8873329	0.7471974
0.2638279	0.8748104	0.8453006
0.7908047
0.7036141	0.7954567

0.9079582	0.7078002	0.6768191	0.2338088
0.5229214	0.06666949
0.8419781	0.7090419
0.6060576
0.2875912	0.5574435	0.8060393
0.9087946	0.3561484

0.8472563
0.8003807	0.5595442	0.2691191
0.3307167	0.5980356
0.2114903	0.5394719
0.1660656	0.5845504	0.2362495	0.7978542
0.610955	0.1314428	0.8900884
0.6956102	0.2171433	0.1872771	0.5836573
0.4963452	0.3408594	0.1520816	0.895198
0.4264287	0.7998438
0.4843217	0.7769019	0.61674
0.6123947	0.7655908
0.2368786
0.2006623	0.5147625	0.8785091
0.04210711	0.433457
0.107131	0.549306	0.9617247	0.8913703
0.9771083	0.7888109	0.9455794
0.9914355

0.5885322	0.881795
0.1530755

0.3916595	0.3025013
0.7819734
0.8304814
0.1019508
0.2835957
0.5226634	0.9262064

0.7561116	0.9067131
0.4096929
0.8008182	0.3299033	0.6701495
0.1394287
0.7877819
0.4750175
0.508225

0.8209546


0.1532918

0.6534793	0.2525079	0.960191
0.5446085
0.9723395	0.2476471

0.4201999	0.607258	0.7777117	0.6669135
0.5290208
0.1197377	0.7920335
0.1736568	0.2877471
0.5634832	0.02532515	0.8596669	0.1336013
0.5518128
0.7690458	0.9040539
0.7237672
0.5324104
0.6978089	0.4402808	0.6807221	0.6876613	0.9499689	0.6488096
0.09318159	0.8686207	0.177654	0.8875687
0.5586639	0.4150269	0.3356254
0.3294344	0.4126529	0.6494721
0.5127054	0.2564932	0.45823	0.4630185
0.04247762	0.2373654
0.2626797	0.2245658	0.9074198
0.09078624	0.6584875	0.9400957
0.9620362	0.8453476	0.8772596
0.5060696	0.02307715
0.09574717	0.7752623	0.3664872	0.7200175
0.2773695
0.2546542	0.2414826
0.1437673
0.98777	0.7120571
0.2327576
0.3574954
0.2821326	0.2524572
0.2921013	0.06604615
0.1086773	0.5457838	0.8580407
0.1626374
0.0709512	0.3209979
0.1601976	0.2213817
0.1687382

0.07955531	0.6476508
0.3900447


0.5644116
0.2494493
0.7399067	0.4996982	0.962795
0.4702558	0.6880979
0.8237571
0.8509621	0.3216628	0.9976246
0.444909	0.6933816	0.7828262	0.9022372
0.5013481	0.5927711	0.684653	0.8475325
0.5055587	0.6831829	0.6362549	0.9395456	0.8891552
0.9282389


0.8282014	0.6443536	0.455905	0.9770972
0.3565332
0.8545807



0.6029916
0.3076271
0.8237877	0.735954	0.06384112
0.6880653
0.7050195

0.5623844	0.5780793	0.3269251
0.3692327	0.6190276	0.3029517	0.5283967	0.750246
0.2241239	0.6028908	0.9334721	0.4309353
0.4432236	0.6336814	0.405069	0.7650914	0.2884077	0.9636105
0.6463089	0.4191431	0.5190914
0.5768162	0.4919686	0.560836	0.2925542	0.8609901	0.07027463	0.9138354
0.6617361	0.675585	0.7088926	0.4393112
0.5619292	0.3765854	0.5023889	0.4465262
0.7664918	0.6206796	0.6203367	0.09399588	0.2224767	0.9326288
0.3473308	0.1743065	0.844406
0.4388191	0.02057818	0.6442732
0.398057	0.1382459	0.7343022	0.3008527	0.6174037	0.3359422
0.4247372	0.5982459	0.7302684
0.5757721


0.3844656	0.954342	0.830218
0.3083086
0.3383347
0.6946572	0.8141706	0.08712399	0.9661529
0.236205	0.7581685	0.2057488	0.2442256
0.3234042	0.69887
0.4690826	0.8406444	0.8891285
0.5623604
0.9603598

0.5395277	0.4967524	0.898022
0.7066533	0.3357241
0.5145251	0.7760421
0.6031552	0.9377404

0.4401891	0.1221434	0.5152147
0.05608937	0.4941369
0.2843682	0.7817187	0.383663
0.08280292
0.09241386	0.571526	0.6395198
0.1305356	0.7103037
0.02972451	0.5397268	0.8850053	0.3445422
0.06250449	0.5714295
0.5808117	0.4739938	0.3678449
0.5512296	0.07475827
0.6461921	0.1967754	0.9222816	0.09552936
0.603088	0.278588	0.6959172
0.6206281	0.109231
0.1013035
0.2855632	0.2853257
0.2259611
0.2124985

0.9985643	0.7275766
0.9413174


0.6314023	0.9241894
0.3922908	0.3794961	0.7243381
0.3218052	0.3179322
0.7615622	0.6639465	0.447665
0.8996321
0.4991834
0.954635	0.3650074	0.9113742
0.3286853
0.1685529	0.6988951	0.8932798
0.1209691	0.6885339	0.1876193	0.7090339	0.6471179	0.6725967	0.2253407
0.3289835	0.4616298
0.05556728	0.690503
0.03691087	0.9306599
0.1999317	0.5597978	0.3964052	0.007004256
0.6317748
0.803549

0.9811427

0.8914688	0.5918405	0.2776528

0.7230004	0.4082435

0.9489928
0.1502576
0.6745177
0.7225611	0.8880559	0.7743217
0.7591992	0.6609967	0.5013737
0.6621266	0.9795073	0.5518055
0.4743897	0.07092738	0.4207662
0.6825439	0.0282131


0.3901631


0.3193607
0.5559127

0.6839765	0.8791818	0.4278192	0.8967759

0.3835045

0.9147847	0.7442652
0.5014976

0.9734178
0.6064097	0.9835021	0.9952832
0.6079205
0.5408399	0.4843347

0.5836805
0.7481183	0.5407458
0.4322123	0.5559049	0.6595873
0.7989646	0.446047	0.7539541
0.3937287	0.2142773	0.4625104	0.809961
0.7266087

0.4520926
0.9611371	0.745535
0.2431506	0.3383473	0.8350386
0.2525144	0.9356248
0.7151929

0.5084617


0.6511808

0.7187983	0.6721129	0.583838	0.8122628
0.4286759
0.8904043
0.5045194	0.9040387
0.7463614
0.532054	0.8474724	0.9642937	0.05355189

0.2279106	0.8806301
0.1635487	0.8605062	0.6660872	0.4801488	0.965356
0.6068266	0.02145098
0.4652366	0.6845458	0.6652728	0.3076403	0.909392
0.320451	0.2099012	0.05360347	0.3743859
0.1398528	0.08523763
0.1762566	0.6062865	0.5255264	0.6718655	0.7652294
0.2241138	0.4456054	0.7210894
0.2454914	0.2498966	0.5324493	0.8375594	0.5519168	0.6863985
0.224291	0.4434645	0.4500689	0.2135303	0.7039653	0.2117609
0.3789326	0.4429494	0.5538053	0.3946047	0.9608257
0.7330562	0.6621242	0.3565807	0.4824631	0.4277989	0.6010625	0.3062442
0.4329717	0.1139016	0.7387648	0.5787904
0.4653395	0.07756798	0.4352466	0.6465862	0.9347676	0.329304
0.4876331	0.1076371	0.5637179	0.4941101	0.8399912	0.5508453	0.9953572
0.4959178	0.1566018	0.8116449	0.8344876
0.538026	0.1090404	0.5418114	0.8917057
0.6333358	0.1564789	0.265528
0.5667796	0.1523401	0.8329054	0.8882537
0.4434945	0.1770368	0.6209533	0.8396288
0.4003453	0.1334286	0.1710755	0.6360515
0.3909915	0.1069863	0.6066513	0.2539326
0.3446821	0.1069863	0.5816178	0.671548
0.277402	0.1026959	0.3131122	0.3819189	0.8036046	0.9859619	0.2853505
0.2261454	0.1124734	0.4583451	0.6468288	0.8753747
0.3300434	0.1992929	0.2960724	0.3784587	0.4740904	0.2431716
0.2958427	0.1362613	0.2888604	0.1813103	0.4089693	0.7264214	0.9669849
0.6247806	0.1059476	0.3415198	0.6928452	0.481913	0.8340046
0.5115846	0.1008753	0.3067176	0.4790394	0.7353185	0.4610202
0.5333006	0.09255631	0.511899	0.7155211	0.3618926	0.7341627	0.1101982
0.6239615	0.07082678	0.3135865	0.711392
0.6530643	0.07546451	0.4345701	0.3959199	0.8651654
0.08967073	0.4174491	0.8679417	0.7549475	0.8031782
0.07117412	0.4488912	0.4559821	0.7484957	0.7720005	0.1676909	0.5256378
0.0653543	0.6454695	0.9825116
0.05032127	0.4235421	0.8921768
0.06390483	0.489965	0.5858936	0.291708	0.623608
0.0856058	0.4197061	0.4354988
0.1026879	0.6753099	0.8572735
0.07218231	0.7731693	0.9460009
0.05791612	0.3905435
0.05265139	0.8293362
0.04919021	0.8237882
0.05367999	0.4633138	0.02470747
0.05414877
0.05341416
0.0710712	0.2577352
0.1215763	0.4087829	0.473385	0.4616182	0.153446
0.09266164
0.2472049	0.4538751	0.8582663
0.1072259	0.7412535	0.5852248
0.09160766
0.159919	0.4482882	0.4904932	0.9215496	0.9317649
0.2312229	0.1201336	0.2549173	0.4226799	0.4481646
0.3538319	0.1787626	0.2033764	0.3718381	0.736188	0.8454961
0.2801687	0.2326416	0.2474997	0.2651444	0.7933629	0.9776507
0.4060616	0.2994904	0.223114	0.1810563
0.2032281	0.2289073	0.1527622	0.8252527
0.4151854	0.1575114
0.4332801	0.128976	0.2935077	0.715771
0.2135267
0.1548944
0.1235729	0.8860257
0.1357681	0.8845313	0.908879	0.8930847	0.1719651
0.1984746
0.154192	0.7717025	0.3933785	0.8759809	0.7960652	0.4715959
0.2866043
0.2907481	0.4815367
0.1096277	0.3770368	0.03332265
0.08644997	0.4305691
0.1185653	0.5085794
0.1162055
0.2172563	0.4249762	0.4788928	0.9469587
0.2297591	0.2838805
0.07582747	0.410889
0.08698143	0.2841794
0.06198314	0.3410443
0.06340403	0.9361574	0.7254006
0.1671858	0.5480736	0.3394381	0.2023882
0.1682044	0.4367953
0.1364064	0.599688	0.6015304
0.07736139	0.7943249
0.07240668	0.9654259
0.06868419	0.5939612
0.2449097	0.5912581
0.1350654
0.1370074	0.8359441
0.2126829	0.1840261
0.1615175	0.4674689	0.9872826
0.1435336	0.6222748
0.1468943	0.3948207
0.1160436	0.382325
0.1304774	0.3872653
0.07600714	0.4982864	0.3628531	0.4859165
0.1826763	0.2869839
0.1820881	0.4512452	0.5431167	0.1064711	0.3875225
0.253696	0.4882794	0.269107	0.1883337	0.9583863	0.09781163
0.1470005	0.3632327	0.2774283	0.3522175	0.897919	0.7489131
0.1521262	0.4294866	0.3524566	0.1934758	0.6506502
0.07069974	0.3731728	0.3524566	0.4362583	0.5274153
0.1262439	0.5292292	0.3791886	0.6509397	0.853873
0.1352005	0.6734008	0.4101217	0.3672799	0.1560622
0.08830213	0.05143821
0.05532691	0.08029279	0.7538305	0.5390085	0.5216887
0.04475009	0.3275405	0.965933	0.7081325
0.0716334	0.3612783	0.5406948
0.06795416	0.2681822	0.4207339
0.1479365	0.2880835	0.7528226	0.7956635	0.6342715	0.5696087
0.09097172	0.9179068	0.8219986	0.9750759
0.1115734	0.2195672	0.9263591
0.05078515	0.2224499
0.03821778	0.612082	0.4806273	0.8466982
0.0594654	0.3453764	0.6196429
0.1139371
0.07864484	0.2712344
0.1820041	0.5403259
0.0967021	0.3070072	0.5554986
0.1114517	0.4025908	0.7089605
0.1114517	0.5485206	0.8519244
0.09090723	0.3169739	0.692919
0.05706047	0.7309184	0.8981235	0.5658426
0.1231616	0.3034881
0.1009143	0.3516078	0.1733709	0.4257261
0.09142995	0.4938382	0.530434
0.1176399	0.3893801	0.4736184	0.4063671	0.01969377
0.06010545	0.4211141	0.2677073
0.0593797	0.3585867	0.3715804	0.7964257
0.06945799	0.219168	0.3743549	0.6017654	0.3704109
0.100863	0.2175266	0.2659191
0.1349335	0.201107	0.3313967
0.09176959	0.3592148	0.4976234
0.0974419	0.2688371	0.5581903
0.039385	0.4403302	0.5127564	0.8452882	0.9710702
0.03687315	0.2411842	0.6757316	0.2704822
0.0455495	0.2721306	0.3495351	0.5358087	0.9120655	0.92963
0.04491688	0.4164722	0.336101	0.6213244	0.8510493
0.06657887	0.4164917	0.3587332	0.7338912	0.6422473
0.04321805	0.4913925	0.3120033	0.9374872
0.04321805	0.3171349	0.2944328	0.9377539
0.04050055	0.2306922	0.5728072
0.05904909	0.185558	0.6682602
0.05904909	0.2633546	0.793348
0.05904909	0.2779344	0.3192455
0.05904909	0.2680225
0.05904909	0.3050163
0.06352831	0.1848725	0.4451444	0.9879251	0.9452254
0.07098552	0.2098737	0.5923643	0.5937165
0.05798705	0.1798595	0.6715027	0.7355483	0.4923769	0.9398679
0.05798705	0.2549757	0.5112756
0.05878932	0.3195048	0.6622885	0.9798395	0.876878
0.07843531	0.835524
0.09141312	0.8074721
0.09689389	0.3795494	0.9106884	0.8186883
0.05909706	0.8842401	0.7049871	0.7914556	0.6893754
0.09983567	0.9426766
0.1452058	0.9950241
0.07071987	0.5070453
0.02223616
0.02223616	0.421445	0.4478255	0.654773	0.7106232
0.02757827	0.4610334	0.5023268
0.07398721	0.4914315	0.9587184
0.04698761	0.7074012	0.3869529
0.04698761	0.4558987	0.747389	0.0881762
0.05153626	0.7309998
0.05153626	0.6052634	0.2583348	0.7483818	0.61021	0.8864178	0.5702232
0.1724989	0.4753372	0.8318469
0.09726971	0.7797477	0.8217827	0.6794317
0.04432645	0.4117157	0.7442995
0.06382574
0.0389524	0.2609935
0.07421533	0.8227165	0.7663312	0.0005839239
0.09488839
0.09322891	0.5660287	0.5960426
0.1091589	0.3021839	0.3647368
0.06553535
0.1918231	0.7347837	0.6649515	0.7591025
0.08336965	0.1022305
0.1489419	0.7413605	0.9899039	0.5683015	0.2254015	0.92768
0.1216476	0.9500145	0.3694161
0.06182841
0.058459	0.8914195
0.06116925
0.04058073	0.3431127	0.5798027	0.1416021
0.05314385	0.2119506
0.03886317	0.3611725
0.05087791	0.6529988	0.2161013
0.05126595	0.4741977	0.2591752
0.05126595	0.9151039	0.8758584
0.09357677	0.48546
0.07324568
0.04964275
0.1076348	0.06515691
0.1137432	0.9814154	0.2730262
0.2615382
0.146645	0.5529236	0.9801282	0.7433379	0.9055306	0.3495353
0.10028	0.8711535	0.2275547
0.04755513	0.3693433
0.04336559	0.7054922
0.05017878
0.1161565	0.3522005	0.5810271
0.09267983	0.2741107	0.9127794	0.5161226	0.7704501
0.09267983	0.6926424	0.8624954	0.8549351
0.07365576	0.7479969	0.9434817
0.1016873	0.7880512
0.1201695
0.06816502	0.4053865	0.5820962
0.05516396	0.3859416	0.9317759	0.9707585	0.6507313	0.8702471
0.03829811	0.3595487	0.6035504	0.9725162
0.06118037	0.538541	0.5417922	0.9009142
0.06118037	0.2494024
0.07861619	0.5718462	0.5597347
0.1224851	0.5315038	0.7595947	0.3623432
0.07975164	0.5417545	0.816021	0.529769
0.1083744	0.3061236	0.2708037	0.9345267	0.9416245
0.1963587	0.4313741	0.7369654	0.8663041
0.1566779	0.4497101	0.08114586	0.7914489
0.2165236	0.3496649	0.9548318	0.8196558
0.1727673	0.2667562
0.04568906	0.6118842
0.06287926	0.7617671	0.9484418	0.9459496	0.2269506
0.1290943	0.8748301
0.05462965
0.0401936	0.6124676	0.09027895	0.9075237
0.04758997	0.8161064
0.06258615	0.6911543	0.7667243	0.8352587	0.5984026
0.06258615	0.8023531	0.3813372	0.9620105
0.06258615	0.6533763	0.235946
0.07011604	0.4359762
0.08988829	0.413057	0.9725493	0.5624016	0.3836796
0.0678679	0.690247	0.5077646	0.6769752	0.8909
0.06492113	0.5165234	0.3770849	0.3380164	0.5621454
0.06999491	0.6067487	0.6059799
0.1082669	0.3345696	0.6477903
0.09968479	0.3202086	0.4070168
0.113647	0.2728435	0.3704322	0.9183146	0.7237511
0.07640219	0.3658614	0.5376786	0.9011886
0.07500908	0.4672773	0.6895432
0.095944	0.5108402	0.2568772
0.0848168	0.3654319	0.4800505
0.06927341	0.3700236
0.04087201	0.3601826	0.1874251	0.8549784	0.6170594
0.05319461	0.2725495	0.2173382
0.0627167	0.198862	0.7013719	0.6290806
0.1673863	0.3589128	0.4009178	0.2899277	0.9605851
0.154878	0.330023	0.5346798	0.5054256	0.3074386
0.144555	0.3083636	0.4481035	0.6808843	0.1153586
0.05585925	0.2966436	0.9242756
0.0649116	0.3391795	0.3020353	0.2787028	0.8101831	0.809846
0.0649116	0.4215736	0.3461596	0.5155788
0.05016751	0.6205909	0.6884715	0.1342192
0.05016751	0.3393319	0.9276255
0.05016751	0.3127304	0.5084165
0.05391424	0.3410484	0.715459	0.6869386
0.03985777	0.9619959
0.0631767	0.9014028	0.00512222
0.1149197	0.3961207	0.3454809	0.6982769
0.1844446	0.4822256	0.2429434
0.2477082	0.7312631	0.9699122
0.168384	0.05256033
0.1631626	0.1862457	0.2063931
0.161491
0.08230808	0.08629274	0.457201	0.2332245
0.07516605	0.3788211
0.1589033	0.0799035	0.7174975
0.09806471	0.1786335
0.07590833	0.08483617	0.6207237	0.4669336	0.872275
0.09052169	0.04596903	0.7221477	0.7490015
0.06748571	0.105828	0.5691475	0.9919482
0.08492831	0.1357532	0.2400561	0.9556739
0.07752056	0.09572742	0.7459621	0.9766379
0.07870611	0.2615358
0.0695045	0.1406835	0.1433465	0.9674132	0.06217567
0.06133534	0.1093439	0.4009841
0.05384275	0.4581655	0.09729883
0.05154782	0.08131698	0.5004318	0.09455326	0.2394148
0.04442978	0.1458935	0.5722218	0.709019
0.03983972	0.8846412	0.319449
0.03983972	0.1833245	0.486848
0.07022929	0.1107218	0.4669301
0.1010728	0.1326256	0.3533978	0.5835715	0.8949809	0.629659
0.1054407	0.1575511	0.4752675	0.4490198	0.7229956	0.9846299
0.06093711	0.1236311	0.5052998	0.4962144	0.7258478
0.0822778	0.3538516
0.09863674	0.1370183	0.7446606	0.3107532	0.939398
0.2076988	0.104869	0.6391589	0.1562083	0.8267467
0.1316316	0.2288066	0.8589525
0.09840927	0.07932588	0.1368107	0.9846519	0.2680657	0.4736982
0.1227657	0.06729729	0.3170892
0.1335589	0.1503883	0.7083663
0.1442525	0.2540891	0.4992244	0.909454
0.127601	0.1642477	0.783407	0.8074079	0.3529477	0.9024162
0.1309689	0.2567502	0.5309875	0.6282452	0.1695071	0.7778653
0.05201087	0.4979035	0.641071	0.5120596	0.3055528
0.104963	0.5476878	0.5201239	0.3473096	0.07089878
0.1026893	0.7709803	0.1411782	0.629427
0.08375806	0.1048067	0.4028297
0.05931252	0.2797845	0.4715971	0.5341128
0.05663314	0.389621	0.1732334	0.9230651
0.05737611	0.1970826	0.8228218	0.8587535	0.8388719
0.06610018	0.4684559	0.6781245
0.05958099
0.05409846	0.2006377	0.9431334	0.9387599
0.04527759	0.04536004	0.9551744	0.3463172	0.6300644
0.03334532	0.176555	0.1342686	0.9550795
0.1318624	0.2054713	0.60102	0.4907067	0.5170332
0.05610392	0.2659262
0.1071517	0.1582206	0.1440598	0.04861149	0.9817662
0.07514834	0.2468424	0.8509091	0.9578887	0.6040279
0.1168749	0.86678
0.08482962	0.4097158	0.4698903	0.3420718	0.09366485
0.1301203	0.5213383	0.6141421
0.1187492	0.5288965	0.2651133
0.1238969	0.7699168
0.1510935	0.5475418	0.6707728
0.07483627	0.7659734
0.09855901
0.08207102	0.7907679
0.1398311	0.2343165
0.120442	0.1227172
0.1690325	0.8559708	0.3132634
0.2307427	0.1179423	0.9756869	0.579165
0.1764109	0.06115573
0.1037035	0.2361402	0.5937546	0.9574798	0.5460585
0.09262038	0.4518805	0.4940757	0.7475721
0.09262038	0.4366779	0.112108	0.3221718
0.09262038	0.4286867	0.03729841	0.04887819
0.1001006	0.6030652	0.1012476	0.420381
0.1482808	0.09211676
0.1681045	0.2960247
0.1948761	0.6545139
0.1033759	0.06883688
0.1414319	0.05332049	0.7864967
0.1153547	0.1751334	0.5471139
0.1051335	0.3804555	0.04094933
0.05206559	0.9341943
0.1057417
0.09074838	0.2801717	0.4642874	0.4937029
0.1075398	0.3563391
0.09165839	0.3818074	0.5694094
0.1097525	0.07288194	0.6891532
0.06773606	0.665382	0.7024942
0.1150939	0.5730205	0.6981996
0.08145223	0.07253335	0.6928264
0.1122378	0.04135863	0.7913662
0.1251564	0.3747943	0.982253
0.3081534	0.1955735	0.7787242
0.1841252	0.1985995	0.9702569
0.2029257	0.2510755	0.6235477	0.5551634
0.2802919	0.3585857	0.3974836	0.9439961	0.9713062	0.9880557	0.9776076
0.1561518	0.6270193
0.171651	0.1443623
0.131274
0.1312926	0.9535529
0.1417897	0.6746977	0.6497789
0.1291856	0.6168818	0.7164011	0.6213845	0.3510482	0.6388534	0.5449956
0.1158727	0.6580639	0.372837	0.9660002
0.09421911	0.7906072	0.4966841
0.09363822	0.9652926
0.05822031
0.08068705
0.09135241	0.7079897	0.2887533	0.8410954
0.08487999
0.05445783
0.044539	0.3063616	0.7450405	0.9509634
0.044539	0.4032368	0.5160588	0.9381388
0.07270342	0.3676303	0.9318784	0.1441046	0.4233601
0.08356279	0.2595882	0.4128534
0.07266791	0.1846073	0.5422209	0.8844416
0.06264983	0.2427361
0.0687346	0.3937861
0.09769576	0.2702901	0.5423068	0.4844104
0.08247452	0.3535524
0.1170685	0.6606876	0.2832873
0.2073415	0.2355837
0.1512676	0.4401095	0.548689	0.7494004	0.008007964
0.1623958	0.1799745	0.3670922	0.8559875	0.9085144
0.1957939	0.2557306
0.148239	0.1352016	0.6431563
0.1410374	0.2250226	0.6593718	0.8741737	0.8372001
0.1481552	0.2528757
0.1655958	0.2580642	0.710888	0.9344156
0.145327	0.8607675	0.9364685
0.1177669	0.2482
0.1166194	0.2918776
0.08956035	0.2439969	0.2940156	0.6453292	0.4334891
0.07491673	0.3365738	0.262066
0.05325883	0.3833662
0.04421939	0.2118582	0.4998564	0.7775196
0.03167615	0.3166733	0.911168	0.9821505	0.5108037
0.03945147	0.1535194	0.99142
0.04843686	0.2661052	0.0891288
0.04141071	0.2893015	0.725515	0.5833777
0.05774688	0.302123	0.01179751	0.9582241
0.0446129	0.4176898
0.04658967	0.4863714
0.0435313	0.3862932	0.656195
0.1199214	0.3637868	0.7177461
0.1199214	0.3803767	0.2731696	0.878369	0.1840736	0.5301362
0.1407008	0.2384621	0.3705214	0.1357096	0.7977829
0.1355234	0.3291141	0.5986285	0.5119589	0.6674815	0.7428618	0.5144715	0.4480221	0.4724262
0.08734678	0.467042	0.5161897	0.6652682
0.1106033	0.3541099	0.4774608	0.657623	0.08236447
0.09794773	0.358562	0.7862527	0.909925
0.09993262	0.4912799	0.6400669	0.489468
0.040619	0.6498497	0.4041414
0.040619	0.3379753
0.05173092	0.4156186
0.04441693
0.0593375	0.5075203
0.09306501
0.09158429	0.2883135	0.951563
0.1482655	0.9093611
0.1301686	0.4574081	0.6921915
0.07620421	0.4438707	0.8151291
0.06457269	0.6883258	0.02387569	0.6922949
0.1021693	0.5251734	0.1947183
0.08152782	0.1338333	0.2837209	0.6648674	0.5618771	0.6184979
0.1282049	0.3735107	0.2925082	0.469329
0.1897327	0.2851187	0.8942159
0.2405946	0.5175113
0.2212125	0.1821164
0.1035603	0.2290025
0.1318924	0.2268714
0.1465961	0.1285153	0.4662361
0.1209595	0.08186344	0.08791659	0.6140924	0.8096889
0.2307739	0.2586648	0.4983871	0.04680918
0.08387637	0.2360859	0.3763935
0.08387637	0.208102	0.9620618	0.9892589
0.084817	0.2700912	0.5755694
0.07141868	0.280714
0.1469303	0.9868214	0.356576
0.07295352
0.07230867	0.432971	0.4617431	0.4187588
0.0953883	0.3560404	0.583569	0.938846
0.08386116	0.3913777	0.7979271	0.5795917
0.08325359	0.2937143	0.3847997	0.09366207
0.08816278	0.222913	0.4609428	0.7136852	0.483106
0.06567172	0.2382902	0.6276755
0.1043874	0.2019016	0.7804372	0.6495198	0.6371803
0.0825246	0.1198292	0.5624506
0.1708177	0.1485649	0.2569615	0.1449371
0.1287514	0.2061169	0.3712359	0.5794113	0.4983533	0.3701961	0.2540065
0.07942104	0.196806	0.7261912	0.7910943
0.1328729
0.1751192
0.1111138
0.09146283	0.5649007	0.3049091	0.8452638
0.07617032	0.756205	0.3499933
0.06323855
0.06862383	0.968439	0.4233757
0.07903989	0.7480395
0.08213437	0.9220014
0.08215689	0.09302968
0.1126789	0.8421053
0.1228157	0.5063368	0.3501428	0.7153782	0.9929777
0.07027723	0.6314428	0.8580821
0.0889991	0.4412412	0.799621	0.3759721	0.9982004
0.05943961	0.2170093	0.7725905
0.07827131	0.09907954	0.3846178
0.0740362	0.3622115	0.5993001
0.06254029	0.1391376	0.2338515	0.7731772
0.09122242	0.2053899	0.09714526	0.4202139	0.7095354
0.1414031	0.2306593	0.5425219	0.9253155
0.1834755	0.5114712	0.327794	0.8026453
0.2793055	0.2114651	0.2430721	0.9749392
0.155084	0.1751251	0.3103395	0.2341312	0.3373157	0.2720966
0.3345346	0.3768194	0.1863381
0.3098608	0.4149405	0.1227083	0.3010803
0.4783189	0.1680769	0.1416969	0.826835
0.177889	0.123487	0.1849311	0.7200733
0.214809	0.06837295	0.2410776	0.9884145
0.387202	0.06315876
0.5881529	0.05272881	0.7212215	0.1036425	0.8184417	0.5159932
0.5487849	0.057749	0.8888479
0.4640335	0.04932559
0.06320776	0.618947
0.06361082
0.06675357	0.07675689
0.08921222
0.101783	0.7289823	0.3670547	0.07637485
0.09316127
0.03966082	0.2207133	0.8635491
0.04248898	0.7576535
0.09547654	0.510658
0.15014
0.1436189	0.9057131
0.3045381	0.8508471	0.2929498	0.8736099	0.9094341	0.8737211	0.8432709
0.1706888	0.3776553
0.1120544	0.3914957	0.9197719	0.4752531
0.1641117	0.3297157
0.04887647
0.09494075	0.2186774	0.633414
0.1260543	0.532033	0.9288054
0.05763144	0.2639047
0.09895483	0.4313506
0.1146658	0.257286
0.141759	0.4164604
0.1239262	0.7021332
0.1517438	0.482035
0.1430299	0.4704411	0.6263878	0.9113202	0.8272056
0.1324445	0.694477	0.8382296
0.1087235	0.8905507	0.2377631
0.07099975
0.1031836	0.5418164	0.5480608	0.6028032
0.1217985	0.2937301	0.3765402	0.2785096	0.8599046	0.8752849	0.8871429
0.09002039	0.4472892	0.1436326	0.970717
0.1080719	0.2410408	0.1070563	0.9478126	0.447466
0.1080719	0.1114659	0.2057664	0.242785	0.7980435	0.09840035
0.06540008	0.266077	0.08200064	0.6600935	0.7257125	0.165586
0.07654432	0.3516307	0.3308238	0.7148072	0.7138556	0.3510543
0.1162285	0.2401629	0.1858418
0.09557984	0.2401629	0.466457	0.3368615	0.6013397	0.696492
0.1293879	0.2109812	0.351201	0.7561172
0.08157635	0.2462575	0.06269107
0.08157635	0.4196601	0.08752248	0.3627157	0.7399328	0.7268655
0.08157635	0.2281911	0.1962398	0.5463196	0.2729131
0.08188767	0.2857064	0.2193714	0.5508602	0.03245791
0.07524463	0.3344292	0.564031
0.08754747	0.2498957	0.4184847	0.5599909	0.5328579
0.09082456	0.2280468	0.6944291	0.3713074	0.7813511
0.07371354	0.3817686	0.9344434	0.5992432	0.5841013
0.07267635	0.2139437	0.6462148	0.7923789
0.09580585	0.1819789	0.5821339	0.6838692	0.5101335	0.7038661
0.1023274	0.1664564	0.2586382	0.9474416	0.2574849
0.1023274	0.2312435	0.2977638	0.6621605	0.2128662	0.7543011
0.09357424	0.4113108	0.6281029
0.1591527	0.326399	0.3061451
0.06681398	0.2490384
0.06681398	0.4791932
0.1144005	0.9712677
0.0815018	0.8726045
0.05941702	0.5970152	0.9772631
0.08084814	0.263769	0.5568814	0.2398723	0.7029621	0.9875926
0.0777505	0.2755638	0.5784638	0.545264	0.2960508
0.07169781	0.4134741	0.357258	0.3893885	0.253831	0.7505387	0.9949522	0.4497137
0.07169781	0.3446252	0.6277691	0.09811745	0.6765069	0.845448	0.02426049
0.07169781	0.2881767	0.3020201	0.5929096	0.8877875
0.07079946	0.2390591	0.1452066
0.09586868	0.2639907	0.6372113	0.7849131
0.06941222	0.5218415	0.6400152
0.06637161	0.5056094
0.09489106	0.4559318	0.8576336
0.09489106	0.3448735	0.3590102
0.07320537	0.4508349
0.08123115	0.5103289
0.09526672	0.4167329	0.8218639
0.1283114	0.4280631	0.7576438
0.08226256	0.3604322	0.3938734
0.1729455	0.4095236	0.6278156	0.9744991
0.08811536	0.2972534	0.5832555
0.1080071	0.3613557	0.6532073	0.4705736
0.1167156	0.3908701	0.3497427
0.08591593	0.4870429
0.120576
0.1264566	0.6828241	0.8480547	0.9131238	0.4072891	0.4134254
0.09125076	0.543735	0.4077782
0.06721655	0.3702285
0.09356687	0.7037614
0.1289793
0.171969	0.4453354
0.1756757
0.04693371
0.1072532	0.147516	0.1348011
0.10272	0.3851553	0.8960842	0.4854029	0.9939448
0.10272	0.9030658
0.09682033	0.6924513
0.1523741	0.492959	0.5566214	0.6632813
0.1642685	0.8287638	0.9897321	0.7930643
0.07232808
0.1184312
0.1234474	0.3468824
0.07949994	0.6869272	0.9129076
0.09466394	0.2265919
0.1474671	0.270618
0.1752931
0.1607558	0.5925708
0.19597	0.5197363	0.7211602
0.1428732	0.453227	0.9629141	0.1659603
0.2063376	0.2830322
0.2312032	0.5828182	0.1614329
0.1352324	0.9710951	0.8636222
0.05602108
0.1816545
0.1253085	0.8810366
0.5376172	0.191626
0.4196601	0.2215611	0.682458	0.5388831
0.5441103	0.1581679	0.4042225	0.3180488
0.2089905	0.4344971	0.9951424
0.09524492	0.8250755
0.07802015	0.6121603	0.8386471	0.9416856
0.08496882	0.4847833	0.5819544	0.5537629
0.07977758	0.5089184	0.3260932	0.4130152	0.7438912
0.1183466	0.5836145	0.4274255	0.6500786
0.1286952	0.5340856	0.5032911	0.5266721	0.7509746
0.1450146	0.6126951	0.3775219	0.4786888	0.5583644	0.5399744
0.1541065	0.5955265	0.4281742	0.43816
0.08479067	0.5473325	0.3713498	0.5203241
0.1041166	0.5147527	0.5693576	0.3754981	0.913362
0.1339653	0.4880129	0.2641816	0.114745
0.1255591	0.4850333	0.7872025	0.8124116	0.419165
0.09576337	0.5687261
0.09576337	0.5762486	0.153208
0.07811011	0.6282447	0.4867372	0.5632402	0.4745278
0.07811011	0.3522732	0.5439767	0.5874102	0.4684016	0.9321393
0.1247551	0.3795931	0.6367598	0.406491	0.02516311
0.1722271	0.4197981	0.3909094	0.3630577	0.4538815
0.273045	0.3252945	0.5064674	0.2650298
0.3432958	0.3336246	0.5411614	0.5618233	0.9765696	0.919672	0.8945781
0.2416926	0.3285301	0.576052	0.3966492	0.314965	0.2712149	0.7769805	0.1958593
0.2072043	0.5371698	0.4611362	0.4229765	0.6518072	0.778735
0.299433	0.5071501	0.5512734	0.3327398	0.1716624
0.3033821	0.5404869	0.5059632	0.2637885	0.1391471
0.1739938	0.4000796	0.404104	0.4148296	0.542592	0.4649821
0.1276121	0.3666451	0.6052206	0.3196039	0.7069723	0.7697194	0.6507052
0.1007309	0.4272809	0.4661213	0.3902707
0.07130828	0.3273883	0.4952276	0.4679925
0.1271468	0.3442962	0.537453	0.3653266	0.4491844	0.9433486
0.3062772	0.3651546	0.6118484	0.3256962	0.7091837
0.2026112	0.4184953	0.4845608	0.4846905	0.2248687	0.8369336
0.4052405	0.4031425	0.5012933	0.3209396	0.4508122
0.6174371	0.4411571	0.6262862
0.3671347	0.5253755
0.4249751	0.3190149	0.5131852	0.5184977	0.3557296
0.8749154	0.7319055	0.3311549
0.5109676
0.3570558	0.325167	0.7251827
0.3291141	0.9815833	0.8686516

0.3192812
0.7315776
0.955403	0.9246358
0.5388802
0.9250816	0.9441517
0.3752525
0.7932804

0.8806308
0.6163213	0.5322418	0.4711345
0.6118308	0.4216342
0.5852136	0.4103314	0.7722336
0.5756256	0.3040266
0.5414909	0.4632708	0.7774387	0.9373115	0.8998417	0.3996011	0.9965913

0.8628006
0.7261509
0.3232159	0.5345462	0.9797356
0.2266178	0.6053796
0.2981622	0.6502777
0.5449178
0.3879924	0.6194517	0.9217445
0.4985724	0.9493725
0.4570833	0.6300009	0.2935765	0.9612667
0.3771012	0.3482243
0.5867155	0.5874686
0.7721496	0.5805931
0.4611297	0.4238227
0.3830266
0.4749173
0.5940704	0.09542837	0.2148092	0.309792
0.4919294	0.06094225	0.7967549	0.8919705
0.3414087	0.1450135
0.4650523	0.1378648	0.5242807	0.475363
0.407138	0.4836247	0.1966937	0.659157	0.6671022
0.2610649	0.1048236
0.349707	0.7513055
0.2159555	0.6950747
0.5677711

0.2934449	0.2725128
0.1250571
