ExtinctionRateChangeTimes
26.04505	48.13598
52.75834	15.13685
56.39673	40.33239	24.69746	4.246709
53.42923	30.51109	28.30581
52.89041	19.03926
20.66794	53.64026
51.90619	47.10454	9.540374	10.54017
53.13123	50.40505	44.79613	23.02856	54.46763	53.41986
27.78834	49.57422	8.064482	12.98372
52.10835	11.38371	23.95965
51.70676	33.22592	36.71084
52.33565	29.83567	26.80231	17.75978
53.6969	44.27346
53.64038	20.77567	10.8289
52.01036	65.55699	51.67444	7.360112	50.55841
50.31696	11.17246
51.146	17.6491	16.51735	14.50348
52.10043	38.96461	33.31936
52.03605	45.20219	33.30035	62.51521	11.33548
53.62006	47.3741
51.32327
52.79205
55.7636	47.20955
49.91617	17.57374

9.781386	23.0783	22.40221	43.10505
50.11143
51.83036
52.29026	26.34893	36.19427
51.18983	40.16682
50.27235	37.17038	37.03235
45.11712	19.79686




5.522725
46.77028	46.40257
49.56867	1.647413	38.46438
28.52518	15.97435
60.25566	0.2107182

48.09599	4.508932	8.885343
50.61808	3.231389
49.28901	36.21612	59.66168	0.1549121
7.749556
58.4454
45.77143
43.65892	5.912788
43.64388	36.17594
51.62399
55.79769	19.32098	34.34105
55.18742	1.208059	20.59589
50.55813	45.86681	40.60851

57.22214
48.72716	28.63782	27.26245	14.14807	46.54376
41.11464
50.47974	30.43534
54.85639	41.29769
12.97383	65.1104	13.50348
14.15011	4.338999	13.31243
45.83398	29.44469	62.77197
1.43361	44.10055
45.46197	2.392392
47.22059	42.24349	15.09404	37.76235	22.11028
52.898	42.62255
43.56025	22.25061
51.33175	40.28498
45.47763
1.180556
31.78031	40.34867
42.96633	46.15953	4.456298	43.25397
46.0318	31.75303
49.96491	62.50987
11.46859	62.13019	64.34434	42.1882
9.893215	2.187974
51.86144	34.46121
50.74731	61.53982
49.64218	20.64261	43.98107	30.22621	19.22946
45.60847	27.96731	24.66655
60.08233
60.15117	44.66728	13.51136	22.81906
60.36897	47.30358
60.15013	50.37363
59.27728	52.05908	18.91783	64.74285
34.19726	46.33881
1.085205	44.11224	35.40843
47.06383	23.06008	11.24959
51.8965	28.31082
58.84284	19.57039	1.428377
43.98396	54.65753	0.5103333	21.60645	38.40793
50.82514	30.30277	21.45093	16.14711
33.67397	3.476554

6.349352
13.56425

55.91029	33.04476
39.71571

54.91005
40.80144	25.98844	26.90517
45.24659
7.515886	5.001222
51.6681
50.98338	31.85164	25.71537
53.64323
50.15485	28.2799	14.31101
13.09049
47.32185	8.2895	45.69661
50.87469	50.82366	26.97185
49.75491	30.43979	26.29004	43.21595	42.79331
49.82275	11.88334	29.69972
55.29019	29.29774	16.10312	62.82191
60.42753
31.44598
37.10329	21.85068


52.12999	49.37726	35.52433	11.37962
46.68606


36.65716	34.54259
19.14871
23.88798	53.50748	46.9217
50.71323	29.40871
52.29027	32.36738
48.77711	35.73597	57.44482	0.7028746
45.11817
48.59741
51.5304	21.00301
51.80734	52.18362
10.65027	65.86454
14.67738	62.85774


39.77239	18.51903
26.22685
47.27073	6.828215	65.01335
47.49378	3.883281	18.60948
46.08533	14.04075


26.08115	1.360962

46.85218
48.19351	32.95506	39.45402
51.099	28.69329	2.918602
39.14915	17.02148
3.123122
40.28731	0.02811002
54.09181	54.07307
43.48667
40.82007	9.502574	36.09221

47.30031	45.9002
51.48181	40.6179	49.32092
48.88446	27.48399
52.03872	37.46788	49.63717	44.93763	11.14049
52.36111	26.58659
52.66153	29.09168	15.73634	61.33589	64.25521
52.80278	46.16212
50.67369	29.74272	4.653163	12.09778
1.030501	53.77842
52.01862	36.47167
52.3411
52.7397	52.25383
54.67325	22.66792
52.50915	30.52528	19.61836	1.242028
52.39081
51.71119	42.66483	21.89957
52.88197	29.25972	33.28157
51.5397	35.25084	26.00192
51.80142	64.24801
52.41003	37.15047
52.39471
52.11401
52.5678
51.20004
51.65757
52.11473
52.0738	15.12571
51.52083	17.85119	10.29177
52.4928	13.22756	61.95388
53.44936	19.55274	49.56879	2.193954
50.98115	33.21308
51.26827	24.76053
49.68476	18.54699	62.70372
51.73182	26.89212	9.689983	35.16856
49.80318	25.57144
45.50722	33.37451
49.35947	18.39231	44.45943
49.04123	39.52852
35.86837	50.09595	25.46498	5.872594
47.96092	47.47681
45.59113	10.89853
47.09319	31.79902	15.54085	21.1501	12.81238
6.825914	3.248007
46.1619	22.35595	7.776828	37.15216
55.85023	43.50232	9.142049
52.27102

20.98209	15.26082	6.42342
47.44013	18.86613	7.493345
54.63296

57.54212
21.47992
47.058
8.4249

41.0935	56.20554
47.59327
52.41726	18.6419
50.29889	12.37344

45.57222
26.63563	16.91786	6.070706	19.90629
5.901068
49.4099	29.42183	64.75876	20.94492
53.6685	30.36545
53.11975	7.476452
52.30572	16.45541	26.98109	1.938414	6.683185	11.72704
31.75772	51.45941	27.09114	58.28465
51.91601	14.41739
52.5681	26.88011	7.467948
53.90842	31.01897
25.68748	46.39536
52.38924	44.65632	18.80055	46.06165	24.96592
53.33426	20.92864
55.19468	52.56507
53.30759
52.10021	35.32957	53.76218
33.28078	52.6057	63.77119
54.03005	30.13225	14.4191
53.7261	22.23903	23.38816	2.676341
52.48853	34.71883	50.43198	7.833909	45.52679
55.31751	51.58703	25.73128	9.991109
52.51819	22.36745	14.89798
50.83766	27.04529	13.93738	3.030413	20.69946	25.44057
52.20411	20.10063	54.86039
52.46946	29.75084	55.57632
55.74289	13.53571
52.0213	35.74691	9.70515
51.82029
43.59379
53.504	12.3631
49.99515
47.98106	18.0836
51.58868
55.94482	12.3793
27.31342	56.08511	2.614763	18.23523
53.63123	63.27348
52.64796	42.24769
54.76076
48.88331	37.08673

8.452385	42.40833
16.32061
7.088221
61.4418	62.7884
15.95994	46.03742

5.888064
46.2279
13.42438	15.13611

49.53379	62.30851
46.38402	23.66673
49.52559	40.52997
50.90036
52.44532	32.24819	62.18483	25.51857	65.69227
65.79376	24.29895	53.03936
50.84816	12.44667	64.64478	48.271
56.21155	27.22856	52.87058	15.53981
56.41896	26.58323	22.77701
54.42798	10.49817	12.1773	51.20448	6.267465
52.46148	32.77769	65.85963	47.41795
54.01811	28.36521	25.17367
50.59897	37.84581
52.52374	50.95062
52.77035
52.46956	28.59658	3.398821
55.33964	28.40919	49.87742	9.498367
55.5361
52.42197	20.06122	11.07369
45.36394	7.136206	4.168685
52.41273	47.13718	65.68966	21.37751
33.2269
19.20708	55.06775	64.10795	9.870729
6.356731
10.33062	58.33513	36.99691
10.88107	47.37864	40.70243
52.37152	45.76676	31.04882	20.06619
54.53073
49.74672	13.59549	33.39541	26.48023	27.61075	13.26146
53.33144	30.00061
52.45837	27.241	50.76162	32.17394
51.67057	11.96872	32.82709	13.72888
54.99896	22.44648
50.93385	13.28978
52.73864	60.11652	52.29018
52.98143	62.39461	13.249
11.80687	52.16914	46.08169	42.28852
55.74757	45.93107	55.72123
7.840719


55.26018	17.43111
41.03409	52.77695	63.94457
40.19834	26.66477
52.2118
51.12556
52.11725	14.698
52.55321	33.13264	31.03162	32.41828
40.21101	6.834506
54.6648
52.28024	17.67136
51.37765	49.66409
50.82197	34.1387	6.082864	55.72413
24.89658	4.024148

56.31305	38.766
3.562427
10.50445	1.043991
48.48306	30.38512
48.76315	46.5007
40.74587	3.36704
53.62806	36.11463	2.674682
51.92358	27.42195	5.967569	50.97066	43.94244
46.40893	5.852016
49.6787	25.18976	9.923927
51.65804	25.50519
56.20526

8.307472
30.04098	44.04642	29.21631	31.07555
58.05608	51.02091	22.71623

37.61643	2.177552	34.96302
9.852906	58.88683	3.685289
35.06409	49.1048	21.57007	3.7915	31.28726	29.12803
50.7714	38.17373	23.49022	13.70837	4.150958
45.32073	31.97237	63.81013	33.42345

10.69297
49.562
49.8606	20.96719	30.32205
51.75215	33.68422	33.82018
51.58194	20.28981
49.93414	31.61723	7.386512	0.2040349
50.91914	29.40326	57.34691
50.43136	37.12052	11.27722	59.38174
52.58284
52.66735	38.89128	17.1316
47.9668	22.13304	10.59115
44.66129	20.29914
9.004604	51.62255	37.35484
47.31553	41.79911	22.59752
49.49263	39.13904
50.01014	46.83447
37.12346
55.25624
27.53684	12.24811
14.46029	2.125965
51.48345
50.2515	29.07011	21.04623	11.13525	10.9694	52.49159	15.56081
12.15644	53.33925
52.85074
49.77424

44.98948
5.417989	2.717499
43.54642	3.955551	45.78797
54.28448	40.34723	39.02113
49.4765	31.8972	22.8178	22.35147
51.75655	15.66825	7.727609	0.1094242	4.336159
56.17553	35.94887	8.453392	42.45518
55.8232	36.67145
47.04483
49.88127	0.9009555	43.32287	35.70622	22.60103
53.88791	48.28718	8.780422
52.93995	13.02942	2.369183
57.64251
39.24013	31.70035
62.38962	46.86966	33.45598
60.67562	58.74365	21.50915	64.99074
62.63401	55.63778
6.022097
48.50198	25.33168	14.25211
51.09611	16.65337	7.595317	14.07835	1.888769
55.68579
56.34357	41.34156	35.36844	54.8607
29.53135	25.38697	4.743092	54.39489
10.45481

60.62426	53.12552
58.30725	65.82146
32.00517	27.87216	53.04285	63.40524
56.26749
49.84121	18.67593	11.81033
41.18575	35.27127	30.22744	28.23815
59.39918	28.31233
29.42973	51.49021	38.41294
52.78746	65.70345
52.72966	27.68564	11.70793
54.07449	50.18691	44.96238
48.98952	62.03762
50.19392	10.93119	17.70131
35.68708	48.38881
51.70156	41.61781
54.84434	23.32891	20.86928	33.25649	47.52104	8.26515	23.79161	51.72919	14.79257
48.20002
51.46734
53.14389	30.5664	3.911908	48.44664
48.56698
52.75996
51.62112	61.50184	51.17945
34.48342	47.79638
48.41107	8.707172
51.81426	18.61497
52.87857	20.23218	49.20353	7.515584
52.12771	60.90479	24.55495
51.35672	45.29935	16.76953
51.95487	9.573873
55.41571	23.66628	38.41879	49.50783	0.8372043
51.71881	30.0552	2.828377
51.83661	23.39393	2.454282
3.562323
41.27628
39.12875	33.2099

19.7869

10.30105	51.90292
46.85067	19.83886
47.81739	39.38793	16.23006
46.97869	23.54371
47.26488	31.05976	3.58846	5.659376
45.40715	43.88585
50.21053	16.43625	6.428107	39.7427
53.70112	15.22529
55.3526	21.30032
17.0249	52.67821
52.06254	34.73527	7.494852
52.33241	46.01188	7.278092	36.42315
51.80192	48.57191
51.77294	38.22759	34.87223	22.3386
52.60917	25.5635	60.08433	16.86243	14.33228	19.72019
52.55082
24.23222	50.59864	57.0061	28.39112	19.23701	21.45883	23.0459
53.80636	30.59313	13.21049	17.06238	3.674776
54.4808	21.00734	59.19377	3.321597
51.99735
52.34726	19.82559	10.57528	9.093075
48.53349	41.60552	63.42849
10.39793

50.82317
57.17403	10.86312	62.79787
52.26579	39.44697
49.99099	37.48698	7.268418	63.60869	48.36711	24.14402
55.78536	18.49715
55.29788	38.45885	13.04134
57.11179	63.42278
51.85952	9.847501	25.98988
51.87522	47.30172
45.18751	20.56281	63.44741	43.15239
48.97278	26.84089
51.82721	34.99204	31.80886
49.57745	18.14623
44.69889	25.57932
52.28811	41.68976
52.61166
36.57255
30.63196	65.87112
36.06242	52.24872	13.91015	4.860732
48.91235	31.63682	57.58495	37.68441
49.60479	46.50731	40.20059
52.44063	14.74062	49.50195
51.99379	32.65225	23.30895	45.16869
1.72106	48.64271
51.59211	26.11479	9.131076
55.87669
54.92024	3.134189
55.29833	3.852027	13.14805
50.41985	40.57373
55.59059	39.38058
53.528	47.98252	14.24489	8.714933
51.41303	19.73807	23.49823
53.60693	19.59713	65.91254
55.49846
51.41156	29.24987	25.94894	60.7738	62.51637
48.50125	25.78678
51.20036	22.98531
52.28412	4.988187
51.57394	28.29146
50.92423
52.02093	38.72917	41.39317	50.16884
50.60729	14.59206	1.869786
43.71759	38.75943
47.44187	38.05384	20.26644	27.20267
1.073665
37.38797	2.544507
2.563437
50.08094
23.32153	4.145849
33.22637	52.1244	34.52458
45.24862	26.45545	20.38727	31.12254	17.88228	14.82254
46.65975	63.0443
53.35723	40.59401	20.44203	63.09046
52.07728	20.51223
50.97042	0.4961726	14.25671	46.64691	7.868235	42.41974
51.4605	15.52153	58.61979
51.83617	33.52859	29.80344
50.72981	58.06267
47.65234	16.51574	63.90408	3.812669
20.62744
11.14646

8.603021
8.454046
47.97043
52.46369	32.8581	28.78551	51.18268
52.79759	62.62269	46.38389	57.69369
50.668	29.12489
52.26106
48.16348	7.980925
51.67855	7.160129	22.58257	26.41413
53.42122	16.17309	12.54574
55.56621	33.94472	55.07726	41.08463
56.55402	16.18307
55.97317	28.1373	7.215675
48.00333
44.22589
9.379775
48.11506	39.47998

40.74825	36.16075
52.04689	28.3807	23.92732
52.22219	25.45072	8.018416
53.76396
51.26158	13.42403
55.90386
53.25484	31.85527	62.3463
54.10266	32.20119	33.92403	28.09353	52.66898
51.5098	30.83899
53.48663	23.53482
52.50141	21.31858	16.51773
52.08947	36.94917	11.82351
51.87328	26.43875	2.425725
50.94494	34.09985	9.639568
53.2864	35.24766	20.48818
52.34713	33.02345	4.509274
56.51515	14.18892	11.26052
56.59438	1.952627
56.33416	11.75918
56.54622
30.15424	52.63806	13.77681
50.79362	35.61769
56.21052	20.64431	35.76101
53.5579	22.6636	5.69083	7.976716
55.63635	48.2387
20.25284
51.37693	20.54701	17.40709
50.28595
49.26675	40.14732	35.09396	4.014202
38.67215	21.92695	30.74704
48.00629
52.86857	19.6359	10.63957
51.7942	38.73182	31.84789
45.96323	30.59643	9.391931

9.392364

21.31892
6.913604
34.01311	27.20884
43.23044
55.4919	0.6105361
34.04341	12.54737
41.39633	17.102	10.26121	26.12822
50.96517	19.77707	6.53355
52.62825	22.441	0.443604	2.669655
52.45491	7.154004	60.34589	8.514626
52.45491	60.07402	6.5378	24.5499	64.07794
52.24463	60.90724	22.77177	49.91741	38.74566	46.2568	33.33944
52.0411
51.92336	29.54523	9.734882	16.95755
48.44978	37.32626	14.37284
44.72143	39.19084	34.42088
51.35474	33.73382
51.94251	16.59063

8.860349	58.06119	54.93233	64.72485
48.14261	32.94555	3.136565
47.76235	31.37758
53.31251	37.51673	14.88893	44.89563
50.00887	32.07115	12.59335	36.27308
50.09354
53.72747	25.60337	40.64269
48.39817	16.36165	54.72276
54.77791	19.62618	36.27162

55.89041	35.66853
55.28715	31.07487	26.37804	8.489166
42.29333
29.50699
45.10284	37.06065
52.53517
47.40541	17.18522	9.012156
53.34008	31.80645
53.19358	4.115606
24.89618	47.35389

40.80227	28.0753
50.64397	65.92967
49.66819	14.44563
16.74006	27.84297	37.95244
9.348104
9.635437	65.26271

52.39857
57.64589	29.15289	21.8454	18.56431
43.30348	58.62633
47.9249	47.5015
53.75921	32.38781	5.67269
43.14984	50.18923	55.96285
51.83388	20.57462	49.97947	45.89298
52.19705	40.31532	43.85218	22.43338	6.864568	63.24913
51.7061	42.92647	64.27202
53.0363	36.92086
32.46937	54.61944
53.12947	23.77351	57.4235
52.33529	55.84667	63.84418
54.18688	8.288142	64.45087
22.51909	48.78926
44.84567
3.62588
2.102555
52.78118
50.38879
51.27899	6.670246	19.93133
57.3883	26.58159	50.95167	23.51679	51.77022
52.23512	0.8807235	64.46161
48.08537	22.85622	9.543094
38.74772	48.88805	9.719525
31.55529	37.03284
7.392948	36.18764	25.2536
48.10107
43.72162	62.97455
49.95696	45.61395
51.77769	42.82245	37.57992
39.02925
26.91428
64.35825
15.64893	47.33234	31.52468
59.29868	47.95065

49.39808	48.93609	29.95463
52.05078	25.57709	29.35658	12.82339	26.1937	6.170136	44.25521
57.05285
55.85062	24.70741	38.8575
50.78559	36.995	64.86712
49.76018
49.48324	26.73711	10.74784
5.885439
50.13271	40.98522	39.28131
47.90058	35.83676	65.86442	13.56485
44.28401
45.79688	48.79824	57.43562	48.2548	19.16503
49.99834	21.14927	38.99698	28.42891	20.4968
53.34679	35.98044	3.99441	46.09805	43.79071
56.56865	63.41413
58.23069	34.46684	20.53542	17.519
46.87508	26.12773	14.35677	21.84424
52.06748	5.506355	2.510352
54.86677	23.69775	18.28894
53.05867
54.1446	27.55704
52.0858	43.82641
50.69999	35.33666	35.56691
56.7471	16.61583
50.35896
53.35777	41.66532	12.89362	10.67935
51.09803
15.61624


3.019681
7.026523	59.67836	5.405956
3.987674	52.92988
15.94629	33.52074


17.47759	17.07995


46.88087	11.12816	12.15212
30.47099
28.99255	51.2077	40.70928	57.76073
53.61795
49.50715	29.807

10.75639	5.524692


1.131967





17.29527
27.32385
52.19262	59.38998	2.090793	45.65023	58.3608	11.52029
52.73365	34.24176	2.102847	51.8788

23.72441
52.59658
40.51841
19.70035
10.21645
53.21169
58.59925
39.6252	52.16294	51.81125	29.31222
51.43679	9.251451
10.34363	11.86059	32.39306

7.638417
26.68155
49.33589	42.46752
35.14986	7.644861	24.40281
61.49695	12.08347	41.76872	21.85738



44.39569	41.71576
35.98892	39.22127	22.02652

27.73309	45.67035	42.79583
54.22222	40.0222
47.75614	7.670829	64.45495	63.03765	57.19803	45.2097
49.47784	31.61188
42.15726	20.59072
49.6026	15.14532	0.2172899	60.5623
12.54736
46.80968	37.40781	6.089655

27.86153	51.53133	19.35258
51.7705	34.00091	10.33441	15.44785
48.64884	35.35311
25.24953	53.06889	63.85096
52.41706	18.9471
50.62071	11.01762
38.41612	49.66627	38.14427
52.44227	13.40087	9.617212
51.61957	14.02572
52.67707	52.07812
51.81471	35.37865	0.2151621
48.97897
50.31781	35.68714	31.83094
52.36394	32.73607	11.58624
27.51024	52.67248	19.23441	46.08101
53.15082	27.00042
54.60081	6.399613
51.56178
51.40496	1.424538
56.23879	57.53701
49.36971	30.59699

42.76807
45.85473	38.7461
47.43543	65.9176
52.91817	45.47012	47.07104	8.972823	5.037354
47.70044	1.234551	13.13457
49.19853	43.62515	25.94335
51.46755	31.79731	5.973259	9.564747
51.1915	28.17588
50.14251	35.66668
47.38053
44.996	18.38181	25.64131	0.5656209
61.4941	52.00379
56.09342
53.05304
56.28986
9.71934	34.14235
7.795702
50.67542	0.645625
7.478194
63.72403	37.72053

45.20937	53.94372	42.60291
46.90095	29.66304	0.4959673	2.63764
50.89783	10.79997	6.446065	1.786718
52.11924	29.61595	27.79531
52.44718	35.47501	38.84079
52.91695	15.22176	28.35535
26.67575	50.66248
51.99855	35.09216
51.46385	15.11864	43.31475
52.35656	28.34926	3.096263	30.21138
52.92767	28.31211	5.301722
52.5346	25.45008	20.44166
56.36401	31.68262
1.461712	49.61707
55.53507	19.15073
52.14484	10.11585	27.71302
54.49565
47.43626	31.86064	12.22691
50.46761	61.72037
50.75565
50.69609	45.10318
52.91949	17.04845
51.15345	37.68277
52.23391	60.28832	17.14163	64.66981
50.27067	31.05515	12.38122
52.20233	59.04672
33.76372

21.87586
50.49654

13.31884	42.26047
14.50061
25.31787	5.668703

10.52188
52.37245
50.37355	41.37193	65.66788
52.02885	32.35293
52.01214	30.46404
52.73909	36.77331
31.83605	55.38049	50.39189
53.69477	49.77287	22.0148
52.56736	29.77068	42.19255
51.59719	19.27026	27.85318	32.68867	27.7665	7.906903
51.92077	10.20931	7.591278
55.52466	21.13402	65.98278	10.88305
52.93941	36.8163	19.38682
51.49753	29.71525	24.34831
29.73177	52.41579	1.734575
52.40229	35.07622	12.38409
55.68412	27.0137
56.26275	35.20856	52.51203	28.01547
52.301	23.87205	57.31079	6.064068
36.06708	53.77132	59.07989
32.439	52.7194	36.61309
55.36642	5.443987
52.1863
54.2827	8.989259	59.27642
46.98389	11.20957	2.366565	30.47266
58.77284	36.58011
57.40761	18.31725	48.92024
53.37032
50.27736	32.72004	3.058314	32.86024
51.11576	30.5683
51.44446	21.92599	39.97532	12.31972
49.19228	25.44829	28.15997
51.86672	50.28308
51.8222
47.61395	42.87319	1.947876	47.21678	40.86625
24.65297	51.61922	2.84461	3.052752	42.36911
20.49494	51.23839	63.18005	3.796066
19.4511	51.46853	35.38159
48.49537	38.94049	6.247828	22.22309
51.90021	15.4736	64.01331
52.50519	27.66003
50.40691	15.59991
52.2567	65.72684
52.7311	34.48578	61.43259	59.4057	12.82127
54.6562	26.73506	21.96126
51.86865	12.65122	37.05941
54.3602	31.71016
52.33299	41.95857	21.57281
51.5455	20.07174	40.22801
52.69631	15.74469
48.04928	34.04767	6.024786	34.73399
50.69263	16.28795
51.73651	43.7326
50.71383	9.666422
40.70577
15.20707	5.110306
10.36902
4.533768


7.611964	37.09715	60.75296
52.78718	18.89456	36.59645


24.64862
5.921696
24.02375	59.79966
35.09436	6.157056	63.34822

45.97962	37.4828
48.61263	62.05157	22.35494	33.12673
49.6105
35.90579	31.13561
52.11407	24.70643	1.134329
52.00544	47.69037	35.94563
52.24446
51.07581	31.60965
65.79692	0.5653199

58.68626	56.19357
54.50068	16.2142	13.48134
50.39737	0.5434946	60.52162
53.1346	24.77662	4.986555	52.51681
18.41611	51.80747
53.18384	39.87571	33.22235
52.75125
52.43529	12.89829
53.49344	20.72651
50.77214	19.87554	1.488569
47.96203	34.81106
52.80897	34.2237	40.8391	32.12418
46.45368	27.29035
53.83468	37.37937	53.32385	64.78228	63.53986
52.30849	5.599529	53.70865	44.44087	40.03121
51.66084	29.68711	60.19292
54.33811	26.56911
57.10222	47.73683
53.45792
53.6182	25.33406	12.38391
52.98288	34.90776	63.80644
53.02273	32.31702	13.54	54.86873	43.71406
47.92972
21.90672	30.55022	51.06484	0.1101759
51.28539	27.32889	19.4458	30.90661
52.89253
51.38531	0.2893269	65.69168
52.39713	36.1872
47.61024	31.68049	47.45744

1.539564
10.43354	4.482058
55.14249	33.14369

47.69238
50.92106	18.90006	0.3636025
2.930617	57.58795
49.96809	60.90427	17.98038	14.9105
51.30435	18.05109	64.2412	10.3883
45.17016	16.38006	14.66579
49.98469	13.50998	35.91833
48.92675	13.8972	39.38155
42.09061
63.23534	30.67592	45.50092	5.995584	24.50595
36.91805	65.39281
44.19155	6.720257	25.42216	5.138821	28.95537
55.5497	12.89186
18.38006	25.41972	62.92293	18.6348
53.38115	35.76183
54.598	29.46844	12.32556
52.6401
21.11469	51.45069	18.43255	32.10339
17.16635	55.47321	14.60834	20.08518
41.62374	38.67343	8.036633	51.52583
40.81615	16.62182	9.697232	2.384478	24.04589	10.60119
56.37693	32.89749	4.209917
2.804623	0.2309403
21.41142
32.32618
53.40236
56.99172	44.2266
51.96814
47.67018	54.75868	26.84893
51.15738	50.07359

46.11475	27.08638
51.37635	28.67365	47.21163	36.43155
54.58811	27.33545	11.08527
43.36571	63.15262	3.641931	31.97802
53.38851	37.33039	48.13399	9.055213	2.498786

58.2739
6.156325
32.64378	37.14291	33.75503
15.72481	10.73908
6.868784
49.33501
55.5953	44.55236

50.694	38.62491	33.62149	29.8549	25.34667
51.06423	52.93612	24.3036	9.808242
50.14263	36.70397	4.030853
52.64295
42.82761	30.0053
4.558163

2.901095
42.89474	27.55742
56.02033	48.14819
1.863419

48.54648	46.92615	47.14158	11.90686	10.14638	30.02239
53.23674	51.25826
55.24549	6.348992
51.75208	26.82635	6.372582
50.81753	38.92685	55.80352	47.99489
49.29716	15.25343	40.67762	13.6149
51.94265	35.6228	1.98147	25.58652
50.50017
47.87285	37.0435
51.81097	3.826469
15.97797	53.31721
37.09478	53.4038	9.793355	18.17088	63.26546	5.975029
53.95821	28.59901
55.88174	53.89099	50.8252
50.2282	5.84182
52.35515	41.88134	5.275786
53.09639	41.74919	21.66063	33.46397
51.13175	34.07788
51.35903	18.42783	15.08876
43.58596	52.44012
12.74971	52.21758
56.33934	3.931069	20.59975
40.56791
6.393992	46.93138	3.364731
54.78417	34.87528	59.30315	21.96384	9.408921	25.64316
56.32427	33.05178	53.0102	51.84407
16.89252	56.55144	11.78363
52.7785	37.084
55.6417	33.97183	50.19107
14.46826	53.01579
52.51903	2.933456	26.3894	61.33573
50.16939	15.00407
52.31695	49.15971
51.36989
41.892
11.97037	13.30056	32.54804
46.74071
12.13517
42.27055	58.00495	22.83516
51.32111	20.40398	45.68776	56.44168
51.887

48.70613
51.43939	27.58325	31.03744
47.9503	33.73732
53.18333	21.12147	6.616633
51.76882	39.22041	21.16947	64.41988	44.96162
46.76679	29.06288	42.8587
50.77908	49.09249
50.07855	16.92063	27.14681	4.358231
15.14081	50.59592
53.54504	24.97551
52.15901	15.45363	40.89412	21.82519	12.30677
53.16007	43.64704
55.73743	39.16222	6.052795	4.62538
53.3103	29.62038	48.1985
52.94112
53.32146	41.84188	13.41928	8.656981
45.25654
43.94561	32.5023	18.02596
52.32817	36.89468	6.709755	32.93015	51.25942
44.5164	6.414143
43.89794	27.86896	29.17	21.50745
29.51056	51.17776	8.292597	9.579863

56.75098	19.36706
33.08252	10.58019
60.64892	6.237437	12.55064
52.61512	19.92885
33.20665	52.45943	50.60436	5.702713	64.54012
50.77169	20.04973	11.89563	15.25158
52.18207	55.67465	53.97158	32.95304
53.28562
53.45599	19.93484
41.64727	11.29794	1.43652	40.41722	39.80307
63.06358	50.05545	16.40923	15.53994	22.56753
54.4427	62.04566
55.91273	46.5298	24.55086	49.67408
33.92385	52.19534
52.55587
51.63947	40.69219	9.227055
46.0427	21.23073	20.01378
55.99141
56.04055	39.16097	37.2318	52.29923
52.09093	40.86692
52.48653	3.340031
52.08894	30.06207	18.42145
52.6406	46.15217
52.48546
52.70637	51.80984	24.85407	4.638391
51.44054	37.58531	14.55513	61.63986
52.0236
53.23375	21.02196	52.48605
52.87233	16.42206	48.34427
49.90328	37.42858	26.83276
44.81202
45.53715	25.26775	10.79676	19.40876
41.12353
11.05657
0.1373233
16.88896
55.50674	33.27144	21.92009
55.35008
53.22025	50.13811	18.6627	16.07413
52.70788	61.67672	22.27394
54.13647	37.40175	10.46053	6.263496	33.49588
52.69423	34.99801	1.514653	12.37533
52.11697	40.6128	65.17467
52.18816	33.46448
48.57965	44.70737
56.90934
56.53138	34.65175	53.59621
57.18927	36.58649	21.45349	19.85578	51.9785
57.18927	42.26044
57.09763	38.36761	20.53588	19.0733
55.61818	34.33444	44.65947
13.23774

0.6758906	0.04612742
56.43846

43.40604	27.92076	32.34691
53.03323
49.20481	22.78857	25.59889
57.83422	6.877019	3.77235

45.34149	26.83258	14.06731

33.82855
26.09278	15.23932	53.37258	6.491721	15.70207
51.60162	43.50496	26.2995
47.70533	29.73783	27.7929	29.29602
50.00704	39.05924	47.97379
52.32744	20.45821
53.33744	14.04908	49.41617	14.28714
52.40871
51.75224	32.69478	0.7951463	51.2871	24.59877
52.48456	7.460189	7.12894	51.76927
51.6318
52.5174	46.08978
51.04439	36.14909	32.89733
51.50185	33.45284	18.34718	0.1232813
53.25896	22.31659
51.79874	40.81043	12.48163	10.98555
51.73685	24.47893
50.88541	34.37502
52.35964	22.10089
53.80115	17.94897	53.56537	17.47602	9.215924
55.78725	51.2054	1.186112
25.68966	9.166164	0.3046301	65.95425


35.93795	2.432672
29.92685	55.49253	0.706774
56.02371	32.39923	1.428734	20.50035	31.63274
48.41613	29.37565	38.30652

13.2946
51.48721	29.91149





5.850568
36.31137	32.34081	11.95403

55.67392	19.38517
3.786289	52.15379
50.81747
30.43981	60.10217	52.26208
12.42832	59.80214	53.1978
51.10303	20.76665	6.062082	18.82095
52.97726
50.4403	30.76243	12.47128
47.16006	14.89605	17.85418
50.92664	18.29924
51.13055	23.54988	1.223335
37.76565
47.25249	22.59995	5.650414
50.38647	31.41007	38.12916	23.44768
50.71172	21.3534
48.75068	23.09309

49.38099
53.88017	52.05208
54.46307	34.10888	31.4794
53.12738	24.57888	62.33186	14.77635
52.70627	12.74769	3.149786	50.55105
50.54666
48.19666	22.66731	35.5984
52.02514	22.87684	4.924722
51.5594	32.38134
51.02293	34.83841
51.35626	46.72899	39.18757	11.28554
56.67048	37.07708
51.32179	23.16874	7.454901
45.72406	39.87955
49.16631	8.036814	37.41115	29.82678	28.28832	28.86127
49.89199	49.68317
49.0063	30.39745
24.36877
60.98052	46.33632	26.10462
61.93356	52.01573	28.41904	60.56897
50.96511	58.48365
33.39066	46.58294	1.057417
60.74577
8.05508
37.15955
22.47749	49.55309	48.44714
48.57903	32.51822	14.27247
8.17693	3.236103
46.52655

47.91925
49.23153
50.30988	40.66421
48.12474	4.285985
48.79962	50.70904	48.1016	50.32299
51.86484
50.48193	39.58953



58.66527	46.30265	5.474269	24.379
45.33579	34.42099
49.03526	28.97885	3.49675
17.7851
26.32189
23.05901
6.950189	62.80029

46.29065	44.1681

49.3209	13.60805	44.96812	13.20335
51.74985	25.4453
47.89058	9.960942
51.67362	51.08751	31.49343	28.27623	11.3129	24.57224
51.7996	16.72401
53.36396	28.38774	4.545966	65.12871	51.69809	63.63747
28.67578	50.16086	10.30823	24.76485	41.54577	2.390827
52.09031
49.33577	23.09367	10.21574
44.9814
52.54269	33.78289
52.87808
51.26216	21.31364
46.16032	27.07612	6.595862
30.65935
57.65808
9.163966
63.04059	24.73413


39.59313	14.04394	14.52112

41.4453	35.33045

33.50815	15.34924
47.7745	28.33384
23.464
8.109876	61.58661
49.86679
13.67648	33.65661

45.73298	0.9987034
31.94547	52.37293	28.12264	1.890118
24.74699	51.68697	1.770674	8.512458
52.10267
52.87592	61.97418	29.61599	27.95282	16.89488	7.25411	60.22926
52.63146	12.65181	60.60403
52.22809	35.41375	62.62846
53.47075	34.91426	24.25727	39.15329
51.72296	17.99038	13.39867
50.16019	25.89436	27.29818
51.43695	11.37173	4.660634
30.32664	50.2888	49.37488
30.95527	52.25121	11.37159
16.54017	52.1575
52.43971	31.97343
51.8746	19.35516	17.22808
51.8746	30.56466	18.65649	57.20344	8.52991	2.228972	1.963263
29.88682	52.69323	9.444117	56.1879
29.62214	52.77622
52.73401	16.57524	63.1103
51.44623	37.07178	31.19668	3.380166
51.44623	42.83996	17.34298	46.52253
50.78766
36.99404	29.44842	53.28542
55.80552
45.91584	41.44149
50.08778	0.9664246
31.38301	52.175	38.04883
28.75244	20.34785	61.06353	47.68037	9.79399	17.38907
61.28587	4.589743	17.79144	59.25301
34.13201
47.99852	3.238509
50.7763	20.77726
27.58215	18.25353	25.56201	9.912085	23.18415
57.15278	37.36249	9.282545	13.61176	52.21612	1.62836
44.08083	39.51231
50.75898
28.17188	62.42916	11.40544
48.38881
50.85502	39.44359	0.3305643	54.16354	57.47634
38.4194	19.18169
37.36928	3.441671
59.78699	41.4585
58.84689	51.87954
52.15249
54.31573	12.80924	30.59083	2.908703
43.06341
57.22935
57.4169
47.21835
23.30352	23.15053
40.89558
53.60599	56.48066	33.9084
51.48415	28.62281
49.07291	34.33114	45.27364
53.0975	19.32559	5.15985
52.04567	35.67483	13.61383	54.19702
52.34946	20.57739	20.20293
52.63487	21.34099	17.7135
51.90864	2.832356
48.11791
34.86423	49.55484	20.02321	45.22303
40.85763	50.21894	39.48581
51.94511	34.01209	49.15348	47.97567
57.24395	53.59239
53.37469	7.818536
51.76
56.00126	30.2561	52.42098	11.94151
52.67105	20.75755	0.006697034	43.49625
52.52383	30.17479
50.75021	38.58901	7.718784
52.15198	35.00045	25.06287	23.99421
51.77616	31.34041
38.03862	52.43747	17.1554	65.52579	8.147884
35.8289	52.79733	16.19538
55.88715	22.15266	63.77713
55.71715	38.01993	9.597787	52.75577
53.12651	63.76605	62.14319	44.81489
54.79357	5.392975

9.754643
44.37626
52.17787	43.73719
46.22222
3.383464
8.610039
22.23519	1.289485	9.798644
10.36366	63.56724
52.66099	11.2415	4.527129	0.3006175
52.37228
56.41957
53.6412	15.6539
18.92136	53.34683
18.03226	53.40492
51.96654	6.403379
50.53535	37.25956
31.98692

49.78095	40.55793
51.17827	22.75152	37.82419	44.95016	17.21888
44.48655	30.41271	34.30201
44.82972
49.25177
56.62693	15.99281
51.3356	10.45795	23.26047	4.104024
38.59299	0.6069352
49.07357	32.67146	10.97865	28.80205
40.27321	7.093588
21.64603	5.67099	22.71213	13.97548
18.12378	16.83567
49.65647	8.290199
53.38225	1.941528	65.67589	35.36121
48.85413
53.84458	2.105141
53.84781	2.959361
44.65368	13.96991
47.24796	40.01785
50.32347	31.42098	36.19266
50.97403	30.29312
50.68406	6.557037	17.52939	23.89973
45.16364
44.64671	35.46841	0.347751
49.79737	15.45261	10.45922
58.07415
52.79633	45.84213	24.68911	6.480869
48.99609	19.75354
46.82306	40.52451	33.37438

55.66815	64.09525
27.72201	46.89075	2.04402	4.85252	52.71237
22.40612	12.77942
28.90015	16.20989	26.89872
48.16163	10.24266
55.93153	53.96764	51.75244	21.27224	50.72435
55.72102
52.10722	50.01413	41.52975
9.939077
7.922914	11.47563	65.60032
52.64914	11.15338
52.26254	1.141067
52.08287	56.09726	10.27767	4.059719
57.77216	51.32829
50.48068	8.789661	2.862098	31.98196	42.10514


42.06028	25.07018	47.93577
47.81892
55.50961
52.57791
50.47237

52.02476	46.7727
37.57607	36.9608
49.54286
10.51518

25.59576	53.78213	8.849814	16.56544
56.06644	44.4091	37.09286
54.94212
52.56417	62.90071	60.83462
52.10786	55.13509
53.79398
28.449	59.19926	55.69715	15.66293
52.66905	59.13449	16.31653	9.324929
52.41738	18.81785
52.64323	24.09507	10.58694
53.47736	30.93093
50.11425	42.63385
49.19104	41.3244	0.2734681
51.83776	41.07269	17.51558	24.4152
55.52862	42.85107	14.67977	56.87126	10.24283	8.675255
55.04378	44.05996
53.13653	37.79565	2.525159	64.66437	10.26383	37.33312
48.97283	19.71993	15.95096	54.69286	31.1631
41.23589	53.12647	35.20132
23.16254	52.25096	2.65456
51.64395	25.24123	65.30747	2.662883
52.43272	13.26439	9.563773
52.54172	10.25796	42.81955

48.6297
59.58328	17.21556	44.55119	16.64417
62.64306
24.1615	44.18211
31.15782	6.261762
16.22277
49.2303	37.59383	2.361649	26.05776
30.67581	52.83751	53.56856
16.3181
43.42361



40.29832	47.79375
1.728799	1.232454
62.5963	0.0560446
20.90613
59.7254	48.29585	27.99258
42.08596
50.81888	36.15202	33.06374
51.11992	16.49018	40.45405	39.26735
49.57924	46.99297
48.56325
53.28347	28.0434	30.04313	25.44388	16.38906
48.4211	27.3413
31.77466	28.4592	27.88127
31.94484	48.60581	10.63596	0.3016343	17.14008
49.38106	31.59776	38.26014	37.03613
51.53614	31.79579
51.69086	2.884785	47.53948	23.47413
52.1514
52.39745	30.59922
52.86339	42.16612	28.6098	21.87578
50.915	64.25551
52.76561	36.24378
50.47617	32.55802	4.697754
53.3628	26.56358
47.31612	32.28988
52.60667	11.60856	1.321555
53.87355	38.73784
53.4134	30.0175	7.06259
51.10731	33.06111	65.00741
50.79503	33.98347	23.67969
51.83047	30.86863
53.70952	16.12838	30.3191	52.76785
51.70086	35.50869
27.25932	51.4548
49.36644	1.437538
50.49441	27.48812
45.54517	22.18844	4.84805	12.9985
54.68813	17.02345
36.2454	55.3959	60.01614
52.48963
37.83053	34.1948	18.34659	64.58294
49.78979	40.67038	63.84835
52.04119	36.88321	48.58352
45.33702	32.76929
25.78798	49.79863	21.84779
48.26123	25.98173
46.18795
50.12189
41.30371	21.5528	16.00859
24.55893	21.36515	18.82045
55.20738	41.26057	3.223567
52.54223	26.71456	7.922394
50.1722	41.02472	8.136864
50.55117	8.784901
52.87349	25.10684
48.84171
56.14184	44.271	37.4558	7.965884
48.85983
54.50812	49.73243	13.69983	49.63338
51.70563	30.47914
52.39005	23.07652	2.856916
52.12724	37.5272
53.25395	21.33405
52.9547	23.60873	0.4698671
52.58397	20.4753
53.09521	26.82882	25.55775	25.81311
19.48715	52.23236
55.98387	16.48214
56.87575	36.58926
43.9086	52.92536	5.611203
47.10597
56.91119	36.54826	1.213992	63.64135
2.412998	45.40601
55.7434	27.19661	12.85576
14.05442
19.65075	60.23961
30.94467	11.54691
39.89135	30.40775

41.21594	34.3636	5.354576
54.65348	0.909182
53.31396	3.410447
48.90953	35.67923	46.99127
52.94331	36.00096	17.16124	2.58453	20.76323
48.30973	10.17954	24.9141
50.28398	24.57842
52.5026
53.88798	26.90416
41.47694	1.278512	64.26399
48.83486	25.46884	18.32978
47.46734	36.55661	23.30274
48.92406	30.79298
47.71109	31.07033
43.05388	27.10773
34.4112	8.382845	10.51221
11.80262
30.08113

11.67471
18.21682
56.25228	17.61006
50.44236	35.17802	21.44102
51.82167	49.37533
36.33732	51.93983	9.593659
50.66711	5.454363	1.147925
48.50321	28.34491	31.72756	39.58475
45.64017	26.70265
6.377095	23.75779
10.05492
36.86431
49.7869	64.41115	9.782153	31.93625
18.78323	0.3121866
2.757702	55.41426	53.96213
0.1406374	6.65185
47.95831	33.42235
50.15741	32.18834	31.05049
51.68447
41.2716	3.508381
50.27545
13.01379
17.60168
49.20472	30.59964



28.23768	8.817881
4.421367
54.23402	38.41087	13.78257
52.2844	28.31134	11.78232	40.46494	1.838176
53.59144	36.99374	54.66482
49.19441	64.90001
30.12342	51.38478	28.67431
50.73784
51.27907	65.24631
45.76966
44.57203	4.232157	28.03582
47.53056
50.04553	26.04951
49.56471	25.83135	10.0648	7.295826
52.58827	4.236863
50.37104	45.83159	39.02316	42.3052
52.34693	44.22398	64.98463	40.78562
52.91285	13.88509
52.70301	19.18275	0.1073603
48.79253	21.35443	60.28001	47.26407
53.74376	13.74965	46.50776	60.84353
52.5447	53.86504
42.19482	35.78709	9.512096
54.88238
51.77429	25.66446	51.54216
52.33595	18.88508	16.4723
55.86623	65.3486
53.97342	37.25892
52.3375	32.97151	61.09375
52.72619	51.29546
51.64441
52.46097
12.73983
65.67306
14.82959	14.13441
46.58246
30.04949
55.76759	4.848374	22.29142

15.46581
46.7569
53.12602	15.46261
56.99705	57.42805
51.4424	28.66356	9.357831	46.65805
52.25569	34.80566	49.46136
53.91026	23.45036	3.828243
51.72214	34.89509	65.92802	18.98675	1.194638
51.07311	28.68918	22.69988	19.41237
46.78002	41.67863
50.21433
52.20933	30.60165	24.70688
51.44774	19.85423	2.932388	14.61778	19.67329
56.36303	29.62834
52.18233	38.2511	61.7984	10.63191
52.50014	64.18115	25.62442	24.50815	27.32007
52.50014	37.69197	29.9043	1.49221
44.54753	41.05182
37.75879
22.15417
50.4332	33.74496
47.18841
51.31236	2.593876	11.85549	17.4074
53.62973	38.67987
9.143538	65.68905
25.4608
55.47175	31.59507	44.67378	53.03065
52.85361	21.16606	7.928754
51.13612
49.94542	32.61276	12.53444
50.6319
49.16529	32.70521	43.18488
45.31982	18.65923	19.27258
53.13298
55.84454	63.41644	8.558924	17.77302
15.95737	47.73203
61.47544
6.421137	7.347275
26.70546
53.66974

62.00259
65.94672
33.39954

45.39677	36.19173	28.3928


12.83549	28.80967	61.35101	39.60347	8.083694
37.34401	39.89699



51.21103	11.09074	35.12259	1.839785	11.16688



36.13517
48.41901	7.001568
48.94407
5.265788	61.26325


3.134333
47.38672	1.610462
49.85085	38.19815	61.91401
52.31082	28.14461	15.25285	42.09508
51.81311	59.37461
50.7012	64.38284	20.53578
52.78457	32.59914	65.70439	55.00703
49.26855	33.74501	62.44806
52.0638	44.85302
54.45215
15.82853	13.20852	48.93396
48.62109	8.258133	45.20018
49.85866	37.37315	8.65024	6.508661	9.916984
48.75598
45.61207	43.48505	44.25493
44.16429	23.76106	42.83783	20.42529
2.103599
17.59007	17.07539	50.81289	14.9947
44.50706	38.38618
49.14349
46.34627	20.07048	36.31208
47.11658
52.28017	23.02766	5.448679	21.50578
52.34248	37.65328	47.20971	18.30166	17.43635
51.49708	37.38299	27.14231
53.5693	29.65687
52.64705	29.37062
19.77705	52.74992	53.35404
38.28686	52.15256	3.4366	31.92003
36.16991	52.96776	32.82743
18.67666	52.2062	8.397635	1.770165
52.2034	20.29234
52.94474	3.991479
52.057	38.28442	64.82414	25.53322	17.04843
52.24324	3.433692
52.87907	36.70221	16.19921
51.75972	32.8406
23.4804	53.06173	61.86585
54.42185	19.34723	12.59705	53.88169
55.59669	46.07781	34.69453	10.11804
52.56545	18.87887	59.3321
53.1628	10.35095	0.8118847
56.21489	28.1609	0.9158787	54.55939	9.353905	21.94285
52.44697	26.43569
32.78754	53.3215
33.10808	52.42443	13.69582
50.55099	29.00274
52.61237	23.75898	51.43414	28.04736	16.97823
50.05414

49.96879	4.967613
45.75472	59.75477
39.68539	61.19308
30.64171	42.20047
1.198859
41.09906	6.597295	53.65842	28.72079
22.37456	12.75668	56.03055
41.39279	5.314257	65.97614
51.34083	25.81328
51.42866	28.54347	21.67253
51.02778
52.3062	48.56624	47.9483
52.03444	30.01026
54.73543	19.74147
52.78087	10.80206
52.83099	5.378511
52.74434	33.08202	57.35358	26.70696
50.19821	22.3872	37.28161
27.77919	51.16486
29.62321	52.29357	15.81352	36.44882
52.08951	18.59331	32.99455	17.5213
52.04211
55.50493	28.49269
52.22671	45.75162	0.5984637	49.18207	42.63085
54.00795	36.74074
49.10694	55.55509
20.47957	49.46687
57.41656	3.833703
49.64602	20.27946
37.86509	34.04753	12.61343
36.77646	33.47523	61.75754	59.2587
49.89094
51.32421
54.33091	49.66936
52.59525	41.96099	14.08986
51.50134	64.72786
51.28	44.34546	21.17808	50.20599	18.98773
47.97065	43.99115
48.83261	60.43152	27.78669
50.00902	25.94873	24.24691
47.59558	6.637686
50.80289	8.249304
0.3338109
48.1256	28.8256	39.50557	65.68038
47.75259
47.86133	31.53947	43.42099
59.68897	52.06837	9.192317
61.45584	50.57487	24.33234	20.0328	9.267759	22.07459
50.49439


60.46328
29.39585	9.706696
33.98853	48.78494
47.17108	26.51963
52.52693
35.94338	52.02929	20.01636
51.10362	34.03716	31.46395
53.07173	27.69131
56.7211	27.88518
55.35411
50.33781	37.05613	22.44654	8.472686
52.51522	29.18011	5.709548
4.175467	50.77648
60.03277	31.70552	54.33741	20.51901
1.044123
36.65251	30.42692

33.65615	64.51046
52.98923
53.90789	3.35602	47.35552

52.23954	1.283802
20.7638	11.37389
32.01362	64.11541
37.40558	22.9033
51.80258	24.896	14.25623
51.23352	22.96652
52.64789	28.87044	38.3669
52.31219
52.66976


45.01911	8.550148	18.17047
56.52028
35.63264	47.35293
51.53419	35.14106
52.09693	45.16712
50.15511	24.30963
39.6896	6.033748	8.768429	16.51294	11.5525
21.38658	2.140188
34.91372	34.52523	15.96941
18.61538
48.49488	35.71158	44.05823	22.31091
37.94415	6.714408	37.59162	37.51597	26.41178
50.1827	38.04847	30.96239
2.973189

45.4202	18.45038
47.44629

56.44648	17.84287	35.21202	53.27451
51.53434	61.26081	5.667627
53.25288
55.5871	36.00771	3.11316
52.19109	7.061211
48.6027
51.82765	28.29586
50.07286	28.85125
50.62687	28.38757	14.20972
52.72569	2.575492
47.41365	30.58066	18.73329	44.82191	46.82651
52.12235	20.85608
9.565595	63.57824
33.11115
34.59177
21.4054	12.61167	6.283566	55.8364
43.59653	46.6588	22.35419
52.06334	13.33637
49.51899
53.8453	48.08318	25.27303
36.90014	36.73231
51.17591

45.47835	15.03568
47.7139	15.52646	57.78986
51.01371	44.02896	9.516991	42.6631	37.84902	20.70826
51.25293
52.19071	30.54726	44.32504
55.87892	32.50728	3.507079	4.653155
45.92409	39.88019	63.16984	24.26461
5.419906

44.07955	26.26191	0.9442645
48.54709	51.92582
44.98431	20.37693
49.68228	27.48013	59.07968
42.56941
2.249864
43.39034	1.598285
36.21846





47.10432
33.9711	55.99942	19.53302	11.19718
5.680558
49.12345
4.868116	44.20047	26.51144	18.55799	32.93631
2.766925
62.49816
26.4814	46.47639
47.31167	43.76473	7.722844
17.73947	16.11358
22.00603
0.3670521
36.66658

26.39552	58.74082	60.50174	57.32637
51.99769
59.29235	49.1674	33.17615
62.71075	39.7702
37.17209	60.44253	6.561881	33.80502
61.4272	60.17484	64.56431
46.38018	45.12265
2.039761	5.421402	54.6568	31.1683	51.06828
48.52036	15.44523	32.59736	62.39461
53.26062	38.14738	27.55355
50.56451	35.52307
45.13729
19.52599	6.996981	40.35142

30.67146
62.88942	43.19313	26.24411

50.88966	28.02953
56.12859
49.90335	18.56361	61.74167
47.48445	61.41821	6.811577	61.08259
62.5873	52.28068
49.17048	30.53345
45.92239	38.91042	25.10991	16.40895	27.53711	1.720732	21.31079
55.96472	52.02409
53.57944	28.94761	5.122356
60.52574	55.72233	44.92953	4.859544	18.71915	53.14968	19.56571
56.11708	48.73893	64.37408	40.57942
45.10278	60.75972
49.83896	31.81951	26.28492
5.238089	52.53701
51.36862	12.87623	44.22094
53.1958	61.70278	41.21531	35.63513
53.03472	2.516858	25.97874
55.50936
45.66204	10.84951	59.84931	34.39491
6.13299
48.24483
45.35623
49.56956	0.4167006
43.64313	34.46776
50.88281
48.85404	33.67195	32.40435	14.39954	31.98384
49.94701	13.13943	46.08326
46.6776	41.87575	10.80761
35.48056	20.6613	1.752787
22.82088	3.926918	3.40095
62.45104
51.63919	32.81924	21.48627
57.24689	56.88182
47.96146	62.25245
51.75399	23.07047	10.14982	51.63079
50.71904	43.93896	29.09368	4.796216	42.46699	19.58209
51.31804
52.74881	12.77604	36.40943	30.4816
57.6953	30.0611
55.73408	45.29572	27.98042	21.05108
54.44009	13.70404
54.39075	0.5512549	11.30589	50.32203
54.27236	62.65445	20.6316	59.42698

48.35149	29.29924
45.0916	32.63054	20.97025
54.54322
53.17672	26.58604	18.23122
57.1726	32.56696	45.27579
26.6241	50.06389	54.16654
19.546

26.19373	10.28333
50.0903	22.21046	19.4561	63.2893	4.434502
50.75241	38.88525	0.3796968
50.22613
46.95471	39.89762	62.88677
49.62114	16.41928
57.44533	51.56967	35.57532
48.65799	30.39748
52.18578	43.8287


1.60094
44.94202	11.19239
51.19198	47.19993
54.26098
51.4688	1.462806
52.17527	29.28182	11.68989
52.86774
51.69521
54.32185	52.07375
51.84594	60.36429
52.60584	61.53049	28.01384
51.92418	14.7264	62.8209	65.82121
51.81659	28.06767	9.851562
53.03556	29.17773	63.92622
52.40571	9.895553
52.81647
53.30806
52.22446
51.32632	42.31191
51.59971	15.02282
52.1278	26.76286
52.51414	16.78746	26.65375
51.87457	22.24505	2.213885
46.88853
43.06303
15.49881	50.2971
