MassExtinctionTimes
65.72548	3.818823
65.73666	9.250251
65.72062	50.83725	4.725966	5.094909	9.124939	38.27032	40.71119
65.72318	22.36602
65.72957
65.74615	20.15764
65.72832
65.73311
65.73627
65.73694	61.28406
65.73839	61.53175	22.70302
65.7361	61.50714	49.93144
65.71883	63.43663	5.561359
65.71939	30.24116
65.72598	36.59961
65.72653	37.96729	49.72987	6.522709	43.0612	5.722445
65.71456	8.485274	4.24759
65.71099	4.124463
65.72351
65.7336
65.73745	0.7483322
65.6914	44.50388	6.818003
65.73421	8.439042
65.71879	7.587355	0.4854343
65.72921	6.704244	31.49385
65.74755
65.72103	26.63676
65.72376	50.78634	61.29484	1.911613	2.006476
65.7347	4.10889
65.72989	29.87605
65.71938
65.72542
65.72216	4.3439	44.71169
65.73705	42.27955	35.9206
65.71818	12.47941
65.73713	2.156521
65.72207
65.73548	3.523046	5.840824
65.67917	62.65724
65.7158	62.55496	9.816562
65.73512	62.60744	39.66928	18.7623	4.555934
65.73688	62.58637	37.92851	37.63071	9.800537
65.72391	62.36914
65.74035	62.25581	3.502491
65.71592	61.32193	44.95418	44.34534
65.72188	61.84132
65.70142	37.75871
65.73327	7.738694	3.14133
65.70542	45.0968	6.590139	43.75382	44.02391
65.70542	45.03361	9.976422
65.73656
65.73173	5.29136
65.73924	4.497178	8.922498
65.73977	3.684703	26.83372
65.73958	41.2065	43.15596
65.73958
65.72891	8.329528
65.71987	4.816264	4.662683	6.110901	51.85943	44.41956
65.72989
65.72365	23.33462
65.73789	40.98058
65.74251	8.950495	17.80317
65.74029	9.828472	8.548515
65.7325	40.18069
65.71915	7.165109	29.12304
65.73424
65.73422	44.03368	24.27601	5.713023
65.73773
65.73647
65.72372	9.984593	51.4622	58.46206
65.73524	15.29311	5.898664	18.20609	6.993209
65.72062	37.80622
65.71886	6.596107	49.25759
65.6173	36.9792	46.59984	30.34621
65.71434
65.73552	7.045329
65.72875
65.70885	12.56567
65.73682
65.7098
65.74138	27.10828
65.73013	7.678553
65.73641
65.73879
65.72117	4.36945
65.73285
65.72778	8.732475	43.20174	1.571894
65.74018	22.9821	1.970558
65.73118
65.73575	9.81887	7.995907
65.73952	12.0347
65.72551	8.925478	0.6461295
65.72391	45.81236	6.544478
65.72522	39.22544	44.79908	27.6523	7.766826
65.71481	9.683881	33.02657
65.73011	5.634509
65.75298	39.62017	7.909507
65.73449	38.05891	46.64949	0.8230492
65.74335	9.249885	55.63702
65.65143	35.06538	8.055202
65.73631
65.72041
65.72464
65.73491
65.73663	5.168561
65.72244	26.6373
65.71765	3.840811
65.73171
65.7219
65.71899	18.602
65.73506	44.07515
65.73732	36.9429
65.73058	37.75838	39.25228	20.66577
65.71813	42.55958
65.73381	6.047279
65.72647	6.138389
65.73581	39.64328	32.34027
65.73581	2.135686	5.172691
65.7103	7.927062	4.535851	8.094784
65.7243	39.6111	45.41653
65.72041	55.32853
65.7203	9.567576	0.3039782	34.45078
65.73751	9.844933	7.111277
65.70162
65.73627	9.891193
65.69151	2.117836
65.72507	8.608166
65.74299
65.73664
65.72368
65.71594
65.72641	40.19423
65.73745	37.35925
65.7139
65.7281
65.72297	5.383228
65.72824	22.92793	4.77265
65.73434	44.37779	55.5828
65.7182	43.08758	55.42265	10.94888
65.71921	44.56016	55.5022	38.06682	62.41002
65.73836	44.74124	55.58757	61.49982	2.850361
65.62968	55.54794	61.16935	50.82049
55.60055	8.237584
55.5164
55.5235
55.47717	26.60898	37.70637
55.4395
55.58801	19.56032
55.49831
55.44397	4.021213
37.55645	55.18201	9.781038
55.31947
28.76044
7.563787
7.414938
44.42825

6.971163	4.65563	37.76414

22.74686

8.329364	2.636069	11.49914
9.836819
43.04521
44.97185	18.71188
7.324472
34.2624	1.531854	38.36302
6.152838



47.28823	1.125806	1.974813
36.72785	17.57322	7.652622	4.578067
55.44041	44.53446	0.6465864	21.26997	4.103762
55.47218	5.877058	38.72812
55.52956	1.955735
55.44707	23.08634	33.07719
55.52642	36.74828	30.2595
55.44624
55.44555	40.31413
55.59828
55.28784
55.50719
54.04796	8.148505	7.724533
55.42089
55.39699	45.14199	8.549115
7.676655

49.39208	7.853641	39.92443
6.865846
7.73841


37.74464

20.84916
7.450412	23.56447
39.29292	9.297063	19.53822
23.01691
37.62818
51.60019
0.7733886	4.736775
9.336961	49.05233
44.10892	9.092952	1.525827
43.98166	23.85184

33.50653
33.13604
44.81612	3.789171
7.077275
35.48416	1.141691


27.40834
19.18294	8.568185

2.334195	48.86972
37.76538

51.62446
43.32155	8.674649
8.928522	8.929618


4.582996	6.156183

6.210796
44.57892	7.76346	3.89059	9.22498

49.18502	46.31365

60.7716
0.508192

9.356912
1.21877

9.376797
5.777897	21.30079
55.27702	8.164913	15.833
55.51952	4.885534
55.4113	22.28931	8.513111
9.710567	3.111302
23.42136

10.07004	9.573133




64.76679
55.43399	61.45369
55.59665

55.60168	35.82566	6.106204
55.51864	5.810399
55.5883
55.44049	3.915735	3.056733
55.56546	8.732532
55.35352	6.178886	41.27094
55.48188
5.047052
39.37182	9.069861
3.989489
39.96537
46.87104

45.33914	40.38184
38.26333	0.1332852	39.49768
55.53192	35.99222

52.79025	2.954527
38.51768
32.2163
1.962627
48.66957
31.23038	7.141287	59.33478

6.786486	18.93695

5.416286	16.71071
45.9291	19.48978	41.78039
25.74485


3.371132
44.62102	31.11657	8.22541	25.44384	2.968064	19.45573

51.43507	62.12596	47.58106
7.131322
50.30962	24.13762
37.28876	39.59369


3.097373
8.896001
9.634589	6.628853

9.470981


7.278946	3.030826	36.32175
62.48982
5.060639

38.00336

44.91272	50.23333	22.74214	36.92858
43.63809	47.77446	25.49324	21.76469	61.49546


37.57934	2.373441
37.80761	32.22679	26.70109

9.288153	7.569506
37.45958	49.91399

48.75433

9.824833	50.038


37.50112	43.25958	48.80429
55.48981	20.92513	4.040609
55.48865
55.59955	37.32675	8.680671	10.15796
55.37643	37.40197	19.3706
55.6092	2.4118	4.498727
55.30118	7.749464
9.132632	50.35681



24.463	7.123699
50.78613
4.163448
5.239105	23.82454
37.50561
65.57808	38.39651	38.41913
32.78571	47.69851

38.82675
43.59106	32.20796	47.46219

51.41438	14.09568	6.546518
7.337616
9.095247

51.27522
51.58084	51.61606

44.62192

13.88378
5.547667	4.72016

0.2111923
55.08658	51.63126	31.92752
55.51332	49.79198	6.909687
55.47472	39.67598	0.8733843	19.60113
55.32901	37.70949	4.181469	5.711747
55.43452	4.478995
55.59702
55.60222	40.65415	19.36507
55.46177	39.53465
55.1787	39.53188
54.66406	35.62614

55.51447
55.42027	44.3492	44.9172	5.682535	29.98562	46.14237
55.45319	42.5233	28.06768	55.30804
55.34067
55.39031	24.39938	23.46808
55.28673	9.488493	7.584913	3.134044
55.50384	52.69498	45.84181
45.3186	8.952599
43.95329
4.681803	42.05208	0.322405
61.52584
33.66809	33.67847
49.98142	21.77351
50.91969
37.41301	50.3865	31.76074

4.435538
51.88564
2.621824

17.01584
7.812769	23.8639	45.70074	35.47107
40.25905	6.603869
7.313966	0.9927472
55.39395
55.46056	39.03298	6.505219

37.39572	6.770055
39.23972
38.32315
51.26885	35.26915
51.74294	36.72566
56.45792	6.021487
9.863475	9.282749

8.885839	45.046	9.447086

8.870909
3.017548
8.0177

1.715168	27.62441

38.66078
37.24043	20.82951	11.4341	6.989903
6.413013
4.807769
45.16725
5.512456	9.889582
47.47804
24.9978	41.10644


3.463105
5.403524	43.98059
5.377228	36.02095
2.515208



8.267573

38.01199	9.470179	12.58968
51.4586	3.311858	21.07806
51.53403	2.348079
51.54638	35.65275
27.03007
43.27818	25.77032	9.007747
6.240828

8.157315	43.74851
1.06663
1.405957	55.0489	0.1195964
4.255481	7.946226
6.761895	42.43986
30.21715	2.670722

6.282988
34.23665
8.379061
36.87183

50.74234	22.88842	9.524461


3.171832
0.9317908	51.87979	36.61926	2.60363
36.38633
44.9827

0.8150094
35.42009	0.6491709
6.164091	46.37027
8.91115	35.84895	25.07284
7.933033
47.78151
4.489961
36.72662
1.674123


7.227354	31.41992	20.5518


64.96831
8.558125	37.41748

5.630259
7.618158


6.222097
55.44943
55.5293	49.18646	1.125839	8.587106
55.44408

26.67518
7.903377
6.33605
3.457261	3.397285

25.03467	0.09988261
39.47603


42.9633	62.12636	35.17534

49.79828


51.55158	9.923124	0.8787067
4.199951	43.46516	5.655743
37.24409
33.35943	2.737984
47.40449	3.6881
34.25835	7.360527

4.02059



3.713755

4.8921	55.60171	9.37074
45.43214	5.493936

45.10306
6.622744	3.566967
14.83196	32.70967
61.15695	44.937
5.523217	5.550475
44.4782	26.15787
43.16615	31.70348
7.464803
51.30464	28.9056
9.894084
8.206428	61.2646
5.917129
16.6426

31.74421
51.71125

46.56632
9.159747	32.15789
44.1967	32.8788




1.303619
47.36907

17.62511	19.18658

37.9157	22.49634
37.49503
49.24277
45.11569
36.83103	50.81324
7.038757


3.868001	19.58526
2.333927
12.59864
22.20093
8.315308
39.8478	14.07425


40.61288
55.5854


1.264009	54.68508	6.170941
43.55834	45.06581
47.07955
45.77429	21.99998
44.51692
31.97331	3.092592	40.43851
44.18077	31.86871	0.06528857
6.340954	3.739306	20.10086
7.611925	51.73858	13.54677	7.991152
0.5761606

6.879912	64.42229
8.428396
37.7034	20.15675
8.046609
16.24208	6.140661



9.622557	39.96612
43.43437	5.280378
8.92739	4.730973
9.774163

44.41745

61.96948
5.486925	23.76515
9.989232	9.640993	23.42447

9.166735	15.40176

38.0395	15.52501	1.356426
37.95384	8.132368
62.30551



39.08292
4.70429
9.745474
5.885646
47.78463	6.870597	39.38463

9.562399

6.561988
38.73682	61.54951	52.03792	38.77542	8.776576
1.955948
2.212141	47.366
9.962431	36.86067
2.684805	7.212208

55.58021	31.82754	4.404163
55.36492
55.6088	43.37411	1.439472

33.07617
9.327888
17.50967
33.9745	54.99814
55.2785	37.26079
26.99641

26.23447
1.334115	5.152391
50.06198	9.356524	24.86232
4.309452
54.45086
9.782206	10.23292	38.44746
49.20165	13.48751	33.90531
45.02206	9.684658
40.21181	3.386391
25.5187


9.749116	1.165781
6.57072	23.05089	7.340711
36.06724
35.08986
55.61882	28.9599	48.70035
55.50115	45.65447
22.87242
35.91313
43.14936	23.03004	10.27065	12.41447
34.80266	17.72303
39.64782
38.0574	24.18926

55.42735	41.1799
55.40451	8.07028
54.73577	9.810199	9.626946
55.40909	21.05075
55.4626	8.792955
39.4317

49.13061
11.80357
5.223489
4.115744
9.514195	6.214354	1.344558
34.29397	47.09925	15.25702	7.576519	3.148901	1.005119
64.19478	34.37688
55.59435	21.87217	6.207552
55.50239	4.773178	9.641582
55.60618	61.61846	4.465331	19.37968	18.58435
55.60213	6.919152	5.871684
55.60373	5.836631
55.40173	8.396324
55.50698
55.5022
55.50283	8.609017	3.811424
45.47793



6.137058	44.89124

45.8838	26.13499	23.69009	0.204564
7.031125
46.81464

45.42318
48.55586	36.18664
4.637759	4.67408
1.199363	4.002245	4.073377
50.06794	6.090037	8.288426
50.86632	9.001771	31.7171
42.64484
37.79024
47.47573
47.46012
44.44922

51.84207
54.78572	27.99926	34.30123

42.70316	51.37048
43.19463
24.80619
7.765252
5.120626
36.74999
38.67857

39.61717
37.62348

4.773147
9.764015
38.41548	7.992411	4.841795
47.7499
55.75305
29.45772	23.54784
40.37909
38.77358	45.35422	51.86765	0.6959008
55.52756	9.941543	7.346572
55.38828	37.60728
55.57678	9.782507
55.46119
55.44437	19.47666
55.42008	40.14167	23.4262	8.095115	6.987756
55.6059	44.43533	35.44739	13.69274

5.042525	35.56648	20.75868
44.1839	64.00895	3.321031

38.8119
4.090298	19.55851
43.72876

43.58879
45.80485	0.2582094

40.09911	17.94747	20.81108
38.59916
5.281743
4.739582
36.14623

63.28773	37.51911
62.70317	43.10664	4.94861

19.46774
7.655683
45.0613	8.640085
35.04983	62.39028	2.625146
38.63122
2.515243
40.57587
9.15265
4.303689	47.76334
7.734326
22.67785	0.3862928


1.467381	19.15803
64.83501	43.04945




5.863648


7.534865	13.30561
9.588409

9.736386	27.89776	9.099926


22.56467

55.52179
55.47284	8.837324	28.47099
55.42687	2.711067	45.71825
55.60139

49.91363	33.15351
2.704094	9.550209
61.80381
2.94415
25.09716



23.2971	54.46479
4.39227

28.01202	9.200522
44.51235	7.791964	26.44926
9.534303
31.11807
23.74899	5.844291
62.54752
6.682293	4.978739
7.404461	15.28823

28.4607	55.48908	57.57761	20.79712
55.38775	32.70475


17.03377	62.2353
44.31759	5.464489
7.109875	29.90422

9.247519	49.8885

7.267047
55.45598
55.34969
55.5802
55.32342
7.361637	2.761758

8.900384	45.22616	9.069555
36.21913
35.28831	44.49273
2.342063
38.05943	1.945776	40.29848
5.961803
38.18558
43.37335
8.575686	4.307814

5.313236

43.53105

25.0267


5.648886
9.831786	50.45812	9.130859	17.39834
9.63652
7.064133	2.817271
13.44223	8.010157
43.40215

11.18765
43.10969	64.83792
1.309146

3.898748
39.71964
62.41608

7.554215	36.15473	23.32956
4.063315	2.515767	10.36023

15.97702
7.148574
0.1976682	9.576658
9.720119	6.707176
43.4072	21.1214
9.392829	8.609976
20.30825	64.70965	25.09535
19.0004	9.989581	1.174834
44.42385	21.52133	15.15625
4.020637
43.73025	8.966945	22.96554
22.35604	60.73349
43.68067	6.877299	6.368626


3.897777

6.187855	8.113652
47.86684
6.422583
31.97609	2.163554
42.77985	12.69844	8.028465	28.61909

7.533745
9.210803	7.058379	4.585923
38.67046
7.445775	4.305809
42.64491
37.52879


7.134037	35.72983
2.51518
37.99185	49.00954
43.396
42.39515	7.852084
43.14887
4.646362
3.5652
43.15386	7.597582
38.62946
38.04479	7.477773	6.144775
55.33911	7.284489
55.63446	39.23379
55.46599	37.66248	26.10267	57.82025
55.45365
55.57297	33.53847
55.36215	7.710305
55.58674	45.73375
55.37725	7.730972	2.052472
55.41371

61.46657
63.51128




8.770807	43.98851

44.8476
37.49844	49.75991	14.00234

6.094435
55.42698	44.51723
55.52521	19.32143
54.53213	7.088655

3.871853	19.92302	47.48122	6.233207	33.93494
38.55947
7.10924	14.17427	35.89639
43.78418	24.33162	4.564952


8.06506	1.974353	61.91047

4.594748	21.38465	50.84186
47.78761

63.48827	8.838378
39.472	26.75449
43.73312
9.237627	54.70283
55.44107
55.49508	44.4318	5.462002	3.329029
55.51332	44.40934	9.969212
55.32784	33.22923
55.60235
55.61036	39.47044	19.52228	45.38633
55.43201	43.261
55.60123
55.58375	12.89702
55.34003	20.62466	5.099663	4.267914	30.41857
55.37796	2.557181
55.43827
55.40696
55.47341
55.587	44.39341	9.370166
55.2374
55.4823	44.00752	7.102613	8.755191	20.70695
55.46554	40.13798
23.13441	64.20255	47.555
42.50968	60.81527




7.633173
5.722012	46.22589


40.14344
8.621261	15.94489	8.275625	8.496793	37.52113
38.68661	5.868341	52.30883


3.15122	3.820824
16.88968	40.74868	44.41862
51.52679	3.721282	3.956161
6.536824
7.834683	8.725703


38.80426	55.37049

42.98911	63.26394	39.67113



44.28389
37.81387


18.92672	6.461232	38.35038	65.09745
37.64597	23.72022	4.58

8.489337	4.467486	28.45224	9.343043
38.69997
55.53264	43.24783
59.32566
7.212952
46.74337
28.52105	9.111747

48.53369
25.38226	33.61409


22.45383	27.29202
9.158214
3.365738

17.78962	5.151713
6.758024
3.829253	28.8984
47.17999
7.732418
2.618073
37.60409	32.79403	0.4644095
27.40968
55.35537
55.49651	6.872324
55.47669	9.981868	39.32246
55.50458	42.26252
55.2425
55.56978	8.96109
55.58474	2.854194	12.33528
1.282415	5.485058
1.147133	16.86061
22.04658	42.16322	18.85573

38.03656
48.9198	22.58012
45.28416


6.579356
4.916189	54.54657
55.51339
55.52516	37.93389
55.498	26.86773
40.19812
3.278786	2.881198
4.7753
47.43032	44.34947	39.43129
55.5398	7.569587

28.10337	5.548225
44.54818
37.46015	17.228
8.220761	27.75108	9.429903
35.2343	8.405389

1.82268


44.95086

45.50117
42.27909	8.859543
9.273819	45.34589
55.43548	8.785622	6.892182
55.41688
55.58998	9.223811	5.03522
54.71707	44.13334	4.689626
55.31817	43.28275	8.537291	15.40651
55.44917
55.50314
55.44552	5.979275	51.14847	3.648655
55.51549	3.69233
0.4946412	16.81685
39.51029
1.848572
5.206315	38.65549



2.250256

13.44738	17.66654
22.74938	0.9065191

44.46675	38.05294	8.594137
41.18048	7.777045	2.462764
62.47196	31.32577
50.36475

51.63088	45.13409	34.56187
51.92144	45.23575	43.0859	31.8862
44.39506	25.03665
54.85398
55.56376	3.959904
55.45817	8.232139
55.54408	6.520231	53.73645
55.51595
55.52177	42.84835	51.95945	9.623771
20.09526
9.568218
25.79208	42.79823

5.882644


39.06148	6.908622
55.58532	18.26797
31.61841
38.76615	17.2896

46.54136	42.57007


3.049888

59.97755

45.46554
5.210772	50.28685	8.383852
29.89579
9.164647	41.90216	3.384515
32.35381	9.858544	17.67721	4.088221
43.93103	5.366834	4.146574

49.25894	43.61597	2.760134
39.87897	8.047305
36.88135
44.02869	37.49433	1.307256	30.90594	2.141697
42.27227	32.66666

39.57781	58.16188	2.235109
7.855571	5.119339
40.18302
25.31781
42.52721
20.42431	5.935953	39.11876
37.95598	42.62702	18.00208
7.907511	21.52994	56.07632
32.55176

15.25149

39.00647

44.59468	8.890389
39.54986	51.61731	3.771463
36.20491	1.783127
9.01008	33.90203
35.25002

3.090394

24.90118
1.547946
42.99595
37.44405	7.191636
39.46966
39.76577	47.54376

37.81959
43.01647	37.60237
0.219016	23.4399
4.498521	8.610224

42.6432	8.844382
38.80271	50.88478
51.34865	16.39965	48.54097

31.17298
7.745691	4.180952	36.8672	43.77609
35.3222	44.47463

45.16909	7.73655

26.79995

9.70358


39.518	46.85418
43.54384	21.68622
39.59451
3.225503
43.99754	22.45616


48.61205	42.89183	31.75387
48.64441	8.050827	33.01547


51.44623
52.15723	43.71453	37.60491	25.44867	49.94691
51.2893	0.07947447	63.96832

5.172258

0.2832254	5.77375
41.38958
5.151196
43.08563

50.01598	3.4215
55.39575	42.28511	7.581093	42.80352	2.119717
1.821559	27.80294
4.681188	21.10772

8.969947	4.261319

55.48349	8.246737
55.32824	61.40008	16.60058
55.3037
55.63786	8.107788
55.49357
55.58044	44.08297
55.29225	37.5634	27.77496	1.493802
55.41994	37.96525	45.16816	19.46288
55.56417	45.34016	44.15166	25.53782	2.22825
55.59029	28.44043
55.39234	9.306977	31.05298
55.41515	37.60916	0.374093	4.799232
55.33249
55.36801
55.01471
55.53629	44.43829
55.4235	36.68352
55.23457
38.91231
40.52643	38.76945
8.775194
46.26557	48.83278	38.18908
45.10913	9.503837
45.26892	49.23459
48.91535	43.80141
0.4588389
5.968604	44.63496	9.551363
7.063204	56.49263	6.325679	32.67461	39.75903
23.2352
1.985966	33.7863

37.94894	9.505857
38.13068
8.16579	1.986024
29.46703
26.67474
51.47789	6.889899
5.626918

35.40191
36.04703

36.02556	48.54976
47.18747
6.252857

9.068651

37.31079	19.65419
37.83745	22.44539
11.78043
42.84557	0.4334673
9.569855
42.58564
36.68736	0.3785017
43.71834	9.984754	26.70814
42.12706
43.24707	27.30846
48.55498
50.96777
37.87547

25.05974	52.45791	6.483308

0.7179475	30.96815



6.46706
23.81321	50.2744
10.12544	3.284568	4.242253
25.024

9.220066	31.85873	64.17082
6.630254	23.34848
45.46416
1.434782
7.955443
55.57593
55.48408	23.54501
4.236462

16.91005
38.71764
41.9334

55.27054	21.21431
55.52252
55.41551	39.54242
55.57139	38.58115	4.117997
55.37765	18.79989	15.46948
55.43362	9.277749	8.680399
20.17952	5.90697	29.76171

37.47329
6.161836
55.60247
55.38175	59.97051	10.14001	49.21854	37.28764
39.19566	44.35681	13.51508	30.952	18.9379
9.188784
37.64846
19.82295
43.25486

1.209932
9.381318
47.06446	61.351	35.15113	44.74514	4.511822	1.380711	7.451185
47.68807
21.00858

8.577104
49.02118	9.815246	7.984855	22.27496
11.52363
8.971833
2.574866	7.960741
17.84834	43.39707	31.23956
43.23783	35.06207	7.892977	28.25644	25.14548	8.138092
21.62845
5.585499
50.36943	9.381281
13.74943	15.58611

48.87171	7.918902
1.745022	4.651578	6.427872
21.53182	3.846607
47.78701	37.75632

42.50097	7.945426
42.65587
53.98239	9.674087	42.97788
46.95413	3.012866
6.958092
35.31876

9.16695	9.561275	5.803404


39.6241
30.4939
5.960832	20.48204
1.949715	48.26459


43.95211	3.867191
32.21768
43.21517	4.433797

6.999941	9.643604	51.61669	31.27626
8.845492

9.482551
38.01712
35.82373	16.89226

4.29983
50.87511
2.383476	6.753006
9.665532
47.64626	37.3763

8.303518

3.799965	38.45007	54.85871
55.51735
55.57809	5.054168
55.44599
55.4109
55.47914	6.492171
21.00312	7.676368	43.96123
38.94201
47.38725	44.30893
6.639387
44.49921
52.13717	8.816248	49.50788	38.06599
21.41785	20.35256	46.31896
52.05245
45.47215


9.347796	8.563034	47.74858	34.70455
4.467006
23.68271	25.38322
1.754424	49.63067
37.92149	9.147086	7.745523
1.617226	8.568244
6.501479
63.61178	46.89138	42.61984
62.99415	9.699677

62.65685	4.993183	6.436952
47.41381
9.425241	0.492874
59.57695
3.227823
62.91341
4.862012
55.80108

38.60366
41.23579
16.02478	14.96365
6.292124	31.8648
55.46413
55.4721	1.696466	0.9037867
55.62452	14.85952
55.1994	11.06777	40.94956
55.33741	64.35548
55.56953	37.23207	9.722165	9.495542
55.47891	43.00334	29.21495
36.95642
38.27937

55.3221
55.35562	5.188244	42.95991
55.58419	8.759671
55.55009	2.194954
55.5201
55.43972	36.71433	0.04794607
55.44615	32.40176	9.997955	6.112631
55.46668
55.41129	6.327117
55.27327	40.24035
30.70068

7.417308

0.04564711	5.088914
40.4238	49.45587


0.1708048
12.18483
51.11482	3.311713
49.96644

37.19313	38.28475
43.6768
21.32208
0.07042665
23.45958
24.85163	5.466795
45.36445	6.864735	3.989841

4.11656	5.261472
45.2938
8.463293

2.796747
6.302653
35.18561	20.70588
4.19022	25.86039	33.70005
36.91232



1.380064	6.285458	18.95888	29.30089
26.1035

18.59103
43.45943	7.237315
42.53731	51.71127

6.788173
9.776354

37.94655	37.78407	19.16024




43.27276
5.908684
35.4961	9.487075	4.56064	0.9804805

1.758923	29.64997
7.726735

9.815867
21.69594
39.20814

43.88215	0.5980273	8.854922
8.672608	1.973939
5.322239


10.00074


44.07346
29.84876

7.556182	49.78465



55.58819	8.163972	4.607509	49.32189
55.18525
55.57049
55.58924	2.538578	6.481968
55.38492	6.136193
55.30578	44.5428	35.76335	61.54865
55.30708	33.30592
55.29519	22.44365	1.576676	1.94552	48.96668
55.54301	46.63712	1.019811
55.42984	9.278259	19.49989
44.17201	4.020732	35.61308	20.94107	53.07079
37.74486	46.92002
37.58909	46.03783	3.247208	14.25873

37.43291
23.68462
8.106374	17.17254
8.922405

8.677145

24.42704
6.261655
4.434168

8.986231	55.52477	36.31275
55.55712	51.04896	7.874742	4.682051
55.52228	10.33311	13.93385
3.580456	6.671335
5.170086
5.727489
6.555369
47.46518	7.764716
5.810795	45.2862
55.31164	7.320527

35.64346
17.12207	36.33355


48.97013	4.728831	4.249086
4.469965
4.67879	4.365153
65.68866
14.37751	0.5497795	1.78385
36.1371	7.388805
51.59914	25.81794
26.72586

30.05641	46.50023
39.70414

7.543601	9.397476	33.15836	48.51268
7.523772

39.87815	15.83882
23.7138

21.41767
37.28007
0.663963	7.13704
33.75167	7.199752
1.094985


44.25799
59.65492	5.583229


52.67169	37.74232
30.32116	6.518435



44.69791
8.853802	1.224041	36.21057
9.916134	32.57611	49.94047

2.154014
23.19002	9.802354	31.6398


49.21892
1.026642


50.94792	0.9954325	17.90924
5.866953	41.87159	6.883789
2.933764
7.803264	2.393004
9.076261
9.416634
33.94724
4.666729	0.6904804
9.904824	3.332388

2.093539


6.752196

0.7184017	7.527549
7.454863
37.95602


6.794


44.52568	9.968843
37.31495

4.040201	20.37403
45.3437
29.15487	38.17441
38.98688



5.026379
8.645782
3.801298
15.64392
35.66074	8.468223	6.653855	43.08993	6.489726
33.42727	16.00815	7.87925	4.604591


3.857467	25.8206
26.65447
39.59034	55.20373
7.969589

44.07047	6.378575	9.566612
37.33995	18.96096
2.478117
30.9145	4.627998
20.62503
9.391308

63.11149
47.66206
40.5715	3.675535
19.26238
34.57423	2.099044
5.650978



34.57246	24.40446	36.26381

52.15245
7.680466
55.62991	2.242223
55.41069
55.49842	6.227529	8.762286
55.37171
55.46908
55.62133	17.26571
55.35839	4.035299	4.816424
7.639844	28.7071

0.7468933	3.392955
35.36508
0.222552
8.962031
30.15773	15.14111
42.95853
51.73878	8.06588

2.431842

43.35559

20.55316	44.464
6.835245
40.17526	3.39076	7.545917
35.41366
38.81633	9.561378	28.46202
7.011886	37.81956

8.621322
38.68217	2.669602	5.112044	9.420459	8.400757
33.58995	39.54823
38.00218
42.06588
20.48906

35.58377
4.976165
39.72325
8.427233
5.304425


48.57727	8.730562
24.09127	17.57415	26.28469
4.401131	9.720199
19.15757	22.85309	1.868044	23.28593

34.41506	21.30475
49.90011
31.14646

8.353769


43.67098
45.14493


25.77293	29.03064	34.13703
30.23257
3.694919	63.1384
9.356649	37.17542	0.01018813
50.40797
21.40429	7.093092	9.488177

8.146373
55.61407	27.2345	7.137636
55.52632
11.06084	39.74916



37.61078


7.541244
34.10777	24.54829


19.55854

14.74845


64.97906
4.455352

34.8959
4.77335
34.31978	8.835607	21.47692
37.97889	23.85493
37.64357	9.733861
44.97862	4.973698	4.25859	6.261421

22.18877
6.113577	7.173796	9.704572
35.98124

43.10416

50.94641

61.47492
6.019759
43.67177	37.4962	4.5666
7.809565
6.733388	23.73489
4.215544
4.234375
39.17739


48.32257	33.34375
49.80171	17.66657
37.91002

9.278986	7.063782	42.91353

38.14544

45.94571	6.738701	21.43683
35.78969	30.1636	20.03003
9.791587	37.13371	51.03814


55.34893	6.022744	6.441569	15.40207	63.8815
55.43019	38.82397	1.497736
55.50975	37.18867	9.767409
55.42741	39.2191	5.639512	33.63613
55.04209	35.1919	5.974601
55.35605	6.630199
55.4126
55.43714	9.130542
55.61107	8.57864	54.14825	1.352445
55.45688
55.37059
55.62864	32.10401
55.44161	44.69447	36.66091	33.88741
55.54293	44.5323	36.59937
55.67333	35.82337	45.10208	43.74183	18.91369	1.239759
55.51118
55.39846

12.68913	24.73245
16.22328
21.34667	43.21467

40.32525	5.178797
9.450483	4.18212

44.50644	8.535548
48.64043	31.93233
43.18149	1.938357	36.61278
21.07803
44.60513	33.5428
9.227047
5.889542	17.151
4.002506	8.648033
36.08161

55.42533	44.0247	0.3448872
55.44537	44.4366	3.463325	23.93576	7.586718
54.76672	44.04079
55.50859
43.05504
7.689496	8.299098	0.2436521	2.872276
40.99515	48.45201	2.100224

7.14742
5.942013
4.871568
3.77776



7.022632



39.49856	41.89345	3.591595
39.62508	64.47437
7.493127

9.983955	6.420797
45.53428	31.06433


8.99526	37.86242	3.199015

6.2371	25.91969
2.149552
38.00152	9.227589	2.551985
48.91314	2.832956
55.15451	8.056795	48.62761

6.602428
7.055294	29.28031

1.737664	17.36173
38.00173	31.31281
4.886156	51.98319
2.986931	9.874209
44.05757	28.8816	3.700169



37.94718	39.48639	2.116499	8.816691

45.47231	38.26885
44.04716
2.067187
33.38644


8.143025

8.808919
55.5457	61.34231
55.49051	7.882915
43.41837	7.933591
47.0278
34.9969	36.67312

9.48634
37.7775	8.286297
38.39775	45.29571	13.38915
44.89895
37.57862	54.80386
7.552418	21.62966
36.93846

8.952982

6.83179	19.09994
14.54932	5.812269	36.93087
23.97444	42.37825	33.29407

9.586684	44.72579	34.62898	51.1747
8.100908


37.58314
52.29096	36.42666
37.67505	8.204756
43.26503	31.84747
46.18773

1.267194
8.221317	30.9242
22.48797	8.616045
55.39467	60.88786	53.14478
55.49949
55.42882	28.23426	48.71633	36.23958	19.02019	49.02858
55.13608	45.32019
39.81813	26.97115
43.12419
0.3984623
29.96651
51.52538
31.42915	43.2268
44.02892
6.783759	1.455184	8.471431

39.51872
4.884255	4.250499
34.46834

6.466014	5.651006	45.16826
45.38868	21.73774	37.32198
32.70776	23.5026
60.30141
63.68238
62.65862	5.32242	44.17761


4.841297	8.225497
29.48262
19.27453


42.67311


43.7065	1.687642
22.266
55.54257	6.181169
55.60406	8.41044	28.00294
55.57817	9.41591
47.55229
6.175808	5.307217
8.971426	3.587927	62.50572
36.25572	25.71378
7.687132
35.05498	4.684888	12.07296	0.1952593
33.95892	9.946727
40.0929
56.86521	29.79965
44.03892	10.25864

54.42839	41.4692
7.566925
36.1515	4.402626
10.75568
63.3047
54.07459

54.94839	1.766312
34.29499
34.34817	43.30744

51.69842	5.007816
20.75809	49.5989
51.35782	5.815835
8.710187
43.28802	38.03474
44.54228	8.441885	8.788485
8.192353	45.35472

38.7862	0.4347252
48.76872


36.68822


35.92858	43.43857	34.14459
35.55017	45.34358	4.171656	48.73637
48.79317	22.74593	44.49196	12.29085
43.584
9.594712	2.492078
42.61643
8.75257
55.39901
55.47241	46.90252	2.894841
55.59435
55.52661	43.42382
55.5034	13.73013
55.5231	38.56223	3.637524
55.5518
55.47697	9.123431
55.51532	26.13333	3.523844
55.42142	43.20246	8.492205
55.39292	5.830313
55.44608	18.02645
55.59789
55.62288	7.645114
55.40628	41.22138	4.657334	4.759355
2.595467
20.18392	8.228966
4.379847
61.43438	1.795151	37.61015

34.52322	3.743031
