ExtinctionRateChangeTimes
38.83607	23.08278	43.12096	1.368876
36.82189	25.65947	45.86072	7.596916
38.01679	26.61552	14.17949	43.49897
26.93231	39.26521	50.18755	41.84634	8.191873	30.96036
47.73669	50.82646	6.790678	44.59581	4.705098



49.00651	35.6448	23.92689
42.2746
52.07953	10.19889
41.3901	36.95331	12.85476	18.83099	12.45062	15.96064
38.20349	31.83092
31.80682


15.77826	11.38467	14.57362	8.946859

30.21221	25.37931
56.26064

1.700731
38.26251	20.26365
45.24841
48.64279
45.89876	11.97874
50.52156	15.99672	14.22705
11.93564	57.1525

46.19815	11.63389
47.36438	5.105464	0.8960346
44.9273	0.6072793
46.081	12.30055	0.7398341
48.80175	19.61342
48.31393	18.3979
49.70574	0.6197981
20.08958	3.290273
18.20661

38.07823


36.40663	16.62307
6.713473	23.30337	36.84308	31.7086
31.59605	5.799416	37.50406
38.10375	29.00114	28.00155
24.74631	35.15881
31.63787	39.70536
25.81482	33.70884	0.1666335
18.81416	37.48878
35.42702	25.81015
37.24187	23.88643	4.382451
35.18675	12.24575
35.38209	17.02707
14.01787	37.55152	49.48077	56.99365
39.53591	43.86426
20.53725	47.96895
21.41162	50.8376	50.65185
35.6891	48.68133
11.97592
24.7069
40.03343	35.64176
39.39601	26.01335
38.28657	16.79013
37.50332	27.5
31.08662	33.19035	53.28256	2.478324	12.35781
43.44233	30.17954
26.83655	46.04719
21.94872	46.79072
24.26965	20.8533	9.317497
18.18464	47.9874
12.17592	46.54699	38.21852	8.838864
9.905432	47.67139	36.33163
6.442467
38.66607	12.35605
5.788192
35.3196	53.02792	26.13167
37.80493	27.97405	32.58945
18.34135
1.82744	25.94407
9.456287	52.33912

38.35289
4.877807
2.384591
20.25383	51.09345
37.71066	29.03608



38.15989

19.92017



20.33272	11.23023
27.09467


14.27935	12.9334
21.82541

17.56634
25.32175
29.33668	28.22449
22.55644	19.04483	49.31525
34.76014


33.22115
9.544722	2.103324
7.193282
16.10449	37.78045


55.51168
41.39205	9.334721	54.93236	40.17722

4.504006	55.93551
12.7037
23.41782	23.11935	55.94816
11.32978	6.45243
20.86392	5.832754	37.41927
13.51682	36.97299	5.431074
10.66208	37.54409	6.41609	10.33662
37.9205	12.21963	52.12102	37.03624
31.98043	9.229942	47.70121	7.498405
36.38322	32.09981	6.061104
32.64243	20.92428
31.08687	23.07354	21.50226
28.14529	25.97843	19.35723	20.00769
39.61698	57.07025
38.2315	19.23996
39.07703	26.36325
37.91241	26.34547	24.63458	56.23608
19.10737
53.30173

13.94542
20.67599	17.70308	47.26029


52.24391
46.44738
51.70106	44.86418
54.33264
24.52069	51.39675	50.9827
25.24821	20.75299
28.62037	52.97586
19.54953	54.26185
45.47082	11.43153
9.161242	51.69893	9.124672
25.00721
7.73965
49.72643

23.54733

20.97411



26.1817
18.8362
46.35737
49.96698
18.61731	56.93803	2.34356
0.1708994
3.916428

4.325693	44.23491
42.44032	8.9409	53.98866
4.932741
52.95347
46.52677	43.64785
51.34451	15.76809
46.36454	29.22595	52.33373
10.65006
37.15737
36.42124	1.463843	53.10881
33.33344
50.9931	8.600183	35.41775
18.04041	35.95053	18.01716
35.24037	7.941276
38.1582
36.16114	49.99638	34.62527
31.43268	54.5397
29.96904	23.40396	22.69415
23.43021	21.81043	18.44876
42.40067	37.71113
31.50161	4.785932	49.07252
0.2061857	24.57522
15.96494
24.23583


36.28683	7.283968	49.40349

17.07537	45.39594
36.00769	30.16402	20.51176

46.42423
19.63085
3.673913	54.12408
30.28534
55.90977	48.33007


54.63602


35.01135



39.05783	45.69046
35.32126
36.15234	23.97774	0.3985706	12.88184
37.39342	47.26559	16.14522	5.734979
37.62058	12.99729	53.20506	5.962333	23.34769	0.3781134
37.03467	19.65429	49.38117	48.16793
36.34502	28.17431	45.91691	39.69511
35.90375	20.87869
37.17144	26.71288	21.72032
35.95303	29.75836	10.77885	42.22212
41.40981	13.44853
39.90288
36.93692	36.33322	17.79073
38.52387	37.28457	37.59595
38.44746	20.0411	34.68467	49.55551	35.00398
36.75767
32.71206
38.74679
36.96916
21.03149
10.30288	7.690982

20.52624


10.53871	5.179921

4.438414
36.48247
52.72003

55.59425
50.01855
50.04078	39.2453
48.47183
50.48787
50.58184
51.95358
51.66703
54.534
22.10678

7.298117	52.45445
3.408945
1.507684
0.2476225	45.71897	26.80822	30.67896
1.057736	44.9627	1.950829
2.500675	40.62127
8.692344	52.06501	44.90124
20.4969	50.35878	7.230633	1.44039	2.944711
11.5108	0.2673559	48.09991
13.59054	50.03075	4.955971	10.24327
45.24138	4.927813	41.19666	56.17653	39.34476
38.90826
0.2882303


35.5916
23.22513
4.589695
9.345935	2.315377	52.87596
25.02694	52.19572	6.336883
34.99891
35.23299	7.525468	35.1249
33.63126
40.68376	28.86965	49.1942	25.52025	45.29796
40.8453	24.49991	4.30619
40.74845	25.44529	14.47047
40.51176	18.83018
40.76021	15.2511
41.6923	30.04096	34.78231
44.96967	26.63577
52.46093	24.17205
51.70791	30.18622
50.1612	28.94533	39.8803
26.83782
33.93274	54.89221	31.16826
54.5139	40.77655
42.25547	53.02614
48.86268	28.74268
47.85781	39.5689	28.21572	28.83089
48.54457	38.59531	27.12656	47.63719
50.5689	27.00804	39.48666	12.05293	2.201209
49.39814	37.63685	16.54925	36.88174	9.202912	6.849271
47.37069	27.07084	38.46091	12.47493	17.9731	6.215939
47.99917	37.71879	0.8069895	8.090588	31.59571	8.499374	36.94356	11.49874
34.44259	5.589725	11.96111	47.79575	11.94243
3.977221	55.77632
4.518025
7.861943

16.24812
1.974997
3.656528	49.89763
15.63318	38.76357	50.63158
17.47179	38.52462	51.34116	3.609759
37.50358	51.18537	18.75521	7.975882
37.61104	52.84782	18.79458
34.76872	51.39738	10.61458	28.57742
36.04569	52.5999	13.87011	1.120952	31.17482
54.55523	2.929968	54.9015	56.91759
11.70773

32.42988



28.48039
47.57771
47.8562	3.989624	55.24858
2.455227

48.81249
51.2158
52.18777
45.47379
28.85439	19.95394
54.5532	32.92368	26.78138
30.45141	54.44748
30.94902	51.90039
49.73717	29.56645	15.45107
51.9499	26.8449
17.73324	39.79363
44.75809	25.51752	22.12089
28.25993	53.80192
30.55807
26.51417
24.96623	53.18881	56.52018
51.99609	29.39809	29.01599
52.96306	18.23643
27.34745	10.70601	56.61797
30.76621
2.494346
20.74858
16.87116	40.22861	11.39357	10.54548
26.1466	9.691593	7.005689	17.01656	4.800228
34.10599
37.0832	13.97855
46.73981
43.76335
41.05296	22.62593
46.24597	17.58158	7.877158
44.47085	2.892721	14.90684	2.417291	22.79904
45.73923	0.4332408	31.19922	30.11574
46.39951	12.25478	54.37739	8.285524
49.27937	17.36961
51.97247	24.84502
51.4299	21.87426
47.25349	38.14238	17.08482
46.06475	37.15697	42.69764

8.54073	2.053527
22.68126

41.27414	37.78556
46.88747
42.21535	15.70672	39.79587	25.89858
40.41519	38.47759
31.72178	26.08418
39.54384	37.68801
38.76871	54.01105	29.50334	15.33016	37.11725
23.11217	38.19776	56.74084
19.90866	36.98109
25.58642	50.29172	38.01803
8.896334	54.82881	33.85433	30.74068
14.27208	50.38381	39.53282	8.221188
48.86043	10.23506
46.27328	6.646561
46.10806	26.35569	38.14762
47.77161	38.0226	25.14448
38.77567	16.81058	45.61671	19.38402
35.6105	21.2407	26.06963



6.17562	0.6603965
12.48817
3.245701	2.132693




26.79108
10.36755	45.35197	5.759287	36.69705
11.20721	42.57408	5.7328	38.41499	30.39991	26.6328
13.67211	1.508809	36.85608	48.28166
36.73694	16.16679	0.4915071	51.78905
32.32538	15.34149	9.692768	48.97104
17.3066	4.990293	46.34985	38.91784
44.79741	41.42249
56.01063
36.77908	51.17057
22.95033
41.46408	13.16604
37.80993	16.39333	53.58561
33.50035	14.22841	22.18338	16.81368
28.49223	17.05801	43.92265	25.56101
20.75533	40.00434
37.82812	26.00455	22.47897
32.74991	32.37195
38.3452
28.54135	0.4061606	55.75624
39.25647	10.89321	6.357652
25.43217	16.98327	3.240979	12.07688

32.68348	2.294909
36.51596	4.079483	0.4974326
37.99937	22.42567
36.3239
32.75206	25.41586
35.55096
32.01524	13.18371	28.44052
35.75641	22.3585
37.8095	14.13083	29.858
34.41458
37.35237	57.04897	29.54211
38.27978	46.50411
38.69695
34.83709	27.87553	31.11776
35.74804
35.48215
30.31532	25.10824
30.15539	10.75489
30.18098	49.23794
32.19135	53.75538
36.11871	53.91505	25.41417
41.31927	23.04252	7.35226	35.45913	30.27769
44.47853	37.77634	5.205469
47.99477	11.42407	38.71666	17.15782	31.22786
36.67371
23.23943	17.79748	28.23924
18.86442
0.7580136	31.1318	24.47423
4.221611	19.56884	14.20415
38.88067	53.02213	41.08965
36.32972	44.43531
39.19502	0.5251649
37.99686	37.08351	50.46274


40.4354
47.77015	3.452222	46.68576


24.50325	38.77778	27.52896
54.84236	22.21925
51.32108	51.22696

4.693559
10.66063	5.249673
0.288742
0.5134877
6.167815
7.215602	1.62798
3.3129
1.195614
7.71772

57.09621




45.76222


17.34442
34.10379	21.38931	20.36316
36.24251	32.99745
37.78715
43.61974	38.51274
34.4681	42.58291
36.49194
35.55352
34.06083	32.09261	53.57881
37.27778	54.07836	3.618597
30.40845	41.00071	21.40367
12.26844	38.9114
1.631286	41.58254
37.78721	34.8126
35.95695	18.95889
33.88995
39.05494	26.36712	27.82395
35.63099	34.29195	12.32106
35.75059
39.01196
33.23075	27.02557
10.08296
34.00383	31.49524	12.4894	56.5164
34.08017	14.56179



42.74417

46.93374
42.8299	56.47439

47.0213	35.66215
49.84389	38.34971
40.8378	3.767003	21.2073
36.5478	27.21297
37.52728	32.35904
37.80289	27.89323	45.95911
37.59239	19.59706	50.65308
45.06325	10.57375	34.61536
36.83037	16.94087
38.26115	12.58068	7.093948	1.419909	37.84211
37.06321	16.33778
32.09094	25.73029	19.74914	7.33168	24.82005
29.9429	11.08198
37.92279	11.25281	50.41625	3.043258	1.266098	34.18585
38.13799	23.74589	48.87284	41.63477	12.27073	48.75005	55.72498
13.01238	4.873193	24.71093
54.52686

55.28645

2.427812
30.72184	7.730856	2.05211
24.66237
24.41941	54.2873
19.86108	8.260497	2.309516
15.7181
33.99389
19.87341
30.83929	54.80184
18.6877
8.873934
39.27847
37.32488	50.32979	29.71184
43.13882	28.97023
43.27294	34.43002	25.52187
50.4569	33.18859	22.32587	30.71061
27.8943
31.33967	47.31289
37.02695
36.08147	26.2766	24.87396	22.87936
30.75911	12.87115	7.556218
35.54531
37.2321	14.44686
45.39376	24.4657	36.55923
49.78553	27.93843	33.5627	31.09533	24.01583
51.03296	41.5176	32.96902	48.33138	56.6015
20.63546	20.34946

1.429733


54.61249
33.91284	33.72466
47.9863	56.9362
50.84609
25.16451	50.83477	29.61553


28.25048
44.11476	15.13648
45.11991	32.75729
33.40331	42.77896
32.78825
49.30641	37.10202	24.79703	46.96283	25.90296
50.82408	36.29519	35.79686
51.81698	39.71338
47.75045	36.82645
45.0922	36.82645	21.18235	8.326484
46.60249	39.63174
36.75594	14.78281	10.95054
35.1256	15.94155
54.72815
0.223942




47.41773
27.66973
18.58681
0.4669241

26.89749
56.85119	10.61625


20.15132
52.41574	23.24263	28.09538	22.13346
47.34596
46.52584
43.71053
47.58586
51.48079	2.954803
49.15732	25.99174	38.76263	22.26308
50.63557	28.08032	38.32875
51.66193	38.26504	16.07565	3.015958
50.87132	36.57344	23.41399
54.18557	36.27292	18.53655
51.00857	36.6661	16.26986	13.63207	22.7372
38.77287	16.9116	29.13549	22.96384	6.792396	12.49749
33.46687	17.82591	28.38174	7.180825
38.7143	13.70541	37.40013
35.96599	19.48592
54.29447
51.91501	36.72711	25.15704	6.911276
53.29143	37.40401	8.211282	28.44568	22.66942
51.8769	37.44984	21.38806	14.29716	13.50421
49.21451	16.64754	36.97133
49.66756	12.78371	38.66905	10.2923	8.768107
24.98899	35.76395	53.33038	31.27726	30.48078
11.32722	53.67327	39.80478	44.56963	2.592759
38.7034	47.27993	30.65354
38.94644	31.80278	14.35026	37.93151
16.40015	38.49308
22.87931	36.49195
38.14863	40.87677	11.03565	26.52229	20.25697
33.42928	52.017	30.12199	27.14689
38.30871	48.60289	8.824439	3.640607
38.71821	47.53987	19.39089
37.34281	19.5566	53.62058	13.23393	1.988948	9.962558
38.83358	49.74591	30.43252
48.30678
25.94883	50.22258	23.95786
16.50886	53.746
17.2795
15.0121

55.39227
50.88037	56.07724
56.38232
56.09361


28.34844	13.92214
12.73312
40.56238	24.58094	13.76646
28.97842	30.67955

36.03896	17.01678
37.81318	15.62111	26.95763	37.05206

54.10749
48.26036	46.48103
48.27531	13.51019
26.25323	23.66484
17.71587
1.724395
52.23909
32.48948	52.8305
52.42471	32.76462
35.56768	53.67611	57.17416
36.71618
37.76252	36.19202	45.42436	30.62054
36.91379	52.12752	47.2433	16.80484
14.63389	50.72115	27.54346
12.55814	48.85409
49.01133	19.34753	20.08881
50.04826	41.0349
53.00113	42.64624	8.581231
46.62768
52.5926	2.514383
49.79489	27.67351
18.09641	45.02151
46.76267	10.07348	40.01854	42.62543
17.18463	54.14182
12.93079	57.10442	22.38103
23.75291


48.55726	18.35505	14.33568	12.33477
51.98412	15.23302
48.37248	1.954207	48.89683	48.29449
47.95241	24.20564	0.3818811
10.88254	49.68432
50.74018	14.58012
52.10315	14.43237	54.13025
52.51613	18.41671
11.64832	51.39301
20.07287
7.317256	51.78611
38.52799	54.40656
52.96259	19.10845
48.98644
51.23262	32.23584
39.78147	17.14697	8.687005	0.6296424	38.18352	34.88256
48.04034	40.28198	17.94437	54.81062	53.08191	11.54276	7.63408
48.84707	36.99444	21.22413	15.85094
35.26073	15.55397	54.04436
36.90245	26.54477	45.40327	8.378529
39.16868	46.47179	13.13659	25.28825	24.99929
33.03163	44.35535	14.67264	27.55103	14.67062
35.00547	18.77281	52.11774
23.62085	53.42178
42.85243	29.00982	38.57296
43.82785	30.79954	28.73397
45.30952	20.97197	7.788519
20.6877	44.73241
17.8254	42.5444
15.2776	43.75589
13.01238	45.03876
2.372284	51.59182
48.03592	14.71112	40.8182	37.61247	5.89025
9.763042	52.37951
50.20592	48.27961
51.07073
52.1951	46.67247
51.90511

51.20293
12.48676	34.36136
26.01397
44.66495	21.66089	14.98312	8.926638
46.79937
53.04293
44.23457	57.18877
40.18024
48.64006	1.31765
39.13493	49.55464	16.69618	12.54411	4.789159
34.9257	3.608642	52.20625
9.119611	3.984937
9.420775	53.16684	51.69709	22.51577
51.2776

4.679864



41.28025	40.37825	44.05897


15.49745
0.022751
8.694718	19.10457
21.38952	20.07834

8.013897
7.567125	3.648602
37.35088	30.20905	26.32951
35.11628	25.4203	2.638414
46.22508
47.45906
48.51941
52.56832
36.25922
46.66454
52.2203
49.45676	48.024
45.94829
55.12264
15.77365
41.43377	7.124241
47.44533	6.590069	29.63019	10.79172	4.310483
46.44018	21.67813	42.15196	1.646522
45.07821	9.858364
47.21173	20.75872	27.59188	44.17863
45.63148	21.85993
52.4891	25.34036	41.3616
50.77097	26.77477	19.94673	56.67073	9.067513	14.81487
50.07117	19.06543
53.09005	23.86292	5.694386
22.89352	7.407982
29.07266
17.83464
21.04977	5.739943	20.83765
19.77386	14.76061
25.42401	22.32248
20.65433	6.765424
27.19311	0.2622562	13.86851
22.22951	6.217737	56.61846
17.4269
10.14086	4.585694	8.671657
23.82493	3.315629	26.07673
27.66214	42.95441	36.66732	52.28226
50.57456	13.62551	6.96677	22.77365	7.683536
47.76094	21.47127	5.645167	12.06938	3.043115
27.35697	3.648572	45.8545
2.807111	52.39366	29.66543	32.68383	1.421162	28.2654	44.31742
9.321662	50.01453	24.13797	36.75951
4.937757	54.58989	41.4306
4.038909	32.26804	54.49529
47.96288	41.0152	7.718168	40.90379
49.51691	6.096395	10.34889
7.951161	49.03234
16.89196	47.58332	43.34897
33.76086	17.02909	44.08253
20.15989	47.41427
28.18715	44.31481	26.5081	22.59628
22.97079	50.50434
49.684	32.38856
53.61675	36.66416	16.56328
4.889925	27.69356
20.86284
36.62126	16.60258
23.44417	16.75439	53.20363	45.16285
31.64315
37.57425

10.97993	37.69407	4.789484
48.31736	9.342546
52.07757
48.23954
48.87824	25.65848
53.48673	38.97937
51.27769	37.29059	41.48613
46.76997	38.20341	20.86257	12.16639	20.47265
44.11744	37.42442	9.804682	35.6546	5.183876
46.24023	38.25551	15.54012
1.976667	47.67533
11.12054	1.326152


51.00295	57.13353
51.11866	36.24391



53.62011	18.76277
40.56787
33.78136	33.0536
26.90637	50.65156	38.31001
27.8752	33.50677	46.6297
28.71015	41.57167	32.69156	39.53516
27.15929	45.74806	31.03382
28.96666	40.16625	32.35859	38.97022
30.22787	42.76494	34.41627	39.39447	0.4643211	36.30488
43.62308	38.12869	29.45233
43.08464	38.61968	16.41096	12.99673
41.73063	39.32697	27.02583
28.22151	41.63458	38.16135	40.08803	51.52008
22.56621	47.64038	39.01644	41.36188	35.66274	3.699332	2.850108
38.67442	48.45872	40.44428	38.89246
51.02015	37.22797
45.24964	36.16568	5.517717	36.4319
3.592642	51.49662	40.5254

8.84084
9.539532	24.3271	4.444421
0.3953326	20.13145	5.846747


50.76589	50.68174
52.4796
0.55708
21.7588
34.60615	19.77335
36.18108	26.19866
38.77982	25.9813	25.57176



13.42365



56.7692	47.87314







7.564291
6.438303

8.913986
33.85161
39.15127	22.18534	4.43477
44.70118	51.03481	4.814377	46.90738	48.33672	47.37378	36.26302
55.04654	6.207725
56.16324	55.70189

16.6315

12.8315
38.01241	26.20075	25.81573
29.20979	37.33304	51.47392
47.84695
52.52623	11.61341
47.56997
11.45528

33.03048	15.74265
13.49924	8.397084
17.59409	2.208177
49.66924	23.62058	13.82898
14.32241	7.116675	35.79741
10.4094	5.67215
14.03138

57.13254
32.06653	20.52205	7.494889
36.38141	18.13764	4.878626	4.101192
39.85529	16.17066	15.98851
43.17095	18.35588
34.32487
36.56249	24.19709
35.51497	12.33638
38.75161	30.43425	40.89106	22.50888	20.21731
35.48862	26.81818	32.84277	53.44041	1.688845	52.3102	6.594196
36.74523	51.52841	34.3008
37.66315	36.2083





5.157987	54.75798
32.56881

2.228751
33.04589	43.98424
42.53148	56.74912
47.6852

0.4379499
11.48415	3.928833	12.12558
54.17723

39.87763	0.4583615
16.93518

43.61996


14.15335
8.041551
42.11219

17.56135
13.90726
11.61958
19.93855
38.70493	55.26992	13.93881	6.600469
21.17488
14.31755	7.724606
13.36225	27.54614
46.46695	3.122167	24.76122
30.58971
26.85477
21.53051	57.10393
29.28078
33.44432
39.88799	17.01515
1.665135	30.6532	56.00615
49.03856	2.949799	45.94534
44.38714	40.53429	25.43028	18.4311	28.83026
46.73226	14.12057	45.59269
24.55389
15.07901	38.7445	56.04758
35.54048	46.69821	6.93136	34.5678
37.79288	35.62514
35.25004	11.2085
40.56489	38.15951	32.38698	29.46869	34.5001
36.47597	31.13327
19.45762


30.43744
57.12876


46.81446
48.39763



37.23942	51.96366	30.92468
33.19659	45.80389
31.95461	50.63695	4.321734	48.81952	47.50629




17.80742
54.9233


52.72864
48.92728

17.45676	46.18442
10.93906	8.792639	7.764686	7.329149

16.40157	49.81813
5.34918
0.1059644	48.9833
8.90409	7.212129
32.35557

38.97949
15.71318	46.12371
52.82235
0.5476162
13.92582	52.17843	27.9036	12.84074	8.621355
38.63074	24.34177
39.381	24.4001	13.84333	38.63893	3.104109
10.92124	44.29979
13.00199	36.90378	54.21431
50.08977	17.06066	34.53984	33.79915	15.19476	11.00934
52.19258	25.58353	37.37975
51.38289	21.81241	37.4137	17.63718	16.51615
50.75568	25.63219	36.44033	39.70121
53.48063	33.36593	28.19201
38.14222	20.60987	1.431428	52.04432	50.87692	47.39186	43.82939
14.74532
12.19551
15.1449	2.542943
6.492633	44.11862
20.94614	14.13512	8.353619	11.18755
10.96183
49.05483	13.62801	56.74215
2.711251
50.90409	30.19802
42.8092	35.54835
48.15689	3.207022
17.92124	49.60286	51.62499
46.29071	2.20367	39.05605	45.91121
47.73705	3.489503
48.48446	11.17846	41.92639	37.76728	25.83541	4.101707
47.57063	10.47539	28.62888	4.653641	47.21941	19.15036
18.25324	1.039421	55.00322
25.53984	53.26712
29.99816	51.10684	11.46619	44.61841	28.72833	28.34013	30.23659	10.46802
47.96012	27.01001	22.37472	14.64273
49.33681	29.60921
46.37397	27.66934
44.60433	31.27154	24.18987
46.43863	30.30338	8.939017
33.41416	51.52376	42.28259	27.19687
33.44601	53.45924	16.36604
29.56353	55.5294
38.1343	48.96654	19.26435	50.60998
44.41989	10.51513	8.23459
25.49815
13.53406
4.002482
9.772145
15.1829	3.02251	6.453381
4.772613	22.23717	19.45709
20.94061	32.21929
17.13317	29.66846	55.16824	29.6591
22.54325	33.49314	31.54318	31.29696	26.32199
28.37306	9.692676
20.24253
14.07379	30.93052
12.66832	47.67255	51.70595
14.27307	24.0611	40.70904	39.86802
27.48271	0.3849177	35.35817
33.51038	3.335476	23.4282
52.26734

47.76107
50.44989
36.25696
13.51488	35.80639	29.01198
35.38049	12.79568	31.63545	35.19827
38.68984	29.3162
38.45689
29.95603
49.61439

48.07784	40.79792	29.78321
13.52702


24.71353
54.08901
25.36901
28.65859	0.5379736	24.91308	55.65181	52.22896
51.2142	1.040549
53.09988
53.35025	37.46589	27.54356
46.92472
5.34222	45.93129	45.34844
6.729776	37.92179
9.529988	6.728809	39.17159	57.26078	55.73047
36.75918	8.391883	11.41132	3.929963
30.14776
19.6483


44.8066
53.20212	10.05896
51.13433	21.66128	20.25133	8.206058
50.94002	21.33532	15.56818
47.42171	22.0038	9.353749
51.34268
15.94674	55.06862	15.03615
51.08846	17.16821	8.267491
57.24779
21.14263	56.30141
21.45211
28.70494
29.6357
25.84743	0.002450537
29.06074
27.91695	8.334388	1.087177	48.22724
51.52301
8.112555	5.32697
1.649164	49.08757	18.56598	16.30617	39.88943
50.47661	22.31366	5.160389
55.64192
55.96896
11.49619
24.90502
11.71474	26.09901	23.47892
36.2049	16.38607	35.55546
29.45219	1.949761
19.73824	14.17492
47.26253	21.24143
11.43691
31.62377	29.61328	8.202812

5.259137
36.68642
27.08598
23.32942
16.70758
17.84733
16.34669	31.23814
24.64965
15.10298
21.69886
23.56414	33.00838
13.95976	56.15553
5.199273	51.37294
10.53405
7.989279	7.723687

1.540049
48.12947
52.53769	25.29816
46.4331
17.22729
15.6139	8.284556
46.71215
49.58535
49.50212	2.850337	29.47368
51.18703	1.543465
51.79005	1.491903	51.35527
49.75359	13.83104	7.1258
50.8447	43.57906
27.62728
42.05279
29.31642	50.57049	5.427504	44.04284	0.00871796


35.85429	29.7676
38.31544	33.26994	36.89409	32.33651
41.18898	38.26
40.60208	39.32761
40.44709	39.62313
35.9675	49.31621
38.0696
12.11382	33.76292	56.13812	53.9857	48.9228
50.45874
48.40595
23.70198	16.74248	35.87513
33.29706	16.28211	45.43627
14.63292	39.21255	1.924121	1.340332	35.86019
33.97231	19.84756	56.82792	18.12477

16.86578	1.712835
12.49986
11.1137	47.00823
42.35129	38.1299	29.43443	15.03146	23.29845	7.192428
40.8159	38.43508	31.09701	0.8888234
37.55187	25.88861
35.57936	30.18774	30.05396
30.92427	28.26259	0.7212296
36.77224	28.1406	56.43374
33.97564	17.74934	56.1386	12.95898	6.737075
39.56556	52.4331
48.70216	40.82706
47.86527	39.16739	6.19957
47.75577	38.55673
47.2709	25.70453	42.26437	41.38432
25.98411
9.394661	49.37274
50.25584
50.94433
49.08766
51.33368
46.64071	31.15476
45.30329	17.49819
49.61838	29.73821	18.28892	25.54989
54.22858	13.30312	52.3958	47.95695
52.23851	20.65164
46.64382	45.34949
46.297	7.552307
34.73876	12.17946	3.868235
4.543543
0.6091016	54.89353	0.3923021	49.48681	56.93461
4.236151	49.95278
5.138193
15.77932
13.15465

15.80199
14.2709	50.74332
11.53889	51.28165
25.08295	53.3447	50.47536	47.46782	46.03347	18.76698
48.7367	40.75485	29.42653	56.3825
51.1052	37.31153	30.76609	10.06169
52.25025	38.39831	28.22659	7.305662	3.033499	0.181714
51.01746	31.48748	25.74559	12.05868
51.7227	26.7339	52.20825	16.35547
53.27813
2.33502
51.991	48.75718	28.34021
52.9084	29.75066	22.49645	19.50663	14.46489
52.11652	27.84491	17.4642	54.81705	5.444134	20.47417
15.1864
17.12052	10.00121
16.92785	16.90418
18.35593


27.82124	8.162296
47.01435
39.50036




9.869988

10.85569	8.377605

1.116631	15.39009	57.12161	56.60022
13.93532	38.7334	36.06218	33.78768	49.07883
28.08799	15.97312
23.50348	10.24956	0.5585659	19.90864
42.96472	52.044	19.72725





17.32867	8.338557	4.314736	53.94002
15.07694	3.611075
14.9021	0.4119506	56.17511
3.635348	1.758846

54.79344	13.14302
41.21244	9.9138	9.247268

34.5079	10.84208
38.52823	15.85317	14.38947	54.89865
32.19562	25.69466
27.20043	36.65919
26.60307	41.35693	32.01119	45.74115

22.71039	6.810948	5.654779
5.323256


50.7764
51.00195	17.87314	35.53025

50.51857
48.08751
51.48898
52.86685	52.49873
25.59428	36.03567	0.7592581	17.61833
10.53144	4.869437
32.40629
37.90403	50.82384	49.96887	56.10584
44.0371	28.56418	31.85417
52.83067	2.460999	25.15637
20.78891	40.50063
1.950278	37.02938
3.292649
50.37285	24.62972	20.2812
47.63518
28.61419	27.82009
51.54909	16.26455
22.75404	54.14899	53.42366	42.64822
28.68829
29.27519	16.45368	19.20635
18.21444

24.40954	17.86126	15.73165	22.16792
35.38148	4.36234	28.10476
35.8762	8.93788	50.29301	34.17191
30.75081
25.51113	23.07722	26.96757
38.22607	1.926711	37.37178
38.1431	9.600298	28.14164	48.32926	6.718423
38.26936	5.591118	25.9615	45.99036	13.92996
35.90305	23.73286	46.36991	1.086888
25.66302	51.12182	38.07022	51.05275
35.71578	32.40283	35.27098
27.82396	50.0104	35.40484	19.16406	26.72535
28.2878	47.95489	37.70748	46.98306
39.30867	13.37907
35.79276	9.174977	1.077957	52.67396
36.17701	45.94853	28.22308	43.11742	41.6328
38.23694	49.83091	27.54137	36.51687	11.90099
36.91048	25.96585	28.49794
36.427	27.29579	8.316348	6.088306
35.94784	31.3291	5.772492	19.31686	34.03018	2.996678
37.25225	9.391258	0.6139652	8.121368
18.55088	17.65262
39.69193
38.09706
38.0389	18.23835	20.67354
36.79612
38.54642
37.48509
39.0589	38.49991
35.64106
36.83345
37.67863	50.65229	0.6222443	27.77274
38.27121	54.94671	22.71553	8.047335	51.78746	37.04409
29.65914	52.34739	14.68382	54.1083	56.65514
36.14181	55.31237	23.14833
37.50088
34.76177	17.32223
32.49281	16.49366	20.17277
20.46877	14.60946
19.93142	14.36318
19.0822
21.33737
4.37487	1.039868
10.17435	52.84034
19.38591	6.63786	11.96635
34.81369
36.42783
35.83828
33.44124
38.44745
39.12563
35.12084	47.22323
35.55693	50.48755	34.30793	9.097033
11.8063	7.731343	5.644576	7.102509
20.33842
7.988488





9.059324	2.836653


39.32614	52.49054
45.55704	21.46966	34.18918	9.147134
37.4523	18.39934
37.90298	23.81279	56.641
28.67499	27.17753	25.22553	24.18825	18.25409
7.248816
38.52063
30.59405
17.46237	36.27002	16.13822
30.5124	0.7109223
37.57924

38.36568	55.88262	22.11277
54.80389	39.7611	22.00138	5.364356
16.47998	13.58696	7.802357	15.04369
10.08527	5.649592	25.36073	20.59045	6.190297
0.002268751	49.18785
10.56494
25.88415
1.141404	21.5845
9.577365
11.81269
31.29861	27.14173	12.9416
3.950604

44.61476
45.47662	3.622268
51.12837	0.7019916	57.11648	34.49975
52.2833	18.28775	31.66291
49.00754
46.29878	15.9356	37.13621
46.14908	36.5752	27.61642	13.90326	45.66538	55.21079	7.781266
48.53127	37.86334	10.7252	29.45949	26.16249	7.914793
38.50002	26.01296	42.11199	9.58032	49.32526	8.693336	8.697834
18.84283	46.0295	13.31885

7.00434
47.45636


18.39201	8.510696
14.2043
19.43324
36.83454
51.71977
52.32959	8.029128	6.433476	51.87262


51.71929	34.89944
47.05077	53.87285
28.18628

23.44295	43.64407
48.01051
28.37847
1.071226
8.806581	54.21077
18.85241	49.94174
49.05465	28.60518
48.83669	23.85452
30.26735	45.91913	18.25313
48.04317	18.00911
50.83965	11.67319
49.70669	1.036128
1.274715	50.78459	31.25801	28.89661	27.97708
0.09403863	53.71533	36.72332
4.448688	31.58689	23.90238	1.175252
10.16972	26.84825
2.395071	1.999507
45.76302	9.446487	26.82305
7.1533	23.53492
4.007739	16.44127
3.294849	14.69399
2.963688	26.47675	16.94769
4.337833	11.33957
12.59579	10.81772
38.6326	4.538762
37.0965	23.83084
34.55214	22.43938
37.89635
37.83487	32.65209
39.01713	31.38532
35.24303
35.53192	1.94436	53.77765
32.08658	56.48655
40.2995	9.771339	1.614597
13.72724	47.22713
25.32271
32.47293	21.25708
39.4457	6.364448	4.423337

4.798242
6.933393	27.95503
44.58362	19.55106
47.33909	33.05906	22.5819
45.35231
44.06626	16.09556	32.57146	19.77557	32.49558
46.06145	21.80033
48.10307	0.7960253
51.83968	14.99767
12.03501	56.09126	44.50943
53.43588
53.28348

56.86343
8.092479	0.2178337
8.267549	8.111735
18.49743	13.49913	14.55857	17.81301
21.11083	53.13396
49.68178	57.11787
50.08863	26.34679	0.4099912	18.19434
50.86295	33.69775
54.82818	22.92059
23.61795	1.904554
26.3041	54.45295	44.709
55.15937





1.847188
5.53114	1.49512
21.80662
26.11392
37.33136
38.39362
37.24349	16.27952	10.46912	14.43603
37.01628	26.11677	21.85684
34.42934	31.62886	26.43572
21.64286	15.97928	5.815093	12.20529
11.96926	27.10327	26.55673
18.82559	36.67807
19.94821
20.04171
43.20475
11.65601
20.17139	0.47273
41.12073
56.50219
14.67992	10.7675

23.43928
45.80514
42.32106	34.89633
49.39245	6.675833
51.42989	20.72552	11.78151
52.38816	34.32995	52.0692
48.42418	38.94349
42.18712	31.12853
34.97773	4.50414
45.83335	20.95939
32.55219	2.224742	27.69063	4.63913
2.721054
13.58104
17.90248	32.81314
18.43664	55.42583	53.5229

46.62804	34.02817	20.78652	47.02283	7.992375
39.23326	24.24255	46.81374
17.00537	51.10941	37.86466	13.25779
6.164085	39.93563	52.5988	31.01543
42.30116	0.1559449
2.115795
51.87273
47.97784	38.35675
54.03171
48.97621	20.20118	43.69718	57.23309
49.86509	14.32575	39.1552	42.08208
47.25555	19.05922	38.67818	54.30206
16.68425	35.79444
25.55652	32.28002	12.89796	11.68813	47.93011
31.68721	12.49147	1.291989
38.1596	14.03561
39.19869	16.28071
47.11958
50.69725	37.82375	37.17368	8.469814
41.55291	43.44452	23.91306	17.22003	14.93952
55.89104


13.83557


13.40882	54.27871
3.51803	45.58566
20.0406	12.52545	3.66969
28.47333
54.27933
52.46273	31.72832
49.18208	3.246746
32.11369	3.198002	15.53291
35.37159	19.25792
36.80956	17.48653	15.72596
25.46407
54.72789	13.68572	50.79851	50.07765	32.85187	10.10348
24.57227	52.57788	22.76448
19.74649	52.70861	56.72648
49.77623	12.8689	25.37276
53.52052	3.60594
52.07254
51.81467	39.97566
20.08945


7.377839
9.311719
14.75428





37.41544	4.0547
45.96848	45.02954
46.17433
53.90297	51.5404	11.05088	56.98559
53.69925
51.48681

5.567613	20.24478


7.94931

52.40812
43.581
53.52376
49.56224
43.98228	35.08027	40.90822
42.35796	5.24222
51.67232	7.00042	40.11876
1.673558	42.0194	56.25183
0.2800305	42.56005
40.68358	51.74611	12.16034
42.20466	50.92291	33.50339
51.89285	32.27857	3.577978
52.73971	26.19733
27.23455	51.60607	25.34174
26.96747	49.61818
20.84061	50.21711	12.89924
9.683445	50.55662	31.14343
54.97043	10.78014	3.719587
52.87894
47.42666	17.09441	29.76863
49.42411
51.4078	12.44044	8.162885
32.66684	24.69229
51.73465	40.95498	15.53954	10.58175	48.10089
50.27032	15.158	56.77127
53.2044	20.05641
51.11682	23.42238
25.56857
19.93615	2.384631

31.83839

13.13644
53.71973
48.2144
44.46173
47.27711
53.96064	36.23444
48.43462

34.55494	55.4959
7.218226	32.22324	28.80882
1.635491	14.14297	46.04342
45.4266	41.80772
6.96723

56.31828	39.21573	53.98944
45.73819	51.80915	37.35363	34.0417
47.06705	37.44421
39.16045




52.24684
52.42989
46.44916	12.4844
2.877785

11.7028
20.74041
24.27561
11.62301	48.03131

46.1089
0.912754
12.24927
4.229285
13.80262
12.81739	9.766622
50.54685
57.0903
5.087529	12.4441
48.17327	42.82842
51.5031	0.6582454	28.90799
0.7296997
48.74771	56.65863
40.06808	17.99698

33.56189	11.0403
33.33545	25.48075
45.57697

38.62742	17.63739	17.29952
9.626579	38.864
14.31923
7.602655
8.362311	33.92751	1.47421
19.08364	55.07776
38.64519
28.47943	29.41564

25.4269

2.828961
33.63232


30.05037	19.40987

28.56897	3.837387	25.97565
31.26339

48.37939

7.850265	5.020491
7.355076	29.55942
9.575986


21.90227


4.880835	56.93416	7.880773	48.76762	47.31015
50.64841	38.03067	0.423992	0.3034131
48.99946	37.30672	27.51975
46.72297	8.619104
50.30473	8.500259	3.954714
8.2519	4.334976	0.8768254	6.619947
51.56807
13.34434	51.00489	50.58696	47.62898
25.31312	54.02508	22.66905

37.65778	27.58074	19.91067
31.11021	16.84992	16.11011	29.20269
35.89856

4.72536
47.74727
44.3606
46.55121	6.801208
45.81808
44.96565
44.64912

17.57228
45.01661
50.3192
12.85927	54.51527
0.9623949
13.68772	8.738762	7.878391
10.96281	2.507107
11.07355	47.53369	8.143798	5.061729
9.40431	4.967275	52.22255
54.74834	25.42905	11.48889
38.9133	44.5231	16.09197	26.86859
35.98407	20.35605	9.842626

36.75564	29.9333	49.22259
51.26243
51.30755	54.39294
44.62624	17.94364
37.90429	46.17837	35.24726
49.11608	43.92129
46.75013
46.06176
42.97772	2.451525
29.0979	0.7173472	11.45106
17.6252
17.98139	4.10404
17.82116	8.197385
26.59608	52.24824
27.73784	2.598925	24.00073	22.34805

17.73249
46.90939
51.23653	26.28377	15.85025
50.80612	27.51261	48.39787	24.56911	3.777961	25.37811
23.06778	49.72095	3.608726	57.02107	0.6655006
50.13352	2.678876	30.85441
45.45516
54.35966	22.37976	21.74188
23.63835
37.04662	4.505927	11.87273	4.739596	1.183557
3.519172
7.205304	56.62482
15.94629

53.31138	10.77233
38.87083
10.58112	50.44224
51.48933	37.39586	9.026643	35.09452
44.68064	36.71888	17.58042
38.25448	25.98756	8.739154
34.0065	16.56658	40.80471	8.013085
37.66765	16.95538



36.39125	34.10845
41.28808	27.34073	35.74077	31.26865	57.15544	39.44125
25.47561	38.14593	15.6354	20.17204
32.01297	35.93353	15.58596	21.68834
25.88157	4.165235
36.16612	29.86986	9.332625	5.123415
28.05915	5.742542	12.32416

10.10663
4.181767
29.72269	26.60613
19.35475	50.77737
14.21434
22.55842	4.043545	17.62839	50.61508	2.325176
18.04644	51.7869	8.336723	16.88021	0.5694447
49.84344
53.93546	10.70094


44.96298	8.477279
40.15916

52.01206
15.69319
51.81057	42.36528	38.89618
50.79296	38.35364	24.82693
51.56567	38.4611	29.67035	55.04958
49.82552	37.81134	48.71126
42.86921	40.20184	56.98347
41.54652	39.00079	49.90023
35.2344	42.46928	53.87631
38.41389	34.45555	29.37752
34.31063	44.57833	21.19952	13.84553
28.40533	25.48853
36.79626	13.07315	5.583209
39.14462	48.72462	10.30217
35.80754	47.9452
47.36085	36.89247
45.16249	38.11217	17.87418
44.57874	39.34424	16.80098	38.92982	37.71608
39.42069	18.113	8.422726	2.683686
37.77461	25.86546	11.59339	7.451243
36.00175
36.24704	21.66269
35.61256	20.05976	12.09421
35.49663	12.57129	26.91133	24.4129
27.17467	32.99179
36.59856	29.73595	24.22719
33.02672	20.51201	30.87486
39.72091	14.24074	13.0226
19.16707	36.69392
35.99932	25.8266
38.67183
38.07769	5.114593
38.11319	36.16204	33.68002
36.54388	15.23639
35.06263	13.10214
40.55734	36.30099
46.02858	39.45814	3.457953	50.0215
37.00389	44.86439	54.94997
38.14443	19.53928
34.62104	25.80832	5.841711	19.78178
45.30286
34.34276	3.503076
12.24766
10.65947	4.498549
18.23875
6.420761
11.04666	11.90173	8.602275
8.344885
2.93979
39.85108	46.52577	28.25039
47.72708	16.28264	50.16177
47.69175	17.08534	35.12031	11.69295
35.63946	13.47368	33.69441
16.02804	46.91463	41.48177
14.74889	38.86842
16.72455	36.13509	51.81769
37.03656	53.64684	17.11772	5.406891	53.1345
8.40668
2.64943
0.1254219
6.098364
24.44426	16.87209	4.605829
32.89397	15.54618
44.90203	2.22023	2.03067
41.73265	2.21331	16.04635	49.40363
46.94315	12.73597	38.11515	31.07193	23.58294
51.25594	21.8089	39.50589	43.90538
32.65929	37.87399	51.03258	34.91581

26.46422
56.77462


41.01216
36.97624	30.11305
34.57797	26.11578
38.18099	16.94218
0.6910788	26.38228
20.32315	23.78122
27.69591	26.95871
43.99826	42.87251
49.758	27.0273
52.21991	13.37893	54.91526
51.1358	10.85102	36.1175
16.50768
25.8942
9.72874

44.04844	56.45821

3.857677	24.3279	0.9363773
2.068268
41.70878	5.040008	13.77512
19.26439	54.93123
49.48089
44.54157
50.82381	27.83315
43.7695
52.74083
55.33544
55.69418	49.61675

50.16155
51.17267	8.990385	57.27037	18.994
20.31783	46.90467
18.64327	54.18426	1.795839	18.72889
7.340943
0.9584484	41.00173
40.04905	2.838561
38.59865	2.654045	30.76576	54.42707
7.010574	48.88315




16.93774


51.17197	24.87875
46.22618



55.50623	44.91263



49.15923
7.645229

7.129897	52.86201
30.14984	17.05622
16.99183
37.67036
34.96008	38.69442
40.41099	2.812284	22.26931	21.59464
36.62094
37.67267	10.43523	1.892795	4.73224	3.452075	6.329873	52.13842	9.405452
34.02114	29.64887	53.7749

24.19691
26.29808
31.41926	22.0603
16.20498	10.05964
0.8708411

50.93916	29.3208

49.39279	38.05539	26.7585
50.87173	38.12359	28.51369
52.19736	36.64614	29.54695	5.966263	12.63744
41.22497	36.85283	33.94003
47.57479	37.75298	34.00043
39.973
47.58712	21.23807	33.58116
52.78172	35.39913	5.923393	18.45849
48.69966	39.92404	4.849551	21.3518	39.86801	19.35436	34.44378	57.22374
38.42156	9.414155	21.1695	46.76846	15.26912	6.635989
46.04262	7.197962	18.07466	37.58652	22.71147	4.884546
51.80993	36.98469
51.91157	39.68347	14.4592	51.18644
48.27036	10.39008
49.18964
51.68637
48.33347


56.29175
54.50784
30.34821
55.83718
50.50644	19.74249	47.24085
54.81767	39.54569	55.11412
52.14439	30.91489	5.081519
41.54411
53.96035	19.5352
50.76134	20.22449	49.4979	8.602318
51.05863	21.85416	16.95929	13.25143
49.72906	40.40929
47.06649	56.62039
44.88125	30.52104	53.72085
45.86397	31.8261	34.03392	5.976164	11.75025
46.61795	28.9963	36.74699	21.8144
50.48993	29.58131	18.21227
28.26276
25.2463	23.50251
27.82009	54.5584	39.54115
29.95491
25.96085	53.11027	3.166572
25.2189	9.371221
27.56065
27.24962	47.76616
15.61889	0.8443695
12.97284	33.01353
10.96581
29.91048	55.89352
12.81528	9.703913
1.420981
56.94597
47.8003

17.88575
15.64749	13.17478
