SpeciationRateChanges


40.24533	2.784711	27.21654
3.503286	3.427724
46.51352
47.22227
11.79145	27.88918
27.5733
30.38954	5.359163
8.930495
9.818602
51.37086
31.74172	51.72098	24.00473	1.035332	28.10718
51.1738	32.60884
11.46516
51.98124
50.41739


0.09326815	57.09858

0.6405526

7.610206
38.48099
30.27968	24.57825	8.520737
33.62735	27.16037	10.65617	22.13903	3.34026
35.84416	20.95315
36.1948	19.24969	3.463421
17.40822	36.2264	12.83215
36.56397	21.75976
35.74929	30.45292
37.56251	24.18351
38.30391	23.54218	35.45886	39.76781	11.15069
31.62249	24.88933
36.7444	25.70486
34.56747	32.87087	32.25382

45.7909
44.94196
16.43543	49.43572	55.27462
50.11733	56.29221
44.89935	56.69837	19.11031
50.50238	56.69837	38.70205
50.47691	56.68586	39.80043
49.75039	56.68586
53.88087
42.38313
48.33642	53.73781

56.73916	48.22563	23.23746

20.15651
0.5800439
11.70298	5.631574	4.622285
8.236053
16.71252	57.05818
16.9653
33.83477
9.861583	54.45335	36.84259	45.88258
10.80567	6.743429	0.6511304	0.1430302
41.51316	12.43885	5.093998	41.46056	2.36369
38.99727	27.01244	0.5243331	9.27487
15.91771	40.79883
48.87455	4.120645	27.03392
35.44147	34.09448
35.56733
36.22237	3.800115
35.55797	0.4759739	47.65513
36.99054	2.534258
35.66051	5.010065
37.96901	5.81892
35.92627	4.77744	45.30511
4.267293	51.08333
4.542286	42.12221
11.07892	1.5483
52.91691
20.40058	8.636399

53.18894	56.81416
56.81416	17.74054	47.1971	47.07381
51.20114
53.73002



15.22579	44.44034


4.870216
22.32315	36.81865	53.72259
10.00661	39.49418
15.47876
27.02808	11.20181
32.03086	55.09692	18.71398	22.11708	50.8715	24.62722
50.06246	12.28766	26.68168
46.10505	29.22126	23.64334	10.42728
3.834078	56.6416	53.54066	28.48168
56.52958	56.9572	20.45105	16.80777	12.23632	2.351355	3.892568
33.68433	16.98538

36.50784

9.821969	41.25494	49.58276	26.36698
10.408	45.56472	37.70732
45.75898	40.51802	17.34593	36.29023
40.8587	37.25853	32.40478
47.20131	37.85612	25.25892
51.15519	35.33917	2.886929	56.2092	16.88258
47.94101	38.10464	17.03693	25.02248
41.47563



16.00002
14.22246	12.57458
19.90603	8.064459	2.893826	6.488656
6.787041	6.603317
8.578342	20.69148
48.00361	6.540186

9.150673	44.25768
35.70541	28.62647
8.241795	47.21282
35.80124
27.4685	36.51752	8.291099
34.53365	3.996277	23.27727
35.30002	27.93092	45.76857	7.962504	27.59094
29.01933	33.88857
27.19016	16.68447
23.8573
35.87165	27.78372	8.670859	25.96903
16.79236
19.24116
41.19514	54.43477
45.06432	55.6385
50.82488	19.27589
50.59173
51.90544

18.31879
4.954257
54.90141	55.39282
57.12638
19.91709
21.17751


27.44991
35.12534
37.75787
37.9404	30.0347	28.39502
37.70861
35.5623	56.60107	30.22108
24.4687	49.33115	34.88533
2.562634	37.37815	39.97508	27.41957
44.9867	37.86143	20.62732	29.56377	27.89076
36.52122	23.48347	13.69721	23.13403
35.10031	22.04168	39.59043	30.26485
37.02621	2.027694	43.93082
39.10195	37.15502	16.72265	10.25148
46.89045	35.55897	16.93146	3.490601
44.31542	37.89871	14.87274	31.71398
39.83339	36.74368	4.889317
39.61851	36.72978	4.145814
37.84459	1.157321	7.782197
35.96446	13.48208	30.72924
12.97654	49.35296
4.912633
44.21951	37.98393	4.763316
44.36055	37.35552	13.02453
48.59408	37.38217	12.1783	0.4729243	27.83741	54.49794	24.9381
12.89333	41.74567	36.31956	11.50628	7.152532
17.59283	41.74738	38.03161	51.99573	50.61532
25.70865	11.1096	35.02324	17.68141	8.117952
37.47379	11.59109
22.12166	36.65119	40.16683	21.6477
35.60375	25.21419	16.68662
35.43267	16.55066
20.92527	17.00172
27.30894	9.230123
25.40815

45.50936
28.01856
19.98874	6.390421	18.77178	2.158875
12.86191	56.53499
14.49627	56.53499	21.87832
20.34778	56.65621	11.33166
13.90066	56.78608	13.20234
23.68153
32.12426	26.44781	43.33628	14.51368
2.046906	20.85483
22.41707	18.92313
39.65591	38.37295
1.58665	56.73168
1.434479
4.935777	55.65954


11.06979
11.12626
40.13295	12.84342

9.418951
55.94478
10.04722
48.58969

1.503205
49.62293


56.73242	41.03109
56.67193	54.79063
17.66742
24.4635
30.38497


39.53735	10.84467


45.40308
44.27025	42.3723
42.30249	55.72276	53.63614	50.93535	17.29424	15.96248	7.830283
50.00348
45.32393	29.59138	26.7175
46.58614	25.66163
21.84858	44.22245	42.82071
31.19733
26.86313
30.46655	36.54368	25.34184
37.74915
46.1775	23.59561
17.72328	2.40738	9.340494
15.64284	50.65818	37.37767
22.99637	47.30222	36.67802	20.11489
18.35093	44.34449	36.10671	54.3832	34.52017
22.23347	49.56956	35.8451	2.511438
25.5666	36.78486	47.10505
53.09576	14.00773
47.60148
48.74425
51.63118	9.637147
0.05645122




18.27511	17.5068
24.4385	50.66641	17.60052	43.01916
12.45751
36.55414



42.16441

32.18677	19.80129
36.89087	17.23808	10.84581	14.71842
36.49293	16.41363
22.97464	11.13956
35.82132	35.5073
35.34512	25.14368	0.6219368
52.23379	36.82485
35.09709	50.87007
37.39894
35.95037	48.77153
47.45174
51.6355




33.03759	30.91712	21.36944
8.474344
37.55425	39.61249	30.68566
37.87672	43.58498	15.58401
36.85091	45.66277	21.45548
35.74879	49.18186	26.28035
37.80533	46.86695	0.488469	12.38895
37.47284	49.53519
49.59676	39.54332	19.82929
49.84902	36.65671	2.378306
50.31242	37.25634	15.45266
54.27676	37.83301	25.3116	13.29657	9.128985
51.08605	35.82915	25.99717	16.39373
34.95008	26.46113
36.44324	21.33466
31.7611	28.88514
30.36652
35.36267	44.56895	11.37233
36.66143	16.72687
40.52217	20.33645	36.74921
10.13217	37.57361	36.91066
0.5867942	37.02473	38.176
27.68931
23.32811
17.97446




45.95291	22.0956


50.69423

50.65378

25.22428	4.766255
8.182576




51.03237
50.96031
53.50213
49.9172
46.46509
50.10995	14.67972
46.77797	46.6225
34.81708	29.76587	23.83791
34.55825	24.95187
38.04483	19.93387	34.15179
36.85852	17.52649
18.26743	4.518438	41.87839	37.31304
31.98853	25.56442
16.08876	37.21561	12.61341	8.883795	56.08277
38.94671	13.7622	54.87125	4.813107
36.56785	45.39326
34.38394	17.37005
29.69595	56.40143
34.60954	8.826503
33.50642
35.01736
36.9513	57.16857
35.47777	16.93572
36.63151	47.24636
41.96476	36.71925
46.62022	34.82166	33.16001
36.22445	56.84404	56.53058
35.1148
37.37197
28.87487	48.74283	1.431306
35.39635	45.96779	33.50165	52.25261
35.39635	49.7732	33.56775	17.31028
35.12702	28.27494	49.05375	29.4542
31.33549	48.72878
47.92701	35.62451	6.949426	26.78407
43.07166	36.46427	16.08693
41.47565	34.99176	25.97226	17.41609	18.66659	43.89624
25.5565	40.88284	30.12384	22.83031	36.4967	28.72574	57.0396
23.54533	36.60525	11.232	4.016169	9.178617
23.18022	37.63223	9.003414	37.18887	24.3007
38.07601
37.62732
31.10273	23.59358
33.93884	57.14459
36.62649	57.01943	1.734831
38.08419
37.6487	12.06124


50.90051	42.81455
51.15415	55.7474
51.94004	34.25115
1.147649

10.61883
11.21725
21.68908	0.869607
54.82347	23.79686
52.07252	27.42483
50.19785	56.71674	31.27243	17.11761
56.71674	40.04115	50.2263
51.04829
0.3034279
16.88768



20.80429	19.89702






55.87699
56.69308	39.50625	12.17524	36.47885
56.69308	39.8401	11.92953	32.21501
56.85485	44.22734	13.35142	30.83066
56.6904	49.73122	19.73163	29.1037	16.96206
56.6904	51.37758	17.28477	36.53496	5.178813
20.44191	14.03044


9.513521


25.73267	25.35907
18.42904	0.4553384
1.597021
15.4796	35.25096
37.57826	24.5798
27.21675

47.62959	47.21202

43.14564	25.19896	48.76863	17.20882
41.19039	56.51255	37.1531	56.08455
23.41786	16.72861	56.33398
14.48458	56.44502
18.36023
18.48093
24.55824
40.62135	38.56483
17.72861
10.64135	34.66675	56.0906
23.76228
26.1879	56.7998
27.12313	56.41104	25.55263
56.61952	26.55557
56.45604	27.17537
26.66934
38.19114	6.908821	54.16019
27.27678
25.91601	56.21468
55.54652	33.57127	26.33005	39.93518	35.88637
24.69235	55.71702	12.20713
15.21094	56.6494
20.23621	56.68918
26.59333	56.68918
25.62046	56.70651	1.172209
26.17814	56.70651	12.97616	35.62202
26.17306	56.70651	31.88909	19.45368	16.99122
26.38036	56.70651	40.0402	35.3533
56.70651	27.02357	52.4208
56.70651	29.89182
56.70651	27.98075	12.22876
56.70651	28.61865	24.1014
56.70712	26.37274	17.18819	20.34109
56.70712	24.54518	19.64043
56.25116	24.89977	41.46358
19.0227	56.49173	2.952041
55.69132
56.67696
56.64487	34.77676	31.18619
56.64487	23.35376
56.42531	19.83993	16.96719
56.65622	4.733
56.61447

33.58191	10.12921
55.77084
56.31864
56.66358
56.73742	27.12836	1.998893
54.05406
55.74729
55.52077
56.74609
56.74609	55.16988
55.95102
55.94177
56.7199
56.74106
56.72278
55.7265	53.75788
56.2765
56.2765	39.24451	37.74505
56.53337
56.4013
56.70361
56.11604
55.94136
56.61124
56.32294
56.48713	0.5662331
56.39402	10.46883
32.82106	56.39501	35.61291	16.29733
56.39501	10.75036	43.62824
56.37724	16.56231	46.3018
56.69064	20.26466	49.27079	57.07466
56.69064	24.26249
56.69638	24.72346
56.25844	16.96049
56.01461	6.97618	5.977285
56.32296	40.77941
55.22899	42.00781	51.16151
42.04581	56.69304
56.69304	46.01552	36.45495	43.7306	30.03615	14.7577	42.79867
56.70273	42.45619	30.5695	4.639254	2.871465
56.73832	44.94703	26.20355
56.73832	26.72391
56.72725	20.97385	18.64023	13.20341
56.72725	17.3193
56.72725	16.9847	51.14893
56.72725	41.81582	18.89561	32.67863
56.72725	16.04774	55.0703
56.70516	15.56434
31.25746
32.53222



29.35982	15.67058




48.28103
12.05799
10.05106	7.865396


56.3735	20.15088



3.594954
18.09316	39.63598	37.99668
43.17274	0.5662706
45.78321	35.15275
33.92408
14.75123	56.67626
45.08486	18.56595

48.0324	43.94682	10.19369	5.505799
47.73562	7.12337	5.954105	2.09151	2.889421
43.85021	55.59489
49.57975
47.29257	29.50098	17.87193
37.14811	21.8885
35.13956	8.017011	6.043635
3.820032	41.22229	35.93764
11.21526	39.08539	45.6813	44.15202
32.39764	45.64957	24.07879	4.067341	9.220212	53.65214
34.26908
34.12774	25.68094	12.31126	17.63912
51.50178
29.07642	44.60871
48.33851	23.63928
23.02768
30.5359	32.64841
24.23972	30.81929
23.44674	38.19332
25.37201	35.52183
26.26359
33.19242
34.04956	37.63874
24.56612
32.50145	4.924573
29.72856	12.84968	22.40833	3.849197
9.194289	56.62165	7.065184
7.040105	56.24701
4.28797	55.85271	1.641045
55.72648	0.4373414
42.24977


33.79526	47.6948	13.94249
38.36813	45.69232	18.99861	10.33472	34.11794
32.03045	45.06885	12.93537	9.760486
7.802704
1.652156	37.66371
44.88445	21.21038

24.84775
28.56528
37.01551	11.40902
41.53068	26.08579	3.671968	36.95099
36.37482	26.0294	17.16765
41.86671	16.64244	40.82496
17.30575	50.57303	42.59277
26.0915
12.17802
16.38709	15.92809
14.54045
17.39964
25.33572	0.175998	15.14201
3.64927	24.4677
4.268125

26.9676



48.66013
36.27901	53.50306	26.42706	16.22405	50.66638
30.30855
48.69435	32.27057	24.61463	2.797924
48.47765	37.55735	26.69554	9.724564	54.0533
34.83904	28.46103	51.49348	28.45096
36.70519	22.85714	48.04799	39.68336	28.40747
36.59173	20.41967	48.70381
48.27811	37.19972	13.81026	31.0882	27.94857
52.18819	35.63847	29.27785	14.0234
45.04098	36.10292	26.48035	35.72366	16.2858
14.26661	37.70584
23.8556	37.2473
32.45377	36.29817	30.05126
38.62377	29.55684	37.56239
35.69388	0.4579547	8.415511

55.71215
23.07014

4.310414
50.53385
43.6141	3.985891
37.4765	6.992608
1.613953	9.113538
35.18289	33.17501	24.68658	21.92856	34.61144	6.481153	10.47029
30.76686
5.587912	5.047493
9.341435	0.004858808	34.31044
5.380072
33.92494
32.69321
26.51472	40.02734
29.84914
6.720127	48.8198
47.15718
44.00151	4.665325
45.11038




3.332625
26.64496
45.15895

29.57968	23.59925
18.7699	14.81515
47.66144	17.5777
49.93596	48.23112
49.82172

35.58336	19.30919
35.21251	16.52605	50.91471	46.33709
36.41045	13.68077	46.10871
40.36073	52.82951	30.57632	40.05593
50.33465	55.72483
50.13896	24.23617

41.01482	15.33557	37.50274
35.29701	15.41018	52.60249
36.36049	44.90061	12.52917	35.07626
50.56595	23.91215	14.88374	14.40732

19.60274
38.02857	28.3458
38.11788
33.35829
31.70839	1.259505
19.4944	8.153493	34.99857
15.30424	34.62737
24.50259	35.80516	3.212294	31.90569	25.64301
17.07276
24.39379	13.01567
19.70753	9.587456
33.78015
37.74717	23.75984
37.71211
39.17816
34.70319	25.12714
37.6807	18.54315	25.06679	9.412666
28.18623	36.76751	21.91153	57.05215
16.84749	37.69684
23.35979	31.94766	43.98031
32.72099	25.91847	32.44493
36.59557	34.14878
36.46408	7.292295	57.16162	0.1903472	23.94527	0.8091128
35.29715	57.11238
1.732519	52.25248	1.416027
41.06181	34.13896	35.66599

38.04796

18.32869

46.33461
37.66619
37.54376
46.37901	36.30035
36.60072
36.56617	8.948038	28.63859	26.84151
29.26815
33.91748
36.60243	14.85166


56.41562
22.78138	1.154317	18.7929
28.38442	0.9376903	45.1483
36.71917	56.25425
31.00381	21.95511	0.8105731	19.65614
16.73065	16.5654
0.0341698	25.79569
0.7207758	36.81439	35.677
13.53094	36.36528	28.87078	1.667048	9.285253	36.22859	12.55546
36.37546	24.99317	39.97925	35.18704
36.10133
36.24109	7.382533
34.41048	32.92131
35.6439	27.22524
36.24947	13.86118	13.67039
36.82114
36.23779
37.3053
35.70545	34.19105
31.7859	30.2063	0.686168	26.9211	34.35976
49.17249	50.27144	36.508
48.89665	1.093899	28.06861	23.34897
53.19898	29.68357	24.17685
50.81686



2.999752	33.49756
38.22996	17.96634	20.84902	27.65156	13.72053	19.79019
35.33101	24.84967	56.93396
43.32657
35.63204	14.8782
37.52884	8.051298	3.944957
13.29195	38.5825
36.08469	35.77787
2.856547
55.7815	53.5993	53.35279
51.4905	56.22098	16.85083	21.83632
56.66018	22.30236	13.24427
30.18333	12.06827


55.87633	43.97601
39.5886
37.45431

36.57031	32.58141

2.743814
29.95458
50.34253


5.644437
23.84779	20.53061
36.49008
36.67257	25.59511	8.998576
36.57187	24.9867	5.175201
36.57023	44.20068	20.8703
18.49529
1.175818	7.670857	15.04648	13.25762	7.44191
36.22687	22.65971
39.65577	39.12704
35.91237

31.83253	25.10044	43.84744	15.49721
32.83235	26.7216
37.33726	14.59777
35.62516	25.21744	0.6341122
37.5003	28.47959	51.56832
36.88271	20.66561	36.60996
37.44598	36.14621
31.42911	28.97796
38.85729
36.83508	3.092505
31.83397
24.66576	49.79634	51.26132
26.76718	42.65914
30.54841	47.23934	18.07843
46.56288	29.93931	2.287132	56.70183
37.41127	48.00754
35.41636	48.23794
36.70584	51.35655
38.51871	50.17848	26.2587
50.4826	35.41968	0.4109576
37.54207	46.09772	5.232955	3.48586
33.4307	43.67841	5.951878	5.323417
37.23408	44.59912	5.544392
36.86421	45.67155	1.610051
38.11081	3.01309	42.72097
37.71024	7.362933	25.84252	19.86335
37.42055	50.33404
32.18027	26.0121
37.34568
37.85259	36.15079	26.22053	8.058642	0.1330072	33.38645
36.84563	33.07277	15.64071
36.46581	14.47183	7.14065
36.28699	17.94171
38.31667	9.000776
36.2405	12.98835	38.11779
36.21727	16.52524
39.95401	18.21493
36.59018	15.71086
30.66581	16.4892
27.51716	17.59349
17.40449
14.69855
15.52739
31.05685	17.84446	19.94092	23.67608
23.24181	19.74345	38.31066	11.62678
22.75711
5.197358






17.2359	15.52438
15.09664
18.91427
17.95761	6.848594	24.87727

9.950705	2.76889
39.8464	21.61899
47.67124
30.40936
36.22711	40.18359	39.26681


40.39378	11.83014	36.52637
39.01163	23.32299	38.48897	17.15561	20.10845
47.11543	25.79574	36.18974
45.90835	31.8344	12.97182
41.76048	9.402245	43.68997
26.30488	48.85044
50.34386	55.77194

1.030747	56.04134
46.36594
0.1278805
14.07608	3.653974	10.9545
26.12851	2.521578
24.2182	1.719653
40.09612	0.08407219	56.5358
28.58442
29.29953	0.08505117	49.72086
27.75067
26.11033
22.40651	18.25282	10.5305
1.126988
39.51997	56.70839

46.58097	30.25489



32.10418	26.05524	30.6525
50.5304

12.49457	6.115166	55.25779
10.97311
0.4769461	56.40479
21.3396	2.093656
18.42958	15.71142	4.803112



49.82294

35.05204	6.957837	32.87079	15.5817	34.79835
22.211	10.10242	6.226444

0.006453003
2.096341

51.32115	56.52939	34.92026
56.67706
50.23158	56.76878	52.79016	33.39467
56.76878
20.20055	56.10275
7.782077	48.06514
4.020208	52.20584
12.22743	4.707453
9.441743	8.587936

56.74998

48.51263
13.55453
11.81668	9.425374



56.46556
6.710139	53.4572
20.48717	15.79037


39.11511
36.89518	5.818694
5.035213	49.62976	26.31718	35.47307	12.27318
44.07299	36.8447	8.034421	3.437425	43.4534
47.00895	26.90836	35.80101	35.65038	26.62094
31.26213	19.76475	25.67546	31.7591
6.007479	28.96356	4.86297
44.69513	44.49728
50.75895
44.96298
54.54884	3.129783	3.491014
53.9978	2.043548
52.2244	45.92204	25.8313	30.35628	57.14862
50.6926	21.32507
27.89825
38.40721	23.61182	36.48579	53.20906
22.92349	17.86198	39.96652

56.69421


16.84089


21.70274	15.59437	11.48341


29.03166	12.99945
24.32005	28.36356
35.1239	13.44491
35.81514	52.15416	16.10195	33.19736
29.65911	17.69298
37.40428	25.05873	48.87586
11.33518	53.07302
57.0516
50.69771	16.08294	37.15075
47.16867	26.45321	36.45617
44.20712	25.47768	38.23004	36.7374
16.31407	35.51481	44.20835
36.80232	26.07581	45.69283	33.9953	11.12599
36.83121	5.051311	23.86193
32.71701	16.30804	44.17951	30.63325
37.59217	40.64022	20.95721	11.58203	13.37535
34.38955	47.20961	19.53257
35.1256	42.655	24.88355	20.22532	13.27835	3.495166
36.39281	42.17303	23.9284	7.776943	5.184266
33.03428	49.90705	24.9781	32.11809	21.14181
50.48617	56.73008	38.08802	37.22193
42.75376	37.20878	29.70434
43.74512	37.03122	32.94039
43.6728	34.46879
49.48048	35.61062	30.50275	10.82595	11.4011
44.25539	36.46349
51.57176	36.94571
48.37741	37.68046	4.3896	33.21708
44.96993	35.55556	18.51596
46.9196	37.38352
35.36988	46.77475
45.40622	37.34774	18.3664
43.55844	35.59613
35.59613	39.67567
36.82162	50.9787	6.286976	50.50843
48.27365	35.68208
36.6495	18.50422
31.98494	31.30069
35.18594	17.05696	5.741604	43.62612
34.93302
7.357137
6.256461	4.517812	56.44181
17.91487
24.74746	9.684256

56.62596	54.48769







36.96949	25.00465
35.76139	16.63131	5.4626
39.20809	24.70737
6.396308	3.63287
35.79417	23.88082	4.985525
15.97872
17.44728	30.64401	15.35816
30.09198	26.22788	29.96659
32.34819	9.495245
16.28985	20.08106
19.40139	0.8027566	3.091925
34.01412	15.90473
42.27882	45.15502
35.543


43.18098	37.63482
47.42521



54.84378	15.48076	12.45056
0.6690619
4.050055	26.4167	15.93519	53.92054
36.76775	10.00024	6.413704
31.36858	19.34588
11.01949	6.958925
8.093797	47.39314	45.77662	54.27556
44.40615	33.28344	41.19555
52.6689	14.90189	27.49506	0.57186
52.83743

4.281407
5.849998	1.747638
21.29923	18.19685
32.627	7.814705
17.19335




35.00924
36.68542	46.13936	42.23363
38.39759	43.40938	53.05566	54.79656
37.40413	42.91207	25.50689
44.52914	14.35128
26.98043	47.76243	4.588193	1.222577
50.25638	42.21534
52.54562	2.710496
28.51133	12.18981

1.361078
22.33231	18.50726
4.423452	6.042224
33.50287	28.44095	31.01125
34.96106	21.49009
42.54585
44.83216
36.60829	45.11667	31.57235	39.03543
15.38313	31.97409
35.28245
35.70207
39.38566	9.324491	37.81791
37.2237	36.31055
37.58906	27.01762
37.43968
36.23058
35.06903	17.79035	4.085325
32.14317	38.21239	25.61384
35.18959	3.721971
36.35008	13.4251	47.44851
36.91966	24.68409	29.38136
35.18155
37.73964

1.951753
20.01514	5.007912
2.248599	20.94006	42.13946	16.05268	29.82279
30.26628	0.5004481
31.18144	10.6414	5.757207	8.116649
36.2363	14.76438
36.39288	10.8702
37.48146
36.09466	24.52471	6.381346
38.96755
35.818	45.5793	34.9885	29.50154
37.34893	45.32776	4.512588
36.81001	49.84631




3.216638
14.83874	20.40699
14.50087
51.02359	21.62659	10.09743	54.20144
11.68897

36.65815	15.10173	43.86176	36.5421
38.96201	50.25249	16.43996
36.59709	17.56547	34.22117



20.07202
13.7745	54.19505
6.731302
30.92878	25.90293
35.5743	14.10954	22.85307	21.30963
30.45799

3.967498

9.550045
14.38814
12.43281	12.05666
15.9944	49.98269

9.307652	32.62571	30.07573
3.931382
4.89056	56.71262	3.499144

56.1624

12.77324	18.96635	18.524

17.30805	17.09664	15.63322
22.36164	16.35329	33.89559
25.38396	42.77137	36.4288
47.73756	41.28692	37.13351	55.2128
37.02873	44.48438
36.49027	50.82047	33.89529
49.92174	56.6903	37.03468
51.21048	56.79485	31.89911	31.11317
43.81968	36.51382
36.78022	55.24626	56.68163	12.29558
34.69954	28.60503	28.60255
35.95032	24.56322
21.0646	37.49338	37.12652
29.09555	37.77061	3.47157

38.91279
35.76292
19.69293	34.70887	5.128616
36.70549	6.799398	51.31486
34.91976	46.76935	11.2589	5.331796	41.28278
36.88465	45.29207	0.02555552	32.52621
45.90747	34.60986	20.70229
34.26598	15.36162	53.73184
44.3451	32.86281	56.88456
35.40991	25.63948	46.86636
36.60791	23.49517	48.38089
38.25352	52.30131	17.14116
35.94704	49.73436	27.30653	7.160119	27.46446
37.70162	48.82239	15.98502	15.06834
37.71332	45.73674	41.79241
29.94567	54.13437	29.83541
38.55686	51.06531
35.28461	56.9835	42.02693	41.71925	17.11585
46.73073	37.74408
47.59573	35.90647	27.83528
38.14414	25.90783
28.36957	47.77044	41.37464
20.73895	50.15746	18.3459
5.281117	50.61424
39.75782	29.23627	36.50008
35.08273	26.56376	49.77868
49.77868	35.70962	28.04885	20.1825
51.45622	36.59406	25.98851
40.38199	18.92967	36.58033
37.289
35.24265	5.735252	31.57098	25.27026	22.2831
34.61459	24.58441
36.96118	32.34422	26.89085	32.97939	28.50583	19.82959	27.50803	57.01591	16.667	28.15183
34.29862	18.77805
36.47025	13.8128
36.78095	23.91277	9.479491
48.33039
48.48422
41.70321	50.92652	12.6272	7.735596	57.01985
37.62899	2.635431	24.90331
37.07662	35.15626
24.85316	34.60854	5.023317	10.32669	34.00405
36.46566
28.81876	32.17618	48.7315
26.59708	35.74978	44.16657	29.19191	25.19033
0.2216166	52.31038	51.78417	51.65927
46.20471	6.540409	1.801538
15.82584	8.976338	7.317395
13.01608
15.99746
23.36083
21.50454	5.518483	4.25579
47.15655
38.08536	23.00705

54.05372
43.04288


45.61376	41.97407


2.329362	49.13612	0.9364261
22.00192	34.38673	32.37949
44.97605	29.46411
43.61532	32.16188	22.16794
45.16938	30.16524
50.66423	32.12949	53.51474	41.27904
53.13738	9.51704	4.969558	3.151307
53.13738	19.00947	4.567703	55.4457
28.58319	0.1999334	48.00848	49.17239	15.94797
22.34468
13.34966	57.00859
10.79161
13.2769	42.56923	37.74489	57.07726
45.55293	35.30239	12.18679	21.30814	34.7174
37.33652	24.0522
36.32466	20.94828	19.79812	17.47437
32.07777	5.68387
35.70759	17.52712
21.64891
35.59294	13.47189
35.95913	31.33609
38.50288
36.77868	3.918377
35.99844
35.18193	18.76679
39.25176	36.30999	24.73917	12.89768	27.20866
46.86158	35.04913

25.83044
42.12089

36.87683	0.505502
9.100667
46.79497	46.60091
7.828544	38.47917	49.40525
37.07043
39.03105	30.38142
37.26615	10.16048
37.12176	9.939617
8.363187	36.63861
29.72366	3.078684	23.94427	20.90897	16.98761	23.57931
1.341548	19.963	15.13258	37.30235
31.42514

48.69842
18.31218
31.87439	25.05426
32.13662	25.40872	51.50051
52.19837	56.15211	31.66356
44.6312	35.74071	46.636	33.45023
46.68932	36.12208


48.69366
47.16169	26.98656	56.80155
30.61757
22.24972	48.34989	41.59503
48.30513
52.03277

8.21062	20.95215

22.14524
43.3219
47.7991
48.7423	7.389241	41.46295
47.03305	8.504675	35.31537	5.614788	3.469126
38.9577	48.90903	56.33857	25.51538
34.00636	52.28803	23.73481	57.13314
36.39839	29.29757	30.9968	30.19613
11.99733	49.77064
54.22038
53.04725	4.706673	37.26969	57.08489	2.616199
51.61681	38.18477	17.75196
50.05214	34.4111	14.67018
35.75117	7.156165	44.09347
31.76785	36.6269	11.74187	18.00289	10.20496
33.64863
2.362205
22.22846

50.46497
53.00745	27.38129
51.24243
50.45995
51.21065
49.98748
50.18237	11.26902	36.21157



50.37846
45.50385


6.148414	42.22745	4.885294
14.19652
56.61027

20.67699
0.05844801
19.77838	0.5308788	7.366706	3.74103
13.52362	7.567401	31.15522	55.04617
8.500512	56.57402	2.424404
8.003785	27.69407
25.27787	31.96868	24.81228
29.10439	35.03193	4.532542	32.21612	27.17178	27.24444	32.48237
37.11382	29.13417	28.58141
19.18686	35.05095	0.3074163	13.59643
35.82436	18.36928	32.44588
34.13449	23.82932
45.6573	1.659005	34.7843
52.63409	1.127148	35.16289
1.059011	37.74733	53.817
11.16052	43.90564	36.68639
26.53072	42.71791	36.23865	17.11084
34.58581	16.03885
12.66347	21.9739
45.98786
32.78713	55.28211	11.16016
23.72178	17.57417
17.3347
29.33217	25.53938	23.76091
20.44425

56.6443
56.65874
28.80725
22.87941	4.72565	13.53533
3.661467	49.51235	2.933332	18.36743
56.80272
12.28964	8.177247
29.30878	15.72108	28.10751
0.4881145
21.42114	9.092655
41.41257	25.70068	39.78067	46.78391
52.31306	48.23408	43.85426	5.444456
30.01367	9.525348	55.79224
11.76115	56.08689	22.92478
23.87536	56.70832	12.6936	1.43118	21.65955
56.70832	10.02894	42.15298
56.70832	17.40045	44.45257	3.04671	13.78249	15.43087
56.72937	6.921216	17.33999	35.99212
56.72937	32.85389
32.99222	54.99689	21.41943
35.23594	24.24068
38.56746	23.46218	35.38459	20.31945
25.76501	45.37768	55.20074
35.04002	45.23037	56.27204	28.35617
19.17042	39.15845	55.91935
15.68534	43.23543	55.92314
55.94655	25.23395	57.07135
56.24203	28.61437	13.86251
56.5075	23.57599	7.480195
56.70491	23.84716	4.293356	53.73089	15.89568
56.70491	18.5534
56.76773	13.30517	9.763925
56.76773	17.50686	7.23202	6.39758
13.96058	56.66214
14.10133	55.93772	29.46161
56.28205	19.7524	11.89429
56.28205	17.29373	11.74349
56.38602	25.73378	15.59885
27.26042	56.68711
23.62551	56.68711	3.027807
24.15914	56.68711
26.97175	56.68711
13.47849	56.71949
18.59215	56.71949	49.74723	49.41236
21.3163	56.62314	42.72835
23.46747	55.7089
37.6161	22.99508	35.77562	1.433714
11.62194	37.43401	39.53358
37.36631	21.61757	40.76403
42.14741	37.05539	33.35962
37.38986	24.94829	41.24034
37.39181	21.05046	47.68168
22.32787	48.99377	35.999	0.08676991	35.98596
18.876	2.982695	34.60303	45.75877
18.8774	8.083944
14.28695

47.40582
49.62515
51.39692	29.19268
48.20642	22.78827
50.75288	10.94176	19.48032	50.02173
50.46579	18.07228	23.32602	53.35921	15.39385
47.668	11.31009
50.83035	11.16998	42.7838
20.10281	51.3917	14.93349
51.2255	27.61819
44.9935	17.99921
47.24674	16.5081
0.3969738	22.01849	23.09364
0.2738292	57.1257
49.93554	54.64217
47.25223
1.882523
36.72483	42.95377
36.72483	45.5902	26.21233
40.07284



51.05334	29.00136	37.33644	32.92175
38.40234	56.96142	16.04363	26.8512
37.69214	3.503253	1.879078
31.99733	19.35284	2.321818
28.80522	26.99567	28.64769



1.298979



45.55768	30.90814
52.96794	56.90015
50.89432
41.27676
20.43091	45.18206	32.68366



11.26958	55.48032
10.33791
38.17303	1.183253
32.74379	25.40927
30.11604	23.61361
32.52649	11.33961	2.193983
38.98494	12.78452	39.95599
18.52517	39.73526	36.18121
17.67872	40.33229	37.91262	10.35444	33.24808
8.603206	45.15995	35.33067	33.22596
14.77255	34.85161
19.7228	35.84481	8.531901	33.12887
30.14163	24.76947	1.363053
36.45234	54.2447
38.31351	50.86678
37.44061
37.42655
36.36461	53.11328
36.12932
33.97085
26.04052	36.01205
23.82398	36.74369
33.85884	26.39599
26.72067	34.70842	24.98009
24.67043	28.87853	28.84766
8.796511	7.646926
37.22044	55.67408
38.94626	21.53143
37.24427	13.99418	28.23791
36.89163
34.56027
34.8553

15.3681	32.31917
17.63987
32.07676	8.822747	0.1170622
21.53326	40.24849	16.57817
3.711456	47.75733
46.47253	13.60232
27.36542	13.06605	11.67289	56.66165
28.06957	47.98355	21.61829
41.78306	19.91193
40.86469
47.70875	30.77606	46.2463	14.5441
45.32065
40.87908	0.8804813	55.53177
15.2025	50.77271
16.75942	25.92837
10.72706	38.64909	48.32509

36.29679	29.19497
34.56913	24.53038
36.05036	23.75898	15.58185
10.55911	38.14074	37.84147
19.23758	37.33443	29.46289	16.27844
35.3171	21.67746	28.79161
23.66855
36.94751
8.250737

45.55659
49.14401	14.24665	9.108891	8.338703	48.69078
21.86279	19.39439	50.4198


37.38228
13.12136	23.76806	9.606594
23.06381
5.257575
22.83685
32.70756
34.63825	51.76449
52.13624	16.6876	21.35173
47.38443
46.39718	0.2897149	19.92436	45.04907
48.78389	7.393259	48.38641
51.89123	0.4775641
43.323	39.25236
45.90391
45.38095
50.58983	36.87153	2.891082	31.36667
48.53811	34.82355	33.13107	2.098404
47.32627	35.81619	18.89455	28.87233
54.14846	36.07775	25.98409	22.61262	11.8537	46.55846
46.10654	37.76964
50.11177
51.70531	25.8679	16.51023
44.22412	56.39541	39.39587	51.60411
35.22026	47.15503	45.01835
37.04651	45.59721
46.99757	38.85211	46.06351
37.71332	48.0612	20.23981	34.30741
35.04791	26.62114	45.34111	33.23045
36.62314	41.94475	24.13043	27.0652	30.33954
36.99517	50.95301	50.21893
37.41793	50.48357	25.33653	45.25634
37.24856	50.09317	30.14959	45.25634	23.10986	26.44808
35.37335	50.24468	26.62595	45.65218
36.9546	42.49065	32.07038
35.57203	47.30303	23.67694	1.789953	56.51901
42.18153	23.89844	36.35954
25.3118	36.17353
14.61715	40.56042
22.15731	37.27376	52.73559
36.82248	27.47511
33.72366	26.04242
36.79884	24.80544	21.98168	20.21586
36.83277	48.1141	14.56351
37.99007	50.57797	34.97299
35.98166	49.97379	55.6071	25.33285
36.45812	23.68018	4.851539	45.48453	23.48502
37.20153	46.21798	1.04941
37.22342	47.87338	14.92107
21.2888	42.5049	6.83762	6.693572
9.796176	55.15232
26.96207
16.68406
27.45157	56.72537
23.49262
29.89407


31.34504
34.99394	28.99418

6.798871	22.34026
9.300235
8.551849
6.107036	46.79307



3.784376
13.16137
10.58961	48.62893





48.80778
52.38088	16.97893
51.24698	56.70488
50.53077	17.46512	5.31065
49.39146	4.332364	48.63952






35.51496	52.86425
31.81054	27.17419
36.62867	10.79306	17.3494
32.14379
37.81378
33.92764	24.63576
29.17178	37.01531
50.48734	18.2931	13.33391


50.24675
50.55053	11.83695
44.37518	39.42411	16.90738
52.3112	34.38251	31.16034
55.04767	30.29468	25.16503
53.81386	36.40993	18.32946	34.54004
51.55615	33.01036	19.21656	1.176391	43.7806
36.4035	25.74371	3.242564	46.22631	32.69725
35.4301	43.47103	4.037811	29.87196
34.41099	46.29901	15.76316
16.41643	42.74414	52.82192

1.411822
40.92304	1.745443	36.43598
40.84301	37.97539	19.67049
17.13943	35.55126	44.86669	34.89276
43.21909	23.8058	37.94665
45.66814	37.40583	20.88525
39.59701	13.39951	38.37899
44.12245	9.500916	36.51556	18.71307	14.63767	13.47646
44.22931
47.19707	41.65341	38.43823
36.81379	17.6696	16.69623
35.39108	24.64541	22.37169
37.14696	24.83869	51.09244
35.52008	22.71195	15.74852	17.79757
38.51677	11.64479	31.79433
36.89641	8.630544
38.25869	11.55234
37.55626	16.83947	15.6796
36.76484	12.0133	24.14495
36.30507
36.25749
37.01935
36.12657	28.86695
37.5493	10.35079	37.30794
35.48222	2.808895	1.37168	26.42361	39.64761
35.29816	24.18871
37.78304	22.65242
36.85221	12.89957
33.98427	14.11508	6.597415
37.41097	24.45464
37.84602	23.43501
30.1086	23.4273
34.39598	15.85017
34.34713	16.65353	57.03943
38.12472	22.68528
37.10372	10.2982
34.68882	4.342653
37.4131
11.4125	46.81971	55.37388	7.242802

44.53248	41.34034	31.49095
32.31124	23.21353	35.91865
36.89584	47.6511	17.59533
16.70892	35.86834	11.83651	2.388927
40.04709	32.36356	25.43732	46.06947
16.14209	35.79147

8.559641
13.19657	2.38614

7.078404	49.61891

3.843664
51.03539

9.920704	56.75131
22.15302
13.01085
35.58722	11.48847	26.39933
13.49739	37.50453
34.87224	8.847335	23.27085
41.2776	6.907381	55.61356
23.06052	22.79313

29.6515	14.64131
37.4475	17.50982
31.76867	11.15374	28.77923
0.3945118
41.35331	34.97165	17.95466
49.67527	36.62597	32.46087	28.55096
19.49891	17.39944
31.47185


3.790691
56.72535

16.20052
13.44071	9.256835	52.12821	50.77057
50.02604

31.45881


36.30689	33.68458
38.92768	26.25861	9.332292
36.60775	7.930614	10.11505	47.52883	13.06924	7.264408	10.2669	1.675227
21.27066	3.855586	52.8723
5.631614	11.89215

8.565348
10.18938	36.20076	54.48851
51.49242	2.823525
50.23978	5.782265	44.3309	56.67967
53.0235	3.401158
52.78177	4.738338	49.24522
4.940709	46.18834
2.0101	53.77821	25.16905	23.19191
4.686779	49.7618	9.1807	56.54246	4.073203
48.03278	1.382246	35.41548	26.62366	21.86031
47.3064	1.717312	16.48102	36.69014
48.86521	1.532297	26.44079	35.27642	40.48961	40.45589	0.5388698	9.217592
51.34915	36.23154	1.227261	21.63511	54.53568
48.17373	37.23974	24.86171
45.20893	35.75669	27.62214	56.81761
32.96187	19.0005
35.12412	27.39071	46.00969
36.25637	46.96226	25.05228
34.91075	51.46388	30.16128	51.35663
35.48295	48.51641	24.4181	3.539909	35.45546	16.5677	9.938364
36.42544	51.63157	15.31547
48.97463
47.52354	15.52718
39.2712	34.00891
54.77139







8.525996
18.94651
15.25581	36.69794	7.89136
6.433706	35.30521	29.97412	54.81608
23.68154
8.274828
17.91166	13.151
34.92787
37.51534	48.1196	57.17686
43.53689	33.11712	23.80975
16.46548	15.14046
25.65992
12.77303
18.57767
11.37557	29.11181	23.81964
29.86367	25.44573
18.78393	36.45239
13.24677	36.27348	57.06325
36.49851	13.28523	21.18043	19.6963
37.26892	9.710592
36.47015	19.79875
4.913603	1.757906
7.963536
0.04611749


33.48368	17.78382	30.72841

8.030792

48.94009


11.90295	11.68329	44.22076
46.68686	11.31304	56.1946	22.86611
13.85797	28.40142	12.4846
34.83421	22.76831	13.21616
35.60615	19.77358
35.34287	18.25743
39.84597	31.15744	13.52705	10.1537
36.99874	19.67332	29.30181	26.4252
26.34133	36.30068	15.50104	24.81128
26.49866	36.91266
37.43417	7.18365	48.90279	25.95621	12.87749
46.68312	27.49916	14.25056	35.11047
48.86752	36.28802	0.4574067
36.86275	18.24469	41.68923
38.83515	44.99663	36.0234	38.11857	34.01421
35.67959	10.28571	45.72835
34.96956	25.41079
35.91772	17.50866	28.84193
37.55923	15.63414	11.4508	25.05038
36.65199	12.06958
37.09973	23.8727
35.45662	23.56804
35.29502	10.94614	3.489462
35.56637	12.73195	12.36345	7.04363	9.936384
21.96776	36.67921	9.969457
34.66456	7.951027	12.96955
39.98683	9.457096
11.00121	56.91443
0.7807041	45.31802	10.35468
11.23529	56.77243	49.67643
33.68157
3.112021	45.96468
5.365055	50.68283	55.01705
1.94702
9.056244	36.5288
15.32535	14.68043

35.87638	35.83015

41.82866
56.68309	37.75089
56.65378
41.28105
14.33695
10.65537	40.53685	56.35771	31.70067	15.40091
11.52188	45.284
56.73259	46.79357	31.28501	28.65569

5.176214
45.02169


51.07146	19.94864
49.29824	35.35982	56.17839	18.92873	9.751057
35.34623	17.29402	57.09977
11.9996	9.738737	9.151121
55.63891
9.942756	32.26255
9.369132	42.51916
39.94162	2.93662	25.40858	18.02576	13.34082
35.34589	5.624967	25.68546
35.35704	47.43083	23.95712
51.09276	36.51408	6.956697	9.215062	7.50731
10.31744	29.09175	27.42232	23.74671	57.15378	9.375471
30.13204	19.37272	13.39608	7.474377	50.53533
37.05312	12.72719
32.12078	27.92123	31.99858	31.67922
37.44545	18.97096	29.59054
31.6549	13.30523
3.62384
20.87722
24.19207	12.06722
17.99907	30.10207
21.65003
19.73907
11.85563	37.94902	4.024645	0.8967878	29.67573
26.54586
23.45735
12.73912	56.44888	12.741
56.34664	17.88383	2.290872
55.92402	29.50794	7.45627	47.46954
30.54998	56.25345
38.60391
38.91721
39.70173	55.51655	1.583727	55.29913	20.04521
1.22858	46.8795	56.30646	32.64674	45.62889	35.14206	44.01523
5.570838	46.05571	56.30646	39.08723	34.58881	26.68815	39.97763
7.217923	42.99406	33.4854
32.68905	54.37505
44.61567	56.62842	39.39047	29.61297
56.75128
24.22446
39.85087
41.06057	0.2778372	55.60389	26.09551	25.78813
45.21762	55.7908	16.8394
46.91985	55.92084	11.72796
42.46475	55.41546	18.26698	17.68187
56.71944	10.60446	39.3199
56.77521	33.55203
17.36033	1.544832
15.61167	9.879441
12.71762	56.8311	10.03629
20.68895

15.71258
43.97675
20.32471	56.65389	13.58611
56.45933

56.61005	5.209501	56.56292
19.9809	56.58468	10.35569
34.52824	11.98095	56.40449
36.91249	9.840238	56.70228
56.64583	9.351114	32.40642
56.67215	36.28349	40.71816
56.47619	37.57408	44.08987	25.53407
37.74543	45.74108
44.18815	23.32998	7.823238
44.82728	16.63476	12.58032
46.83068	15.5774	6.954828	21.97875
6.853143	6.793221

31.88584

13.37859

0.9843053
36.20733	1.932757
36.68776	29.57345	2.315117	56.95395
35.62542	25.97112	55.56715	16.27455
4.025161	1.493	45.62189
19.54076
27.86799	24.32645


37.53026
54.92057
4.105461
7.228172
27.51899
6.34745

29.70261
30.50321	24.25672	20.90131
34.38791
37.43628
35.07178	19.56335
38.82887
37.67992	34.13613
37.83991	45.95285
35.40827	48.85587	2.436312
37.4825	39.98055	39.22203	17.82853	9.322664
49.99128	20.62553	24.81936	41.7938	9.540573
43.45446	36.2318	33.0335
47.34565	35.22452	33.19597
53.64356
50.20016	31.74533	25.34256
37.27681	13.51133	9.167598	45.82743
9.508272	28.07318	17.04758	50.19515
14.02807	35.18582	31.62971
36.41729	28.20757
36.30638	25.63357	1.897708	23.94033
33.73122	28.34168	7.755232
36.98501	55.89852	10.28965	26.56339	3.977729	36.38001
35.79366	55.8798	2.339306
55.95524
56.71406

56.33241

24.93984	56.48913

10.16278
28.82208
44.99391
56.45264
56.63782	44.80962	11.00342
12.92091	6.79911
9.384128	56.72567
56.77356

39.25052	54.7568	0.5678179
56.59291	7.794791
56.59291	24.30582	0.1347234
56.74698
56.15476
56.29845
56.65878

19.02357



31.14138	25.16592
35.57237	26.43431
36.07528	48.71984	32.96052
34.58075	1.399041	48.60916
36.56818	39.47144	15.59607	38.84685
23.7826
34.50755	31.78385
10.96984	42.58372
13.36192	46.3121	56.63344
56.63344	44.16724	19.27339	15.59757	17.28378	19.04933
56.21567	17.19801	46.54422	57.1089


36.93223
41.83357	9.162584	21.00075	33.58222
36.23698	32.28411

4.182028	56.7756	2.040001


1.273694	34.09005
28.52072	20.59041	20.48179
31.69946
34.22182
34.09121
12.27862
3.885684	36.87445
3.836199
15.57694	12.89474	35.68539
0.3053981
2.993074


36.95994	8.132023	18.33232	3.964858
35.64728	28.77991	16.64835	23.67991	26.25429	22.80559
37.19347	18.01631
35.66164	25.95736	25.47319	16.51509	25.791	31.77508	18.3136	24.17766
39.30932	42.89901
50.74244

35.58517	25.24639

37.71002
36.99881	16.88318
36.25728	22.36916
36.29062	12.05318
34.47705
32.58613	25.53137
37.16573	30.36696
37.18105
37.47007
37.38786	17.10912	47.29993
36.15536	40.7791	3.636473
35.29432	10.74634	5.893104	5.524324
37.00231	14.64228	23.00561
35.13659
32.16892
31.62376
30.32183
35.03589	39.5543
46.21483	28.26518	38.60841
48.33286	35.36081
33.52961
36.22778	44.17275
47.26991	29.06072	44.24905
45.70877	56.72308	33.91545
46.20134	56.72308	38.89509	1.512609	56.93744	38.22166
56.72308	42.72908	0.931252	36.82273	47.95093
56.72308	3.808163





38.05562	11.75484	52.16176
