SpeciationRates
0.795761
0.7406018
0.2510204	0.7469998	0.7203813	0.798578
0.7414815	0.7375039	0.8240514
0.8069804	0.6919993
0.7619231	0.7163687
0.6902508	0.6577708	0.6613759
0.7157601	0.7048119
0.9975725	0.6595248	0.8443637
1.126033	0.6883735
1.120627	0.7024993
0.7819809	0.6863992
1.026254	0.8264989	0.6436613	0.2889736	0.6401938	0.557046
0.5698011	0.7057423	0.8203285
0.989565	0.7797614
0.932429	0.7412612
0.9142687	0.8287484
1.00384
0.9444574
0.9965371	0.9148941	0.4858251
0.8504837
0.7744038	0.8695408
0.810303
0.681229	0.7326055
0.6244053	0.7573585
0.7713079	0.7380383	0.1691806	0.7001079
0.6069228	0.7552645	0.4496707	0.6562062	0.7679619	0.8788699
0.7855203	0.7366239	0.514997
0.8203065	0.6549872	0.474439	0.7793982
0.7827139	0.5010801	0.6964717	0.59707
0.6400344	0.7246996	0.3380541
0.6146814	0.7838209	0.3866382
0.6622802	0.7838688	0.3445976
0.5714761	0.9703542	0.2681942	0.6452771	0.7235354	0.6649067
0.7168128	0.7636717	0.320498
0.7611555	0.7973899	0.6190828
0.7036662	0.7494684	0.2857278	1.336966
0.6974939
0.7141031	0.7221552
0.7479291	0.6158915
0.7851259	0.6382478	0.5043278	0.8257111
0.6865037	0.4788089	1.005546
0.8545827	0.543097	1.128737	0.7149293
0.8473763	0.4980959	0.9667429	0.6575322
0.7747624	0.5086164	1.168517	0.720745
0.6883296	0.5099459	1.003038
0.7108461	0.6610846
0.7327584	0.6332817
0.6795188	0.6130413	0.5965743
0.6682772
0.6680175	0.9042686	0.5815678	0.6876694
0.6909688
0.8049451	0.6706668
0.9173948	0.6514698
0.868917	0.7117486	0.9877466	0.7112859
0.7741449	0.6652644
1.147618	0.7276557	0.7957533
1.212977	0.7615273
0.9752066	0.729113
0.8991371	0.6888359	0.6045547	0.7209841	0.7140837
0.9479629	0.6377612	1.308788	0.5072824	0.6970972
0.5731811	0.4810297	0.6607575	1.196795	0.8744591	0.489878
0.5711818	0.5843492	0.7715496	0.9493608	0.9593163
0.8664408	0.9220363	0.6343718
0.8515129	0.6240228	0.6874694	0.750008
0.5070488	0.6505534	0.3409126
0.4456099	0.6673355
0.3055022	0.7500678	0.4122031
0.1323509	0.8093496	0.5419692	0.8132385
0.1707861	0.865149	0.5668973
0.1174967	0.877879	0.6482721
0.1484356	0.8693699	0.6200993
0.1057694	0.8829948	0.6962596	0.8890058
0.3072959	0.7568073	0.622486
0.5996552	0.7509786	0.6813268
0.4944464	0.6802303	0.9645432
0.6320522	0.6691833
0.6043115	0.6076616	0.5585643
0.6960406
0.8058509	0.6551855	1.038439
0.5942366	1.149429	0.6697403	0.5658727	1.064828
0.6779301	0.559231
0.7642449	0.7161128
0.7436838
0.7701408
0.6816775
0.7676025	0.6397455	0.6238563
0.6440318
0.5786781
0.7030942	0.6438383
0.8924804	0.6900767	0.7170349	0.7161286
0.9763773	0.5474176	0.7046434
1.041967	0.6699113
0.9478915	0.7603598	0.6795309
0.8558375	0.7489509	0.7072475	0.4407295	0.93874	0.5847131	0.3332257
0.8675775	0.6454453	0.5519461	0.7834272
0.7565939	0.6416354	0.6809774	0.3485927	0.7749466
0.7980155	0.6995711	1.162511	0.5589019	0.7482049
0.9466038	1.394484	0.3267108	0.7219312	0.8911035	0.5400953	0.5970585	0.6777039
0.8080861	0.7429839	0.606148
0.7363962
0.6328824	0.7037285
0.6446841
0.9766354	0.5710656	0.6400978	0.5925797	0.644117
0.6683636	0.5414739	0.6890067	0.8106524
0.5182202	0.7237815	0.889413	0.6471533	0.8438402
0.7068227	0.7327661	0.9868196	0.5067867
0.6510796	0.6338144	0.8639854	0.5743245
0.509163	0.6407285	0.8240602	0.843884	0.8871484	0.6532017
0.792325	0.6853083	0.8144784	0.6666388	0.6239776
0.8346782	0.7020874
0.8183799
0.7108596
0.6693935
0.7916428	0.6060202
0.7301673	0.5623601	0.8036926
1.049202	0.5467071	0.7346784	1.037304	0.7140735
0.7060685	0.6664408	0.5773821
1.127499	0.641812	0.7223449
1.58451	0.7018635	0.7677488
0.7088567
0.8498118	0.6436288	0.6563146
0.641445	0.7069999	0.4351188
0.6853865	0.6859318	0.6895547
0.8090277	0.7195359
0.7065852	0.5564325	0.705876	0.9924874
0.4087723	0.723401	0.9671609	1.177671
0.9227513	0.7301137	0.4372759	0.6854474	1.179802	0.923274
0.9589675	0.4818303	0.6162238
1.179264	0.6224676	0.95759
0.9705874	0.608862
0.9340487	0.6750803	0.3983608	0.7063527	1.007715
0.8555619	0.6982935
1.005097	0.678729
0.8383766	0.6332284	0.685232
0.8469312	0.7031459	0.6788556
0.7518671	0.6511773	0.7791136
0.8190333	0.5013197
0.7739424	0.6913953
0.6923887
0.7890474	0.6854831
0.5897781	0.6759424
0.779831	0.6165792	0.7208956
0.8406426	0.9699437
0.8048387	0.8393734
0.7055064	0.807305
0.7634536
0.7694498
0.6472282	0.8305359
0.5184693	0.8089111
0.7520938	0.8950827
0.893051	0.905408	0.6619526	0.3326396
0.6579484	0.8404323
0.5238323	0.7974975	0.9805471	0.5217623
0.8218766	0.3615491	0.6842151	0.7180312
0.7223198	0.5972256	0.7774056	0.6452698	0.3665281
0.7055026	0.6305368	0.6496831	0.4169107	0.5470273	0.7538299
0.6747247	0.6642924	0.5911312	0.3727307	1.027006
0.7760692	0.7704646	0.4143985	0.6231376	0.4976618
0.8738616	0.6411393	0.4415326	0.5716466
0.9146426	0.5345912	0.7273265	0.4276962	0.5655344
0.815401	0.5534181	0.7086212	0.4352947	0.7567332
0.6939901	0.5911451	0.6672331	0.4645545	0.4437813
0.4401753	0.5797648	1.061729	0.4591738
0.4120435	0.6259956	1.0199	0.5024682
0.2819211	0.5963429	0.393383	0.3920631
0.5982918	0.5700326	0.4920027	0.189618
0.8127541	0.5389091	0.5602229
0.5879005	0.5957501
0.647451	0.5280743	0.637477	0.4386851
0.8238419	0.5717239	0.6530964	0.4322799
0.7914886	0.5026609	0.7015058	0.4482021	0.6347994	0.4481488	0.5619845	0.7111442
0.5602482	0.3701771	0.6071337	0.7178128	0.8967785	0.8156194
0.631901	0.3943548	0.5985019	0.7021607	0.5629344	0.3176822
0.7366513	0.4221702	0.6727231	0.6517819	0.6253041	0.4276
0.6108049	0.6895835	0.5113046
0.5879903	0.397644	0.7221216	0.6926727	0.2678678
0.7651478	0.6935271	0.2533007	0.6158681
0.6757161	0.6327868	0.5306665
1.118775	0.5643535	0.4924613
1.060811	0.5494896	0.691865
0.8353632	0.5250511
0.6499661
0.6627198	0.5604714
0.6661141	0.5513974
0.4968969	0.4431673	1.215993	0.6447339	0.4812146
1.005832	0.5116721	1.17416
1.036991	0.4992253	0.936305	0.5201676
0.9901696	0.4870444	0.9555611	0.8291305
0.9568508	0.5037685	1.033051	0.732114
0.8337003	0.5002548
1.000322	0.5524237	0.2605914	0.5420908	0.5004214
0.851066	0.5252184	0.5465803
0.6845464	0.5261753	0.8842139
0.5957234	0.6157307	0.6803858
0.7325136	0.5820629	0.8546615
0.5983722	0.565958
0.3082663	0.5875891	0.8106663
0.5715734
0.5343741
0.5878369	0.5616794
0.6731739	0.6185107
0.7238577	0.7264773	0.5409259
0.6560377
0.7178207	0.6398233
0.6713677	0.6888773
0.6932351	0.648395
0.6623983	0.5684167
0.5866009
0.3997212	0.6254397
0.6473274	0.6372268
0.6311655
0.6029455
0.5447285	0.8462207	0.4713186
0.6186328	1.103081	0.3630903
0.7208082	0.5726186
0.8275087	0.5826391
0.7819755	0.6117353
0.607448
0.6335534
0.8002943	0.6272885	0.6960193
0.7304509
0.7159566
0.8191329	0.7066069
0.9272324	0.6805247	0.6198701
0.8497267	0.6947021	0.7791639	0.5275104	0.7032858	0.7924259	0.9280649	0.6767218
0.8223414	0.6859854
1.011917	0.6477233	0.8112031	0.6617104
1.039047	0.6156216	0.6976678
1.052603	0.6977351	0.5817499	0.7735201
1.017383	0.5695356
1.03309	0.5491425
0.8921974	0.4133285	0.5597573	0.8323395
0.9062748	0.6652674
1.106459	0.6536499	0.7501536
1.025223	0.7122265	0.7594084	0.9405776
1.076573	0.7455753	0.67016	0.7746482
0.8471899	0.4545878	0.6786779	0.8460331	0.732042
0.8692731	0.442978	0.6522452	0.8672835	0.741161	0.459608
0.7796178	0.5469312	0.7422337	0.8207977	0.9842711
0.712194	0.6623798	0.8068237	0.6638221
0.8014942	0.6962117	0.7929955
0.8728802	0.8113978
0.9015307	0.786256
1.313869	0.7508355	0.9082993
0.8755663	0.9044389
0.8708713
0.951584
1.020482
1.023021
1.05555	0.9901146	0.3849264
1.024459	1.005613	1.056577	0.9251617	1.027257
0.9250308	1.010637
0.969206	1.01999
1.008964
0.9923295
1.035186
1.030633	1.014485
1.005692
0.9845549	0.9806717	0.7163749
1.008041	1.009631	0.7311406	1.276327	0.9726376
0.9271899	0.8799261	0.6824308
1.021321	0.8577111	0.6683863
0.7186513	0.8325423	0.06568021
0.4439395	0.7664542	0.8028005	0.6723972
0.5283246	0.9294198	0.8098052
0.620782	0.884662	0.7893305
0.8000438	0.8934749
0.8286089	0.9680678	0.9057016
0.8975826	0.8438117
0.8287629	0.792501
0.8353145
0.8471393
0.8128177
0.8469859
0.8602856	0.8480559	0.5922007	1.072127
0.590224	0.8584254
0.6544105	1.147015	0.8093975	0.6073731
0.6605657	1.172339	0.8024229	0.530892
0.6124601	1.037027	0.8067475	0.4052096
0.5023334	0.9823466	0.854081	0.4427675
0.3868956	0.9930342	0.8240708	0.5237173	0.4858166
0.3964793	1.053505	0.9393759
0.409683	0.8996993	1.097937	0.3806129
0.3501108	0.9899181	1.097937	0.4978409
0.4277252	0.9519869	1.109339	0.5842316
0.5276209	0.8608908	1.097073	0.5451898	0.2099078	0.482912
0.43415	0.9644986	1.121876	0.6212779	0.2302561
0.5327338	1.007881	0.6838935
0.4242519	0.9963029	0.4575156
0.44221	1.06209	0.4260567
0.5288729	1.082843
0.6322683	1.110634	0.941812	0.4249975
0.8472759	1.010608	0.4055765
0.7048133	0.9311366	0.3992175	0.7137497
0.8367048	0.5636644	0.9063017	0.7194861
1.038199	0.7072519	1.094419	0.8911471
0.5484579	0.8848156
0.6357261	0.8768888
0.818922	0.8805403
0.8339231
0.7993921
0.7710053
0.7584378
0.8081828	0.7206208	0.8015718
0.7654422
0.7719437
0.7763906	0.7014695
0.799957
0.8684879	0.7529734
0.8143103
0.5790481	0.8215871	0.916835
0.6135246	0.8110197
0.8354096
0.9419545
0.9177869
0.835147
0.8339145	0.7131669
0.9285995	0.7396161
0.9696706	0.7930989
0.9377716	0.8213796
0.8780196	0.834846
0.9880253	0.7762591	0.9538595
0.928076	0.8365255	0.7049097
0.9130089	0.8331081	1.095904	0.2210953
0.8635393	0.837329	0.421997
0.844199	0.793449	0.5563627	0.776803
0.9429088	0.7829553	0.6655068
0.6835123	0.6203126	0.9533316	0.7904286	0.8522038
0.9015376	0.8631908	0.5220954
0.9626329	0.6672046	0.9093911	1.226293	0.7500958	0.8801634
0.9549714	0.9584264	0.6769289	0.8182921	1.237952
0.6558223	1.015874	0.8410928
0.7232701	0.8511443	0.570772
0.5483442	0.9203534	1.003003
0.5609852	0.9072118	0.4351651
0.497145	0.8940542
0.3995255	0.8653914
0.3691566	0.848737	0.4259657
0.4324737	0.8239026	0.5355282
0.4087032	0.7557604	0.7079893
0.4203335	0.6353253	0.9767215
0.3091355	0.5704158	0.755287	0.3602695
0.537412	0.778379	1.084945	0.5535308
0.5718561	0.862689
0.6608825	0.8829538
0.7339661	1.0154	0.815668	0.8124377
0.7338013	1.077986	0.8278946	0.3641152	0.8414004
0.8154572	0.8916737	0.7341039	0.2926379	0.7407823
0.7330688	0.971717	0.5341965	0.7833306	0.6622988
0.7813052	0.9319004	0.764999
0.6324467	0.7863695	0.910524	0.6944084	0.7626656
0.8392053	0.8203832	1.02301	0.6742846
0.83646	0.8500013	1.130972	0.4044609	0.6582284	0.4864368	0.840778
0.6999423	0.5658029	0.846095	0.5831731	0.6524601	0.8101108	0.09836561	0.1644746
0.7407219	0.359123	0.8655006	0.7977179	0.8831036	0.4165829
0.7834575	0.4121988	0.8547904	0.8940397	0.6612992	0.4338063
0.5935162	0.9180224
0.6293061	0.9225971
0.6958877	0.9104121	0.5420772
0.7519664	0.9332675	0.225236
0.6739164	0.9280797	0.354478	0.7776952
0.6811985	0.9712911
0.9885601	0.9796474	0.8626188
0.9310494
0.9676875
1.112027	0.9205999	1.041695
1.02478	0.8581042	0.8041398
1.04082	0.8937786	1.053542
0.612094	0.831556
0.8578569
1.013448	0.917388
1.370279	0.9575119
1.224187	0.9192548	1.241455
1.079373	0.6860076	0.8660236
1.193706	0.6887347	0.8992843
1.116612	0.6584109	1.055198	0.8101189	0.9849096
0.9927908	1.199451	0.8271076	0.6676776
0.8740925	0.6597853
0.6482182	0.7459946
0.88426	0.6975137
0.7151831
0.749292
0.6882476
0.4690734	0.7210432	0.2291957
0.6774538
0.6585999
0.5787672
0.5023646
0.5176832
0.5356407
0.5110859	0.6918058
0.6974949	1.04651	0.4525247	0.3976636	0.5577775
0.6121335	0.8859171	0.4527154	0.4062741	0.6574908
0.7198855	0.9324429	0.5160391	0.4285921	0.6935748
0.8001408	1.035615	0.5449188	0.5040323	0.725672	0.2839427
0.761378	0.9198006	0.5810805	0.534059	0.7524098	0.895752
0.9338509	0.663263	0.7333115
0.7051643
0.7702202
1.138391	0.7089611
0.6843114
0.6720778
0.7205193	0.67739	0.8938469
1.13364	0.6476747	0.5180142
1.000049	0.6280768
0.8398265	0.4831202	0.6567565
0.6349258	0.6267718	0.5105589
0.6345565	0.651982
0.7146474
0.6370444	0.7004083	0.8758184
0.5890502
0.6123387	0.5474119	0.7304944	0.5436286	0.6930747
0.5952677	0.4515368	0.9158789	0.7497837	0.367832
0.5666602	0.4901928	0.3228426	0.6545001
0.7701893	0.428875	0.7332649
0.7434836	0.5032672
0.7657408	0.5807925
0.84171	0.5773795
0.6311402	0.601267	0.944005
0.6007165	0.5360641
0.821953	0.4505008	0.4990996	0.4983531
0.5788638	0.4463721
0.6572926	0.4143516	0.9279419
0.702687	0.4160224	0.9271201	0.1602856
0.8644445	0.8215569	0.4047911
0.9980173	0.6739059	0.4044423
0.8351962	0.4950472
0.7231412	0.4501044	0.6794892	0.4934811
0.7069277	0.430897
0.7903675	0.4390691	0.5154225
0.7572622	0.6616745	0.3358177	0.6267739	0.3737124	0.5990218
0.6921519	0.3606885	0.5850536	0.5704211
0.565434	0.3521632	1.17971
0.614459	0.3328198	1.146569
0.9919985	0.2892218	1.231753
0.9312025	0.2919166	0.8950376	1.055206
1.213782	0.1495261	1.157281	0.9086445	0.2837298
1.004273	0.1179871	1.072924	0.3021727	1.038969	0.5458953
1.111658	0.09878732	1.109226	0.315454	0.4256512
1.192527	1.160052	0.3522373	0.5313479
1.156562	0.9820805	0.4617601
1.263842	0.8331957	0.4466684	0.784346
0.8070181	1.09219	0.4185252	0.7793846
0.7315473	1.058614	0.3806263	0.8554609	0.7887973
0.984278	0.7849882	0.3650856	1.174605
0.6757463	0.7521827	0.3546163	0.3876189
0.7150798	0.3993748	1.134106	0.8180839
0.4040244	0.6419539
0.4211832	1.257217
0.5395816	0.8627682	0.4795913	0.3195979
0.6056976	0.8456599	0.3869988
0.6000685	0.9172296	0.3828947	0.4398203
0.6803753	0.8086953	0.4345975
0.3655228	1.138472
0.3766807
0.266636	0.468503	0.2377907
0.4337218	0.5603578
0.3719253	0.8153236
0.3777996	0.827589
0.4495022	0.97677	0.38696	0.3670753
0.4294865	0.6578119
0.2984769	0.6186269
0.3003105	0.5910819
0.2137684	1.16991
0.1979823	0.8801315	0.4557389
0.2205812	0.7618928
0.2190732	0.6531892
0.2906424	1.281557
0.2695063	0.8908254
0.2504628	1.036693
0.2114999	0.5796034	0.3937909
0.287448	0.7296131
0.1816214	1.090986	0.219436	0.7205508
0.2211585	0.7492478
0.2676581	0.7525019
0.2587392	0.8930631
0.279864	1.005565
0.2726966	0.8690333
0.2551136	0.960242
0.3032456	0.6888901
0.3859068	0.8938838	0.3364038
0.641388	0.8475217	0.3151105
0.6705169	0.2345986	0.8452643	0.3263102	0.4648975
1.005491	0.8083004	0.556218	0.3147766
0.7582585	0.7426464	0.4903263	0.33563
0.9334195	1.156055	0.4779211	0.3487615	0.648408
0.6655905	0.8550225	0.4004452
0.783114	1.060618	0.3951456
0.7588315	0.6896943	0.3955193
0.668499	0.9131095	0.3787138	0.5231918
0.6810422	0.8577972	0.448754
0.5679846	0.6030956	0.3734169	0.3635086
0.6543409	0.4370826	0.9777562
0.8538488	1.287695	0.421638	0.7019112	0.6055302	0.5812591	0.7386446	0.6940661
0.97202	1.074476	0.4208181	0.6101394	0.7283354	0.09065219
0.8007385	0.9115233	0.3972672	0.5423605
0.785172	0.8187132	0.4181157
0.6814619	1.183836	0.3993931	1.335531	0.6145507
0.7695938	0.9691445	0.4628681
0.7772184	0.9706902	0.4753746	0.4491259
0.7852507	1.092633	0.4666377	0.615209	0.6370391
0.9073257	0.9526972	0.5592493	0.4783211
0.7942891	1.210122	0.5609949
0.5673831	0.5966674
0.674112	0.5452923
0.6025659
0.6445208
0.6361402
0.5914474	0.4931158	0.5754167
0.5696998
0.5883224
0.6466573
0.7142992
0.7905029	0.7340813
0.9284585	0.6865266
0.7427051	0.6745317	0.6502185
0.6429699
0.6282434
0.6007226	0.9523863	0.5974784
0.5538549
0.6232112
0.6083975
0.4857561	0.6569668
0.5685324	0.7325462	0.6243472	1.050463
0.3331138	0.6669462	0.7726649
0.6693607	0.65388	0.7383835
0.8146074	0.718007
0.7111538	0.6913148	0.9667115
0.7972582	0.7258761	0.8180237
0.7467664
0.7715878	0.6704708	0.8976502	0.7576928	0.6880353
0.8905702	0.6812817	0.7934496	0.7076215	0.5341407	0.4731396
0.8144437	0.6360531	0.8429764
0.7417086	0.6350376
0.6150723	0.6686163	0.7201591	0.4914234
0.4400661	0.6042325	0.3511577
0.6332803	0.6214609	0.3440677	0.5984287
0.9116932	0.4899678	0.5612096	0.6484797
0.922729	0.5288694	0.7859785	0.6506558	1.148653
0.7971806	0.8156847	0.6617031	0.4884553	0.8322509	0.6949043	0.682541
0.6013614	0.7132366
0.8482983	0.7456779	1.023015	0.5823048	0.3593854
0.8219072	0.7247264
0.8197477	0.7560077	0.6971568
0.9099588	0.7352393	0.7954138
1.225056	0.7445456
1.060553	0.4709778	0.6205667
1.271506	0.2795455	0.6748173
1.311623	0.4241444	0.5795631
1.040146	0.559593	0.5323838
1.285509	0.6115927
1.028818	0.6075409
1.079373	0.5994198	0.6232314
0.8955997	0.4999634
0.9803611	0.5380724	0.7909455
0.5914893	0.5402571	0.686312	0.480222	0.7153818
0.9015005	0.5295817	0.7653503	0.8931964
0.6772676	0.5254678	0.7545036
1.207601	0.5085463	0.7469004	0.619262
1.088926	0.743056	0.4842655
0.553996	0.5469957
0.6025132
0.7201235
0.7821045	0.8841825	0.6704024	0.7411315
0.9403219	0.9917818	0.7454046	0.6505339	0.8886974	0.6284464
1.044066	0.8730193	0.673377	0.471292	0.9992186
0.4521142	0.6663667
1.374465	0.6301697	0.6503324
0.6456388	0.7068641	0.7515191
0.7353373
0.7069938	0.7441383
0.6332731	0.7188045
0.7168541	0.6922339	0.4593043
1.133765	0.6799287	0.2865282	0.7742762	0.6740277
0.7114849	0.6357181	0.3320305	0.718061
1.073163	0.5526536	0.7387643	0.7037924
0.8544893	0.729054	0.6722771	0.6905392
0.9519841	0.6403006
1.116489	0.6385546
0.9815483	0.6637096	0.6085918
0.9032756	0.6894
0.9097847	0.6781116
0.5610168	0.6390008	0.806842	0.769557
0.5187656	0.6478814	0.6387548
0.548741	0.5957269
0.5605951
0.6619321	0.5544725
0.5348349
0.5251615
0.6034955
0.6656363	0.683218
0.7903698	0.7189498	0.6163486	0.5975631	0.4244985	0.7377279
0.7046154	0.7412011
0.6635994	0.767315	0.9081093	0.634336	0.8457811
1.017132	0.8072966	0.8940557	0.528754	0.847569	0.7056142
1.041143	0.8829283	0.5711894	0.6895802	0.9062709
0.9100573	1.157018	0.6161854	0.7535942	0.9644782	0.5694886
1.001095	0.9133221	0.5969003	0.7576393
1.093668	0.8101175	0.9649995	0.9371421	0.81848	0.3536442
0.8221773	0.8101175	0.9454516	0.6805543	0.9963983
0.9080289	0.9220632	0.975617	0.581851	0.8801913	0.8247991
0.8818867	0.6246953	0.8625249
0.8806248	0.608561	0.8942298
0.7750757	0.6233152	0.9659366	0.5160258
0.9073179	0.9152213	0.4276531	1.159882
0.7924564	0.8955652	1.241405	0.7511992
0.8734326
0.8874411	0.9409682
0.6991738	0.8682221
0.8606824
0.8042773	0.8478791
0.8902358	0.7237117
0.8389488	0.7990343	0.9575622
0.7288662	0.8673978	0.9314643
0.8639882	1.008353	0.8784995
0.8068282	0.8730891	1.152409	0.6438295	1.402714	0.7194139	0.6842264	0.7380367
0.7771101	0.8508114
0.5079852	0.8621628	0.5289318
0.3679056	0.7780993	1.03628	0.8925296
0.4109789	0.8849959
0.9691361	0.8684692
1.118293	0.933758
0.7431418	0.8876897	0.8785113
0.9166248	0.8298514
1.083391	0.8356857	0.674756
0.8034428	0.7504904
0.7828635	0.6596721	0.8210328
0.7877944	0.6272499
0.7150871
0.6595354
0.7290398
0.7494336
0.5760038	0.7837288
0.7410437	0.8492914
0.6729491	0.8641029
0.7551024
0.727898	0.8089954	0.2877108
0.7764732	0.804803	0.5820276
0.9469626	0.7672198	0.8617416
0.9132961	0.8092342	0.8852263
0.9067228	0.7471937
0.8972179
0.8355339	0.8249922	0.6430144
0.8791175	0.8079423	0.5933366	0.7144749	0.7508614
1.06891	0.9452871	0.6387203	0.684271
0.8873731	0.8136152	0.7418435	1.036112	0.5583997
0.8527342	0.6491628	0.8896885
0.8475536	0.7063106	0.8191698
0.7734823
0.8317307	0.7041397	0.6178536	0.9149558
0.8991793	0.7393424	0.5399096	0.64292
0.9366393	0.8239006	0.665385	0.736455	0.4994557
0.8711025	0.618782	0.7423001	0.6662226	0.1878699
0.7033263
0.8018958	0.7597003
0.689359	0.7047255	0.5023477
0.4631039	0.7751041
0.4952813	0.8146938
0.265659	0.7485841	0.6724921
0.9128217	0.6742442	0.8029905	0.7959424
0.8060492	0.5326178	0.7456575
1.021075	0.5463585	0.8263247	0.9026731	0.830039	0.5472197
0.9908361	0.7479053
0.953939	0.7437953	0.855337
1.145979	0.7245621	0.9521265
0.685811	0.7562904
0.7461765	0.8044505	0.5865774
0.6801326	0.8393719
0.7151509	0.8581343
0.6896227	0.8680642	0.6610988
0.8210654	0.8655805	0.5781984	0.4643595	0.5489837
0.7299831	0.2952223	0.8624644	0.8136161	0.4336787
0.9267758	0.5750312	0.8419251
0.9380525	0.592715	0.8076347	0.8068736
0.7259551	0.8412026	0.4453162	0.2808398
0.6772772	0.8306757	0.3347754
0.6915853	0.8072701	0.7222677	0.2083198	0.6784277	0.6043018	0.7443285
0.6986503	0.8182883	0.7716995
0.6816076	0.8542742	0.7439697	0.8931461
0.8335235	0.841497	0.4459911	0.8879062
0.8229166
0.7973883	0.8387039
0.883901
0.7157307	0.9229508
0.8961603
0.953275	0.9317251
0.7497032	0.9274989
0.6523554	0.9357579
0.7043408	0.784104	0.8857286
0.6160004	0.8679056
0.4568402	0.8303029	0.7372044	0.5627457	0.5254315
0.5446839	0.8633932
0.7806997	0.9022509
0.8923202	0.8916501	0.5253697
0.8706477
0.828553
0.729558	0.9558407
1.261358	0.7027091	0.7539885	0.1515607
0.9913576	0.7570891	0.7972114	0.61862
0.7475634	0.6740952	0.8044333
0.7979232	0.6658088	0.8994149	0.7063303	0.6434811
0.5486992	0.6486667	0.7655564
0.2305981	0.7193415	0.7229438
0.3797137	0.625564	0.7231849	0.4530385
0.3952916	0.6670952	0.7405505	0.5072346	0.7710647	0.3805057	0.881205	1.005713
0.5702187	0.7531749	0.4299907	0.7029518	0.369214
0.5045718	0.7797871
0.4521111	0.7720707	0.263354
0.4651573	0.7888074	0.5635618
0.3106315	0.75124	0.2052999
0.6221705	0.6867505	0.2780635	0.02763046
0.3864379	0.6644672
0.4775402	0.6375082
0.5572401	0.685916
0.6116818	0.7089509	0.332824
0.9830491	0.6076103	0.2819922	0.5530594	0.3117438	0.6630557
0.6186862	1.026786	0.8490553	0.6098013
1.068955	0.9368195	0.7239606	0.6947903	0.4520749
0.7657816	0.9701636	0.7579796	0.2589896
0.7773379	0.8852694
0.6821796
0.7179472
0.6653136
0.9495742	0.5844937	0.723682
0.6787639	0.7295811	0.4310074	0.6008168	0.411221	0.5010667	0.3759414
0.6480707	0.6916841	0.3604379	1.024208
0.5524775	0.6933842
0.6187778	0.660933	0.295589
0.706064	0.6897743	0.3580894	0.7907255
0.64678	0.4569687	0.6857649
0.6291523	0.6385816	1.197907
0.768113	0.6720867
0.6202869	0.806977	0.4289637	0.8167108
0.7857113	0.4274506	0.6593316	0.4186399	0.5346888
0.7364442	1.068578	0.5107463	0.1084529
0.6116867	0.5148778	0.3538373
0.4947589
0.4279976
0.4831556	0.678221	0.3752676
0.4862032	0.4056322
0.4921905	0.5414164
0.5378071
0.6080632	0.6145779	0.3177229
0.5632052
0.7381103	0.5474694
0.4537489	0.4625196
0.479251	0.5369024
0.4490021
0.4985115
0.7598218	0.5376978
0.3818483	0.5545979	0.4211071
0.4820198	0.6102769
0.6331665	0.673796	0.2552952	0.6271563
0.422716	0.7684453	0.4108144	0.617037
0.6113665	0.6737422	0.6996885	0.32582
0.6697838	0.6547028
0.4834974	0.6406213	0.8538952	0.605408	0.4062633	0.8264535
0.7594967	0.7553996	0.4914801
0.7177921	0.756219	1.087021
0.79428	0.8434248
0.8298256
0.7617809	0.8164463	0.4021779	0.7002426	0.6795401
0.7191365	0.832949	0.5871304
0.7682672	0.9296105	0.6280133
0.9390579	0.8913687	0.3832982	0.7184507
0.6976619	0.8976128	0.3955243	0.8523205
0.6547324	0.9152199	0.5248446	0.633579
0.545	0.8959615	0.5468101
0.6337314	0.933125	0.4552991
0.5375324	0.9583182
0.3939771	0.9188768	0.5985576
0.7168647	0.8683612
0.6698049	0.8687972	0.8857166	0.8594673
0.6721141	0.9787259	0.8791247
0.5974696	1.047408	0.7977104	0.5898851
0.7716354	0.7759083	0.9791444	0.7165953	0.7702813
0.6609397	1.016985	0.802697
0.7660086	0.9739057	0.8597144
0.793506	0.9599593	0.7987977
0.7005815	1.082252	0.8064241	0.7959713
0.420572	0.7662167	0.9575623	0.6633095
0.3633304	0.9869196	0.7467668	0.6781829	0.9539656
0.5325953	0.983077	0.8515145	0.8094201	0.3516301
0.7360319	1.017051	0.8602835	0.8153819
0.2933536	1.048258	0.8905248	0.7329336
0.3572574	0.9325754	0.7016806	0.8582683
0.5212822	0.8156011	0.622812	0.5736637	0.7375118
0.5265059	0.8787201	0.8049255
0.6367809	0.8708578	0.368139
0.6573784	0.8210702
0.6625855	0.8148407	0.5500176	0.6141099	0.6147559	1.058671	0.3107303
0.6811988	0.7763222	0.2781804	0.5055106
0.565488	0.7782208	0.4466539	0.7045504
0.659607	0.7665661	0.3560246
0.8692596	0.7269546	0.4649652
1.016882	0.6813539	0.2913035	0.6696302
0.9236042	0.7144187	0.3592298
1.120401	0.768925	0.5222795
1.587465	0.7480782	0.505607
1.35058	0.7748071	0.7349658
1.37926	0.6556046	0.6328022
0.9224358	0.6585167
1.131477	0.625631
0.951387	0.6167921
0.9581695	0.6255701	0.559742	0.4352223	0.3967324
0.8105647	0.6199403	1.005012	0.6477187	0.9249151
0.7060338	0.6467228
0.9543094	0.6824196
0.6707196
0.6975132
0.654
0.735243
0.7146777
0.6927076
0.8533575	0.7461413	0.4502596
0.9958172	0.7569651
0.9576168	0.7824691
0.68319	0.7908738	0.7965836	0.7898294
0.8783379
0.723303	0.8173654	0.6994501
0.7068651	0.8019423	0.7262267
0.8891721	0.6980852
0.8131371	0.7402028
0.6407215	0.6801265	0.6463675	1.157216
0.6297194
0.6345229
0.7853208	0.6840062	0.63881	0.8550382
0.8903757	0.690426	0.592638	0.9190787	0.4019337	0.9662669
0.8165799	0.6830441	0.5303225	0.9105293
1.113552	0.6612109	0.8924502	0.6784861
0.9173333	0.9014763	0.7789997	0.7055653
0.7242894	0.8646018	0.7295993
0.6969761	0.7395099	0.6556855
0.6623171
0.5808701	0.7134025	0.6714049
0.7537308	0.677932
0.9535981	0.7346053
0.3323927	0.75384	1.07323	0.8723878
0.2285584	0.7194768	0.9899505
0.1962069	0.7185125	0.9218073
0.207883	0.6817521	0.834796	0.9300397
0.8326188	0.6758104
0.9613346	0.6574372	0.9455921	0.6230995
0.8074027	0.6541932
0.9155212	0.6589652
0.8697992	0.6442304	0.7364057	0.7290621
1.022545	0.7096927
0.7414094	0.6007856	0.8307746
0.6479183
0.6967959	0.5606778	0.7002524
0.589583
0.5830488
0.6688332
0.5592399	0.6353881	0.3467014	0.5551126
0.6387261	0.6471688
0.5997969
0.689967	0.5909015	0.6936713	0.4810163
0.9932317	0.5691493
0.7750857	0.5863025	0.7399866
0.6800805	0.599813	0.6431378
0.6945057	0.6340227	0.5763695	0.7909836
0.6633488
0.6984231
0.6748486
0.6732238	0.5756466
0.5133785
0.5715717	0.5874796	0.8999431	0.4566007	0.4291647	0.9738967
0.5912459	0.5789179	0.4664142	0.6543019
0.5541158
0.5131455	0.6192779
0.4220805	0.680605
0.5821916
0.5725387	0.4743518	0.7837812	0.5585772
0.5268039	0.8390964
0.5645112	0.5012787	1.00105	0.4349191	0.6004252
0.5044778	1.197358
0.5841581	0.5540729	0.9780067
0.7691591	0.55214	0.5298278
0.6284568	0.6182961	0.5881951
0.795033	0.6109079	1.095145
0.9439225	0.5967542	1.154263
0.619653
0.5915113	1.237516
0.5957092
0.6088412	0.5729726
0.7158259	0.6095821
0.7775196	0.6172583	0.4006165
0.5881509
0.6131763
0.6222409
0.6202232	0.8650608
0.7595062	0.6025639	0.6071294
0.6748749	0.6355154	0.2993624
0.6168427
0.5633023
0.6553629	0.6550887
0.5220051	0.7135903	0.5961138
0.3675829	0.4462805	0.7330242	0.6488379	0.8416414	0.5395228
0.5119745	0.7123834	0.9544202	0.6509842	1.038401	0.9066655
0.6769316	0.7105699	0.4362094	0.8659924	0.7237322	0.2980548
0.7353259	0.7847179	0.9354455	0.3038846	0.7701616
0.4873562	0.754326	0.7753054	0.8471725
0.7766997	0.684177	1.028862
0.7655291	0.6451067
0.7703392	0.6709273
0.3840841	0.7109396	0.9023429	0.7751418
0.5750876	0.6554604	0.8542172
0.8603779	0.7150112	0.6823946	0.9384284	0.9597207	0.4905109
0.8952791	0.6912003	0.729319
0.9464131	0.6864324
0.8720736	0.6822789	0.6296535	0.5395543	0.5963149
0.7192938	0.7246435	0.2971766	0.7075793
0.5775404
0.5264441	0.8891903
0.5025643
0.512516
0.5788497	0.5466479
0.5347504
0.6557732
0.6813422	0.5992015	0.5485835	0.8325889
0.6649434
0.5882052
0.8332203	0.71656	0.6515116
0.9076322	0.418016	0.8092326
1.085573	0.7938008	0.6787829
0.7601172	0.8644715	0.7342123	0.4185489	0.2216452
0.9758438	0.7757278	0.3787354
0.7519364	0.7901356	0.5315127	0.7536474
0.9183859	0.7649483	0.7279816
0.7489616	0.1010942
0.7748007	0.6655106	0.6493868	0.8402065
0.7614594	0.6547152	0.4323138	0.7901026
0.827408	0.6477094	0.4212123	0.8855176	0.8665064
0.8882485	0.5226295	0.8662165	0.6192444
0.969892	0.8641424	0.6018002	0.6755319	0.3960517	0.6444995
0.6331875	0.6947852	0.6793643	0.4504735
0.6633673	0.808089	0.5599092	0.6574699	0.3617155
1.074093	1.180963	0.7062994	0.5791539	0.6682949	0.7019058
1.026319	0.8264958	0.6831825	0.4799828
0.7823499	0.8440057	0.7139	0.372463	1.222529	0.5445387	0.7998323
0.7232698	1.124304	0.714299	0.4796723	0.7444033	0.8844401
0.7796052	0.8571311	0.6986517	0.500279	0.9506016	0.7057061
0.6823976	0.7030457	1.142369	0.9530536	1.525939
0.7824187	0.7963323	1.035724	0.6218398
0.8802089	0.8245716	1.105267	0.4258953
0.8105624	0.8238381	1.081523
0.7515867	0.9121493	1.011365	0.5793797	0.9405796	0.8165185
0.7231206	0.8811919	1.026715
0.72314	0.8222119	0.9671575
0.4947524	0.7634782	0.8670224	0.6086808	0.6523279
0.4404083	0.7187839	0.8905598	0.4925466
0.423073	0.6418523	0.8164138
0.3523668	0.7868452	0.6442301
0.224575	0.6369716	0.8179858	0.4997631
0.3230074	0.6692645	0.8125268
0.2834603	1.019595	0.8036566
0.4433638	0.9325683	0.8078634	0.3224632	0.5807442
0.4196296	0.6813999	0.8479442
0.6710317	0.6725991	0.4995824
0.478872	0.6377973	0.8971677
0.4001091	0.5693241	0.3727108	0.4776886	0.6093671
0.3679431	0.5510382
0.3512783	0.5666874
0.2821587	0.5201067	1.399502	0.7503757
0.512612	0.4854784
0.7970527	0.4964296	0.5558626
0.4725111
0.446016	1.166036	0.4970927
0.4963829
0.5567918
0.6728223
0.6565233
0.6959354
0.7346492
0.6977182
0.7876579	0.7562836	0.5628224
0.8309584	0.7277181	0.4190377	0.8381938
0.8186843	0.704054	0.6513611
0.7465282	0.759607	0.6921673
0.6921952	0.790204	0.6353629	0.9379176
1.036372	0.7214332
1.056938	0.8211016	0.6967193	0.3250001
0.922609	0.7167423	0.5148112	0.8773913
0.7268107	0.7032479	0.6912628
0.9427875	0.6557529	0.6577267
1.244385	0.6963158	0.8603952	0.7428718
0.8617488	0.707985	0.5370305
0.7424841	0.70858	0.7385543
0.7152665	0.6878112
0.7387205
0.7337784
0.7805245	0.7319364	0.797949
0.7735977	0.6860443
0.70346
0.6753749
0.6818995
0.8751239	0.5479106	0.7233291	0.6203411
1.054533	0.6769731
0.3987706	0.9163591	0.6868703	0.6186877	0.6386403
0.5781414	0.6853703	0.6232034	1.04411
0.7039258	0.638039	0.5205428
0.7367414	0.7042427	1.292914
0.657651	0.8023511	0.6823438	0.7900545	0.7283154
0.8061831	0.6649482	0.7899894	0.7892991
1.021345	0.6881405	0.76622	0.7836295	0.9648266
0.8237364	0.720817
0.9014931
0.4035397	0.8578084
0.3354887	0.869918	0.5092575
0.7744579	0.8781323	0.198852
0.7133385	0.822847	0.619422
0.9375595	0.709494
0.694051
0.7037091
0.6551231
0.6797301
0.5016261	0.734665
0.5812031	0.8723361	0.6506353	0.9451812
0.6290331	0.9028016	0.7694512	0.7616775	0.7578493
0.8132193	0.9350549	0.7357961	0.7379307
0.8649596	0.7224593	0.862513
1.368296	0.9021257	0.7285812	0.8519326	0.8768003
0.8703437	0.6734864	0.8239212
0.8516699	0.7255837	0.853587
0.8708696	0.7924054	0.8375645
0.7687188
1.040752	0.7953389
0.8493264	0.8362585	0.5012633
0.8696122	0.7819413	0.7681864
0.6802092	0.8443073	0.4881857	0.640915
0.859922	0.8993268	0.5036506
0.7403697	0.9376444
0.7511113	0.9965446
0.7224138	1.127511	0.980259	0.7004554	1.038479
0.683766	0.7349646	1.051315
0.7483189	1.039977
0.7110204	1.128803
0.8724476	1.155625	0.5988632	0.7324042
0.6044441	1.16515	0.8104589
0.690644	1.147889	0.7813628
0.5923358	1.150864
0.6335193	1.146089
0.68984	1.068987	0.5365818	0.552779
0.7208707	0.9614424	1.038133	0.2246797
0.8689182	1.057914	0.5966273
0.9109774	0.9604947	0.4254357	1.051726
0.8550565	0.9005024	0.5685282	0.5986559
0.7700844	0.9282282
0.8411701	0.9400896
0.9256164
0.868437	0.9850773
0.9311242	0.9827864	0.4950458
0.608156	0.3300537	0.8481791	1.003518	0.3936917	1.053417
0.4083792	1.018478	0.6249976
0.6478995	0.9140432	0.6576724	0.8211342	0.8265394
0.7692189	0.9592564	0.5366058
0.6042493	0.9822568	0.4886682
0.5923428	0.8209646
0.5683085	0.793516	0.4590256	0.8525155
0.6072469	0.7471923
0.6343782	0.843534	0.7072834	0.5653049	0.5497215
0.3551508	0.9398986	0.6964898	0.5996719
0.6510513	0.8522558	0.7038643
0.8131005
0.8359994
0.8247531
0.7754043
0.7260954	0.7798945
0.879837	0.4564678	0.7435324
0.893564	0.7232634
0.8228131	0.657797	0.7256346	0.6225705	0.6213647
0.9379257	0.6001526
0.6747584
0.7250791	0.7747702	0.5937019	0.7515906	0.3982507
1.05817	0.8252571	0.7560912	0.6706968
0.8730251	0.8140534	0.6950355	0.5510559
0.8182983
0.7553863
0.7366112
1.000099	0.6738544
0.7392238	0.6646561	0.8958971
0.7648613	0.7339332
0.7619692	0.6701452	0.2204944
0.6791294	0.7469517	0.5904976	0.4612213	0.4252386
0.6543431	0.7272857
0.6715568
0.4354102	0.7291099
0.7758096
0.9000989	0.632184
0.9810842	0.6786082
0.4644421	0.693566	1.133635
0.4797211	0.6713829	0.6348418
0.6290906
0.8784335	0.5935683	0.7467392	0.971066
0.7475722	0.738651
0.711189	0.756473	1.040903	0.3622154
0.778371
0.7594272	0.92643
0.7310627
0.7879723	0.7176016	0.7132242	0.3588767
0.6480798
0.7755419	0.5853732	0.4114627	0.508071
0.7120241	0.5528231	0.3752424	0.6263757
0.767497	0.4214132	0.695346	0.9142536
0.6142713	0.6558625	0.8899235	1.066063	0.6602252
0.5101767	0.7737987	0.6807875
0.5079543	0.801773	0.7111635	0.4292153
0.588941	0.5643151	0.9996079	0.7353458
0.5742917	0.5950877	0.8507898	0.7654743	0.5648707
0.6247869	0.6126294	0.7449577
0.6062853	0.753114	0.5170409	0.861486	0.5752487
0.6907738	0.7394613	0.3053036	0.4803317
0.7407708	0.7778278	0.5176815
0.6564719	0.4738312	0.7580342	0.12424
0.9235072	0.5015402	0.7170369	0.6610315
0.7318097
0.737585	0.8510732
0.7120802	0.8016936
0.4284584	0.5911693	0.8079975	0.6083298
0.2999643	0.7295355	0.4971588	0.607486
0.1680721	0.8023145	0.6251129	0.2923131	0.499121	0.8157215
0.3418575	0.758573	0.6681178	0.5884066	0.4827087
0.5230866	0.7119181	0.8653804	0.5654012
0.8582751	0.9140636	0.6482042	0.8119228
0.8900683	0.8524413	1.018403	0.8754667
0.9690573	0.9572404	0.4792601	0.8127386
1.075467	0.9940131	0.7069475	0.8446126
1.035395	1.011847	0.9036757	0.7718533
0.8649545	1.071157	0.8832462	0.6032484	0.9850538	0.560152
0.8444781	1.114617	0.9043833	0.8301372	0.9396477
0.8896863	1.403279	0.9201756	0.9967225
0.7607838	0.9181729	0.7877253	0.2913661
0.7227696	0.947913	0.8041322
0.6551361	0.9951773	0.159891	0.8935276	0.7533852	0.7388354
0.6747769	0.8266508	0.9965875
0.7462922	0.824858	0.9014529	0.6744009
0.6412608	0.9152245	0.7805109
0.7676041	0.9259428	0.8281718	0.9343626
0.7160459	0.9627295	0.6632197	0.4268032
0.7717689	0.9060655	0.7400537
1.070002	0.9243997	0.6602064	1.267523
1.023742	1.062714	0.6558377	0.9321573
1.149971	0.8716614	1.005785	0.5120455	1.032681
0.9376577	0.776139	0.9428206	0.5766043
0.8657716	0.8511495	0.6089673	0.9668262
0.6943065	0.8885939
0.5799692	0.9045582	0.861689	0.6369197	0.2296504	1.125711
0.8330518	0.9045582	0.5321828
0.7161813	0.9393022	1.313749	0.459357	0.6433143	0.5712544	0.8527034	0.8591914	0.3190069	0.8308261	0.1884436
0.8311236	0.8740298	0.6406072
0.9533075	0.9100016	0.7048616
0.7841595	0.851312	0.5437961	0.7333684
0.7933043	1.091446
0.8283719	1.086804
0.9578386	1.092428	0.9958734	0.8245546	0.9211322	0.3221991
1.303753	1.009343	0.9283018	0.5869251
0.925027	0.9984415	0.7351339
1.013545	0.5343474	0.9455878	0.9751222	1.038598	0.8691021
0.6810602	0.9196149
0.8512949	0.4582963	0.9548425	0.8211631
0.8698193	0.6034157	0.9058708	0.8131499	0.5299951	0.8676925
1.199306	0.8295774	0.7063731	0.2387702	1.007787
0.8075907	0.6660021	0.7861225	0.6569527
0.8272823	0.6741697	0.9908596	1.000899
0.8906872	0.6293015
0.7343513	0.6125849
0.9863711	0.6254464
0.7696117	0.6792583	0.897284	0.297702
0.7651588	0.6546716
0.7619614	0.7717428	0.5542002
0.7394287
0.7683246	0.6381273
0.7841028	0.7325917
0.7183939
0.7171737
0.7132855	0.6342404	0.7905861
0.6974154
0.7133019
0.9043587	0.7809076	0.774665	0.3287811
0.5735341	0.7157089	0.6913999	0.5411998
0.675349	0.6544705	0.8941836
0.6314053	0.7236381	0.9165113	0.727284
0.6242736	0.6822152	0.883361
0.7001825	0.5712775	0.8096659	0.7384394	0.8075463
0.638897	0.6241406	0.7615676	1.323877	0.7034583
0.4322844	0.429204	0.7615676	1.402724	0.6909198
0.5767207	0.7768879	1.137662	0.6037721	0.6726857	0.6474542
0.9554453	0.740651
1.158125	0.7645635	0.1533827
1.063444	0.84419
0.9782858	0.7919944	0.8496455	1.073071	0.3324146
1.047798	0.8748523	1.094833	0.7486892	0.8068597	0.6738591
0.821463	0.9057058	0.6285007
0.9628921	0.9389364	0.7370572	0.5327375	0.3946543
1.000279	0.9283971	0.8222677
1.094999	0.9136584	0.8475629
0.737707	0.9189918
0.7365058	0.9214535	0.5615516
0.5829546	0.8900968	0.5637049
0.5831365	0.8881914
0.4447461	0.8438971	0.7471641
0.586522	0.7728074
0.7300605	0.7958203	0.5376181
0.6730104	0.8057403	0.8334748	0.6774005	0.6811428	0.4829826
0.7292064	0.8160194	0.909878
0.8431758
0.829946	0.8519054
0.8310803	0.8558647
0.8497884
0.9280831	0.8444378	0.7971354
0.7083746	0.7821216
0.8816005	0.6516653	0.720074
0.5880138	0.7480175	0.7042763	0.6985488
0.5550399	0.7565571
0.5954765	0.7802761	0.6303374
0.6611369	0.7724298	0.539313
0.7646284	0.7889172	0.4121537
0.6322643	0.4977416	0.7672115
1.28627	0.7445386	0.5562165	0.2050697	0.7658809	0.3033629	0.1876179
1.010342	0.529761	0.5800414	0.4243233	0.7503026
0.769158	0.8351993
0.8210725
0.8341854	0.836551
0.87884	0.7836002
0.8137786	0.8371708	0.3321649
0.7770533	0.8486935	0.4830202	0.7487926
0.7679057	0.6255264	0.8875489	0.9277705
0.7051304	0.790054	0.822495	0.7386004	0.3972402
0.6250088	0.7284851	0.8872661
0.7786902
0.8282476
0.8342293	0.7218949
0.7713683	0.7872404	0.9041844	0.9593093
0.7064846	0.8585959
0.7251866	0.8528355	0.8630312	0.9173973
0.959567	0.8358806
0.9367181	0.8082225
0.9239153
0.6841136	0.8689308	0.8962656
0.8076577
0.8109858	0.7836023
0.8470792	0.7899759
0.8460317	0.7444735
0.5941024	0.8082482	0.7993799	1.112695
0.5786078	0.8150179	0.7946449	0.9897043	1.16371	0.5991086
0.6663835	0.971626	0.7773054	0.6333754	0.6569237
0.9869351	0.9558521	0.7708151	0.7238117	0.4086208
1.02858	0.9949123	0.6796959	0.4966237	1.327161
0.9069807	0.9672527	0.8775862
1.065327	0.8196494
1.063755	0.9419683	1.06497	1.086168	0.6610008	0.7380802
1.042973	0.9187375	1.096069	0.9232881
1.12944	0.8878718	1.069835	0.8777409
0.583299	0.9801039	0.745791	0.8396719
0.7064863	0.9704474	0.8854347	0.7261964	0.7769053	0.5119897
0.7283207	0.9568593
0.9103275	0.9813179
1.135628	0.9196477
0.8995609
0.8914656	0.7727202
0.9270886	0.6807987	0.9064675
0.9030911	0.7544411
0.9207222	0.8125106
0.9080765	0.7674022
0.9497216	0.8197912
0.9340016	0.8057669	0.8422864	0.8975294
0.8579823
0.8934328
0.9318054
0.9128576	0.8496009
0.8701244	0.7725792
0.8426899
0.8129122
0.4558108	0.775108	0.7552178	1.680936
0.7728816	0.7984501
0.8144791	0.8241367
0.7449659
0.6097392	0.7410101
0.5053206	0.6623023
0.3497762	0.6339117	0.9993302	0.7210748	0.4754501
0.5579569	0.5998727	1.041247	0.5467096	0.6483203
0.7857907	0.5599955	1.20899	1.013588
0.9068535	0.6234371	0.6563771
0.774573	0.1662662	0.6884833	0.8185247
0.8487618	0.2591471	0.6718183	0.6395489	0.8569389	0.8215052	0.252676	0.6027904
0.655854	0.6666074	0.4100955	0.1793354
1.082268	0.3758465	0.6439007	0.8586231	0.9717632
0.7439748	0.632375	0.3304592	0.4634718
0.530668	0.5960942	0.2662958
0.6170416	0.6658951	0.3329042	0.7997339
0.6095009	0.7009852	0.3531455	0.5749101
0.7948025	0.3796549	0.6177769	0.7228518
0.5228261	0.3205005	0.5996332	0.7159414
0.5717623	0.3009151	0.587578	0.8419925	0.5114586
0.5656178	0.6016564	0.4027379
0.7514198	0.5280473	0.6152932
0.7018343	0.5823719
0.8483512	0.5240465	0.6714019	0.6474658
0.7760551	0.5081463	0.7293489
0.723607	0.5163771
0.8013166	0.5326453	0.6692099	0.717237
0.7530811	0.5471853
0.4956972
0.4874613	0.8920353
0.4657008	1.285344
0.5304713	0.5833227
0.3526179	0.6425355	0.7789643	0.3017944
0.3329098	0.5466475	0.6925127	1.024305	0.5631928
0.5668342	0.9731253
0.6080669	0.5861984	0.7680438
0.8185879	0.6088344	0.6951373	0.467738
0.9454341	0.6195892
1.050831	0.5862329	0.4778461
0.6784318	0.6270978	0.7682359	0.3247754	0.5725507
0.8425813	0.5893745	0.4788074	0.463118	0.6121727
0.8213846	0.4295239	0.3686	0.6133357
1.197475	0.3743447	0.7655969	0.3692619
0.9288694	0.4470616	0.8658347	0.5448963	1.010197	0.943585
0.8744596	0.8101086	0.4900311	0.3757403
0.6263455	1.020681	0.5750285	0.4262244	0.9532859	0.7352751	1.087243
0.604338	0.9033153	0.9051806	0.6496995	0.4487825
0.87684	1.024722	0.4097754
0.9721037	0.3945411	0.5534848	0.9268625
0.976597	0.4210425	0.617823
0.88841	0.4244046	0.4709538	0.7090598	0.7433104
0.7998336	0.4795898	0.3798137	0.6453291
0.7961422	0.4777841	0.4053957	1.043252	0.6216908
0.8710934	0.5679257	0.4072269	1.074162
0.7831005	0.5053259	0.3939311	0.7818057
0.7376964	0.8125315	0.3767324	0.1284324
0.7977728	0.9775397	0.4001869	0.6709188
0.7528238	0.7858372	0.3586549	0.720399
0.6256788	1.18234	0.3525467	0.8621103	0.2791433	1.019606
0.6437353	1.09547	0.3335097
0.9134242	0.8722139	0.3052595	1.252012
0.9049076	1.086915	0.2813149	0.9117188	0.1791435
0.8214515	0.3141726	0.6087282
0.9205201	0.40031	0.6532772	0.3589836
0.5676594	0.7053733	0.3179641	0.2888829
0.9356036	0.9527181	0.3101712	0.4495869
0.8074351	0.7411615	0.3021147	0.4960256
0.8128522	0.3381461	1.042034
1.229495	0.3381886	1.271739	0.7246492
0.725738	0.3470595	0.8868459
0.5613374	0.3497405	0.8720538
0.6516605	0.3904655	0.5464725
0.6523404	0.4538716	1.229115	0.3240499	0.4821222
0.7003942	0.4979181	0.7682753	0.4712721
0.6139849	0.4226195	0.79975
0.4204855	0.4629021	0.2482577	0.6036693	0.451213
0.4843533	0.3785759	1.010467	0.5247302
0.5175289	0.896554	0.3363636	0.5115747
0.6177454	0.5525123	0.8939417	0.4906884
0.7689979	1.023371	0.4003895	0.6747583
0.8628316	0.8828194	0.6250088	0.7168611
0.4343062	0.578221	0.735444	0.9121642	0.976719	0.9242127
0.835043	0.6675567	0.9138842	0.8948458	0.7888841
0.7693254	0.8076527	0.755922
0.8031181	0.8233762
0.8776993
0.8869975	0.7579004
0.9216331	0.7315327
0.9313021	0.7321344	0.8786795
0.8719334	0.7059527	0.8633523
0.8058402	0.6151866	0.3191542	0.8148948	1.058544
0.8608877	0.5965226	0.3636452	0.8401504	0.8446689	0.6718548
1.229587	0.749974	0.8908883
1.010263	0.6925194	0.9152232	0.8158545
1.271162	0.8335611	0.7318744	0.5484193
0.9547373	0.6803872	0.8754876
0.9582634	0.757672	0.8969842
0.9189575	0.7656569	0.8906568
1.023228	0.8368341	0.6564814	0.7996754
0.4709321	0.7688324	0.1974515
0.7889617	0.6212761	0.807389
0.7952447	0.7078304
0.4943127	0.73651
0.6761674	0.9503013	0.7249358
0.8175839	1.021966	0.7502066	0.6651443
0.8340304	0.7545342
0.6910873
0.7277427
0.6714347
0.791115	0.6524283	0.6084949	0.8342548	0.35421
1.003369	0.8259418	0.3654227	0.6715339	0.6586289
0.9910442	0.7704822	0.5563551	0.6497341
1.35636	0.7715685	0.6023656	0.6991346
0.8172059	0.8694301	0.7175768	0.1990454
0.886838
0.8286902
0.8046535
0.7817585	0.7736719
0.743704
0.811767
0.853935
0.8197953	0.805728	0.9348229
0.7579904	0.7512314	0.7157601
0.8578309	0.7168157
0.8087801	0.7507349
0.7231547	0.8217234	0.6342765	0.7097034
0.6860018
0.6468315
0.6027601
0.5803896	0.6178739	0.7269203
0.5985307	0.6847677
1.134787	0.6465838	0.5537637
0.7625998	0.662763	0.4528867
0.7261578	0.667977	0.2841904
0.7028518	0.7505572	0.4915024	0.790706
0.7519065	0.9105348	0.5216007	0.7466058
0.8998264	0.50413	0.6765259	1.028981
0.9129099	0.4411924	0.5910231	0.9804835	0.6486799	0.5154107
0.6941924	0.4978689	0.626101	0.7375213	0.4832596
0.8427537	0.3826523	0.6257301
0.6581121	0.3194668	0.6252518	0.5211246	0.591655
0.6378613	0.6167	0.1507046	0.6336484
0.5813838	0.6510837	0.7477549
0.4880803	0.671109	0.6561838
0.4622274	0.7015208
0.4339187	0.6663506
0.446626	0.7145156	0.7437973
0.422568	0.6975351
0.5228929	0.6865642
0.6560584	0.3729048	0.7498174
0.8019501	0.3284478	0.6537055
0.8344591	0.6537341	0.3603529
0.8180665	0.2854842	0.6456114	0.9831535
0.542936	0.1746885	0.5737379	1.066786
0.663758	0.5769578	1.605871
0.4656122	0.6575086	0.7131262
0.3872836	0.6288317	0.5036577
0.4187804	0.6116846	0.5677308	0.4192397
0.3231685	0.5971067
0.4181614	0.5782337
0.3697275	0.4929381
0.497596
0.7992016	0.5686746	0.5862
0.6108511	0.6630444
0.4908647	0.6566715	0.7483128	0.4631964
0.9236029	0.6992195	0.6401724	0.9283871
0.5398675	0.687464	0.6202444
0.7139433	0.5793343	0.6796792
1.101885	0.6282291	0.8084062	1.13934	0.6960746
0.9677272	0.6559885	0.693733	0.7355648
0.8964853	0.6329089	0.7306703
0.9013857	0.5978847
0.8238538	0.6056254	0.8329079	0.620413	0.8070076
0.8786375	0.6497132
1.09782	0.6786989	0.8084909	0.6208144
0.8208313	0.7326513	0.6282522
0.8708244	0.5341085	0.7600328
0.8775643	0.5846268	0.7635491	0.6289419
0.6026426
0.5921522	0.7219369	0.4451375
0.8567582	0.7340975	0.1824175
0.6321034	0.7142992	0.3186166	0.5735405
0.8306285	0.3400697	0.7928858	0.5378527
0.7564393	0.571406	0.8029569	0.4380007	0.09173354
0.6899805	0.841715	0.5174214	0.3243003
0.7501464	0.8665341
0.8308414	0.8749925
0.7515649	0.8383214
0.8848002
0.9436908	0.8509665
0.7472391	0.7372828	0.8874169	0.6230303	1.331406	1.227053
0.9430762	0.8700525	0.5286004	0.7276912
0.7772964
0.7983535
0.6349185	0.8099203
1.03448	0.6423548	0.7723627	0.4802484
1.020935	0.7617644
0.5714485	0.7613975
0.6803058	0.8022203
0.6326602	0.7953472
0.6282727	0.8979761	0.5628054
1.084866	0.69971	0.8982702	0.9522426
0.9688283	0.8444822
0.7034338	0.83972	1.018743	0.9713561	1.242855
0.9724376	0.7801633	0.9826386	0.6848732
0.567782	0.7733488	0.9833552
0.989899	0.9009633	1.151722
1.027054	0.9020258
1.025363	0.8944586
0.8739764	0.8057306	0.9397847	0.771484	0.7060302
0.7248495	0.8151419	0.975775	0.7750626	0.6001369
0.9816537	0.7440097	0.9050461	0.5718394	0.6160308
0.9334557	0.650896	0.8620161	0.6885608	1.101391	0.793914	0.6323974
0.9664709	0.6635544	0.7492628
0.8980803	0.7233821
0.9387901	0.740223	0.9358449	0.8302055
0.781964	0.9043335	0.873944	1.021406	0.6906551
0.7043474	1.016673	0.8253946	0.862827
0.6450528	0.9960638	0.8455942
0.6659149	0.7642319	1.015576	0.7719458
0.7189504	0.9021651	0.7719458	0.6796777	0.7018477
0.7814499	0.8907206	0.4006527	0.7314363	0.1689531
0.7939019	0.9511255	0.8081006	0.5517956	0.7610831	0.6136224
0.7566671	1.018423	0.8007254	0.373754
0.8091635	0.9844454	0.7209961	0.4063859	1.014382
0.7491227	0.915254	0.6690982	0.4116714	1.204919	0.6442917	0.5227614
0.8071922	0.7957983	0.6436485	0.469959	0.8144109
0.6638859	0.8983808	0.6875104	0.4552243
0.5532623	0.8119037	0.6374242	0.3149999	0.6942616	0.7739863
0.7088465	0.6764488	0.3451701	0.812275
0.6825114	0.3851747	0.6772457
1.133819	0.574127	0.7957189
0.9437491	0.5682575	0.7662198	0.8295487
0.8887416	0.7603293	0.5593666
0.8439433	0.7100798	0.4982771
0.9167951	0.7273514	0.2900795	0.7995041	0.6096311
0.8894167	0.9459458	0.7356358	0.4939245
0.6965694	0.9116838	0.7731502	0.5616153
0.7087811	0.866547	0.7306173	0.995236	0.751842
0.8261653	0.8577413	0.5244458	0.8953761	0.7357206	0.8932953
1.048081	0.8144776	0.6827297	0.5894805
0.5077702	0.8057529	0.6788	0.6349694
0.3969969	0.7497052	0.682302	0.4694051	0.7083841
0.982655	0.6745557	0.7097337
0.5733121	0.6407983
0.4803955	0.646514
0.7632119	0.5808382	0.8480897
0.7977937	0.6224429
0.7315014	0.6376633
0.7455289
0.8263165
0.8974101	0.7912062
0.7563523	0.7356476	0.602998
0.8187607
0.434131	0.8512207	0.8328604
0.8928893	0.8249512
0.7619994	0.8256424
0.4608582	0.8409848	0.7550791
0.8433631
0.8996707
0.8320832
0.9072393	0.7676517
1.075018	0.737243
0.7063939	0.7141082	0.6519518
0.700782
0.7549878
0.8041514
0.763491
0.8235547
0.8292586	0.7802365
0.9618766	0.6587178	0.9650907
0.9461134	0.8037683	1.061436
0.9662001	0.744033	0.8945294	0.9298775
1.098433	0.7833574	1.030798	0.89525
1.04675
0.9649423
0.9971766
0.9791638
0.9013487
0.8468332
0.6875986	0.9063596	0.8791485
0.8409416	0.8937142	0.5042376
0.7122077	0.8817511	0.7311303	0.6226238
0.6586396	0.8801247
0.7051991	0.903948
0.9313547	0.9153549	0.5000678
0.7549693	0.5581552	0.8767363
0.9744853	0.8546471	0.8322036	0.6759429
0.7790978
0.8525801
0.9096983	0.8009509
0.8583206	0.7940989	0.959078
0.9654267	0.8101919	1.057047	0.7016062
1.041931	0.767402	1.049212	0.7830813
1.090292	0.9804599	1.026785	0.7509172
1.169797	0.7339657	1.052326	0.8481094	0.4428978
0.9468578	0.9153605	1.121149	0.713692	1.307815	1.068916
0.9148295	1.127038	0.710622	1.075262	0.9498087	0.8867162
1.268544	1.112214	0.9214697	0.9873906	0.563454
1.004325	1.034678	0.9302374	0.7811708
0.987371	0.8496377	0.9062615	0.8448254
0.9197466
0.9180326	0.8389357
0.7001547	0.8146387	0.6577149	1.040264
0.7411131	0.7531056	0.9628412	0.5344799
0.7423741	0.5621364	0.8274982	0.6452519	0.2047957
0.7708836	0.7052363	0.5686814	0.9651246
0.7585948	0.6966905	0.8462421	0.6090797
1.073258	0.6886087	0.5617413	1.568364
0.8825265	0.7235185	0.6237464	0.9311992	0.5227377	1.138447	0.5922614
0.8073111	0.7279127
0.6662902	0.694633	0.6402496	0.7915942
0.8477928	0.744487	0.5901224	0.2565324
0.7239555	0.767075	0.4254284	0.6546583
0.654051	0.7927228	0.4022857	0.7152379
0.7042048	0.8337248	0.4267141	0.4827472	0.5314761
0.6220871	0.8372368	0.3701837	0.3526537
0.8097624	0.8411413	0.3680556
0.7098602	0.8608185	0.4012821
0.740171	0.9061604	0.2897992	0.9411731
0.8533353	0.9365677	0.377011	0.3505092
0.4984324	1.019191
0.5473137	0.9476309
0.5950139	0.9259613
0.7098525	0.9221442	0.6837076
0.7069968	0.8975452	0.5764402	0.4941931
1.029049	0.8175248	0.8358737	0.1240162	0.6358576	0.8967683
0.7786678	0.9073828	0.7148006
0.8349408	0.8683449	0.7400678
1.045991	0.7651889	0.51191
0.8943255	0.8032402	0.5297702	0.8493134
0.8908645	0.7828769	0.4534289
0.7329138	0.7927754	0.4600256
0.7145089	0.7547901	0.2968134
0.7630739	0.7184021	0.5641376
0.7790559	0.7337795	0.5904294	0.1184954
0.3700728	0.7112231	0.5899959
0.5084391	0.7010733	0.4765705
0.7994412	0.6594905	0.5506343
0.5755962	0.7007617
0.5747761	0.6389948	0.5447462	0.7680962	0.6438858
0.5941831
0.6383214	0.6167105	0.699742	0.8597328
0.8732686	0.7283362	0.4515364	0.7620655
0.7854045	0.7888704	0.7283817	0.5151413
1.018591	0.4394858	0.7093434	0.7442015	1.006084
0.5980177	0.6939169	0.7856651	0.495593	0.6906594
0.7969943	0.4870151	0.7444744
0.6716351
0.9929903	0.7403186
0.7763088	0.7091986	0.8435982
0.662301
0.7611305	0.6445297	0.6080015
0.6307169
0.5643018	0.6460174
0.5755933	0.5368095
0.6016266
0.9666134	0.6423871	0.8089535
0.899703	0.6906524
0.8596301	0.671103
0.855871	0.6504728	0.6111643	0.545917
0.980678	0.4904964	0.7111526
1.068214	0.7063713	0.5743795	0.5704123
0.9585718	0.6725372	0.657863	0.9355503
0.6357987	0.6502591	0.8695172
0.6750632
0.7241011	0.6725833	0.5144656
0.8385638	0.6542884	0.4175664
0.7422299	0.6093205	0.5728742	0.3417898
0.5588006	0.6230893
0.5581324	0.6219473	0.6690175	0.4227959
0.5194211	0.5594738	0.6811681	0.285474	0.6454951
0.3592293	0.6370566	0.3889939
0.605855	0.6229695
0.6717092
0.6690878
0.615174	0.7274673
0.7182307	0.7831963
0.7426422
0.7070453	0.6951535
0.8351482	0.6719673	0.5362805	0.6987927	0.5184727
0.6362274	0.6378945
0.5985768
0.6720656	0.7031358
0.7479124
0.7973228
0.6466834	0.7041527	0.3894814
0.6104487	0.7519593	0.5355486	0.6132437
0.5357021	0.8455333	0.5172645	0.03606298	0.7131806	0.6612439	0.8360908	0.7659364	0.5521701
0.4857626	0.7012748	0.8941298	0.5969656
0.7773349	1.131805	0.7052621
0.6487176
0.823647	0.6843924
1.002008	0.6811302	0.7812593	0.7348545
0.6762581	0.7544209	0.8693872
0.6085159	0.7447907	0.882355	0.8865652	0.712771
0.5781702	0.7536231	0.8893032
0.3136428	0.7394272	0.8634211	0.9287244
0.1254327	0.9183161	0.7579343
0.2768972	0.9409817	0.7208375	0.8921942	1.186663
0.2745712	1.155405	0.6704524	0.9132019	0.9376121	0.8440536
0.3855372	0.752277	1.024847	0.8835882	0.711811	0.8019879
0.2001917	0.7345821	0.9282514	0.6579778	0.9391812
0.3286392	0.8425082	0.9971633	0.7358962	1.043466	0.9286986	0.7081129	0.8236639	0.7946969
0.7791471	0.7819618	1.017338	1.017361	0.7879948	0.8500477
1.063427	0.7794263	1.093939	0.5176926
0.9519021	0.8094131	1.046454	0.5339445	0.6336027
1.062141	0.8981423	0.6294484
0.8858153	0.8945108	0.716357	0.8363771
0.8338349	0.8752335	0.7873028	0.6481677
0.8917639	0.9273089	0.7620166	0.6141078	1.069782
0.7564102	1.010336	0.7943382	0.6421487	0.9931806	0.2927775	0.8874756	1.024811
0.9185687	0.8847879	0.668772	0.6359685
0.8282921	0.7092223
0.9084094	0.7186887	0.8587967
0.8507522	0.7756286	0.8493003
0.7915826	0.6727455
0.7777521
0.7228091
0.7316193
0.5930628
0.5838787
0.6429986
0.6050874
0.7868577	0.658785
0.9385681	0.6160433
0.7115405	0.4915252	0.6761756	0.7108209
0.7194197	0.5083235	0.6640279	0.2573604	0.7148524
0.5895856	0.6055784
0.9843696	0.5922546
0.8853198	0.7141039	0.390357
0.6149675	0.7359849
0.6090757	0.6812924	0.6762263	0.1355136
0.6750249	0.6293937	0.8820326	0.5455056
0.89674	0.6398305	0.7171717
0.947067	0.6101263
1.04328	0.6287584
0.7797149	0.6400146
0.6860352	0.6453764	0.5716499	0.5193143
0.5477934	0.5403076	0.4814555
0.5153093	0.3842358	0.595559
0.653337	0.4085114	0.6684369	0.2362295
0.9857817	0.6942399	0.2438022	0.3619752	0.5504803
0.8397706	0.6417498	0.3729319
0.651747	0.6627458	0.44482
0.4477706	0.5918973	1.027983
0.8055956	0.5738715
0.5770548	0.6061616
0.6485745
0.5644492
0.5663924	0.512275	0.4412875	0.5458319
0.525803
0.4411109	0.556273
0.5703656
0.5994864	0.6307876
0.6301359
0.5799033
0.5960377	0.682493	0.4372145	0.5942741
0.7852618	0.5751908	0.4788635	0.8866645	0.6971179
0.7985308	0.4851764	0.6422157	0.7758475
0.6820845	0.6703935	0.4867918	0.6132545
0.7130321	0.6604322	0.4591081
0.8439447	0.6756482	0.4576665
1.001891	0.7527135	0.593177	0.6120519	1.115736
0.8607264	0.8043691	0.612166	0.3968951	0.3808472
0.6809374	0.3352026	0.8485275	0.5504544	0.8566249
0.7048509	0.3123958	0.8317983
0.8531391	0.8625912	0.5602933	0.8013512	0.320901	0.555286
0.8944001	0.7752011	0.3949575	0.6167208	0.9975323
0.3545348	0.7755623	0.9600217	0.7123959
0.6630218	1.147041	0.7222265	0.7844278
0.6374235	1.087918	0.7227754	0.7521478	0.8308954	0.5296235
0.6241511	0.8575803	0.4772756	0.7351699
0.8717566	0.7921713	0.6896346
0.9129739	0.819124	0.7007253	0.6271713
0.990647	0.7988591	0.6907621	0.5158146	0.5777414
0.7384596	0.789787	0.5185124
0.6366015	0.7912214	0.4633112
0.7513814	0.7685979	0.356085
0.5206845	0.7192229	0.4628171	0.3512099
0.5128324	0.6585777	0.2764672	0.5889662	1.036933	0.6508886
0.7763786	0.3748821	0.6616145	0.6225306
0.6917053	0.6777146	0.4909119	0.5600098
0.9405524	0.6480811	0.544356
1.251977	0.5809028	0.3798424
1.305567	0.4642566	0.4480466	0.5348216
0.6969538	0.6115902	0.7931736	0.5125838
0.6810148	0.6156801
0.8146511	0.5930006	0.5403502
0.4094409	0.5453263	0.5095925	0.5283301
0.3907208	0.5654775
0.8478452	0.5750706	0.597003
0.7519567	0.6210219	0.375489
0.6396343
0.6484753	0.6140116	0.4766539
0.5827721
0.6052591	0.558747
0.496275	0.7565413	0.460745
0.4684141	0.9969331
0.5061806	0.5080643
0.5092053	0.5215215
0.717681	0.6027145	0.5038702	0.7621417	0.8030497	0.5394968
0.6597226	0.6136959	0.4864429
0.6279976	1.066861	0.5006976	0.5946663	0.8359722
0.6092508
0.6751588	0.6432315
0.6447773	0.6743776
0.6479938
0.6633922
0.6928247	0.6149608	0.6738562
0.8123974	0.5698874	0.7068179	0.8627775	0.4539781	0.6710051
1.365396	0.620428	0.4377138	0.2363505
1.110635	0.6532783	0.7882307	1.162624
0.6755541	0.7882514
0.9999177	0.5827615	0.7011162
0.7604256	0.5186069	0.6728273
0.7143713	0.6540035	0.6301047	0.5728111	0.4431035	0.5273041
0.7570672	0.6687864	0.8164802	0.4629906
0.7936026	0.7599008	0.6552615	0.5370425
0.8997017	0.6860756	0.8822591	0.6616938	0.5735515	0.767109
0.7040179	0.4395853	0.724319	0.5460309	0.483937	0.779699	0.7022443
0.8253694	0.7149535	0.65934	0.4767861	1.132127	0.6562731
0.8799736	0.7632907	0.6096647
0.7301497	0.7514648	0.3261597	0.6551237	0.9392624
0.8815572	0.8196881	0.6765126	0.5657813
0.8492369	0.7689767	0.7627331
0.7759313	0.7698644
0.8825817	0.7566376
1.021938	0.6925007	0.9341522
1.222203	0.8043951	0.7206996
0.991563	0.6872173
0.8678233	0.6740955
1.204785	0.6615225	0.7114643	1.156973	0.5125027	0.5222403
0.833491	0.6340678
0.779365	0.5541457
0.8547599	0.4573347	0.9153387	0.4930667
0.3900863	0.9180566	0.4259337	0.7677171
0.6296486	0.7609064	0.402554	0.670299	0.3765349
0.7675164	0.4564695	0.7760514
0.7320208	0.5062265
0.766048	0.4942631
0.8071162	0.459635	0.506339	0.7318448	0.4197495	0.6257924
0.5326182	0.8570255	0.4052728	0.6546454	0.256845	0.1814165	0.4833306	0.4912454
0.3211293	0.8275583	0.3692036	0.8570755	0.4749033	0.4332393	0.6865694	0.4640872
0.4172046	0.9516333	0.4229285	0.5048526
0.7676463	0.4680088	0.5255389
0.6451076	0.4629529	0.8540409	0.649017	0.5545696
0.4850343	0.7799676
0.4918026	0.4590071
0.5537446	0.4206764
0.5198881	0.4085022	0.8350557	0.749515	0.5234266	0.6174611
0.6986401	0.3633158	0.6527448	0.4563593
0.9055451	0.4020944	0.5923114	0.5830124
0.9584037	0.3256839	0.6689257	0.5589769	0.2472373
1.217312	0.8722272	0.6438349	0.4120475
0.6600546	0.6619283	0.3751921
0.6375846	0.4676733	0.8476633
0.6720059	0.4093375	0.7463891
0.7494267	0.4036303	1.036406	0.5664978
0.6473032	0.4332671
0.4883594
0.5650605	0.5127116
0.576471	0.4319282
0.5277644	0.4860286	1.014181	0.5463905
0.4392295	0.8303887
0.4899135
0.3975469	0.815462	0.4578771	0.9228758
0.8218138	0.4198675	1.075934	0.3047715
0.7844792	0.4569759	0.3120601	0.9270737
1.077313	0.447148	0.3518239	1.07278
0.5670306	1.019163	0.3570198	0.448781
0.4326125	0.773562	0.6760587	0.4447072
0.6776471	0.8348834	0.8001813	0.4996834	0.499337
0.5925688	0.8113175	0.5382152
0.4978249	0.5541308	0.6982444	0.7408402
0.4898025	0.5694238	0.8136158	0.9856839
0.2057274	0.6003879	0.4596056	0.7400925	0.7943944
0.4506156	0.7079242	0.9861145
0.7099792
0.6529328	0.6965199
0.776667
0.9066278	0.7988371
0.7995293
0.7632828	0.7366854
0.6937214	0.7887345	0.5220365
0.39799	0.7282837	0.3907291	0.6744341	0.5281165
0.6322458	0.7392487	0.3247329	0.7892714	0.6665348
0.9290394	0.7051337	0.6165772	0.7120559
0.8463071	0.6695635
0.627068	0.6067729	0.5721163
0.5783457
0.5319067
0.5637823	0.5492099
0.5021631	0.4768068
0.7373025	0.5336829
0.9078177	0.5527618
0.5751676	0.5471158
0.4948183	0.5988434
0.5859673
0.5156401	0.6279284
0.2527777	0.6331504	0.3430882	0.984759
0.3943729	0.6559894
0.3549015	0.6682492
0.4113383	0.6458102	0.4510399
0.4665333	0.602787
0.4909045	0.6564902	0.5241183
0.4698796	0.7491845	0.6297789
0.3254621	0.7381595	0.6110723	0.4102191
0.5823443	0.9277738	0.6514395	1.170161	0.5374823	0.7722023
0.9657343	0.6693321	0.6471507	0.7615814	0.8731534	0.7830913
0.7345054	0.7326383	0.9120172	0.1687447
0.7762294	0.7437381	0.8567152	0.09790095
0.7844637	0.7083723
0.7032304	0.5760088	0.6990177	0.5589868
0.8824274	0.7158586	0.530155	0.4718105	0.5769948
0.9536533	0.5820038	0.618984	0.3033288	0.6286335
0.7967887	0.4277647	0.6984249	0.1932609
0.5790766	0.7289247	0.3158352
0.7644815	0.7065384	0.2718022	0.6626828	0.3815092
0.6204399	0.6977502	0.1655514	0.4861594
0.8736195	0.5814673	0.9889139	0.3921666	0.4027692	0.7988661	0.2970854
0.8074992	0.5359623	0.9010407	0.4480928
0.4762158	0.9769164
0.5106273	0.9724746
0.5860683
0.5062132	0.8377516
0.5130637
0.5060694	0.508158	0.7723285
0.4909341
0.6752123	0.4768868
0.6591544	0.481134
0.5202089	0.5205877
0.5109662	0.7955721
0.5295761	1.002313	0.5280061	0.5747031
0.3971558	0.4772098	0.6465078
0.8600398	0.4691075	0.8207294
0.460414	0.8280879
0.5075974
0.469385	0.4243077	0.5488201	0.3992228
0.4437593	0.9118672	0.4018754
0.6855842	0.6311848	0.4275208	0.5334482
0.4427549	0.89263
0.3308221	0.736662
0.3449811	0.8332499
0.4151145	1.063124
0.4409654
0.4956192	0.4845576
0.5491193
0.5103152
0.5395601
0.5903198	0.5577122	0.2502983
0.5955629	0.5790763	0.2840948
0.5265865	0.7124546	0.5957605	0.3010176
1.149629	0.6787575	0.5350484	0.5832717
0.7548935	0.6305384	0.5456333	0.5211947	0.9961344
0.6933923	0.5900591
0.7807996	0.6016677	0.6969149
0.9834909	0.7278092	0.5540954
0.8683473	0.5977592	0.4977202	1.048512
1.059838	0.9063083	0.4539907	0.5564279	0.3585328	1.034468	1.318078
0.8148603	0.8712222	0.5520723	0.4638196	0.4742194
0.5581623
0.5829192
0.4426287	0.6389711
0.5578654	0.5642369	0.380304	0.7200616	0.6443663
0.6295615	0.6326245	0.7940986
0.5746478
0.8448119	0.4984842	0.672629	0.4190715
0.5320556
0.5416865
0.7569543	0.5376472	0.6167606
0.4148679	0.6328708	0.5623577	0.2216316
0.353101	0.5787839
0.5684268	0.6265143
0.5610707	0.6253038
0.7511775	0.5960797
0.4564763	0.6548671	0.6709034
0.2985187	0.6516777
0.9290209	0.702314	0.628347	0.6831475
1.440121	0.6971555
1.026589	0.6937336
0.7575807
0.7317673
0.6813597	0.8678814	0.8490715	0.7012173	1.069137
0.9192809	0.816617	0.3661157	0.3987185	0.6430286	0.8879375	1.246556
0.8721951	0.8059712	0.5441604
0.8268307	0.8059712	0.6237467	0.5117635	0.7423076	0.7700857	0.536983	0.732697	0.8690524
0.8247797	1.201227	0.7975845
0.845182	0.7229637
0.7815846
0.9173717	0.764877	0.5896917
0.7296899
0.8078891	0.8272975
0.7194312	0.7831834	0.493256
0.6716281	0.7856115	0.4041487
0.5695341	0.8225946	0.4463585
0.6287755	0.8353593
0.7297612	0.798921	0.9397607
0.550406	0.8677834	0.6252887
0.5658477	0.8609135
0.5577043	0.8064445
0.7724866	0.7931621	0.3751256	0.7955047
0.6353394	0.7276147	0.8323713	0.4758595
1.228156	0.8256774	0.451154	0.8808087	1.222731
0.6121254	0.8241238	0.3205368	0.3689672
0.3858943	0.8504925
0.4439577	0.8914192
0.5007135	0.8467011
0.379782	0.8138552
0.3930789	0.7864755	0.7664776
0.4051494	0.6945112	0.5684161	0.9325383
0.5132153	0.743481	0.859172
0.4855515	0.8124565
0.4198517	0.7870303	0.6821442
0.5727781	0.6313784	0.821531	0.6865102
0.5644201	0.5562864	1.042857	0.7528982
0.845812	0.5212027	1.036084	0.6130141	0.4986593	0.857517	1.474466
0.7376305	0.8943474	0.5746409	0.4819961	0.7610339	0.525304
0.8052251	1.050684	0.5645592
0.5421467
0.5002275
0.5111448
0.5270236
0.5594172
0.5563244	0.5901356	0.415233	0.5462346
