SurvivalProbabilities
0.2055725	0.9077971	0.5677034	0.9638593
0.8465568	0.9469891
0.4241772
0.3354793	0.6069897	0.6412027
0.1010418	0.3788722	0.685657
0.1017221
0.2047659	0.6779381
0.2535119
0.01643679	0.3997854	0.5966151
0.03849602	0.1899577	0.3233747
0.1618346	0.08847017
0.05865001	0.4900018	0.6451489	0.6406222	0.712308	0.07604079
0.09197325	0.5689713
0.4053629	0.8822994	0.5770958
0.7042689	0.3071231
0.130437	0.8066647	0.915747
0.1189558	0.8284687
0.532049	0.07998273	0.6698168
0.4948253	0.8635536	0.3335713
0.2552953	0.09591275
0.4378367	0.1340855	0.6571279	0.2235699
0.3718052	0.08830209	0.1794264
0.4564947	0.152684	0.4939478	0.3447982
0.07533516	0.8322629
0.3388978	0.8570948	0.3131107
0.3102358	0.832473	0.6344544	0.3793204
0.9419912
0.764208
0.8060853
0.5680338	0.970672
0.448361	0.5931468
0.69613	0.2918815	0.6625049	0.8921402
0.5452031	0.9477277
0.1582433	0.7968215
0.1539661

0.4495387
0.2020059	0.2154364	0.791095
0.3097007	0.415973	0.4527643	0.2058585
0.1917771	0.2086995	0.8545719
0.04764284
0.09411764	0.2355828
0.8648336	0.85074	0.522426

0.2775583	0.2780665	0.9522926
0.8515695	0.7739364
0.632324	0.5733702
0.3213653	0.7717776	0.3101077	0.9598296
0.01472421	0.7496577
0.9238199
0.3116914	0.8917204	0.1794461	0.9086773	0.5861626
0.4736696
0.8373552
0.7590757	0.6007063
0.8364398	0.2736669	0.5484504

0.08374609	0.2429928
0.5962593	0.01690109	0.978452	0.6658329
0.03283231	0.432586
0.1127162
0.6748694
0.4173364	0.6595407
0.4088622
0.7961494	0.3865627
0.5197577	0.7015059	0.783899	0.8794122	0.7023078	0.112292

0.1196228	0.8966432
0.7664965
0.7139664
0.4351079
0.9057664	0.420956

0.1532931	0.569415
0.4358621	0.1767795	0.7545854
0.5465734
0.07767157	0.7874678	0.2557662	0.4876039	0.5671637	0.7504827
0.2489177

0.879569	0.2575451	0.9932732	0.6046013	0.9264762	0.8682779	0.2684297	0.8243733
0.07804496	0.8185153
0.1180374	0.5668805	0.6034594
0.1467901	0.420296	0.9199233
0.4140499	0.1779509	0.4424467	0.718198	0.5020645	0.163601	0.1414288
0.5897682	0.1242102	0.5668991	0.6455148	0.736024
0.08676774	0.3307814	0.4277577	0.4024283	0.7032315	0.998079
0.8016114	0.4933301	0.3555455

0.2091459	0.2942885	0.6044153
0.3644995	0.7261971	0.4607507	0.8998647
0.08830476
0.7611229	0.2762572
0.3802622	0.6554988	0.6269117
0.5102963	0.6827616	0.4218982	0.3743867
0.3920858	0.1972356	0.3646357	0.4297197
0.9177182
0.129964
0.8384766
0.1462396	0.7901262
0.03901498	0.6695105	0.8543076

0.2528174	0.7751825
0.1650957	0.6012453	0.3922936
0.612443	0.4518696	0.4671242	0.447204
0.1927105	0.5516228
0.8148797	0.09747739

0.5307852	0.7682657

0.7852042
0.6180152
0.2147124	0.4368206	0.3661823
0.2586909	0.3612613	0.3517342
0.4207907	0.3210363
0.1894239
0.1470516	0.2914753
0.05164163	0.45551	0.6958392
0.2363318	0.1409029	0.7456701
0.1355494	0.6149657
0.2734857	0.8117561
0.2251119	0.01957285	0.4051775
0.2817588	0.3384105	0.9989529
0.2864453	0.5619859
0.6228211
0.5029548	0.952337
0.4012377	0.2097129
0.8172888	0.6818942
0.1033448
0.08789688	0.747564
0.86405
0.8491741
0.7546785	0.3491174
0.3513619	0.6246427	0.5411426
0.4999367	0.6919726	0.747391
0.4315831	0.309161
0.06710269	0.8321697	0.8039118
0.02585825	0.211133	0.6572619	0.146998
0.02747481	0.07463107
0.3051873	0.2827912	0.7305446	0.7204541
0.1359747
0.7242603	0.571662	0.8737959
0.05688227	0.2507171	0.2493887
0.2666796	0.4875363	0.6423852	0.9174014
0.1264633	0.555695	0.474355	0.8591332
0.03664633
0.07863571	0.3348333	0.9016011
0.09225156	0.8819921	0.6857171
0.517519	0.3669636	0.4796323	0.9951071	0.9045676
0.2653487	0.5330311	0.7563745
0.1218485	0.5984405	0.7864972
0.4666004
0.399695	0.3469832	0.4141642
0.5720134	0.8653142
0.4604319
0.4155607	0.649477
0.694202	0.8159204	0.211114	0.7039348	0.7053116
0.4819438	0.9566495	0.8611935	0.63825


0.3296165
0.7587115
0.4048392
0.7018949	0.8612064
0.6364145
0.5023227	0.787904	0.5190521	0.777017	0.2060332
0.64193	0.9792214
0.5120695	0.848749

0.2523006	0.1530353
0.1708896	0.6400159
0.8898183

0.9377191

0.7286633
0.7468875
0.816967
0.9895819	0.6487499	0.7338407	0.557521

0.6656014	0.2500352
0.7406853	0.3086455	0.8843917	0.9065765
0.8082992

0.8783246	0.8793737
0.5758928	0.5653698
0.2481958	0.9836718	0.9263203
0.08722294	0.4649348
0.724542

0.1341884
0.1105373	0.3895288	0.9611811
0.6492238
0.3410393	0.6250629	0.5978373
0.4171546	0.1006348	0.9832712	0.7998884
0.02469916
0.1304289	0.2266619	0.5128019	0.5041814
0.5808523	0.7756444	0.1294693	0.7281978
0.1514437
0.2301699	0.9555985	0.931838	0.6071666
0.3946755	0.8977904
0.09304917
0.6799195	0.7002276
0.2517547	0.5246886	0.4517091	0.7742161	0.6227008	0.9214488	0.9080523
0.4400981	0.6335545
0.7185364	0.2834648	0.9460739	0.1748136	0.646814	0.8966491	0.9596024
0.1924031	0.7850103	0.5908004	0.6801803
0.4174417	0.7032787	0.8750219	0.9815084	0.7280641
0.1861592	0.9583548	0.7484591
0.416159	0.1843504	0.1880732
0.2327545	0.4010473	0.967579
0.08046295	0.4137902	0.5295022
0.2370872
0.4429358	0.1307755	0.941648
0.2550916	0.6142403	0.7819878
0.07690539	0.3492353	0.7581939
0.1650898
0.2638771	0.401239
0.8208333
0.5047806	0.9914049
0.4382311	0.8401602


0.4061706
0.9408015	0.7800379
0.4761787
0.3505392

0.341553	0.3345723
0.479066	0.8991325
0.9134582

0.9824969	0.8910223
0.8916313	0.6018969
0.2824679
0.2103136	0.5654684
0.6949222
0.2891957	0.9514955	0.2755078	0.420772
0.3340054	0.06885348	0.7121684	0.9619857
0.7204821

0.1232332	0.7775196
0.1802218
0.04549849
0.2713935	0.1671248	0.9500339
0.08823368	0.3166961
0.05410875	0.2405587
0.09962325	0.6675056	0.9152149
0.260832	0.7954967
0.07756914	0.7215276	0.8717948	0.3517362
0.1284722	0.4126989	0.6258146	0.438261
0.1064036	0.1302404	0.3806368	0.4611897
0.1214018	0.04047423	0.134885	0.5182136
0.3162285	0.1888519	0.6313338	0.8642915
0.1537914	0.5705335	0.4430102	0.4990727
0.1897736	0.1269802	0.8159439	0.9256675
0.1917981	0.4030446	0.9245526
0.05467805	0.6073884
0.4893416	0.346987	0.0726181	0.9613795	0.6124166
0.3406933	0.5666626	0.5091653	0.4816587
0.3863469	0.1059214	0.7155518	0.5472851
0.3463121
0.414235	0.5062278
0.8069994	0.3745482
0.1229897	0.9732703	0.4522038	0.7539077	0.05141028	0.8169144
0.09453657	0.6935839	0.5993775
0.2488029	0.05515332



0.2722358	0.2672828	0.5292548	0.97113
0.4931776
0.1614776	0.7272979	0.6906766
0.2576564	0.34643	0.2442204	0.4285573
0.4258267	0.06281207	0.5631727	0.5053384
0.7272898	0.2109553	0.3518831
0.0869772	0.4811354
0.6258019	0.2936455	0.6331804	0.823292	0.1372914	0.4829279
0.4783071	0.2467401
0.629543	0.6503588
0.4907734	0.7135354	0.9978602
0.8700055	0.6971189
0.1661231	0.9597655


0.8320733	0.431655

0.333893	0.6427128
0.6376466
0.2567297	0.8517744	0.7220186

0.7430178

0.3835297	0.3476388	0.1697604	0.8616608
0.1769387


0.4470214
0.7060934	0.7119983	0.2271818	0.6624519	0.5886173
0.3564826	0.4435105	0.1480317
0.6106904	0.5215867
0.7207444	0.9804468
0.5012932
0.8347559
0.7802665	0.9242002
0.570213	0.1373997	0.8826089	0.6385396
0.2876795	0.281544	0.7191529
0.7078544	0.4963111	0.3750828	0.8706445
0.5476984	0.4322237	0.2080737
0.3194957	0.1393722
0.8597648	0.50373
0.1825386	0.8807975	0.2646453
0.2384748
0.1704434	0.3349124

0.8570484
0.2037587	0.6592018	0.8519572
0.273369	0.2304013
0.7914216
0.3367599	0.2864331	0.5613964
0.07712823	0.7623398	0.3105658
0.05846732	0.5857696	0.9329842
0.09673186
0.1263126	0.626792
0.06304636	0.2878077	0.7465015
0.1335292	0.1820605	0.6700843	0.528769	0.5271346	0.5685015
0.1239983
0.3390634	0.5575756	0.4402813	0.9188387
0.5472669	0.2728627	0.6870489
0.7869215	0.6647654	0.7470289	0.3949746
0.6377565
0.1615295
0.7774063
0.1612065
0.2812205	0.556153	0.8962715
0.4719425	0.3804129
0.2070869	0.7715049	0.610662	0.8483471

0.4565634

0.5783155

0.8255314

0.8938996	0.6886404
0.8001996	0.8921229
0.7995486	0.8273392

0.3006019
0.4041066



0.6780373	0.7362821	0.9517198
0.1943332

0.9038679	0.9877255	0.8515162
0.9026132	0.582671	0.8861757
0.05337407	0.7368583	0.3735415
0.203062	0.9480442

0.8612243	0.3781074	0.5938117	0.7320956	0.5480262
0.5928684	0.2457729	0.6801453	0.86536
0.3305813	0.8168903	0.5355805
0.6127287	0.5771109
0.3647899	0.8746151	0.6476796	0.6988936

0.6718257	0.9761517	0.5990618
0.1676529	0.08838314
0.2833021	0.1685867
0.3741187	0.4330756
0.2043469	0.7519059	0.7351559	0.9046324
0.1404334	0.949586	0.7208503
0.08539406	0.07436986	0.7147244	0.3311881
0.4415426	0.1473091	0.6946816	0.4643888
0.5744259	0.2275773	0.9916374	0.1198505	0.7581777
0.9368046
0.9346276
0.7716348
0.5830832
0.7573221
0.3850089	0.8361367
0.1903471
0.2364967
0.1032566	0.256264	0.1816207	0.7511998	0.6844205
0.1185128
0.9128502	0.4526241
0.04392949
0.5655993
0.862903
0.359098	0.5559475
0.5818509	0.5182248	0.8447499	0.5812874
0.2851993	0.3254341	0.5030543
0.4530209	0.3321322	0.5615931	0.4499572
0.2992673	0.8849543	0.8692997
0.1436158	0.7524105	0.4057138	0.9119448
0.1652146	0.8415705	0.565933
0.6516765	0.7588276	0.4349321
0.3236736
0.4557443	0.2260347	0.4197179	0.7368152
0.02180067	0.4757039	0.5084479
0.3144599	0.5524564	0.9198101


0.2216469	0.6334603
0.1370988

0.8486437
0.6284215	0.4734348
0.6223725	0.942483
0.4199845	0.24752
0.07088425	0.7397514
0.9025567
0.3985074	0.8151113
0.121446	0.2527928	0.7359762
0.9206029


0.4311362	0.398153	0.2256979
0.1053718	0.3193969
0.1445907
0.2580798	0.8352006
0.08834664	0.3950476	0.615515
0.4717704	0.9676165

0.5875019	0.8385936	0.8347264	0.9119234

0.4198459	0.3902561
0.02171888

0.6253952
0.2325502
0.3348348	0.5478436
0.1166713	0.7026656	0.6226692	0.3192928
0.5126383
0.3557184
0.847302	0.5068265
0.5515096
0.2321658

0.6200989
0.530718	0.8852237
0.7804962	0.5184251	0.8374125
0.4769272	0.8797809	0.2017052	0.5897735
0.4050605	0.5386863

0.9633627	0.5388049
0.5360396	0.7751838
0.209599	0.9575973
0.3096764
0.0965145
0.427095	0.7781934	0.7332227
0.3282572	0.4561003
0.5369567	0.7177135	0.818656

0.4471465	0.5454374	0.3927672	0.8574221
0.5572257	0.1932538	0.6644055	0.502001
0.1008434	0.9303817	0.8427179	0.9177221
0.1382239	0.6573477	0.7367327	0.9280044	0.3078676	0.8442978	0.8948614
0.07500297	0.07030516	0.3998004	0.8601096
0.1970113	0.7132105
0.09997986
0.192965	0.8263783	0.4752397
0.2534719	0.1737792	0.4826693
0.03927806	0.2723782
0.2498575	0.5886126
0.06547427	0.8665587	0.4365305	0.624752
0.2727871	0.1889368
0.07260323	0.7605237	0.6339664
0.1189898
0.1806473	0.6629838
0.144708	0.3565177
0.03572666	0.4105693	0.9319967
0.1993775	0.803711	0.3949694	0.3818414
0.05812857
0.5925293
0.1623766
0.1523978	0.3356014	0.6980917
0.1865028	0.4479532
0.17418	0.4060631	0.6116552
0.2279975	0.4013428	0.1223933	0.466815
0.1991696	0.1104631	0.4127677	0.5413573
0.2364174	0.6467567	0.1457914
0.151346	0.3350715	0.9793811
0.1584407	0.5499078	0.2444459	0.3436921	0.9638023
0.3363415	0.4974744	0.8825745	0.1838359
0.8045789	0.5863171	0.3957197	0.2851038
0.4987191	0.9695701
0.8462175

0.7103534

0.3978796	0.8982048
0.2585624	0.569351

0.3647931	0.5136624
0.8503659	0.4179372	0.7817321	0.1849487
0.4314098
0.9738268

0.8000386	0.6809953
0.8935726	0.8708974	0.3241138

0.7727162
0.6292066
0.2476644	0.8752929
0.3356391
0.8653426	0.8966395	0.6425994	0.4422086
0.08371677	0.4328452	0.2224175
0.2396262	0.6820746
0.3975711	0.8997585	0.4092637
0.6623152	0.2792578	0.3458192
0.06218413	0.5377458
0.1174371	0.3106333	0.9322738	0.7299042	0.889332	0.6386986
0.3998236	0.6593256	0.6649682	0.6333384	0.4958014
0.6295133	0.8292735	0.4982644	0.2945089	0.4615427	0.8565307
0.2629619	0.449421

0.5687223	0.7224992
0.6241653	0.3809759	0.5967472
0.5991682	0.9271777	0.2843929
0.6820921
0.514617	0.4371399	0.7636641	0.958126	0.6989752	0.886032
0.5311981	0.2906748
0.7856539	0.5681767	0.7486041
0.4537406	0.5568686	0.908015
0.5850887	0.2633065
0.9373489	0.5472508	0.5828456
0.4549738	0.4591151
0.4041292	0.3770039	0.6342902
0.3696663	0.490386	0.8367462
0.07754664	0.1885573	0.6902802
0.162533
0.4482586	0.8664824
0.2029406	0.2258338
0.260766	0.07886591	0.7597909
0.2580969	0.2295702	0.4974573
0.4302418	0.3653713	0.5806826
0.7800999
0.463355	0.9051525
0.1946025	0.748047
0.4733625
0.5155101
0.3390147	0.9646579
0.02131135	0.2822972
0.08875047
0.05785727	0.4010791	0.8858671	0.6871196
0.811577	0.5232902
0.7542907
0.598142	0.05931619

0.08355112	0.8767773
0.06858817
0.8420301	0.1703643	0.7976382
0.4064413	0.8427534	0.6525557	0.5398275
0.4959419	0.2850958	0.3725453	0.2746712	0.6720712
0.7913166
0.1976944	0.5485639	0.3954571	0.810605

0.3952551	0.4068416	0.4739414
0.6358565	0.9838927	0.9723283
0.2051037	0.9186253	0.8133118
0.570503	0.6340291	0.6476161
0.1229416	0.8030124
0.1907391	0.9542527	0.9858401
0.05646746	0.5491212
0.8318537	0.5854995	0.1428554
0.4090667	0.7158602
0.3808265	0.7595112
0.1883213	0.6824477	0.3649195
0.1639498	0.1963455	0.753956
0.05430743	0.1737203	0.7345461	0.5215828	0.5023082
0.06273673	0.7570288	0.9939674	0.2155422
0.7602547	0.4420776	0.7804605	0.6422976
0.1284916
0.3531526	0.6405955	0.5996773
0.7362152	0.9600995	0.8182145

0.1496175	0.2065501	0.1581965
0.6941966	0.4827682
0.4566127	0.6225978

0.7904662	0.8433279	0.5641259


0.6381923	0.5862253	0.4111263
0.7904439
0.126001	0.7388029	0.9101904
0.1607651
0.03925163
0.07394058	0.6111634	0.9722688	0.5178642	0.9285445
0.1236589	0.6013491
0.1718629	0.3399846	0.826053	0.7755985
0.2878446	0.7388723
0.5146726
0.8016644	0.2202947	0.3367557	0.811557
0.4217687	0.5606023

0.3004876
0.8462905
0.5186639
0.1066837	0.4617445
0.3002048	0.7148515
0.8899762	0.7832539	0.7253334
0.9582382	0.9832036
0.6756512	0.3300915
0.5056394	0.762692
0.5024884	0.971489
0.9579858	0.639208
0.9126933	0.9845117
0.2416253	0.7635965	0.9547196	0.9432538
0.5403039	0.9901947	0.953219

0.5107618	0.1403103
0.1804741	0.7686385
0.1900629	0.1347685	0.5990583	0.7432006
0.4243763	0.4223748	0.8854727	0.6094484	0.3333502	0.6909998	0.8722267	0.7943262
0.4484769	0.5934999
0.4577863	0.7469518
0.6837513	0.1392627	0.8641244
0.6655283	0.7658592	0.449717
0.1588336	0.8372773	0.5108008
0.816539

0.4463276


0.9872164	0.8612134
0.3901871
0.8908597	0.4590726
0.3113569	0.6989639	0.6362027	0.4655439	0.398103

0.1248762
0.3500577
0.707353

0.1907622	0.9412941
0.186262	0.2889766	0.4528742	0.60974	0.7432296
0.4430773	0.05014322	0.4445967	0.7536114	0.3057044
0.3784398	0.3433416	0.8675744
0.8419089
0.02425319
0.07245204	0.6520849	0.9517287
0.2073535	0.2587464	0.8978777
0.2044787	0.670678	0.3453416	0.5115715	0.650789
0.3533231	0.6754715	0.4865666
0.5988636
0.4643932
0.111397	0.2744653	0.09029496
0.03820125	0.5910674	0.9774435
0.05762129
0.3576702	0.8387285	0.8522955	0.9738005
0.5777566	0.880303	0.2159034	0.8110714	0.886744
0.6604074


0.4183423
0.3061154	0.459437	0.9161531
0.5034875	0.3439371	0.5243862
0.9526685	0.4784068	0.6386044	0.9322092
0.7038046	0.2691132
0.6933311	0.4755514
0.637052	0.9361995	0.5691552
0.8067513
0.7176722
0.2351426	0.9077141
0.6260847	0.626414	0.6887063
0.451369	0.8047824
0.3977967

0.8169321
0.3089323


0.3246788	0.8196046	0.5984645
0.1089224	0.3363958	0.7385976
0.1936282	0.2377318	0.9873405
0.3720941	0.8526691
0.5577546	0.7596978

0.5496782	0.3404923
0.1197631	0.02068784	0.2007467	0.7194038	0.3903317
0.1532719	0.6100497	0.2446829	0.4707282
0.3153597	0.6920451	0.770877
0.301996	0.9127578	0.912882	0.8151221
0.950444	0.1835596	0.09125966
0.1314988	0.7731529	0.8328865	0.9113787
0.01260021
0.06039248	0.8946968	0.4262906	0.2366983	0.5018526	0.7704253

0.6524473	0.9681797
0.6843707	0.8515399
0.3051518	0.4700692	0.6007214
0.403469
0.5577027	0.9218175
0.8995986	0.2691845	0.7361086	0.9216378	0.3089143
0.5822861	0.5261995	0.7535493
0.2800814	0.5151594
0.1282026	0.09667413	0.7124848
0.103768	0.4929828
0.5377839	0.9004193
0.6458043	0.4514241
0.8835714
0.5991958
0.493383
0.06142691	0.9981932	0.05234297	0.149798	0.337532
0.72909
0.6992656
0.8144755
0.6998249	0.531348	0.2828197	0.9594344	0.2103029

0.07433415

0.7978408	0.2815996
0.369941	0.5531237	0.909807

0.277903	0.8929871	0.8100661	0.834925
0.2066274	0.2411092	0.8940608
0.6619623	0.742563
0.128815
0.2626078	0.8190532
0.1907296	0.9141027	0.6444011
0.2081928	0.2945192	0.4904908
0.2051287	0.664246	0.8379182
0.07732855
0.2926377	0.5240362
0.3599132	0.5765942
0.9898177	0.510268	0.8992105

0.1963337	0.4042468	0.3644432
0.647987

0.6411891
0.2509231
0.2701803	0.1881057
0.6843689	0.2678806
0.07296501	0.4700214
0.1585005	0.5946849	0.7752343
0.3320972
0.110552	0.7374735	0.4992682
0.0511209	0.8885923
0.04596278	0.3487131	0.57624	0.5666387	0.39171	0.7364703
0.09642716	0.2192062	0.7697253	0.3091025	0.3154893	0.8134964
0.1226831	0.1308019	0.1683625	0.5448908
0.2180993
0.5016789
0.6666328	0.172932	0.2546105	0.5353958	0.9722194
0.09549519	0.1487415	0.4798693
0.1213371
0.1932504	0.4794203	0.6907725	0.7168786	0.8795971
0.2340758	0.5294089
0.3004836	0.8761925	0.7173714
0.2771087
0.9402882
0.5637841	0.7712344

0.8670736
0.3870871
0.1973902	0.695525	0.2494869
0.02955867
0.5727041
0.1361746	0.7661918
0.0985069	0.4527365
0.2233498	0.2261026	0.4776708	0.6136305	0.4878287
0.240899
0.8411172	0.9853374

0.08739875
0.5772728
0.4046695	0.8018068	0.5969786
0.3866137
0.09168572	0.9141413


0.1119559	0.1644506
0.1061397
0.2017756
0.3322528	0.174423	0.4183075
0.05073462	0.02479646	0.6029154
0.9675636	0.8815168
0.1486671	0.1577326
0.8050285	0.9575368	0.6305876	0.1953911	0.8673517
0.5963683
0.1766457	0.5737754	0.8448875
0.3350087	0.9909165
0.1984759

0.7053798	0.2347245
0.8383441
0.407883

0.2690494
0.1788277	0.1870206
0.7472613
0.1953973	0.2023427
0.9128101
0.993442
0.8268458
0.9698586
0.5994119
0.9993269
0.7757175	0.8569866	0.6897837
0.1177139	0.2000687
0.1395423
0.7984708
0.8084853
0.7309832
0.458536	0.1644716	0.2029827

0.1114202	0.4438251
0.1508028	0.8740102	0.425151	0.9906953
0.4645716	0.5552792	0.2257702	0.8811525
0.1445967	0.804652
0.4761559
0.2154681	0.4377488	0.4213149
0.07016302	0.2651354
0.3291691	0.3886464	0.6190747	0.8164009	0.4531896
0.5083462	0.1337294	0.8377763	0.5667599



0.3754898


0.04697768	0.3494857	0.4994234	0.6797543
0.1298975	0.1508655	0.9907875	0.5939531	0.9914899
0.5018589
0.1455921	0.1202151
0.1620694

0.2801025	0.1998032	0.4918335
0.4831197
0.124652
0.3412131	0.5093883
0.05470775
0.1583281
0.9176106
0.4394614	0.6471411	0.6340274
0.1582542	0.3147735
0.4583669
0.3382243
0.5124426	0.9134839	0.2206685	0.3711641	0.9837663
0.5757409
0.264939
0.6399271	0.8045057	0.7815065	0.648872
0.9061984
0.6203491	0.5289198

0.3658626	0.6881379
0.089532	0.9788282	0.6724881
0.2116589	0.1273522	0.2093939	0.5505984	0.6709893
0.2134439	0.3478044	0.8493787	0.6692379
0.2661724	0.07442737	0.4014696
0.6535722	0.7463362	0.8057352
0.5057298	0.1050812
0.1880396	0.5880291

0.3408919
0.2592276
0.2065978	0.05461201	0.5402161	0.8327514	0.5075078	0.3895085	0.8237308
0.8987868

0.5908455	0.248108	0.5369511	0.09968308
0.145917	0.6289407	0.7512339
0.4706141
0.09013778	0.4111819	0.3080778
0.6294774	0.5427208	0.1498301	0.7867899
0.1376037	0.5133316
0.231211	0.4763153	0.9210413	0.8096941

0.2580676	0.7096053
0.1328923	0.4598187
0.2013244	0.9892038
0.05878015	0.5819368	0.906361	0.9081149
0.2577846	0.4678413	0.4538852
0.1814504	0.8279969
0.2471195	0.638582	0.4504976	0.7909075	0.9713575
0.1015466
0.4391646	0.7371959	0.4949008
0.3076036	0.5378759	0.2120452	0.8913323	0.7391123
0.2115914	0.5447626
0.3721765	0.795587	0.8654094
0.6015336	0.9560348	0.8006062
0.9580196	0.4374716	0.7969811
0.3004006	0.6950527	0.730637	0.8801893
0.1310865	0.8830474
0.1093071
0.1041529	0.5336302	0.9782019	0.6599989
0.05724954	0.775389	0.7984925
0.1585257
0.277337	0.6244534	0.1398868
0.6359929	0.606597
0.5686017	0.8106163	0.9780862
0.1033537
0.106394	0.9642259	0.7973847
0.08985934	0.8559873	0.9609414
0.04528281	0.7055175
0.1724581
0.4025547	0.2468424	0.3668854

0.6392357	0.906161
0.8436199
0.7611684
0.5118779
0.112147	0.7992536	0.4198203
0.4061156	0.09864413	0.7445565
0.2627235	0.4523209
0.2474743	0.680295

0.6855396	0.6959704	0.541451	0.8798611	0.7086369


0.5162138
0.08612869	0.4906149	0.9495887
0.6898028	0.6749271

0.6376152	0.6068684
0.2971262
0.0690034	0.8432846	0.8813687	0.9566095
0.05282568
0.1207145	0.4360843	0.8727851
0.07896323	0.6769972	0.9564783	0.8360623
0.1130292
0.3796393
0.1515282	0.3293749	0.8781275
0.2271404	0.8141493
0.4669347	0.2144481	0.2191366
0.6811139
0.5560691	0.7686095
0.2741005	0.5213182	0.1647026	0.1610545	0.5736751
0.6841087	0.8030532
0.1519327	0.8575975	0.4043528
0.2214334
0.9910957	0.9249218
0.7800566
0.4779679	0.08264744
0.4343963
0.6103732
0.9040043	0.6516006	0.7090606	0.7664096
0.6575222	0.4528869	0.734319

0.238166	0.7030542	0.9430606
0.8607162


0.5491367	0.6554585
0.9229146

0.2883227	0.8848358	0.4593788
0.2777678

0.5882339	0.9041612
0.9965051	0.5681349

0.7742617
0.9710218	0.9478162

0.5566525
0.5712497


0.6446222	0.4568833
0.5423511
0.92916	0.9474284
0.2899434	0.6400444	0.5958306	0.9848417	0.4722535
0.7152839
0.1330819	0.826216
0.6615902	0.8326062
0.5790248	0.6124684

0.4222009	0.1520823	0.8236993
0.1816012	0.2219145
0.1188977
0.7600692	0.641929
0.1299457	0.5121676	0.3142067
0.3985789	0.2962313	0.4587634
0.1259	0.5369265	0.5552057	0.8953092
0.815072
0.1599209	0.4925061	0.9773286
0.9939693
0.6259007
0.2350652	0.8001991
0.7399862	0.3589641	0.786555

0.2896258	0.3580486	0.3366427
0.1330662	0.9449335
0.1684437
0.3098264	0.3083223	0.3113776	0.2727978
0.1455401
0.7022711
0.2037352	0.3268688
0.5396707	0.2955984	0.7590383	0.7143647	0.4361633
0.6013641	0.2563829	0.6321551
0.5320749	0.315474	0.5613978
0.03590339
0.1316681	0.2923717	0.5643423	0.8809784	0.7043231
0.09599701	0.6741347
0.5485175	0.3670754
0.5717803	0.3277813	0.9258209	0.3036616
0.1732753	0.2925584
0.0656827	0.3144876
0.1305041	0.5953003
0.244428	0.6795275

0.6827446	0.7012661
0.2459506	0.4806916	0.7746185
0.2599339	0.2249691	0.4955601	0.3040664
0.09410825	0.6874731	0.9475318
0.2422803	0.1693039	0.8926649
0.1012765	0.3594594	0.3816693	0.8312452
0.1375784	0.4418772	0.3094577
0.4031415	0.1642626	0.5026658
0.4519564	0.3362192	0.4393848
0.3962012	0.112283	0.4912234
0.2390555	0.2820251
0.7765765	0.94894

0.3081177
0.2774702	0.5807053
0.4863266

0.7970382
0.02716315	0.1956275	0.9039016	0.1913894
0.104976	0.407517	0.4449117
0.2179846
0.03567064	0.7319542	0.5270605	0.6205201	0.8434507
0.1067703
0.01348962	0.7151226	0.9103533
0.9081451	0.6318203	0.3788678
0.2592614	0.9183569
0.3718358	0.1934559	0.7675085	0.9476466
0.1943163	0.5140764	0.5816344
0.3143239

0.6587415	0.3848472	0.5809609
0.2307124
0.3590028	0.7023776
0.03464145
0.4870804	0.9755976	0.8118778
0.5090809
0.6862058
0.113538	0.5992808	0.6348577	0.789243	0.8033975	0.9536831
0.6235864	0.1477847	0.2407743	0.5317
0.5053527	0.8937179
0.2098699
0.6355629	0.6083651
0.96021
0.5012178
0.5202031
0.8318107	0.2378495	0.8956914
0.5422951	0.7200637	0.313502
0.3900327	0.7409242	0.2670283
0.6240122	0.2170037	0.791922
0.5949909	0.2549072	0.04676103	0.4502587	0.4312412
0.4963822	0.1712994
0.3646761	0.02376935
0.3952669	0.526476	0.89569
0.3639673
0.336987	0.5056409	0.7201745	0.6338291	0.6852583
0.2980161	0.4182406	0.7643758
0.440717	0.8354128	0.4207022	0.9021594
0.3710358	0.1089355

0.7992387	0.7268244
0.6856223
0.3648504	0.963908	0.7687336
0.08624589	0.5614802
0.4908996	0.7986241
0.2254033	0.4284821	0.8277409	0.3306434
0.3160653	0.7014535	0.7189295
0.0606986	0.1777791	0.4904877
0.6198909	0.861256	0.9849932
0.4841101	0.3377309

0.7061079	0.7914904	0.2234043
0.8341407	0.09034813	0.5237469	0.9006797
0.4750368
0.3664904
0.774508	0.4297242	0.7064097
0.7169097	0.127205	0.5852714	0.6570303
0.04986153	0.6875129	0.7250793
0.2669639	0.7219857	0.5475865	0.5332612
0.1822037	0.789325	0.5066092
0.1413016	0.5782314	0.6533808	0.9433069	0.7354579	0.3194829	0.2613551
0.09541014	0.02820791	0.794883	0.1633002	0.5746599
0.07119384	0.3528176	0.7416588	0.1217043
0.6583486
0.2248866	0.6430119
0.5224443
0.1559121	0.9051259
0.4258529	0.9244388	0.1750793	0.5676664
0.5975347	0.3207787
0.6996326	0.7147702
0.9969291
0.07432481	0.7325183	0.6849731	0.6070135
0.8293577
0.1407658	0.4062541	0.2592167	0.7128022	0.5581281
0.6147212	0.5922496	0.3709542	0.4428514
0.2758732	0.6777638
0.1141012	0.9795203	0.2293204
0.3757677	0.0756161	0.9754293
0.1087175	0.5608776	0.7341234	0.4363916
0.02904616	0.8700129
0.450235
0.2493964	0.3558863	0.3395733	0.5683075
0.815549	0.7745391
0.5398625

0.8061054
0.5671927
0.189875	0.3950376	0.4266966
0.3069628
0.2369125	0.07000054	0.6480749	0.772029	0.9534815
0.6336236

0.5231598	0.5320022	0.8043156	0.8667105
0.9627156
0.3806991
0.0809668	0.9125213
0.5021127	0.5360713	0.5728127
0.4910149
0.7474362


0.6386157	0.4062966
0.2774677

0.08586782	0.3324771
0.742431
0.1488952	0.9319215
0.6934645	0.7619935
0.6726027	0.8506596
0.6539046	0.891292	0.4865745
0.24049	0.9425955
0.4644037	0.6552849	0.9697377
0.9195408

0.8926389
0.9365153	0.8018666
0.5883241
0.2745846
0.1340989	0.225841	0.7827633
0.431854	0.3569349
0.5633181	0.1814522	0.8452467	0.625363
0.6728856	0.8490298
0.3105524	0.3916515
0.9366632	0.7729753
0.3792268	0.666818
0.9656581
0.8197671	0.8725035	0.5817086	0.8198905
0.4009519	0.9332424
0.4562656	0.5859122	0.4548766
0.5607477	0.4061087
0.7434091	0.4254891	0.933508	0.9740561
0.9596114
0.1578303	0.8553101
0.217089	0.6973216
0.4030448	0.121359	0.4834965	0.7157995
0.386359	0.3891636	0.721086	0.6331667	0.4387728	0.9148103	0.7934454
0.3383158
0.5153219
0.6203147
0.8494974
0.9776121
0.9614859
0.8552752
0.9704871
0.5033819
0.1949061	0.8160724
0.7439192	0.436371
0.4638997	0.9939604
0.1135071	0.4469924
0.157007
0.6230665	0.09689726	0.8787008	0.7529948	0.9390326

0.4883132
0.4348973

0.577971	0.9776184	0.1402731	0.7519648
0.1056308	0.5198708	0.972327
0.1184394	0.3230986	0.8794349	0.2480421
0.1205369	0.6018895	0.1808177	0.2552717	0.5909914	0.7342462
0.6471167


0.7658938	0.2481033	0.8896805	0.7320557
0.3564634	0.9398967	0.7109632	0.6956772
0.9165858	0.7273946
0.1016696	0.4881636	0.8608036
0.4628855

0.7089048

0.6108919
0.6826198	0.6523646
0.9684597
0.7856335
0.07267337	0.6477076
0.1137242	0.5300716	0.08171514	0.5251111	0.9049351	0.878476	0.9387469
0.09838507	0.2513195


0.5065202	0.8562057
0.2012054
0.8735167
0.5451736	0.5780913	0.9250076
0.1405292	0.9510654
0.6868835
0.4484359	0.6424475	0.1886832
0.1115642	0.3897527	0.7136623
0.04975072	0.980567
0.2401303	0.8577622	0.03895607
0.5637029	0.8946612	0.5687973
0.3370066	0.5663418	0.9360285	0.2234886
0.7042817	0.1628738	0.26433	0.6288414	0.4272809	0.4025694	0.2279328
0.07790438	0.6124275
0.3818794
0.2591697	0.7575636	0.5495936
0.936044

0.5941807	0.8729427	0.8180808
0.1703921	0.436113	0.904829

0.09746481
0.3092983	0.3413518
0.3663275
0.1107671	0.3787707	0.8197965
0.4129999	0.08547584	0.7494299
0.5323012	0.6499337	0.932139
0.1344031
0.4705796	0.5702617	0.762125

0.1823328	0.1194781	0.6387831	0.9307279
0.5456769
0.1102342	0.5567579
0.2496887	0.2716313	0.2519399	0.3705312
0.09824853	0.9181366	0.958949
0.3204634	0.2419584
0.06968161	0.9273621
0.1440375
0.6142945
0.5207732	0.28516
0.7737344	0.513176	0.1725199
0.3116141	0.4730588	0.4771726	0.2618844
0.2304743	0.8294794	0.2708331	0.2418405
0.07900588	0.1857541
0.3998152	0.4677179	0.7080125
0.6173924

0.4165469
0.5479891	0.7465208
0.223655
0.1225754	0.9664967
0.4266329	0.6412356
0.7198652
0.3161744
0.1198228

0.6575562	0.7567631	0.5016746
0.4150078	0.414612	0.3827125	0.8649501	0.9257219
0.5053422	0.1474821	0.1412946	0.3599576	0.8112205
0.06204984	0.1824877
0.2198452	0.7790335	0.9598442
0.05640152	0.2111157	0.9778738
0.7218043	0.1680221	0.6513913
0.7750996	0.2082843	0.6238745
0.2526487	0.9332765
0.5116632	0.8953386

0.1789479	0.1060236	0.6658106	0.4706924
0.5389873	0.4605186	0.161049	0.301259	0.5579045	0.7808681	0.1619285
0.5742126	0.1817793	0.5702586	0.4397343
0.6007206	0.1116696	0.3184194
0.1489914	0.1832137
0.1095498
0.1467195	0.7958486
0.09868072	0.9744405
0.2251512	0.3138726
0.1124909
0.03386956	0.1845615	0.1482435
0.1121393	0.3953091	0.4734386	0.8526521
0.9415608
0.1846876	0.7447908	0.7221889	0.4737543
0.4535003	0.3304789
0.5282828
0.291444	0.9687758
0.1186131	0.7201095

0.4907319	0.4652973
0.4396742	0.5592354	0.2941199	0.2163136
0.9246382

0.6292448
0.7407895
0.5777977
0.6097698	0.8194729
0.70788
0.04522354
0.2258632	0.7065385	0.4797061	0.9996889	0.723937
0.1836462	0.1534505	0.8790771
0.2710758	0.9472197


0.6136064	0.1614121	0.146382
0.3649519	0.9583359

0.6824063	0.8071647

0.863057	0.9228255
0.6082325	0.7789557	0.9366904	0.7022387	0.9677915

0.2734374	0.7345383
0.7465573
0.8032206	0.126843
0.3635163	0.4330426

0.5536389	0.8167423
0.5761313	0.0610672	0.6230765	0.1028804
0.7476355	0.7831196
0.9933924
0.1815697	0.0947818	0.402447
0.5673555
0.9240395
0.1792406
0.01781551	0.4302446	0.9798699	0.8555466
0.01781551	0.3751605
0.3687668	0.7999348	0.4923508
0.9431392


0.9272457	0.5841068	0.3630886
0.3653943	0.2086263
0.04512739
0.6102418	0.8858329
0.7189321	0.9481	0.8572635
0.2894892
0.551845
0.6289638	0.8199805	0.4378198	0.6841338
0.09848799	0.172222	0.8635159	0.35791	0.497549
0.04055976	0.6596935	0.9849995	0.8941055
0.1228087	0.3813601	0.4373308	0.4232512
0.2624075	0.5182136	0.5697885
0.09079174	0.2389387
0.1899877	0.2475459	0.8712628	0.566694

0.4497801	0.7595722
0.1362615

0.5350272	0.5968086
0.2978492	0.7556712
0.6236233	0.3513371
0.4620049
0.8799642
0.7597219
0.9471033
0.1695605	0.672188	0.5136586
0.9314992
0.9877896	0.8728792
0.2927365
0.7675784
0.5079615	0.4729108	0.5905209
0.3174857	0.7435652	0.3023055	0.4821012
0.09859062	0.5944	0.8731123
0.5047748	0.607706
0.1451609	0.2622055
0.2276537	0.8639861	0.8709029
0.9563114
0.3078301	0.2885635	0.6999743
0.2190308	0.4781557
0.901209	0.07441003
0.06284752
0.3457524	0.7921496	0.2737306
0.2103681	0.2795313	0.2018278	0.4077007
0.2277197	0.4515333	0.4781644
0.1567593	0.3078122	0.1892402
0.1177908	0.4187891	0.5940102
0.1891494	0.6505686	0.7003139	0.5572573	0.8170139
0.01738651	0.4762376	0.8280729	0.4006917
0.1212543
0.1116794	0.7789462	0.7523933	0.937896
0.5000351	0.968256
0.5619865
0.2145565	0.1433767	0.9117121	0.9287021
0.1632702	0.5955276
0.581148	0.1399063	0.5850869	0.833739	0.5409226

0.8832735	0.3836993	0.9670702
0.7088741	0.548823	0.6659629
0.7682174
0.3226545	0.3018432
0.4325001	0.2451714
0.142616	0.3538135	0.1716427	0.3832803	0.9269154
0.2587034

0.3098534	0.3566426
0.4259246

0.07698763	0.7506796	0.8892576	0.9094519	0.4928995
0.3164853	0.4743509
0.1803836	0.6764767
0.2098146	0.695203	0.7195604
0.1595582	0.5713425
0.2043167	0.1260461	0.4322043	0.7190187
0.07856146	0.8511682	0.7169053	0.9474248
0.2342099	0.6700715	0.7201329
0.145189	0.8414616	0.8596326	0.9657278
0.4142116	0.130883	0.5767324
0.2203006	0.3054359	0.4417816	0.3870661
0.3549249	0.763511
0.7929337

0.2994003
0.121844	0.3169271	0.4310192
0.6974444

0.3884677	0.7851742


0.7743464


0.8015894
0.9006321
0.6262337





0.5547787
0.7188307	0.8960889
0.1131819	0.6705196	0.08630433
0.8005409
0.7270151	0.5217843	0.5532628	0.7416701	0.6230159	0.3095028	0.8702647
0.5646786	0.639603	0.06404077	0.5961817
0.503232	0.7093738
0.9254522	0.9550867

0.2189145
0.7922459	0.7639262
0.5818755	0.7089259
0.4751656	0.8432872	0.9108614
0.8650323	0.6427908
0.3939286	0.5941395
0.5205343	0.7494888	0.6016757	0.3734302	0.8775348
0.6314202	0.9641657
0.6858487	0.4981203	0.8297135
0.1381033	0.6201093	0.6966075
0.2777589	0.1513857	0.173842	0.2131581
0.2622729	0.2087593
0.9233821	0.04811482	0.6736596	0.8155796
0.3527064

0.558161	0.191368	0.4758131	0.7669578
0.7261101
0.1697907	0.2423639
0.2900959
0.5792269	0.6399445	0.2575559

0.8777748
0.999095	0.6260276
0.9706572	0.9827157	0.9443766
0.2330212
0.1866934	0.3812928	0.4987	0.3856963
0.6625642	0.4245582	0.5887828
0.06893728
0.02897638	0.3450008
0.4120746	0.2784143	0.9231306
0.06193184	0.9527511
0.2692948	0.8711699	0.8647736
0.1285003	0.6598636	0.320473	0.2370892	0.2110007
0.6682755	0.3231198	0.7513214
0.2498371	0.413622	0.5397783
0.1175227	0.4769624	0.4258422	0.9404539
0.1659012	0.2148162
0.1060916	0.633045	0.654806
0.5318235	0.6054981	0.4283075	0.5166361
0.6071976	0.6357518	0.3868367	0.4778557
0.2958839	0.2850255	0.1718035
0.2267212	0.1565649	0.9410292	0.8489361
0.0884809	0.6853973
0.1723929	0.205017	0.3158373	0.5390718	0.4508458
0.04039391
0.05831268	0.258036	0.2211589	0.4167168
0.05512832	0.5981396
0.03409234	0.5915936
0.3679085
0.4486419	0.5860003

0.410642	0.6324471

0.4830867	0.29377
0.3556008
0.4834122
0.7734782	0.896512


0.4638423	0.7585999
0.9506497	0.6710075
0.697145
0.1340323
0.3169666	0.9952124
0.09879146
0.2184346	0.905135	0.7760109
0.2881694	0.9222662
0.4047382	0.2105112
0.4700459	0.8597941	0.3334246
0.7646073
0.3374939	0.4097382	0.1404939

0.2782257
0.4683417	0.5918908
0.02524867	0.5206504

0.9217102	0.7829949
0.5258951	0.375967
0.9462927	0.7609094

0.6347119	0.124438	0.8800655
0.05449389	0.3909784
0.7447835	0.3696461	0.09779255	0.2553314	0.8081115	0.1240692
0.07992283
0.6021848
0.4182544	0.1922296
0.8948846
0.4034644	0.5711352	0.3495542	0.4810124	0.5878954
0.581148	0.437311	0.3970492	0.1072076	0.9733834	0.8035829
0.08201219	0.4948914
0.5748941	0.06598648	0.5817524	0.9825179	0.6746294	0.4146026	0.3322923
0.3376497	0.5457379
0.6982724	0.4249484

0.6715418	0.7502602	0.6892797	0.6932948
0.8000541	0.1816624	0.7514796
0.5483854	0.3869141
0.2351234	0.8715827	0.2738345	0.758698
0.6263452	0.5963878	0.9084412
0.7589736
0.08000718	0.8538815
0.7932999
0.4129958	0.6384459	0.9449671
0.1891841	0.43608	0.5098245	0.8623645
0.135211	0.9658958	0.5793509
0.3940788	0.6458018	0.6914465	0.8834272
0.6651827	0.2297376	0.4367007
0.1342522	0.6055654	0.5346194
0.1372416
0.03209422
0.1277535	0.4258948
0.2876874	0.4600279	0.3036544
0.04718799	0.7604323	0.2912156	0.7970873
0.300524	0.2186464	0.4348686	0.8306216	0.6452771
0.08638306
0.05368978	0.7101175	0.2901545
0.6320646	0.2063075
0.648897	0.6601268	0.6153833
0.6345131	0.8334426	0.1303604
0.5276379	0.6231313	0.7168262
0.5688916	0.5840556

0.8189982	0.3285961
0.7639198	0.1103178	0.8103588

0.4313922
0.1989327	0.2115997	0.3524848	0.1268741	0.603018
0.1461456
0.5428379	0.7610333	0.5708865
0.2668019
0.1095092	0.9810245

0.2476907
0.7037828	0.686156	0.4209626

0.9762475
0.5288707	0.8917377	0.9427333
0.9673456	0.8950143

0.3241964	0.372856
0.0325682
0.1152895	0.4636822
0.4864391	0.4528332	0.7009535	0.9810522
0.9360803
0.5956025
0.5500559
0.9742155	0.8580262
0.6383655	0.8254
0.9052487
0.1808266	0.4429089	0.8914681	0.3877796
0.5023004	0.5484297	0.4177814	0.9545875	0.7065409	0.4426191
0.3126154	0.07874077
0.6629803	0.7931811	0.6860492
0.9420396	0.8301107

0.2872948	0.8964071
0.3196436
0.2505489	0.5482048
0.6490247	0.9480828	0.854045	0.3240906
0.3323417	0.02355185
0.4185119	0.09583792

0.5693631	0.8418946
0.9370446
0.8340902
0.8448521	0.156997	0.6058735	0.9708003
0.9544052

0.2164834	0.4748636
0.1072165
0.2165038	0.6453887	0.8081878
0.6924852	0.4518661	0.759471	0.6230239	0.7715766
0.3574317	0.8574161	0.5409291
0.7525254	0.2033816	0.4072831	0.4310874
0.5416318	0.8411267
0.9698399
0.9451506
0.2757707	0.83581	0.7393798
0.6863806
0.3772473	0.3304313	0.3463837
0.3209104
0.05120317	0.8349222
0.7855005	0.096722
0.765568
0.6618885	0.9941433
0.2089071

0.09842684	0.6720191	0.8273502
0.2412399	0.7316968	0.603777	0.5435436	0.3695437
0.2562439
0.2522556
0.1047871	0.2975399	0.6655627	0.7270001
0.4239961	0.8406264	0.9024878	0.2956799
0.7347143	0.4300804	0.4729633	0.9940936
0.5162363	0.1377789	0.7569752
0.1613551	0.7094228

0.7711137	0.096408	0.9460431

0.5949657	0.3759723
0.5642304	0.5807527
0.9696533	0.7184809
0.1905432	0.4421968
0.2580271
0.2871391	0.3441625	0.1755183	0.6198929
0.2738902
0.6606046
0.775224	0.821291
0.1170356	0.4065288	0.6253434	0.4755411	0.8270636
0.6080139	0.8729677
0.7992258	0.9662892	0.9792546	0.1701688
0.2271521
0.07512698
0.3956585	0.6031693	0.8812846	0.6068613
0.3567426	0.1957075	0.9024711

0.07351828	0.2023988	0.9053211
0.08361205	0.7651884	0.8829146	0.6665788	0.4973623	0.8581123
0.4139666
0.08973398	0.9133333
0.454513	0.4767434	0.6886697	0.9778304
0.2740976
0.3010435	0.6848345
0.4673996
0.2478592

0.9959243	0.3406623	0.8807153	0.6725505
0.9177514	0.9842616
0.2762229	0.3951895	0.9496037


0.4967137	0.3071637	0.3389151
0.3378526	0.5983258	0.7539918
0.0417742	0.6354216	0.9510414	0.9604579	0.1833625
0.06429988	0.5506604
0.1312327	0.2910807	0.6585439	0.2412032
0.08848601	0.910847	0.9497474
0.02906423	0.09076812	0.8881068
0.07089843

0.2295224	0.9540322	0.7524747
0.6405839	0.7793181	0.612351
0.9300419
0.2432927
0.5622125	0.3493782	0.6508924	0.2739856

0.4591379	0.6103708	0.4139969	0.701081

0.5423083
0.5308258


0.1453745
0.04019233
0.08599855	0.243026
0.4186881	0.3079786
0.07924313
0.2603932	0.5026599
0.59559
0.1148109	0.9950646	0.6412102
0.03164504	0.8104576	0.9999498
0.03794771	0.4816532	0.6967094
0.3625122	0.8208864
0.656409	0.3194902	0.5478186	0.9393357
0.9093223	0.5789951	0.5270048	0.3789146	0.7079064
0.6523494
0.8447884
0.100217	0.2622851	0.7408032	0.663309
0.5002628	0.6874988	0.5131526	0.6772473
0.1331634	0.8181573

0.1770005	0.5091348	0.5652472	0.2082654
0.2586136
0.6921769	0.5294833
0.37218	0.5438408

0.6115706	0.2027668
0.1053754	0.7088333
0.06021043	0.7246613	0.6194944	0.6925199
0.770851	0.7302328	0.746337
0.8215443	0.6117675
0.2075637
0.4733748
0.8078516
0.1339668	0.8549344	0.7470071	0.565334
0.1183614	0.6005105	0.5011481
0.04551849	0.4620105	0.358789	0.9256979
0.09997376	0.6575954	0.7975721
0.3942078	0.9215231	0.06802249
0.1116854	0.9387117
0.1294789
0.1106775	0.8786394	0.1099703
0.05958606	0.6984002
0.1638507	0.3130982	0.3506504	0.2291713	0.92279	0.7946536
0.1299185

0.4757283	0.3018513
0.4827146	0.5557767	0.3930478	0.6392912
0.7618067	0.7339015	0.6695615

0.7688963
0.9412923
0.8408663	0.8520106
0.1631423	0.8408387	0.9785674	0.5416737
0.7607968
0.4452206

0.9751518
0.3834813	0.184669
0.7375698
0.4960885	0.3546829
0.7940923
0.4504935	0.07664716	0.6373381	0.3868386
0.7249181	0.6543827
0.525696	0.465562
0.9950343

0.5168138
0.318296	0.9750491
0.3077417
0.8164821	0.1576881	0.3343229
0.6196167
0.4307711	0.3693249
0.2780163	0.6607578	0.4906907
0.0671362	0.2382013
0.2613078	0.9922312	0.3387783
0.07560397	0.7323948	0.5623685	0.353769
0.1655504	0.7001305	0.5916247
0.07833226	0.995114
0.2386359	0.7623723	0.8703966	0.382613	0.8203852	0.4109611
0.09687926	0.5935675	0.9305697	0.8252637	0.544271
0.8431081	0.7423512
0.655817	0.7344167
0.286496	0.4339339
0.4419917	0.6194128	0.9583339

0.04583004
0.1629672
0.1979519	0.3513484
0.2001085	0.6072037
0.348963	0.3798144
0.5104666	0.5840208	0.2403538
0.4573497
0.2738036	0.9075547	0.2835152
0.6536363	0.6159227	0.9030119	0.2639463
0.2259583	0.4718525
0.0769225	0.8991469
0.107769
0.1519817

0.566285
0.6582057	0.3153773	0.179221
0.1813936	0.101659	0.8031509
0.1288635


0.286015
0.1391107	0.781422	0.9149392
0.4828811	0.9792404	0.1660093
0.07627488	0.2654729	0.2504889
0.1857711
0.451774	0.9511223	0.5537158
0.6797566
0.1807323	0.5683339
0.8918665
0.6946045	0.790179
0.4217423

0.9321778	0.42974
0.3590517
0.9902835
0.960191
0.2228127
0.1799948	0.7783199	0.8931555
0.6652166	0.7385612	0.8683091

0.9012018	0.4734928


0.8281242	0.5564998	0.573447

0.08965893	0.9354322
0.6672691	0.6336234
0.3412559	0.8571859
0.9052202	0.6016607	0.4852453
0.2945342	0.7893105


0.7509041	0.2265056	0.6832731
0.1424904	0.3834259	0.9603112	0.4459938
0.6926761	0.9476174
0.2705159

0.3118052

0.4692478	0.2783357	0.6785488	0.8230864
0.8822545

0.3594156
0.9631361	0.6667152

0.2789524	0.2280185	0.8919683
0.2492941	0.8302252	0.896504
0.2532108
0.3178054	0.3433218
0.07731556
0.192506
0.3785348	0.8327209	0.7234014
0.416936
0.460566
0.3653172	0.7777923
0.3657247


0.7961002	0.6505727	0.8308655	0.7125408	0.7594213

0.8311123
0.4476668
0.3077497
0.2062534	0.6397573
0.1929107	0.5131213	0.3254858	0.09821968	0.7093646
0.2629779	0.4526521	0.8131582	0.701447
0.9476497	0.9445364
0.1711611	0.9348287	0.6534777
0.1448502	0.1267173	0.7701523

0.2260743	0.5997943
0.3005313	0.7181682
0.1506035
0.2160026	0.9473049
0.1352088	0.7695719
0.02893938	0.8061744
0.2426651	0.4887092	0.5482884	0.8991673
0.3643264	0.4859916
0.358811	0.5099465
0.7863927

0.8501982
0.1678315	0.5270427
0.3294026	0.9269626
0.3770272
0.8700405
0.2767177	0.2288732
0.7089114
0.7709396
0.6778836	0.8955479	0.410358
0.6801785
0.8715219
0.1561738	0.5037036	0.7928471	0.5837823	0.7045421	0.9455834
0.4260817
0.592163
0.1121426	0.7238962	0.693703	0.7839677	0.8813511
0.4795059	0.2486608	0.2666844
0.8731174


0.993731	0.7202057	0.6683098	0.9308077
0.4752492
0.5193589
0.7778487	0.9094838	0.9563637
0.2526109	0.3930535
0.1911575
0.1426725
0.05975106	0.6911291	0.4745874
0.07663418	0.06130741	0.12812	0.7497456	0.8615119	0.3216217
0.6403241	0.1292893	0.8526604
0.2754329	0.1300226
0.3167023	0.2587088	0.5564208	0.4509124	0.5865053
0.1253133	0.5741873	0.9326616
0.7791069	0.9339674
0.6276201	0.9382391
0.1930138
0.2288001	0.8673464	0.4073447	0.05022586
0.2493771	0.3094875	0.965838
0.7138061	0.203041
0.3046956	0.6271409	0.5797944	0.891636
0.3237474	0.2825435	0.6361616	0.2241029	0.7673414	0.4899048
0.2470228	0.2533231
0.1782649	0.7383928
0.07711111	0.2949392	0.08247157	0.715795
0.4615279	0.07237338	0.912587
0.2023463	0.8876318	0.6137073	0.1997644	0.943892	0.7602539
0.04821778	0.4783539	0.02987163	0.7034955
0.1815825	0.6255526
0.08111365	0.995339
0.3741236	0.4064212	0.3360607	0.9453322
0.3269532
0.1719793	0.4217403	0.1530316
0.04655089

0.745674
0.6752542	0.9925137
0.4196763	0.3008507
0.2055269
0.6520349
0.1794684	0.7490918	0.6924491
0.6390701	0.6443539	0.6617965

0.1771643

0.2841541
0.1195149	0.5135032	0.530667	0.7522947
0.6394534	0.4857831
0.05147177
0.0418397	0.5956932
0.1490407	0.7903137	0.5608148
0.392186
0.6012359	0.1171963	0.6426066
0.2343868
0.7823101	0.6289635
0.4926141	0.6422949

0.07408139	0.8530229	0.9179957
0.2024651
0.7033791
0.7961291

0.6403914	0.9483234

0.3449384	0.1776433
0.2985203
0.8058619
0.4110532


0.5105544

0.06625244
0.7183436	0.4644917	0.5846522
0.4019296	0.151215
0.1043502
0.2106834	0.5949848	0.5328829	0.83509	0.1363736
0.9458037	0.9607491
0.7257772

0.07901976	0.3596455	0.7831179
0.1867926	0.1617175	0.487106	0.4578177	0.9216428
0.9509808	0.6983384

0.4237692

0.1903005
0.03224215

0.6486207
0.9591301
0.1371356

0.4738105	0.1015256
0.7085504
0.8973584
0.7620374
0.8253826
0.09924632	0.9615965
0.2903532	0.6985154
0.4860108	0.9065581	0.8904554	0.7494453
0.06148974
0.2960811	0.8417384
0.2187299	0.258481
0.3040079	0.6680906	0.3599366
0.08124593	0.8430782	0.6109634
0.1695181	0.9780353	0.3435615
0.3631899	0.9702248

