SurvivalProbabilities
0.2912965	0.01454469
0.29987	0.6739286
0.3492159	0.8164731	0.6559999	0.3455974	0.178518	0.5613561	0.9462299
0.3516946	0.8764816
0.2997771
0.2998017	0.6837315
0.2981611
0.2474913
0.2137485
0.2213735	0.6244655
0.2157595	0.8004086	0.4289945
0.3014962	0.7180873	0.7706387
0.2620863	0.7833709	0.1284943
0.2108005	0.8099079
0.2446789	0.641199
0.2453804	0.7631574	0.8271794	0.6216991	0.7455988	0.3654852
0.2645204	0.1593866	0.5279849
0.172413	0.3271899
0.2132093
0.2589601
0.3083928	0.9502495
0.2229544	0.6255853	0.1152819
0.2502763	0.6215294
0.2328954	0.2212944	0.1141987
0.2644331	0.8598116	0.7938903
0.2460635
0.2091432	0.926975
0.2778739	0.6541024	0.9984747	0.4228764	0.5882328
0.2408568	0.218932
0.2691702	0.8994999
0.2964773
0.2635747
0.3130637	0.820266	0.6195347
0.257995	0.7765709	0.6540017
0.2814308	0.8865418
0.2832603	0.3012918
0.3107504
0.3019436	0.5098081	0.8567638
0.280557	0.7867599
0.2759889	0.6100186	0.4140016
0.2374806	0.4057924	0.5752434	0.8445554	0.3228216
0.2812662	0.4575209	0.6454938	0.5712356	0.6961642
0.2864382	0.4737308
0.2839546	0.5293692	0.5474617
0.1800942	0.5301518	0.9122754	0.8504046
0.2529922	0.6879839
0.2389213	0.580211
0.2445986	0.9520523	0.02815662
0.2383263	0.8714745	0.9608362	0.8817095	0.8634994
0.2308479	0.6570183	0.3492526
0.2804975
0.3075554	0.4903914
0.290951	0.9693376	0.8462489
0.2669569	0.6881887	0.9468863
0.2686904	0.8266578	0.5828079
0.2350664
0.2410133	0.6971574
0.2708713	0.1151361	0.5028009	0.5870005	0.6452599	0.8904223
0.2786474
0.223662	0.8605265
0.2568917	0.7343515
0.2432775	0.2929406	0.6204825
0.2719503	0.2129234	0.05143229
0.2626873	0.8316196
0.2552162	0.1117435	0.4907469
0.2226164
0.2149014	0.7810989	0.7438389	0.01014137
0.2222956
0.2064149
0.2311423	0.1399817	0.9576814	0.9929228
0.2744466	0.8363532	0.529068	0.9522665	0.3886563
0.2772372	0.3828319
0.2470161	0.2878565	0.9194565
0.2837299	0.901656	0.9215015	0.7345049
0.270234
0.1973387	0.003433608
0.2834967
0.2906797	0.6260914
0.2350449
0.1766679
0.2104969	0.9861169
0.270673	0.1612654
0.2155277
0.269132
0.2549095	0.4865205
0.3168666
0.301392	0.8126952	0.4690188	0.9591983
0.2526493	0.8161853	0.6810397
0.2589418
0.2809448	0.2117843	0.8244812
0.2210396	0.9245362
0.2167317	0.697915	0.1757264
0.2470169	0.9262283	0.3625069
0.2628109	0.5818167	0.5601494	0.6133536	0.1420377
0.2956408	0.2558113	0.7174892
0.2508284	0.2509026
0.2371111	0.4703424	0.06284125
0.2380142	0.5298123	0.9228335	0.8571162
0.2648435	0.03527879	0.9972187
0.2549706	0.7631424	0.5614465
0.232681
0.2565238
0.3101244
0.2236498
0.2425713	0.8678972
0.2260469	0.8111111
0.2408942	0.1316861
0.2323337
0.2988571
0.2729943	0.488916
0.2742137	0.6791108
0.2510655	0.8464913
0.2715232	0.7051362	0.9879481	0.5129085
0.2782866	0.8588421
0.2878294	0.1248245
0.2707111	0.3815583
0.2295547	0.4473036	0.6251636
0.2356492	0.3892888	0.4457553
0.2753493	0.2887564	0.3113585	0.09646898
0.2343377	0.5170323	0.8837879
0.2999369	0.9035072
0.2590495	0.03190075	0.637697	0.9130992
0.2953983	0.2230121	0.4696006
0.2966379
0.2807129	0.4486482
0.2839246	0.5196661
0.2402885	0.6712436
0.1859474
0.2100436
0.2788666
0.2072715
0.2351481	0.59145
0.2696485	0.8421053
0.2221675
0.2970274
0.3362395	0.1000464
0.2987059	0.7604347	0.01650731
0.4280398	0.4967037	0.6137284
0.5200427	0.5203209	0.6711202	0.8235634
0.6586735	0.6541236	0.5403064	0.423261	0.9027681
0.64427	0.6181516	0.582516	0.7276542	0.9559538
0.6249831	0.7594112	0.7576885	0.9044034
0.5487638	0.1324852
0.5045561
0.5336303
0.4217722	0.7695081	0.6238099
0.5129815
0.5820375	0.4365519
0.4596761
0.8816294	0.907674
0.4683931	0.7765207	0.1856858
0.7024028
0.7221267
0.6708012
0.04665227
0.4896657

0.5964693	0.5219174	0.6825451

0.5411688

0.2424521	0.04724097	0.7594928
0.4047215
0.6592393
0.8692718	0.5745271
0.6029752
0.734467	0.743127	0.8375395
0.1522047



0.971701	0.7648031	0.9536776
0.7049597	0.944826	0.03101433	0.2863197
0.6800353	0.6106329	0.8875654	0.3793644	0.1383189
0.5523252	0.1354972	0.8407293
0.6248118	0.04220576
0.5855755	0.3511642	0.8980412
0.449894	0.8295466	0.5805893
0.5196291
0.5991151	0.6939598
0.5781086
0.5400459
0.6831423
0.8416598	0.1205687	0.4400539
0.7735145
0.6546179	0.5981791	0.1031308
0.5174374

0.8131876	0.02979335	0.7680212
0.1519343
0.0379703


0.9718427

0.6858895
0.04002893	0.8610733
0.4993662	0.423557	0.9502231
0.5270993
0.4505659
0.5444713
0.4005896	0.3674839
0.2742973	0.8253498
0.5511615	0.3128182	0.9466214
0.5798086	0.5811617

0.4803833
0.6151482
0.625149	0.5778415
0.4007615
0.7408007	0.2776276


0.830241
0.9996009	0.4851911

0.9714613	0.9346723
0.5888604

0.8304698
0.6250756	0.01151588
0.2388796	0.7235245


0.8155201	0.5258187

0.3433628
0.693911	0.1270009	0.3111759	0.2060238

0.801403	0.8587066

0.889695
0.443207

0.09082583
0.3153259

0.4882388
0.04511394	0.6223701
0.6779209	0.9220322	0.8990556
0.618281	0.4706587
0.6925353	0.8018874	0.989362
0.04283683	0.2621911
0.5861778

0.635375	0.3743348




0.8726507
0.5883518	0.8176664
0.7181256

0.530879	0.9197022	0.3431578
0.6172093	0.5234188
0.6634903
0.5593964	0.7013707	0.747701
0.5386995	0.0006026007
0.6725222	0.4530943	0.6370001
0.7495292
0.9870943
0.4818926	0.9666442
0.334879
0.7587521
0.720022

0.7612077	0.9321464
0.7370745	0.9011307	0.8199063
0.8825625	0.9129209

0.8404487	0.9675168
0.890426
0.6609086
0.3209866
0.5576577
0.7786313	0.5514776	0.9818018

0.3921633	0.9144468

0.8838085	0.6073357
0.6730072	0.5116061	0.9952834
0.7601015


0.71489
0.8596341	0.6268983	0.02856669	0.7557514	0.2538699	0.4715238

0.7269807	0.7472849	0.6640869
0.6018165
0.7342937	0.6080502
0.7497166	0.9245113


0.2445146
0.1164573
0.2063648	0.4782215

0.02219791


0.1804469	0.5722022	0.6260601
0.8631272
0.5064565

0.5700713

0.6009851	0.6823791	0.9940131	0.576013
0.7180172	0.5654909	0.7420622	0.6609049	0.9850695


0.5859387	0.5163285
0.4401202	0.9922054	0.6476498

0.1650963	0.5348251
0.7960297	0.8992541

0.5915495

0.07747494	0.8497648


0.6944039	0.3302432	0.6680301
0.9089648	0.5325645	0.06078235
0.6303595
0.5174488	0.6214873	0.06443543	0.9475694
0.6613128	0.4447262	0.8525518
0.6690432	0.2094853	0.2193743
0.8788109	0.4993687
0.0173737	0.8187055



0.9361965	0.4249787
0.8697856
0.8532982
0.7906436	0.9404782
0.6760506
0.8757542	0.8820889	0.8531213
0.9004049	0.9698681

0.643231
0.6937646	0.5933207	0.7516272

0.9161786	0.9670017	0.2622136
0.04086794
0.299908

0.7583024
0.6919365	0.9227286

0.6409886

0.9830419
0.1276528	0.4151804

0.749879
0.8518932	0.5732338	0.8054766
0.5814577	0.7337149	0.8937019
0.7370754	0.6108263	0.8464012	0.4037791
0.5831261	0.6662332	0.1785219	0.3338328
0.5379	0.4905447
0.5142057
0.5015523	0.8340175	0.9865531
0.6437781	0.8997206
0.7226053	0.5892945
0.7327047	0.5680769

0.6725721
0.7066333	0.8419739	0.9283373	0.6910588	0.803602	0.9078717
0.9234005	0.9585482	0.7633066	0.7977075
0.7334691
0.6645645	0.9280524	0.546062
0.6736047	0.1087353	0.1195318	0.4182017
0.6847263	0.9632952	0.8612953
0.7068152	0.4481378
0.7715933
0.6974403	0.8926737	0.1105484
0.8185892
0.8280973	0.859726
0.637459	0.9505943
0.6834404
0.7213348	0.858296	0.6687924

0.6708298
0.8566109
0.7308977

0.872545
0.05745206	0.5910787	0.7773346	0.5554743
0.6443834	0.8929227
0.2226295	0.3247296
0.5072184
0.6838067	0.7474075	0.2617152

0.3609226	0.2711508
0.6599073
0.6303215
0.7457112	0.8275347
0.6741343	0.7567791
0.9197835	0.9074293
0.09367682	0.9125312

0.4374647	0.4472835	0.08661493

0.7902168
0.1742769
0.03079874

0.8337211	0.9596069

0.9402549
0.5327243	0.8876124	0.9131862	0.4518563
0.1660311
0.5792973
0.9554009
0.05740812	0.1173986
0.637867
0.9339866	0.6136048


0.6720001
0.2751319	0.9161177
0.06570122	0.8985185
0.4149131



0.3027567

0.5561005	0.07129907	0.9491423
0.6596419	0.4044304	0.9733707
0.5516661	0.4599005
0.6158283	0.4165503
0.9975733
0.5915352	0.2691451	0.1681512
0.004337051

0.1350784	0.9703762
0.6349309
0.7333823	0.927289	0.8537318
0.6471009	0.4318739
0.2384644	0.8023945
0.9008425	0.03069154

0.2451749
0.6362193
0.653432
0.7522812

0.8868771	0.8876645	0.4768193


0.7978112
0.6168798	0.8763053	0.6413116	0.1831
0.4026271
0.7689767

0.3012775
0.4707597	0.4695783
0.5830145	0.9597027
0.04167818	0.618331	0.7614025
0.1290893
0.7013908
0.7783604
0.506744
0.08876422


0.01980675	0.8556142	0.8093129


0.9496708
0.2011139	0.8244059

0.3946753
0.4045035


0.1868363
0.578871
0.7205887	0.98341	0.9943885	0.5576688
0.7764325

0.8235948
0.003847113
0.2987664
0.6874622	0.7946172

0.8822938	0.412524
0.5555983


0.4882014	0.7256615	0.676989

0.6152736


0.559787	0.1908615	0.00904765
0.3283375	0.792764	0.4221449
0.7829779
0.9431681	0.3152127
0.6848067	0.6385915
0.9854775	0.02548414

0.1446662



0.6164468

0.9511201	0.9442214	0.6508054
0.7052161	0.1186125

0.8884742
0.08417585	0.3985117
0.5722802	0.8187184
0.9307184	0.8634152
0.01757511	0.09840808
0.3885209	0.8037337
0.4287972	0.8652251
0.3278133
0.8741635	0.8369978
0.6411144
0.6960431	0.8574086
0.4622278
0.8023193

0.8522273
0.589287

0.8942402
0.6593693	0.470195
0.8024994	0.9833219




0.3618564
0.7180321

0.9746652	0.9721365

0.5283316	0.6437335
0.6239752
0.5939003
0.721709
0.6932311	0.8703063
0.7207651


0.1550586	0.7252298
0.711255
0.7884906
0.8718797
0.09442056
0.515445	0.7372886


0.9915972
0.8171255


0.6916905	0.9548999	0.1030751
0.8400514	0.6812103
0.5609798
0.5270757	0.6949316
0.717644
0.7543396	0.150887	0.7845017
0.6665631	0.9228047	0.3801757
0.4153659	0.5412001	0.8509902
0.2420054	0.9483427	0.8234058	0.1095739
0.5261925

0.09764682	0.9402736
0.4439308
0.7625606	0.7040939
0.5089571
0.8952837	0.4184865



0.2503119	0.3427218
0.6224521	0.3577851
0.02557038	0.7847226
0.6334481

0.9483717

0.9293583
0.03037643	0.5231621
0.1242624	0.5347919	0.8755909

0.2026237	0.9487289

0.5856719	0.946776	0.5140697
0.3867245	0.127976
0.9008043



0.7947199
0.02705293
0.2549211
0.2679707
0.5051284	0.8186504	0.5486329

0.6305434

0.9902346
0.658646	0.9485715	0.7454311	0.8878932	0.2411522
0.2633625
0.7382982	0.7563833
0.05240686	0.9614811
0.8698789	0.2950341

0.7755701	0.7426207	0.1300883
0.5820643
0.5742405	0.7212631	0.5482436

0.7978587
0.1278189
0.6136078
0.5556944	0.9089807
0.7753922	0.6512618
0.9892154

0.6292894
0.3481988	0.6140864
0.6763795	0.725572	0.8749155
0.8809811
0.9103155
0.1901596	0.8132107	0.3849976
0.5845617	0.9824433	0.8223267
0.5539942	0.5008837
0.5729032	0.3763837
0.8240111


0.1669862	0.2684403
0.793644	0.7832701	0.5924575
0.5326664
0.9255795
0.8071751	0.8569998	0.9550029
0.6841401	0.9064642
0.765169
0.9965643
0.6581023	0.948925	0.7757704	0.7331114
0.6975282	0.6819844
0.4473273
0.4412528	0.623748

0.8029565	0.5159161
0.7099803	0.2910072
0.7043261	0.2555747	0.2887577
0.4999377	0.8455698
0.7087356	0.7455083
0.5958857

0.8927576
0.8741799
0.07450216
0.2014884
0.03255551	0.8139487	0.03008399
0.5135996	0.6730658	0.9033453	0.1471834	0.8898094	0.06249265
0.9205427	0.6307901
0.5023789	0.8672874	0.5378267
0.542149	0.4967417	0.4204577
0.7103389	0.817815	0.4882656	0.8796531	0.7914288
0.5943225	0.7125293	0.0287083
0.6285718	0.3180141
0.5909709	0.04539592
0.4466929
0.5716713
0.7926958	0.9172532	0.09122589
0.5435605



0.1864393	0.7602925

0.6146105	0.8590655	0.9925727	0.617658
0.1502721
0.7066552

0.7728286
0.6751842	0.8121631
0.2714108	0.6510004
0.04555868	0.8762535	0.8207918
0.6307956	0.2955751	0.08951454
0.7542295	0.3673078	0.9225325
0.794245
0.5848627
0.5893713
0.6859684
0.9308299

0.9601649
0.7973859	0.8162163	0.8838993

0.6675559	0.7295373
0.548475
0.9422697
0.752644
0.04037938
0.6436614
0.6869585

0.5612292
0.7975769

0.2037874
0.9285495
0.6211355	0.2939376	0.5012644
0.9077795
0.9401287
0.6862319	0.5422088
0.6628901
0.8830018	0.7054077	0.8038769	0.684401
0.8210358	0.4775258	0.4419243
0.5364777	0.6037085
0.5501697	0.4266514
0.7838284
0.678595	0.3968089
0.5794063	0.6119596	0.6589987	0.2105053	0.06955687
0.7246968	0.5517973	0.6023454	0.8427919

0.1632424	0.6248819	0.5952149
0.9198963	0.9041074	0.5653947

0.6346211
0.7386175	0.4020401
0.7330092

0.872443
0.5833824	0.6312433

0.5507445	0.7051245	0.8765854
0.4831034
0.9244246
0.1359942
0.8835993

0.6241988	0.5850233
0.7804773	0.7219142	0.8900926

0.7968431
0.005012019
0.6560425	0.1164781
0.6000619	0.8648976	0.5873602
0.6341266
0.3893129
0.7415771
0.9745243
0.3044792	0.7994489
0.8899527
0.8602956	0.8964537


0.8682447	0.9595402
0.8567213	0.6319582




0.2749836


0.1007288	0.9026615
0.5212156

0.620275	0.9464742	0.101127


0.9157588

0.7277164
0.5673314	0.7069557	0.7792656
0.7659866	0.166503	0.9176144
0.7102918

0.9089855	0.9491679
0.02015764	0.722116
0.9735841
0.3123385
0.6911401



0.712946	0.8244512
0.02932858

0.5042861	0.05606651
0.8830533	0.8368968	0.8600225
0.03022239
0.9609425
0.9990683	0.05808898
0.8212907
0.2499202	0.5473884
0.4716485	0.5404932

0.969358	0.759309	0.9357995	0.528416
0.6623005	0.9698021


0.598769	0.9394577
0.5623389	0.4079989
0.04073388	0.8373534

0.7620097	0.7485919

0.05977324
0.6899985
0.5897116
0.5987779
0.813475
0.3471529	0.2697909

0.2492668	0.594576	0.816533
0.5485627
0.6157157	0.5145684
0.2683788
0.4052624	0.6797009	0.8059359
0.2740733
0.8579071
0.6943296
0.7863453	0.6038563

0.5537358

0.6331517

0.5757181


0.5610275
0.09815696	0.9014389	0.23625	0.578428
0.3441979
0.2580733	0.6298792
0.9817457	0.7085635
0.5451964

0.8186948
0.9140868	0.9052571
0.5555001

0.316189
0.7864951
0.9487845

0.4207281	0.9765004	0.503879
0.3548996	0.3473147	0.9561008

0.53129
0.05296692
0.9677713	0.5857451
0.4630527	0.08727082
0.9623612	0.7436648
0.02143448	0.583398
0.6046276	0.9882647	0.5599547
0.2533714	0.3888323	0.4090716
0.6269818	0.8584047	0.9575342
0.6606863
0.5908552	0.1722419	0.4636233
0.8887685	0.9230977
0.6009214	0.3174414	0.1015327


0.07706538

0.1868011	0.7089907
0.9774482
0.2355078
0.4705515	0.27162
0.8286853	0.951967	0.05816804	0.6548306

0.7923931
0.284921	0.7402676	0.3066869
0.7394198
0.0745809	0.5418117
0.5757137
0.5570114


0.03215498	0.7373725
0.1936755
0.5341871	0.9272815
0.6128392
0.4165686	0.7142419
0.6668653
0.428978
0.8485877
0.6550153	0.4937375
0.7416077
0.596095	0.618758	0.2333884
0.696427	0.02339781
0.5366052	0.8180902
0.5292477	0.6240857	0.9818207	0.8370947
0.606267
0.5475749	0.9951837
0.5623194	0.1491889
0.7266187	0.7388198
0.6307228	0.06616933	0.730183
0.7184468

0.5463457
0.8065885




0.3078908	0.9285627

0.8234175
0.5362371	0.6193044	0.7124354

0.5532373
0.583855	0.8777981
0.6361888	0.7058261
0.8604638	0.9032053

0.7213546	0.7004534	0.7447819	0.3062693	0.6881124
0.5380595
0.6861628	0.6150336	0.8027418
0.7720972	0.7365386	0.6580667


0.143323	0.7896589	0.83974

0.7102519	0.5511862	0.9962022
0.6760824

0.771793	0.6906303
0.428889	0.4609041
0.7786901
0.2073372	0.8166456
0.613051
0.4797955	0.357775	0.03054322	0.8147513
0.6902065	0.4584336	0.2977879
0.8470735	0.9444503
0.5577935
0.6355913	0.5668168	0.5953746	0.8010063
0.6400257	0.5225588
0.5938254
0.6021296	0.8018743
0.7200025	0.9121074	0.1576152	0.5268652	0.9714026
0.4780111	0.4466012
0.7520391
0.6287982
0.6395034
0.7261853	0.7156136	0.2235144
0.6513619
0.6554794	0.4720983	0.2025814	0.8453421	0.8019867
0.6340663	0.6888415
0.6812094	0.9479024	0.967143
0.5856033	0.880988




0.0354494
0.03645242	0.7609126


0.6848062
0.09067122	0.9930825	0.9322529	0.4673528	0.5789727
0.3700716	0.3480366	0.9037157


0.8710516	0.7206382
0.7993278	0.8898211	0.8062225
0.4904285	0.1080878	0.6210354
0.3357662
0.08045132	0.008173902


0.657182	0.9698673

0.5082378	0.7798752	0.7225833



0.4680616
0.4464447


0.6108209	0.6017956	0.4601861	0.8568751
0.45065	0.8131041	0.2752312

0.9059536	0.06571778	0.4402387	0.8046006
0.836114
0.7911313	0.7302055
0.9598853
0.0795815
0.986937
0.9256792	0.3848652

0.8047933
0.807526	0.6001849


0.8274329	0.9605837
0.170707
0.1096945

0.3482427	0.1403231
0.1870139
0.3358051	0.7328634
0.7761211
0.2811079
0.576414
0.7684928	0.8256703	0.8270175
0.9725884
0.6008303
0.6406443	0.05626859
0.868664	0.456003	0.9511267
0.6764827	0.8726217
0.7664523
0.6286791	0.7299359
0.5727726	0.6853484	0.9687662
0.3772127	0.9486612
0.3218272	0.9227101
0.8709457	0.9295825	0.9065045

0.8284668
0.6610648	0.9796164
0.8616839


0.4542506
0.4510924	0.8866142
0.5505133
0.7630174	0.8350792
0.7784264	0.7587861
0.9143572
0.9620398	0.6139565
0.6802229
0.5317813	0.665389	0.7714555
0.6761024	0.05459957

0.7575378	0.432616
0.972076
0.6675021	0.7235834
0.2257969	0.9441347	0.1650455
0.6117462	0.9910042

0.6887975


0.6875666

0.8288527
0.969121	0.1073337
0.0572589	0.6155032
0.6838803	0.05945386	0.2896817
0.568652
0.5880958	0.07030281	0.8162663
0.5664607	0.9809331	0.01434484
0.640119	0.6670665	0.2391924	0.9563898
0.5756208
0.4901136
0.6172408	0.1898478	0.9549875	0.8175983
0.6488395	0.4222375
0.5918395	0.8777232
0.4864544
0.1067642
0.0679325	0.747052



0.3459887

0.8739668	0.6015162
0.7920988	0.7127159

0.8054896	0.8196792	0.09437027
0.8328045	0.9075107	0.356168
0.790678	0.6622496
0.9981774

0.5092304	0.5422237	0.8966736
0.6973864	0.6760737	0.6206209	0.862
0.6294872	0.6454831
0.801707
0.6815345	0.7943657
0.6865087	0.08366692
0.7009954	0.5273325	0.998869
0.6206
0.7640324	0.6545148	0.892701	0.5879511
0.7234965
0.09612499
0.8266696	0.8570254

0.6377005


0.4682543	0.2396101
0.6163742	0.9063735
0.8040865
0.4208511	0.9640447

0.8612452	0.7531658


0.4618217

0.9705838

0.641336
0.2439042	0.8783149	0.159154
0.8990921
0.3345933	0.9969544	0.3629002
0.8534811	0.5250924	0.3920084	0.8597339
0.6139211	0.5049569	0.213416

0.8201152	0.9768987	0.5426351
0.560721	0.9060512
0.6671836
0.4740353	0.769903	0.312382	0.607741	0.5627489
0.5826785	0.8377295

0.3904388	0.8459989	0.7017927
0.5291842	0.1414192
0.9174269
0.9729506
0.9964224
0.8529719	0.9722901	0.7196834
0.1832999	0.6755002	0.8974497
0.02811658	0.6776078	0.9473067
0.846825

0.8853164

0.8782908

0.5158743	0.07714593
0.4687143	0.7601024	0.6350677
0.6320765	0.2507466
0.3539008	0.7399532
0.9124263

0.2887699

0.9104917
0.2859001
0.87213
0.9105481	0.2159077
0.5231147
0.6605759	0.8050521

0.924505
0.7799287	0.5179748
0.2277203	0.9950898
0.8337165	0.8965502

0.5592292	0.4101659
0.6483528	0.7603081
0.8406416	0.5932659	0.7054248

0.5248809
0.03967266	0.5820285	0.6612628	0.8821958
0.6674147	0.7155156

0.6536533	0.1252216

0.9610912

0.4553379


0.5137798	0.860648
0.8252055	0.925238
0.9637097
0.5094685
0.6433433	0.93284


0.5788946	0.5317213	0.5433449
0.6774322	0.184959	0.999478


0.7055131
0.6358425	0.4466062	0.6117558	0.8210673	0.9460679
0.7076074	0.2636021	0.8567579

0.8571068

0.6627413	0.0814138
0.5545249
0.7698119
0.816706

0.8713318	0.07065007
0.8090106	0.6560417	0.1336261	0.7806771	0.2078548
0.4622704	0.9871114
0.2013713	0.3931219

0.3736881	0.0184598

0.6203402	0.07518467
0.7395872	0.9691367	0.9289134
0.6248929
0.7008895	0.005846121
0.6978898
0.7922132	0.6781344
0.698229	0.3861267	0.93551	0.04386681
0.7519376	0.340632	0.5132199	0.8574847
0.5313182	0.4134825	0.9129413	0.8673193	0.02229912
0.5986045	0.6980242
0.607187	0.4006074	0.9488151
0.5206636	0.5401126	0.5732221	0.08705088
0.7887908
0.8655721
0.6817778
0.616243	0.5844792
0.7216756	0.3256648
0.7447193
0.7815284
0.9122684	0.7464204
0.2253398
0.9465775	0.4930396	0.9347498
0.4967051	0.3689639
0.5037514	0.8061499
0.6240739	0.9929056
0.1267441
0.9018826	0.8914192	0.1522742
0.07224595	0.9390403	0.9594834	0.9981145	0.9086178
0.7556358
0.9398801	0.7706131

0.6980186	0.404348
0.5560865
0.04896478	0.8183492
0.7073523
0.7463891
0.6706632	0.03105078
0.7202904

0.7922466
0.8228046

0.8240758	0.7516241
0.6806655
0.3437154

0.3006909

0.8238214	0.37082
0.5034694	0.6137051
0.7383378
0.6385063	0.2657676
0.08428854
0.745816
0.9002848	0.6815177
0.4337874	0.06225845	0.3234807
0.9905098
0.4123073	0.8949898
0.80664
0.7897546
0.7594907

0.4106738	0.9371534	0.1721485

0.5822878	0.9825177



0.3410827
0.3404045	0.8008986
0.8446176	0.5799942	0.1984245
0.8841478

0.8134743	0.7215549	0.9939331
0.4878415	0.893068
0.8947662
0.9389729
0.08706491
0.6788546
0.8015104	0.4427516
0.3750471

0.8201405
0.5760585
0.9220292

0.7442238	0.95379
0.6930275
0.6561128	0.9004337
0.7215649	0.5090369	0.02611
0.6557589	0.9032798	0.9474014
0.6829462	0.1803115	0.4267937
0.606378	0.4476609	0.9811126

0.5878389
0.5466438
0.6159824
0.7634216	0.9743147	0.7683862	0.9671803	0.7349681
0.8022797	0.6060188	0.9951794	0.5573768	0.8774235
0.8407509
0.948724
0.8530896
0.5998744

0.4110623
0.05616678
0.5615805	0.7390976	0.5661783	0.7894624	0.2788274	0.820727	0.2726245
0.5623992
0.8763243

0.0289994
0.5411984	0.4444985	0.6625151	0.7948366
0.9440998
0.1728495
0.5257946	0.371081
0.7873492	0.6976999	0.7815488
0.5182408	0.9544668	0.378562	0.9772937	0.8929847	0.1316472
0.726339
0.3768857
0.595109	0.2429609
0.9662017	0.5286025

0.7205577	0.6828506
0.9929698	0.8009098	0.2502653
0.6856894	0.7917954
0.7055606	0.6211738

0.5419526	0.9437708
0.6802836
0.8925939	0.1849092	0.5369025
0.7619506	0.9767001
0.4191485
0.8358791

0.7450595	0.1525757	0.6948172


0.7548887
0.7925573
0.07280401	0.5246949
0.786494	0.8178911


0.4870729	0.1989309
0.7186595
0.7393986	0.8747828

0.4930908	0.2742233	0.799177	0.7391939
0.414627

0.0587441
0.520106
0.7845289	0.8598084

0.3704574
0.7797452
0.5565846	0.6087345
0.4750178
0.7160791	0.6133679

0.9501943

0.5116032	0.6662382	0.8852449
0.6327449
0.5647353	0.3673582
0.572907
0.5749443
0.6950247	0.07872787
0.6503425	0.1496556	0.8183298
0.7397923
0.5935148	0.6119511
0.02011594
0.9099384
0.9512359	0.1449987	0.5914107	0.8761029
0.5424954	0.999105	0.7558892
0.8677048
0.733496


0.1011835	0.3876827	0.9477623	0.7430914
0.5942383
0.567002	0.9949716
0.5223982	0.9822529
0.7616651	0.442254	0.1009268
0.8236737	0.2827074
0.2713848
0.7000913	0.8988496	0.8122708
0.8189671	0.1965542

0.7940713	0.2517246	0.2436013
0.9444728
0.307309	0.4933396
0.9868565
0.3941164
0.9309319
0.4553255
0.9328972

0.7530696
0.9732058
0.9449876	0.7337765
0.3870974	0.6302374
0.755682
0.5504564	0.7278898	0.7493427
0.6272873	0.5145385
0.6451815	0.7120592	0.821557
0.7788838	0.935321
0.6576178	0.6851957	0.3913499	0.07034739
0.7571278	0.5340212	0.8616063
0.6203411
0.6036911

0.729884
0.7006041	0.1641066	0.7563048
0.5270443	0.2017251
0.600142	0.1259509
0.4831983
0.6311714	0.6406924	0.4300626
0.6337275	0.5515613	0.6964907	0.7234343
0.5946938
0.5608643	0.7874931
0.5368662	0.8108793
0.9150596

0.5836393

0.02686182	0.1774429
0.5612272	0.8759892


0.175931
0.9287111
0.8750818	0.3433093
0.6687544

0.8288979	0.9417573
0.5883087
0.8826261
0.7189897
0.6390951
0.9287259	0.1460882
0.7922739	0.8241344	0.8489646

0.6561203	0.7531317
0.908516
0.07293316

0.398029
0.3264674
0.6710391	0.9321145
0.2375019	0.585105	0.8041067
0.7206428



0.6856419	0.1083029	0.7142899	0.9179308
0.7193557

0.9105141
0.5419547	0.01964367
0.412717	0.7691465

0.2633241
0.04761884

0.6564176	0.7785088	0.6684807




0.6324949
0.2699978
0.7569403	0.1543144	0.6556031	0.08097335

0.1786604	0.9732907
0.1933306

0.4714923
0.6735964
0.7596676

0.8716577	0.5502718	0.7235778
0.2103115	0.609925
0.3303296


0.5048338


0.6809219
0.7575429

0.6175358	0.8642079



0.632659	0.1198817	0.3830232	0.9645033
0.6905519
0.5246081
0.604046	0.1079065	0.3263215
0.6531302	0.4845811
0.6390438	0.459682	0.4940895	0.8902272
0.5986782	0.7726588
0.638659	0.9219929	0.3234493	0.3728134	0.6317711
0.5816609	0.7877418	0.03980024
0.6235556	0.4087341	0.4439822
0.7848063	0.8032128	0.7421665	0.5045699	0.9517414
0.35013	0.7321435
0.4193812	0.7640432	0.09471118	0.8229531

0.6811621
0.5575722
0.08278016	0.9720982
0.03455932

0.6287431

0.8084773
0.07018223
0.4754032

0.006745422	0.9810358	0.8852172
0.7308603	0.8581504	0.5497683	0.5060329
0.9097134	0.960313	0.5165532
0.2744322	0.5167005
0.06783903
0.251625
0.2951301
0.6904997	0.8777703
0.0370916	0.8235833
0.9049327	0.3401206

0.9480744
0.9933261	0.8519848


0.8777533	0.07838712	0.7109397
0.7069237
0.9248807	0.5320694
0.9901293
0.7495437	0.4299897	0.3073333
0.5670485	0.5921583
0.6305063	0.9914751
0.8744328

0.8564123	0.8557638
0.6417767

0.8985922	0.1136438	0.8839139	0.9070656
0.6322257

0.5145063	0.4746234
0.468301

0.2764369
0.7306584
0.4864173	0.01180162
0.619725	0.6245389
0.7091596


0.6322397
0.9351517	0.3737725


0.9864458	0.7534297
0.7216679	0.2038375



0.6550512
0.774867	0.1998481	0.363425
0.03527748	0.9406029	0.7757193

0.3535809
0.7319877	0.2778881	0.7143989


0.6466148
0.4361121


0.6797685	0.4473873	0.5993503
0.6595418	0.9040095	0.5487424
0.1943279
0.03000469	0.04452107
0.09183887
0.1789636
0.6876011
0.9467562	0.5456063
0.00745607	0.8425625

0.2296917


0.008681922

0.7448953	0.0935767
0.3168711
0.8312361


0.8112686


0.5842241	0.5599028
0.5178326

0.3578331	0.4397183
0.8924009
0.8171547	0.6234532
0.6664066



0.2627917
0.03705405
0.5950543
0.8272387
0.8122108	0.7459378	0.03550425	0.6801501	0.3607106
0.9402719	0.9966732	0.3445948	0.8947049


0.7992724	0.6056849
0.8371396
0.5483681	0.8603153
0.04457587

0.5026661	0.09139796	0.04338314
0.4652367	0.9286364
0.2149431
0.6735266	0.963341
0.6676533
0.9275679

0.9207209
0.8402752
0.8294563	0.3466491
0.6115549
0.9271247	0.5317204
0.4709445



0.6595427	0.7687486	0.8952847

0.7969461
0.08133597
0.6498066	0.5960323
0.5624932
0.6676078	0.09295834	0.5095514
0.6090019
0.6945199
0.6540829	0.5994935
0.6692848	0.9113648	0.06777466
0.4385036	0.8353867

0.01490929	0.3696676
0.5292783
0.2471066
0.01031478
0.677648	0.9726626
0.8303821
0.8173741	0.3984566

0.3772579

0.9059947

0.3854036	0.9439473
0.1832083
0.9501424	0.3148332	0.4720675
0.4737851
0.714464	0.03448867	0.6295158
0.04600551	0.9237131

0.3641777
0.5600715	0.557353	0.1638138	0.03882186	0.05216205
0.5187646	0.7789359
0.6430903
0.8614616
0.7770429

0.8441263
0.342006
0.6416303
0.2871571
0.1849884


0.5723605	0.03732411
0.4250123	0.5650484	0.8289845
0.5947073	0.1425295
0.8044575	0.968235	0.2658302	0.5581754

0.9028464	0.9863032
0.7876848
0.7952557

0.8002751


0.7319017
0.6983772


0.6545999	0.7818642	0.8385016
0.8530881
0.1039269	0.9280233
0.1387421	0.9029207	0.6676312
0.9821432
0.5394467	0.8921377	0.516563

0.08988791
0.7163737	0.8798819	0.6630435
0.5447155
0.7820778	0.8172164



0.9561752


0.1618347
0.7199695	0.5962978


0.6235868

0.5728768


0.7338221
0.3766141

0.9483499
0.4745941
0.513047	0.04521768	0.2948821
0.471219	0.7596094
0.3702751	0.8138852
0.6333225	0.8500228	0.1436101	0.4496811

0.4561837
0.005198492	0.3277903	0.3435622
0.9941874

0.5899799

0.8128735

0.7024402
0.2808287
0.6290292	0.7966419	0.1766956
0.04336677
0.7718548	0.9186333
0.7369658
0.6564849
0.8409421


0.7136443	0.8157713
0.5400046	0.6832623
0.9941276

0.540979	0.02593444	0.5669897

0.5619108

0.8140578	0.6217914	0.6157152
0.4534897	0.9374104	0.8370827
0.6230849	0.7999163	0.8242219


0.7441243	0.2331276	0.6762117	0.7364738	0.9273577
0.7002734	0.3384817	0.7688709
0.6624371	0.5390902	0.3168586
0.5421959	0.7091094	0.1123266	0.7742889
0.7881082	0.6481515	0.4374388
0.5784921	0.4233285
0.5974654
0.5639604	0.9082518
0.715954	0.01904165	0.9892158	0.1977949
0.5505608
0.6818013
0.6236223	0.5949945
0.5376977	0.5550448	0.6766385	0.7018379
0.7299855	0.4516113	0.6549029
0.62671	0.5724857	0.8568884	0.6313266	0.6026815	0.3160287
0.6730576
0.6948103

0.947004	0.7461048
0.9151758
0.568065	0.8864329

0.581964	0.8939967
0.01700934	0.5855977

0.579384	0.3945575
0.6927455	0.6550372
0.5545233	0.850764	0.9210259
0.9802429
0.7501019	0.840927
0.3774722
0.5480125	0.6085429
0.5199486	0.1313908
0.7735528

0.7669116	0.5344362	0.1188803
0.5232301	0.4752798	0.7164994	0.8848485	0.3691608
0.830095	0.539922
0.6833616
0.9465078
0.7463868	0.1952965	0.2300159	0.1864742
0.7810259	0.9701971	0.6763235

0.02074224
0.9860069
0.8108651
0.4486037



0.2801572



0.6001087	0.9921083	0.6827404
0.5649575	0.9742641
0.8248793

0.1296302	0.5438279
0.690264	0.8356278


0.1648835	0.5053604	0.208857

0.6659402	0.9770524
0.5739359
0.4190246	0.5241137	0.7899474
0.7354295	0.8129817
0.7211696	0.9458724	0.7831231

0.1515456
0.03709632	0.6935565

0.3589178	0.8793655
0.6580581	0.7153869
0.8492397	0.9181604
0.5743899	0.2717158
0.5435667	0.8839888	0.07064094



0.5905344	0.9856482	0.9546104	0.680422

0.6076645	0.6482328
0.8220168
0.5436352
0.8451261


0.6885152

0.5861695
0.6692404	0.6951763
0.7294699	0.1338844
0.4986775	0.5260304
0.7765866
0.8586867	0.8007958

0.289869
0.6644014	0.1361666
0.7545113	0.518234	0.7292749
0.6912468
0.6685947	0.9427186
0.686702	0.7032806
0.5339309

0.7076005

0.546088	0.9587134
0.6452103	0.04535967	0.8206803
0.8541536	0.5211417	0.9719433

0.05337285	0.6935618	0.784563	0.9360793
0.05378558


0.5577817
0.7410143	0.8842151
0.5586991	0.07345595
0.5389529	0.9942049
0.9852915

0.1373583
0.04708539	0.5433811
0.8068046	0.9821267
0.5706326	0.9882326	0.9926117
0.4677977
0.6298917	0.7840682	0.6188425	0.6248806	0.7071703	0.9898399
0.7958835	0.7848126
0.8520084	0.5417506
0.9518843
0.8757965
0.9597345
0.7337292
0.3911102	0.6874432
0.3411391
0.1918042	0.09329769	0.720829

0.4835215
0.1679867	0.3128457
0.9123829

0.3107597	0.7249447	0.7016521
0.6994924	0.5922968	0.6856802
0.8690623	0.7191188
0.9731628
0.8451204
0.8833186	0.3794337	0.8307746


0.2220713	0.5428737
0.6334502
0.5114893


0.990704


0.6176752	0.2260371
0.9342948
0.7916051	0.8709537
0.676151	0.2530268	0.8420537
0.7275909	0.792771
0.9934354
0.367107	0.7637034
0.614757	0.1253208	0.9573373
0.5854087	0.5711677
0.1689107
0.6664358	0.5498288	0.9294175	0.774016
0.6998418	0.01068326
0.6821898
0.8809641	0.8120992
0.5526257	0.7660168

0.926809	0.8207044
0.5170022
0.4171165	0.3038331
0.9168895
0.8253665
0.8297346

0.7404256	0.4561715
0.6571124
0.8100646	0.9470462

0.7993113	0.2718296
0.819038	0.7358298
0.8092219	0.07729765
0.1384211
0.5139568	0.9329201
0.5340654	0.100626	0.4012782
0.006010999	0.6162569

0.7820166	0.09646406
0.8225513


0.9958453


0.7843427	0.7121547	0.4941127
0.5606013	0.4029536	0.3486719	0.8388499
0.6648709	0.5331121	0.6793661	0.9659795
0.7980854
0.9621295	0.6743026
0.9565941
0.834539
0.6569681
0.8474717	0.8701237	0.3341667
0.5001879
0.6537737	0.5070245
0.6312984	0.8418927
0.6957075	0.6636305	0.1516912
0.638309
0.6741214	0.5226179
0.6314474	0.5324847	0.3625699
0.4959141	0.6258116	0.2302066
0.7478197	0.2297367
0.6288194	0.7341639
0.6901082
0.6801756	0.5504254
0.5914072	0.6494406	0.4891252	0.3622501
0.1609166
0.643319	0.3906144
0.2262178
0.8064416	0.8567497	0.5786436

0.9585017	0.02674905
