ExtinctionRates
0.04404891	0.03957943
0.01958108	0.1332016
0.02809527	0.07669417	0.00647044
0.04657934	0.1366639
0.2237811	0.01603303	0.09241036	0.06505571
0.1003547	0.00988551	0.05972171	0.01959636	0.1560616
0.02425035	0.01470579	0.05044327	0.1255087
0.1467041	0.01840382	0.0285365	0.0804143	0.1393626
0.1862554	0.004135909	0.06679043	0.1633322
0.03602619	0.02554841
0.2193537	0.08259621
0.1122765	0.06281773	0.1127278
0.2113615	0.001890885
0.1050168	0.07215909	0.1340332
0.1182946	0.1456205	0.02451969
0.1016221
0.007362939	0.02428644
0.01050991	0.06065109
0.02115797
0.01120202
0.02240898
0.04458073
0.1012239
0.08632084	0.1154816	0.1161276
0.02665761
0.1225484	0.04941768	0.01596574	0.1914072
0.052866	0.2584884	0.15602
0.1104445
0.1300046
0.08044679
0.04405384
0.04226833	0.1838911	0.04436916
0.09110289	0.1112833
0.1287791	0.0687559	0.05936704	0.1448836
0.03433782	0.1531947	0.1623187
0.2331888	0.09758874
0.06474386
0.06436076	0.1412685
0.07946267	0.02729481
0.1107892	0.09428285
0.05909523	0.007540655	0.2999433
0.07282301
0.1585649	0.1008559
0.02053184	0.192051	0.04506856	0.150337
0.07212827	0.08414308
0.03261628	0.1935757
0.107069	0.07173688	0.02718165
0.1048233	0.03869048	0.123024
0.04302808	0.06372238
0.02296982	0.1073251
0.005518475	0.152137	0.0933047
0.05757752	0.04210553
0.1486359	0.01548644	0.0286978	0.1845845	0.06787702
0.04337389
0.1266022	0.02165975	0.1156727
0.0175379	0.03597429
0.06842754	0.2118046
0.01013552
0.05586868	0.2145845
0.0261553
0.101329	0.08604028
0.2327893	0.104359
0.116554
0.04948653	0.1827646
0.01589206	0.08324484
0.1110245	0.07760926	0.05394046
0.1380533	0.03643394	0.1982495	0.009053363
0.1645877	0.07146893
0.111734	0.09143897
0.04653956
0.1309559	0.06290424	0.1163828	0.1272544
0.2078046	0.3456675	0.07897544	0.08441558
0.05642335	0.292003	0.1840971
0.06199187	0.2492092	0.1723686
0.008227768
0.08074083	0.1588959
0.08621217	0.002113818	0.0302374	0.1254972	0.04466679
0.09357475	0.05764302	0.1378279	0.1037774
0.03518643	0.1670935	0.1003899
0.07970644	0.1024876
0.03043661	0.01873535	0.08165384
0.07619763	0.121768
0.2109467	0.04509878
0.1522404	0.192853	0.05924894
0.06230116	0.1502556	0.1430053	0.07433171
0.009424473	0.07711397	0.2045799	0.09161531
0.0682503	0.1122525	0.1012444	0.1667644
0.09424598	0.08446929
0.04589236
0.07187073
0.01170533
0.2020538	0.03417969	0.06361051	0.1801618	0.03842965
0.01672516
0.1393894	0.009207775	0.07612471	0.1274416	0.06813319
0.1988095	0.0493694	0.09900372	0.1159611
0.1825088	0.001499501	0.1228307	0.06238527
0.04669608	0.01421592
0.06574759	0.02801374	0.009032737
0.07274631
0.03236711	0.2038557	0.007030528	0.06373033
0.1160638	0.08442451
0.07683064	0.06424773
0.1123747	0.1544457	0.1246717
0.1306132	0.1201028	0.2392789	0.2432796
0.2504751	0.1684656	0.105105
0.1429587	0.1263536	0.09983572
0.1422031	0.04990069	0.1569776
0.3479643	0.01332341	0.06636326
0.08513402	0.02502172	0.2108681
0.1085494	0.08378822
0.05774905	0.01623947	0.01072564
0.09340556	0.1100139
0.147656	0.1236874
0.09726185	0.004252118
0.08132134	0.07505961	0.3488772
0.2546601	0.1540207	0.04517478	0.08931284	0.1031121	0.122383
0.2257462	0.09281258	0.01270768	0.07555354
0.05077715
0.005590213	0.03522892	0.09620177
0.1835209	0.09318892
0.06717353	0.128821	0.07481879
0.05033743
0.02591208	0.01609829	0.03905779
0.1051617	0.06982669
0.05301295
0.06926572
0.1651573	0.04085785	0.1642746	0.136044	0.06665801
0.01338174	0.1469017	0.06205328
0.1048099	0.07067693	0.01210032
0.0784292	0.05419753	0.08316989
0.01572057	0.3303702
0.1054294	0.03522035	0.0813214	0.05282584
0.08205727	0.02358372	0.01827413
0.03557221	0.1546806
0.05725773	0.03793247
0.1493616	0.1079648
0.06757015
0.1578632
0.06205957
0.002580762	0.1235532	0.1217993
0.02374003	0.1588677	0.2297443	0.102946
0.1606472	0.04287479
0.1853146	0.02756453	0.009021526
0.1145595	0.05270924
0.06090955	0.01647359
0.2214604	0.06011737	0.128953	0.08628859
0.1070739
0.2109293
0.1733863
0.02976936	0.08102453	0.08870443
0.005274024
0.03429555	0.06846693	0.07126016
0.001646631	0.2347771	0.08828018	0.08793212
0.003673483	0.2285551	0.1505771	0.00352215	0.05790699
0.1489482	0.3052735
0.1178827	0.001761529	0.05187082
0.0005330967
0.08525667	0.1294635
0.04963252	0.05925163
0.01089752	0.0969976
0.1340203
0.2147413	0.04974264
0.06571179	0.1235773	0.06249677
0.09730569
0.2786503	0.08383516	0.07549163
0.0314521
0.01469055
0.2162945	0.04555371
0.2367172	0.009416148	0.07389768
0.009993978	0.06095386	0.006471801
0.00853339
0.01451153
0.2129697	0.08562603
0.1403663	0.05815047	0.04781287
0.01852181
0.09101454	0.1788244	0.1402829	0.1303721
0.05396934	0.1481462	0.04391345
0.09803032	0.0002363304
0.2074892	0.1065323
0.2167303	0.2082707	0.03346732	0.01353209
0.0595274	0.2083126
0.1827699
0.07023203	0.1760729	0.07578253
0.1653074	0.1065582
0.03964877	0.1260613	0.1833626	0.16286
0.01856358	0.02281864
0.08505897	0.08105502
0.02480979	0.1536426	0.1098831
0.0009158464
0.08652067
0.1131482
0.08272238	0.06324275
0.06777651
0.09271267	0.05201468
0.0729006	0.06655817
0.0314773
0.00431118	0.1378515	0.3179079
0.08016345
0.09598698	0.0410655	0.0331225	0.003381752
0.001554145
0.1354728	0.09447689
0.06660465	0.05378835
0.01213869	0.1981016	0.03296454
0.03038057	0.08824094	0.09769738	0.08627481	0.1933298
0.0500621	0.1678836
0.02131534
0.2483682	0.04833034	0.02356558
0.07429028	0.03831859	0.003381371
0.09307413	0.02111647
0.2234462	0.04710959	0.06373621	0.1200662	0.02996807
0.0595127	0.08015559	0.1001539
0.08356484	0.1333888
0.1476938	0.1101631	0.1373771	0.3017249
0.04321086	0.1924268	0.2051317
0.1800783
0.2057796	0.08778438
0.2324085
0.1895182
0.08795293	0.2331973
0.1337481	0.03776515
0.2781931	0.04014133
0.1426149	0.1361675	0.07412771	0.002772176	0.2267393
0.1510717	0.1861483
0.006741867	0.1973698
0.01575195
0.1427352	0.06542285	0.1285687	0.132683
0.001705969	0.2886348	0.00993617	0.06858894
0.03836531
0.1589672	0.06674729
0.09563408	0.1379052
0.3041906	0.05657099	0.1084742	0.02581244
0.06925163	0.234183	0.03884661
0.1532166	0.03090582
0.1517489	0.1394625	0.08352704
0.06542396	0.0411469
0.07120916	0.06971209
0.05834206	0.1649197
0.1351551
0.01059057	0.114265
0.04445623	0.1376393	0.1391358
0.1714192	0.05202669	0.1665807	0.03594118
0.04346772	0.09196182
0.006598758	0.06229905	0.08095926
0.08133562	0.1099626
0.1857978	0.1194496	0.1468091	0.2188869	0.07885929
0.110397	0.1498013
0.04757046	0.1907405
0.1124116	0.02815397
0.2499164	0.007872918	0.06067236	0.0747557
0.2012196	0.01165351
0.2631401	0.04652541	0.05853887
0.04732376	0.2153837
0.09508805	0.1669397
0.07784588	0.112589	0.1437565
0.1428752	0.1782147	0.2604376	0.02311894	0.06134319
0.02802945	0.117905
0.01957991
0.1244117	0.2784334	0.1705828
0.05354807	0.0219397
0.06684305	0.1548847	0.1003583
0.3297911	0.1609069	0.009237664	0.119196	0.1136034
0.2307879	0.02004879	0.06503827
0.1669068	0.138505	0.04241974
0.06818331	0.1429406	0.02669979	0.01856925
0.1758542	0.1157089	0.02603054
0.1033462	0.09177704	0.1087769
0.07119641
0.09182532	0.01583934	0.04610917	0.1224551	0.1562202	0.1784432
0.1412619	0.08527382
0.1400559	0.1131766	0.1025496	0.05817212	0.008883916	0.1912483
0.01400072	0.145009	0.0008262231
0.1492101	0.01337125
0.05348133	0.1232185
0.02668822	0.06579083	0.01297095
0.1101886	0.07908463
0.2275016	0.07350798	0.1562802	0.2200284
0.07601402	0.1672338
0.06506537	0.03483602	0.1115249
0.1198924	0.07669411	0.1257395	0.1231813
0.02651981	0.1138967
0.01845783	0.04099069	0.01651254	0.09788356
0.1682096	0.1151255
0.2270216
0.1018292	0.1036843	0.1456151	0.1859522
0.005968026	0.007924173
0.09777848	0.06324511	0.1444874
0.156152	0.08344839	0.2616229	0.09687691
0.02511519	0.1036295	0.09599737	0.06429101	0.1117883	0.2537697
0.02973208	0.1155978	0.03120298	0.03298318
0.1795756	0.0826803	0.1489372	0.009278866	0.2373789
0.06770505	0.1888683	0.1278996	0.2520002
0.1205018	0.1665817
0.02608934	0.0006368205
0.05880977	0.1385383	0.08946109
0.008539329	0.00832413
0.1074667	0.05291592
0.07484698
0.1187868	0.1001584	0.1310615	0.04895897
0.0200603	0.04070359	0.124222
0.03101017
0.008415525
0.007552316
0.02912062	0.1254941	0.03493337
0.2596147	0.0533931	0.02594362
0.08730882	0.1406552
0.1113211	0.1089994
0.06310043	0.1232083
0.04224062
0.1749399	0.07928751
0.04142662
0.100521	0.03597113
0.0651074	0.1180582
0.08431993
0.01190548	0.1330609	0.05244836	0.03191709	0.1652014	0.08768299
0.001746306	0.04221569	0.2950292
0.09281492	0.1154095
0.06623899
0.1259234	0.03797653	0.02786142
0.1386142
0.214166	0.1072901
0.1268417	0.2307195	0.136348
0.1076829	0.1019715
0.04730733	0.2068798	0.2430299
0.1503136
0.1265885	0.1277408
0.08470135	0.04065383	0.07525305
0.1806923	0.1027723	0.08046922
0.09063793	0.05268174	0.09788958
0.08733313	0.07844865	0.07546052
0.1112624
0.1041234	0.2199627	0.05391893
0.08343757	0.06932963
0.09096547	0.03976352
0.1371158	0.06237529
0.2332292	0.1094735
0.1113467	0.1280435
0.08135747	0.01453707	0.004443357	0.02404385	0.07179236
0.2049696	0.087192	0.1439613
0.1493696	0.1565377
0.08999784	0.1580161
0.1924896	0.1169251	0.0988029
0.1088973	0.02243441	0.02661353	0.0968626
0.0512018
0.003969163	0.1049206
0.04099181	0.01961611	0.01931175
0.06106977
0.0503015
0.07478863
0.006269002	0.03697835
0.07672488	0.008114155	0.04757496	0.01231745
0.05277878	0.1112338	0.1183543
0.05993696	0.1036437	0.1294957	0.02435258
0.01896465	0.02985269
0.1456889	0.103716
0.04233449	0.01608764
0.09507473
0.02993289	0.02177961
0.0927102	0.04611468
0.04066064
0.05837913	0.06692098
0.1130153
0.001938194	0.1588064
0.04855408	0.09539676
0.08830507	0.1073358
0.1023387	0.06601747	0.06695702
0.1466082
0.07464369	0.137362
0.1986878	0.1878682	0.1134117
0.1450728	0.2231537
0.0882075
0.02676065	0.1115051	0.01185146
0.2396024	0.1442117
0.119606	0.2233683	0.02300792	0.1421905	0.1629105
0.1805782	0.1310789	0.03590667	0.1489854	0.1331563
0.01722217	0.0295009
0.1780247
0.1498188	0.224591	0.09044519
0.07169966	0.1794197
0.162827	0.07073039
0.2500161	0.0814753	0.1325622
0.04733182	0.1672203
0.01710272	0.1270001
0.06846464	0.1515303	0.03372852	0.08375813	0.1337014	0.118864
0.0951737	0.2765799
0.1614568	0.1056297	0.1360111
0.1442031	0.02683861
0.06164844
0.06282263	0.1140848	0.07308321
0.09436149
0.0160279	0.2215886	0.05889253
0.04774439	0.2129297	0.09727907
0.1230915	0.1046947
0.068314
0.014492	0.1757779	0.04836169
0.0861876	0.1569139	0.07139094	0.1771013
0.1453719	0.002018398
0.2025622	0.1284702	0.04475421	0.02754837	0.02600244	0.03064002
0.1176793	0.07070306	0.0365451	0.143718	0.06832009
0.05201809	0.06450032	0.04281607
0.09686793	0.1038714
0.2155557	0.1521558
0.06320599	0.04047299	0.2169106
0.1163098	0.2170399
0.08675195	0.2102773
0.02180078	0.09769515	0.1698013
0.02238689
0.120448	0.1237492	0.0177669
0.222472	0.102887	0.2179565
0.1320621
0.1534518	0.2875514	0.00535327	0.1227737
0.11831	0.02263527	0.06501531
0.008886198	0.1132852
0.02124559	0.1949601	0.06261955
0.128273	0.1882489
0.1624725	0.1725334
0.2295657	0.1311185	0.09826658
0.055789	0.0692623	0.0285442
0.05364237	0.05795437
0.04296911
0.08789002	0.06853309
0.05019059	0.07983259	0.08155433
0.0687734	0.01322684	0.1240534
0.09256847	0.01547103	0.07673153	0.1022013
0.02877933	0.1081851
0.208792	0.01736911	0.1262177
0.08360893	0.08658655	0.06099456
0.09221695	0.05139222
0.1169148	0.1009382	0.05187974	0.1718081
0.05921839	0.023673
0.1256319	0.1996473	0.03224816
0.1398178	0.1101007
0.05847993
0.08452014	0.08074066
0.1542621	0.05607817	0.0106251	0.1127221	0.04290684
0.050478	0.1155332
0.04082149	0.06310541
0.05804739	0.01400402
0.04235132	0.1031628	0.1064495
0.07582873	0.09594258
0.01875779	0.1769608	0.1466232	0.02799837
0.05725784	0.05350498
0.08109195	0.1101568	0.09844667
0.05937671
0.02789329	0.04014654	0.05748795
0.09072665	0.02388711
0.1352201	0.01993169	0.07801719
0.1438573
0.007552598	0.137451	0.02976905
0.09154767
0.1719254	0.1086544
0.08679562	0.1005537	0.05726845
0.1331016	0.0433404	0.1267099	0.0522449	0.2449257	0.2764332	0.1646145
0.1250456
0.06561928	0.03336926	0.008775344
0.01764401
0.04705805	0.04829552
0.1208155
0.135564
0.156748	0.01506899
0.00909001	0.06411556
0.171692	0.09193514	0.1356078
0.04177303	0.1885923	0.02599131	0.2210009
0.06701691
0.1027356	0.06470259	0.173943	0.123058
0.1049942	0.04352597
0.1571496	0.007000324	0.03817063
0.1593736	0.1000678	0.04809168	0.1021699
0.1266464	0.07094992
0.1989367	0.01799105
0.04842132	0.08928881	0.06586856
0.1191957
0.06261012
0.05056359	0.05919998
0.05034136	0.01667037	0.1124633
0.1216461
0.09183035
0.1318407	0.03908772	0.1062256	0.1657969
0.09249955
0.1041789	0.1786355	0.0337964	0.2351625
0.07076034	0.09875222	0.1448414
0.09854079
0.1123243	0.05583001
0.01923415	0.02312422	0.07178958
0.07988052
0.008141743
0.05973481
0.007851063	0.1791683	0.1416805
0.02502317	0.07643687	0.08291418	0.1201633
0.06861314
0.2726798	0.01988942	0.07457815	0.2586912
0.09431229	0.05115065	0.1457447	0.121844
0.08865649	0.1578011	0.0198711
0.1397166
0.09477066	0.1463518	0.00059679
0.1932021	0.02274148
0.03338406
0.3411349	0.02142177
0.01343247	0.1551026	0.03198792	0.1343969	0.02015016
0.04124436	0.06527544	0.07946551	0.03709945
0.01361131
0.1983843	0.09185498	0.123579	0.04683418
0.1033274	0.08286729	0.1237068	0.1323917
0.01190772	0.1248019
0.0815337	0.005659003
0.04603631	0.03236876	0.1293289
0.01165868	0.01700294	0.08257618
0.2842277	0.1204353	0.036107
0.09502537	0.2064646	0.198869	0.122499	0.04740866
0.007432749
0.005368442	0.02179061	0.04977064	0.1323847
0.01150106
0.08481189	0.02818619	0.1246477
0.01590388
0.09696085	0.01057097	0.01004036
0.04712251
0.1264974	0.2346083
0.1386428
0.01526316	0.1717178	0.05987711
0.02259678	0.08150648	0.009969397	0.1260084
0.07815825	0.02870275
0.1572276	0.04055622
0.0598305	0.02563247
0.05930087	0.003792428
0.05033174	0.09295294
0.05572754
0.1714068	0.04364846
0.07394668
0.04390883	0.06895994	0.05794432
0.07244014	0.08342766
0.081268	0.04234726
0.0938785
0.1841837
0.08322816	0.1310158
0.08513662	0.01675208	0.08073343
0.06136941	0.1850977	0.07823447
0.04293942	0.1636802	0.1130525
0.08379978	0.2315788	0.118968
0.03819486	0.1452594	0.09685194	0.2072168
0.2221891	0.05366063
0.1638712	0.1132322	0.2442221	0.1319461
0.1613836	0.05652858	0.04821797
0.03032108	0.04526001
0.0644486
0.06646194	0.02991927	0.149802	0.09664143
0.006170377
0.09680867	0.02605858	0.04764908
0.07123459	0.04807698	0.1682217	0.02957899
0.135291	0.01018894	0.02935401
0.0110705	0.06189287
0.004559803	0.1904741	0.1496491	0.01583349
0.03218637	0.2072304
0.1809372	0.1685782	0.03930478
0.1228923	0.1121612
0.1321922	0.1686632
0.1034134	0.1367678
0.1131491	0.1179075	0.07999702
0.03449094	0.04136376	0.1610903	0.1018794
0.05546867	0.1295435	0.07282436
0.04962998	0.1709012	0.0364917
0.09448072	0.004857946	0.1910531	0.05523123
0.07412252	0.1089826
0.2552581	0.1100058	0.1057775	0.1463873
0.1333545	0.07337273	0.2707519	0.1320326
0.1542319	0.1908199	0.143171	0.04852809	0.1283722
0.1559473	0.07899208
0.03715924	0.05742202	0.1205934	0.117487	0.0524949	0.1051032
0.1333308	0.2031409
0.1530815	0.1655845	0.02807164	0.04247518
0.1488289	0.01475997	0.1492186	0.04889038
0.06464816
0.03589222
0.03883039	0.1296854	0.05173141	0.003806648	0.1018127	0.09224738
0.1697397	0.1332712	0.1118711	0.1775863	0.0381698
0.2340911	0.01900729	0.1137814	0.02386674	0.03511531	0.01286644	0.108915
0.1712443	0.03048858
0.1135471
0.1929274	0.1837889	0.1244866	0.1316312
0.1653606	0.121451
0.07442138	0.08143599
0.08009748	0.03636497
0.06364478	0.09540483	0.06009032
0.09272614	0.1140596	0.2224443
0.1370034	0.02365557	0.0207776	0.236586
0.1118497
0.02706311	0.1795037	0.05039208
0.08072629	0.02484749
0.1476106	0.03445468
0.05266769	0.03065106
0.1992337	0.09097618	0.0744806
0.07737811	0.1011958
0.03582565	0.0180408
0.02705569
0.152257	0.0139613	0.2184192	0.1358247	0.01330796	0.03026382	0.004280003	0.1360787
0.2871516	0.2180428	0.07221588
0.1244997	0.01861466	0.1180484
0.05706738	0.0881197	0.035952	0.02469482	0.24635
0.0903064
0.1389673	0.04777387	0.1483475
0.0762069	0.1917614	0.07818753
0.1162872	0.1914611
0.1893415	0.03228326	0.05570374	0.1890711
0.3145768	0.08870263
0.1944729	0.05910442	0.004230242	0.1631167	0.04243327
0.08264003	0.03955757
0.1414851	0.02167703	0.2536921	0.139825	0.1572678	0.009847039
0.01946597	0.04821817	0.1602083
0.04120861	0.08810189
0.1025953
0.1286938	0.07381218	0.1080355	0.1900307
0.1072179	0.1932505	0.09639721
0.05864362	0.1577823	0.01652542	0.03839996
0.1133451	0.06224251
0.2677958	0.09358942	0.08711981
0.2291842	0.08775698	0.09436742
0.04159304
0.007800593	0.1059224	0.1439096	0.04000359
0.04710317	0.1298729
0.1299681	0.1192921
0.07855446	0.03944608	0.09043577	0.1286116
0.1624365	0.05563479	0.04840274
0.1190485	0.1037078	0.0165282	0.1326148
0.1745696	0.03691825	0.08368455
0.06895221
0.2287834	0.006003286	0.1766525	0.06345118
0.05492819	0.03018774	0.01244643	0.09960899	0.0549094
0.1721994	0.050998
0.09938639	0.04092313	0.1211826	0.01973561
0.06828469	0.03587745	0.01785788
0.1010027	0.02400927	0.0618916	0.08154139
0.08080002	0.06632782
0.02390197	0.08196283
0.2063559	0.06603621
0.005541333	0.01849612	0.0641618	0.06534809
0.1341515	0.124934	0.01947581
0.194111	0.1194094	0.1880478	0.04835218
0.08550646	0.1335104
0.01886489	0.07875273
0.0793533	0.05533533	0.03123958	0.1459258	0.1010761	0.1413235
0.09106552	0.1475673
0.04199421	0.007326038	0.142563	0.1487836
0.2886526	0.2363543	0.02437087	0.04311386	0.01499619	0.04236436
0.001015449
0.1625882	0.008610771
0.1367769	0.07352583
0.1710333	0.1833409	0.03385753
0.03649315	0.2761045	0.3164794
0.05305267	0.2280316
0.1414673	0.1753961	0.06898441	0.1350657	0.1003263	0.09823923
0.1106504	0.1892164
0.04558428
0.1837742	0.02980628	0.06318845	0.06735455	0.003102099
0.01952423	0.03733994
0.001851019
0.01274979	0.01434891	0.02347337	0.1413858	0.05302653
0.0455559	0.1480487
0.05505958	0.006572229
0.1073873	0.00253014
0.01687302
0.09542649
0.04719709	0.1038145	0.1123846	0.07903588
0.1497255	0.002133198	0.07552433
0.01122025
0.07024727
0.003453648	0.1153877	0.04195257
0.07872762
0.004779762
0.01509944	0.004982088
0.02808019
0.04352768
0.1420373	0.0188402	0.01214455
0.03735572	0.202181
0.0379867	0.1356877	0.002108544
0.005306928	0.1342473	0.0864484
0.03606672
0.1369535	0.04333739	0.02115826	0.008360963
0.06677387
0.02580983
0.04553368
0.0001103522	0.03379236	0.1564157	0.02135708
4.028105e-05	0.1018895	0.01773013	0.1059469
0.004791638	0.1277071
0.02935812	0.01721516	0.02981346
0.05680383	0.06858378
0.1190354
0.07947057	0.09517128
0.0170611	0.1162212	0.1551724
7.085371e-05	0.0008110482
0.06656877
0.01682065	0.1303603	0.09086857
0.08258026	0.1673835
0.1118499	0.1039333	0.1158587
0.06750018	0.02090865
0.01167371
0.1269232	0.1371264	0.02124259	0.07632869
0.1354162	0.08529389	0.2270263	0.1596088	0.2695638	0.07206151
0.1263718
0.1256873	0.1080899	0.0961901
0.1069987	0.07223813	0.0588594	0.1681341
0.2037135	0.02821414	0.03680423
0.005742406	0.02924066	0.04136993
0.08092157	0.05326609
0.06077323	0.1736606
0.06022934	0.1380082	0.07100817
0.05465579	0.1502198	0.02367546
0.1292583	0.001354239	0.0566947
0.01885425	0.02998714	0.02415283
0.1031948
0.07115357
0.09762861	0.08161037	0.04548999
0.06704099	0.05943048
0.1569821	0.03339061
0.04016681	0.1156906	0.08347614	0.1671222	0.04917419
0.09041472
0.1123436	0.0583455	0.02130261	0.2459988
0.08510931	0.04110323
0.1178031	0.07919377	0.06483826	0.05400028	0.1179209	0.05190937
0.01159411
0.002549504	0.01385346	0.07492712	0.04377647
0.02221425	0.03045178
0.01107057	0.1228728	0.01245089
0.2161892	0.07559863
0.0256127	0.06390241
0.04296265	0.07126612
0.07613479	0.03992697
0.0005494163
0.03465259
0.01328518
0.02320837
0.05199728
0.07747289	0.014295
0.07944652	0.01006679
0.04464238	0.044109	0.06875315
0.005924711	0.04446036	0.1117577
0.1400333
0.03538859	0.1275814
0.03765515	0.2034093	0.05272465
0.005743534
0.00236962
0.0128779
0.05050849
0.01942073	0.05719116	0.1567955	0.0525259	0.05286681
0.04089793	0.06516515	0.06317963
0.06975442	0.03381872
0.1276924	0.04248617
0.005029962
0.0244945
0.01631584	0.0982864	0.1194405
0.03912231	0.07989381	0.01007564
0.004788912	0.07848609	0.04706707
0.004450961	0.0511634
0.03192725	0.009250241
0.05408567
0.01568553	0.06556036	0.1426653
0.01381277
0.1430399	0.01360316
0.004820343	0.002179692
0.2853481	0.04194546
0.1384729	0.09173213	0.002226371
0.04130748
0.1423334	0.02955072
0.02838753	0.02068937	0.2880494
0.07265569
0.04121164	0.02728764
0.09433907	0.1943002	0.0841638
0.1089329	0.1183527	0.168326
0.04750629	0.005593732
0.03772424	0.1279851
0.08388388
0.105619	0.04160209	0.04819514
0.01306729	0.06964704	0.001646387
0.1072793
0.04596304	0.1592386	0.07054411
0.02145013	0.2622797	0.09950904
0.0567967	0.1143887
0.2025411	0.04679508	0.2626122	0.1287601	0.1121695
0.1034165
0.1727663
0.01907018	0.1329964	0.01029442	0.1475706
0.005292691	0.003632735	0.01392628
0.0228028
0.06941479	0.01673522
0.07524963	0.04376613	0.1009328
0.03671044
0.1084066	0.05681697
0.0939199	0.1294282
0.1639645
0.1009338	0.08885558	0.192814
0.06263397
0.0951484	0.06141755	0.1804285
0.2258202	0.06151776	0.07637702	0.1408324
0.02650843
0.07411097
0.01776941	0.01289392	0.135612
0.07894587	0.2063257	0.1066323
0.2358352	0.2343964	0.02769067	0.1689606
0.08167013	0.06833014	0.3096251	0.0431898
0.1139817	0.1731853
0.03937212	0.1406039
0.04686089	0.03111705	0.07235272
0.01938661
0.2182633	0.1491662	0.04521297	0.1968493	0.03244878
0.1106867	0.2409286
0.0763341	0.1602248	0.1814614	0.1421727
0.06465295	0.03748912
0.09502298	0.06802351	0.1283766
0.1512944	0.02491573
0.1379089
0.07306952	0.0737064
0.08973615	0.2344234	0.02069153
0.08127727	0.0671523
0.01663045	0.04786067	0.06148007
0.03423884	0.009798381	0.02190531	0.1275086
0.02223062	0.02869181	0.03077853	0.0527328
0.2157839	0.006315837	0.0924574
0.07839678	0.1848202	0.05000707
0.1065286	0.05407119
0.1004183	0.111336
0.06824084	0.1323684	0.2855777
0.225817
0.05988485	0.1341692	0.1890809	0.187841
0.04506572	0.07288025
0.06472682	0.1789444
0.2309522	0.02446481
0.0175091	0.03081875
0.04288242	0.07602349
0.111082
0.1001796
0.03154542	0.09798378	0.1475859
0.07672266	0.07003322	0.006697064	0.08295119
0.09508143	0.07530754
0.1779591	0.1002535	0.08589306	0.1819324	0.01090152	0.1070589	0.07833085
0.0616925
0.1364165	0.1502483	0.05762655
0.09721731	0.1747831
0.04561094	0.333099	0.1621601
0.07434107	0.1811527	0.07426316
0.1148996	0.2213017	0.2321062	0.02068431
0.2407257	0.08884674	0.2020939
0.1809931	0.2160214	0.05769081	0.1064619
0.1126765	0.2727751
0.2577669
0.2336161
0.2094801	0.2813752	0.07186557
0.1061423	0.2158903
0.01469448	0.1173478	0.1957347
0.1445053	0.02492642
0.142334	0.1545712
0.2163906	0.05680854	0.1400388
0.08398719
0.06367892	0.03141217
0.006718242	0.1279798
0.03461494	0.04761714
0.1550028	0.06995739	0.104287	0.1937146
0.1616031
0.1539818	0.1582352
0.16064	0.125882	0.1285885
0.09844137	0.1565153
0.1050189	0.1467892
0.09715935	0.1117213	0.0006014499
0.01748801	0.1224959	0.1070065
0.2341781	0.06502762	0.02779458	0.1402671
0.06630581	0.0660876	0.1707285	0.1114903
0.1121178	0.1187385
0.3440648	0.1276916	0.1349824	0.07840601	0.134655
0.3437212	0.2524697	0.02314474	0.09002474	0.03213053
0.04658531	0.2472939	0.06669018
0.004916104	0.163005	0.03047366	0.3835125
0.06224654
0.1131499	0.1139062
0.08407682
0.03606388	0.08030901
0.01919433	0.2108976
0.03081676	0.1187094
0.06238683	0.1338091
0.08163695
0.1447809	0.1408987	0.04106886
0.0698139
0.1167644	0.01835692	0.05547912	0.1416818
0.04762661
0.1154626	0.06616283	0.0009171202
0.1559581	0.007964358
0.06525709	0.0359354	0.0612625	0.1333997	0.1651102
0.1108456	0.1259233	0.1112945
0.03158971	0.04635847
0.03975491	0.04462825
0.08745216	0.002308994
0.01026303	0.2109393	0.139022	0.075172	0.03485865	0.06309958
0.135885	0.009252087	0.06712064
0.06286073	0.1513346
0.114954	0.1509432	0.1985881	0.2987369	0.04432285
0.1038284	0.2130201
0.007447063
0.33273	0.07926216	0.01710455
0.04524365
0.01418878
0.0611716	0.07880322	0.05356939
0.1088899	0.02766009	0.1015604	0.08012834
0.1492329	0.007667418
0.06846152	0.09941349
0.05314732	0.08538251	0.1135905	0.03505626	0.09750999
0.05515553
0.07067279	0.139291
0.07995614	0.1150985
4.462908e-05	0.1149323	0.01008948
0.09520897	0.03129661	0.05785092
0.09543242	0.1239101	0.07019905	0.004300804
0.1181948
0.06375721
0.08486895	0.1460231
0.02570866	0.02496153	0.08651123
0.2351312
0.02823905
0.08787178	0.109561
0.04826356	0.02548865	0.1817588	0.05404209	0.005876337
0.06480744	0.06176427
0.2092117	0.07484292	0.06502976	0.01323997	0.03038464
0.2157751	0.07322693	0.1312655	0.1813627
0.02328265
0.01482688	0.04856894	0.1866953
0.0683752	0.1072455	0.07909229
0.1765163	0.0425082
0.08457207	0.1404705	0.03140984
0.1495363	0.02454817	0.09940134
0.07014918
0.1181789
0.06722038	0.09159221
0.0176098
0.12893
0.114883	0.1853142
0.01958069
0.08162915
0.08293175
0.1424822	0.01377491
0.0485041	0.1067571	0.09356566	0.08123279
0.1088791
0.06818212
0.008760795	0.1125187
0.0454192	0.1440766
0.1794595	0.1906905	0.04628152
0.1069997	0.213652
0.1439073	0.06472016	0.05973626	0.2473913
0.03306125	0.198333	0.05948877
0.1667106	0.2590618	0.06690827
0.0596081	0.08133066	0.1070544
0.06233819	0.07849218	0.002827059	0.1240757
0.07767135
0.053875
0.0391056	0.1551914
0.1019613	0.1317703	0.06160732	0.1641703
0.03582292	0.01129814	0.1592783
0.09982902	0.07748679	0.1914607
0.1175732	0.1365778	0.2751562	0.07579609
0.08796804
0.07490801	0.1279644
0.07219416	0.2021789
0.07111822	0.1331262
0.06454743	0.09276944	0.05794253
0.06744581
0.01663155	0.07459294
0.03899843	0.08242686	0.1928865	0.03856113
0.04412815	0.1211795	0.05575846	0.1348354	0.07174147
0.170044	0.09650253
0.08664054	0.2059007
0.1621576	0.07204492	0.01072214
0.1914982	0.05455514
0.05647367	0.0795336	0.01354178	0.1764797
0.08777453
0.093775
0.3629347	0.119103	0.1573824
0.0879207	0.09805382
