ExtinctionRateChangeTimes
21.70501
0.7145264
45.46083	13.99191
25.22627
8.251433	23.16658	6.380624
52.38939	12.26422	2.548332	4.269568
37.62502	25.35589	11.20198
17.32733	27.61672	51.66592	8.487574
37.32598	14.23487	13.84035
19.05901
17.81294
46.54557	37.62209
15.36819
16.13714	10.059
44.11666	17.1791

17.6886
23.75362





43.48532	29.76069

27.79918	19.89282	8.651529
43.95363	25.2236




33.55265	14.05043
5.464659
8.509655	43.81128	6.316601
31.58298	48.954
7.48196

39.9763
52.54973
0.04151077
14.45594	51.0096

14.46391
35.26818	2.639102	27.15578
21.19115
25.32247
14.91118	28.67924
9.390404	3.33012
19.2616
28.64516
35.36098	24.50192
49.43514
32.59039	16.87229	11.58728	8.492059

41.08065	43.78465
48.49232
52.40918

55.03872

14.02824
2.11993

22.8844
29.5823
30.7381	6.904175
16.45328	8.093384	12.5631
47.99338
3.865562

30.42189	20.09049	27.39164
48.13796	3.284604	42.58958
46.50809	38.91525
49.47215	23.80409

40.55475
13.01654	29.7572	10.91326	26.80642
15.8611	27.04572	49.82106
55.96143	29.95221
47.86152
8.049152	6.421574
23.0083
15.43972
24.73995	9.309995
37.81455	51.92208	52.35839
25.79507	47.2973	48.28949
38.82881	42.72135	21.63025
3.036082



36.99184	19.16186	31.93905	54.02401

51.0112	29.64704	33.87682	40.39882
3.298287	15.32911	32.25518
36.67427	30.03578	2.475889
47.23509
19.14123	46.30864

42.91648	49.26529	32.23477
30.98307
27.9072
24.1292	2.128419
50.15109	36.02256	55.36497
20.64895	3.71702
39.48426	24.72909
13.46731	54.55453
6.791349	53.00905
6.239107	5.796659
15.32336
50.48702	51.05025
37.90316
40.48
53.87044
30.11903	29.68756
26.88964	10.50927	23.144	52.6002	54.83118
39.21793	13.43274	21.81954

28.20869	41.43241
8.924648
55.35802	25.13919

8.651616	2.951599
52.91898


47.80157	35.8104	19.58673	36.89322
36.66276	24.74464
34.51943	54.93917
9.334694	4.027083
53.76972
35.32654	55.04475	0.6504788
1.291003	11.16071
50.69105
50.86452
53.04751



41.52522	44.86737
44.31934	27.64515	31.80403
8.589677
14.55465	11.14761
0.476508
19.03246
5.39899	22.38854	3.012035



39.33743	24.32097

14.94714	37.29622
43.15975	35.82817	54.09757
43.5982	11.60742	40.12619	40.40223
46.41195
2.997063	55.14867

52.16257
44.94078
21.30802

9.143548
21.96558	0.4807869

39.12399	14.45088


15.23433
14.17692	7.866256
41.95461	16.57605


12.69233
3.623858	16.50641

0.9363899	46.7899	11.52867
1.95243	55.70652
28.72232
13.06187
28.44919	8.86008	46.80951
54.20664

55.72444	10.16274
8.325332
13.20092	20.16693	55.73106
13.84161
36.84971
28.97986	32.85963



44.83492

33.58425
21.44121

26.86961	25.05152

5.721983	2.401378	1.759404

0.4492847
20.82147
47.14569	7.363427
36.05873	7.457566	50.49833	0.236818
51.7241

15.91598	21.80485
27.4289	18.48327
22.30048
45.63048	20.69139	0.383642	45.75857
22.26117	40.35197
28.35482
12.45573	51.26808	2.00001
33.7072	54.58347

42.26808


30.03123
12.98918
10.95905
40.72391	25.15353	9.03302	26.43178
46.35934
35.04823

6.017445	49.33854	5.403794
51.67353	54.21695	42.46906

14.57522
38.87544
53.64702	20.26776	10.85445
23.62742	1.496296
9.195469
38.33667	42.96822
49.39301
46.64602
42.68745

25.94268
12.09895	41.33937
6.884409	42.47429	19.38068
23.6551
42.13037	1.834896
28.99663
3.667551	44.31723	34.84872	23.30341
55.38672
54.36974
11.95591
9.789506	55.45841	42.34613
14.36042
14.41121	36.20194
47.47496
26.34453
21.86045	39.89901
34.22154	29.07131	6.840034	10.13356
21.29833

50.98826	42.43396
7.928147
20.96796	27.91358
31.40396	15.3366	15.20437	34.26979
12.79934	27.91204
13.43559	45.6813
31.49436	48.46327	30.46956
38.3856	1.713802
2.768861	52.46736

45.04286	11.20437	52.6882	48.56118	51.39268
11.11435
37.82809	14.71048	20.10479	12.25661	35.88936
23.96285	46.49457
9.741627
36.39521
6.435844	42.67072
42.47401
3.649276	27.64396	2.013551
19.04191
41.03375	17.25766
28.61862	7.643193	19.94864
16.84497
9.310006	45.66939	43.88762
34.92171

7.975104	43.25282	5.766765
34.88775
24.49094	47.04917
55.14227	46.53976	12.50307
11.0442	26.74478	14.06935	0.9719567	3.60196
26.24509	53.133	0.7886475
8.264564	34.53606	53.29723	33.13793
29.55045	14.89173	10.98302
46.59662
34.7858
48.64124	8.788487
8.671854
22.1452

26.79005	1.850975	27.55952
7.557081	6.619086



53.84913	24.40472
14.02159	53.94846
34.76119
33.90295
46.6023

5.50348

47.90096
27.12266

19.71119	51.9114	51.86891	53.73473	41.26939
12.78951	3.439643
24.90816

41.52292	54.3273

17.12703
36.57335	55.87585
54.30098
28.92107	50.14685

46.08415
5.523677	0.8164767
52.87194	53.61721
50.24309	37.68122
13.02821	42.83138

27.52942	17.08247
26.90448
4.987212
5.078785
0.1480665
18.48477
48.23687	49.42058	37.82267	27.8179
12.451	4.810252
28.60598
17.92335
1.036075	22.18741
47.37323	16.91343	39.89886

40.4471
49.08671	17.98823



8.66251
0.8622567	33.34318	47.17985
28.58357	49.93511
17.78886	16.70651	12.63487
17.53962
4.166092
44.30698

6.558943
16.91012

3.591282

19.24019
40.28531
35.47643
17.10223	54.50982

36.72017
13.10859	48.41191
35.7851

47.09356	24.96645
16.21121
49.08653	48.41729	47.58958	47.33683
25.52732	3.544526	55.80279	35.57587
17.21743

44.2084	20.5961
44.27695
2.064817
3.113062	26.51488
45.65531
27.33822
32.99005	16.25013	36.90713	55.44737	54.79551
47.84495
22.15342	37.85466
0.9058339

43.01987	53.89781

52.70317	20.18018
34.12204	43.23023
51.2

27.3942	9.166461
46.10143	32.42313	43.3867
46.73837
36.54733	6.068988	20.56205	36.46405	29.9984
38.58524	47.16376	21.25109	46.21394
35.30923	28.31425
28.89025
22.99532
47.91374	44.6291
33.49788
29.77405
5.942755	48.1953

55.24737	44.2308
7.510513	33.69531

52.13193	50.14451	19.26404
21.49416	19.48907
5.569816
55.00689	44.01542
41.21069
35.26625
6.025623	41.85166
17.36334	22.55016
42.66475

23.58937
1.340222	18.3633
15.06132	4.943419
12.59324	52.08902	8.568425
17.1821
8.880359	37.34443
25.13385	38.45311
19.85468
11.26181	7.300409	6.092159
51.99601
33.88803	11.45654
19.86046

15.47459
24.72574	54.54429	21.83909	32.39552
22.52352
40.68738
31.67361
25.02492	52.27124
10.78479
43.47953	46.8245	34.7599
46.57351
23.0276	44.04308

47.27228	43.7755
28.04586
8.759486	27.0084

28.54479	23.29805

5.590535
26.6487	8.924529
15.30825	37.99655	27.87371	36.64781	5.6083	21.28957

13.23555	29.79644

52.68705


4.381655
26.0711
5.589702	50.48932
26.86731	49.96474	46.54123

47.34217	9.541822	9.857957
26.83033
12.67173	50.114
48.62723	12.26575	34.05593
31.6834
16.47349
47.32082	47.12882


14.91627
43.00722	22.25957


12.50452	9.187607	6.384595

33.82556	4.89744	41.15517
36.80257	52.48859

20.47908
36.64817	28.69957



1.784676	28.0849
23.97686	10.75058	0.450615

16.58475	32.66543	2.488535
49.56436	42.89299	27.34178
30.46578	21.33113

30.41264	28.30528
7.858199

4.559794
46.63866	10.54094	2.089855	37.10975
41.36615	0.6166592	46.27427

12.07959	5.743052	51.40337
51.6338	55.22544	42.22942
51.81785
10.20512
40.67601	32.21009
45.23819	22.54653
4.039211	34.38728
44.77924	22.95815	27.89786	1.164524

5.393816	7.753113	49.6371

21.66378	15.03107

15.47352	31.1863

43.83728

25.96759	18.247
12.03124	49.68024	2.176743
9.867833
3.31088
47.13891
29.31202
40.63439

20.2035

45.99574	55.26905
53.54594
44.92988


27.32936
51.19469	6.176315
28.95004	55.26203
25.60763	55.6511
47.87845	21.05731
42.25087	22.07166	55.39152
14.29132
9.203698	3.593132	20.22888
1.925161	18.16788
54.05271

7.418203	5.285457	35.44286

2.210166	27.62989
43.51115	26.80703	9.899749
2.183619	15.13512
40.06563
23.03791	28.62637	54.79561
31.56584
39.99991	18.72273
43.91906
31.6884
26.87574
8.426732	2.167293
50.08077	26.43352	28.84711
44.62131	28.26042
36.20342	22.69574
45.92586	35.5387	1.95859
17.72788
28.23759	8.701663	36.8951
43.55631	24.61321	13.73006
29.59486	13.21372	49.68734	42.97871
53.20595
25.02903	11.52551	32.06476	13.27955	45.24195
47.93192
35.9509	5.097772	43.1182
5.536491	27.79407	47.34094


31.0801	52.3475	5.448465	2.043272	22.36882
44.63552	21.84418	6.263798	39.40651
14.80736	15.12521	18.70609	8.854317	20.07717	55.3149
6.901194

19.21029	46.6601	9.28356
9.725533
49.17091
53.25684
22.36757	7.520015
24.41111	51.68869
13.3289	39.88842	34.01484

34.24238	45.54498
1.082371
24.34889
29.40497
18.40897	27.36771
8.811043
12.74843

20.39311	15.33294	39.45241	18.51648	24.52052	54.46504	16.656
51.75151	10.78731
28.51141	8.358342
28.73577	54.26327	47.38646	54.16239

8.688394	3.513778
26.12445	42.8184
25.46824
10.38899	28.23224	3.9952
12.21296
14.13651	32.86842	36.56483	47.13678
32.6767
15.05774	48.29957	53.72845	53.22177	44.99006
42.84404	30.34955
9.569358

11.33859	51.7904	36.61881
36.70031	33.53057
47.02678	24.24594	29.09996
23.70677
2.686597	38.24314
13.63871	39.13583

48.90269	28.02533	51.08822
13.72223
8.212092
45.65397	25.52669	11.18087
45.91228	3.347216
29.56705	14.01328	30.76223
7.747886	48.92799

12.06707	5.514082	52.20349
54.0452	34.85968	53.06745	7.954796
5.286443
18.98054	6.861837	49.6531
39.52427	12.11871
11.15364	41.88374	36.79852
39.64689
40.58579
2.070987
28.78984	50.64133	44.67092
28.37441	11.63876
40.12929	21.19863	6.893962
39.263
29.51335
39.63328	10.94656	33.70955	7.492904	5.913627
39.42708
48.50579	43.98059	44.1949
40.85708	0.4156915	46.11906	36.14157	21.61621

21.63097
15.52267
26.95241	9.480421
24.10276	31.437
1.68493
36.52091	44.48986	18.54284	44.50525	30.45596
47.87475

33.62661	29.80051	10.96228	46.57302
44.71248

10.71532	39.51285	23.61611	41.93233
32.27667
11.26731
23.55601


22.04772	2.262838	1.268731
8.772176	46.05077


31.45111	46.35184


55.26446


13.68062	11.30482
49.48721
29.30705	7.970132
34.99992	27.62587

39.57128	30.31235	11.24498



46.99711	28.26985	39.74793
13.56856	53.33953	41.87636
29.51157
11.9531	33.97734
19.56321

21.11103
11.70491	25.40813
0.6475179

25.48768	50.74999
40.45816
0.5598866	54.39491
16.21376

38.10461	32.8576	6.463344
6.186254	29.76179	40.02052	4.811605	21.0016

21.70848	26.57252
52.06194	34.08537	7.749634
19.37634	10.1649
20.5509	34.80748
9.832702
30.97511
47.50378	26.45948
41.53779	8.143222
3.213215	53.30487
41.52115	42.91202


44.08605	50.23843
36.93236
18.04807
7.551709	31.10762	0.2716824	21.00392

2.23381	51.53613	47.65326
34.10697
39.49701	33.58728	18.2973	42.1706	11.37347

41.1594	50.33244	28.1634
23.95982
35.77552	36.86451
13.7921
16.42776
40.71519
27.9387





17.06967
9.972932
18.93637	9.55616
17.41396	8.229146

21.62713
42.76972	18.36433




29.65743	16.7775	19.35464	43.4816
46.17371	11.49795
11.55493
1.19841


24.14304	43.24817
38.09588	20.89548
38.41591	41.03713
39.41076
35.4078

21.84213	51.17028

9.593605
33.21998
6.845194
27.85935	11.90542

9.567477
53.59527	43.03905

27.35619
32.70617	5.00884
40.72357	26.29456
44.16964
52.93651

53.43748	3.911302
42.46373	35.40949

1.846763	0.5852158
37.31304	33.81054
6.046925
22.11801	11.41703	15.75739	9.59086


45.10711	42.22165	31.16672
2.993826	51.7668

24.59692
38.69509	24.93966

6.469977
13.82665

37.5212	30.80159

35.09152	34.04867
7.416787	20.91808	2.952242


38.47843	25.57751
21.13801	17.9587
42.90496	2.50871	1.794776
25.75962	45.60655	4.458695
42.41646
29.85647
16.58717	29.52497

51.47024	14.73895	2.923476	0.5820733
37.47698
42.47348	21.11298	54.50546
32.14977
50.92194	50.09218
54.22467

50.68531
30.63169	49.99377
18.51082
1.0887	36.15565
44.89658	13.70058	42.05337
47.33669	54.70958	18.70362
18.66379	8.333383
46.83684	42.76313
29.25617
2.702617
50.70441	51.7797

2.524017	25.39654	39.30316
23.75017
30.45834
0.0224145
5.171056
22.48703


34.81829	36.69918
18.20631	39.29962	11.65688
44.58093
3.39383	53.4348	47.93912	6.710758	38.1463	28.62192

35.2359	8.50522
54.78675
41.25431	46.67006
9.61294	54.40308
32.95657	51.97378	53.05024
46.17569	40.43151
26.73015	15.71887	38.51449
23.25267


22.5441	53.17851
26.76182
25.8566	51.97412
46.87573
35.56037
52.19146	38.19163

18.72014
29.46642
46.26516
49.41938	31.61823	48.90932

44.7273
13.55018	38.55795
19.57803
10.76987
5.245707	53.10156
33.54015	53.6062
9.104126	51.17788	50.94629
38.51319	22.49487	29.36126
17.04217
33.86521	3.639582	55.82363	5.274001
45.3319	42.48874	10.15706	54.81087
44.43696	7.683407
23.91504	53.83714	52.16076

54.68034

31.53275
20.6464
6.238512
6.335199

37.12813	13.35473

16.51764	40.19811	40.14784

37.17869	27.80663
14.00186
15.50776	30.49513	14.07837	51.47404
26.89847	25.6172
36.66095
40.36952
27.869
25.56316	36.46354	53.62355	21.30115	27.97336
28.16285	25.18117
24.52096
22.62626	28.17565	52.02372	14.83187
31.28552

48.34834	5.726502


0.5390649	16.15915
4.368996	43.59561	23.54159
1.276263
6.93871
48.82111	4.30187	27.47127	0.3186049

6.697678
55.2154
23.32125	33.39499
14.25367	3.434784
31.99817	30.05564	8.12082


24.15687
11.83185	35.39209


43.43297
39.8416	29.71587	44.47794	47.90227
22.52727
23.41329	46.14105	8.54565	2.132708
10.75797	50.43427	3.218878

47.19428	2.503162
36.72441	13.83652
44.12577
46.58257	54.51752
21.12139	12.90871


24.16574


26.80146



14.41622
54.80764	51.33117	25.26203


29.15645
37.92647
27.37865	13.45436
43.12951
32.83217	55.24143	28.59876
31.16681	14.39392
43.2165	48.36303
34.83989	46.61313
35.67876	45.05422	37.639


26.9784
22.80246	6.817795	43.27616
47.85269	39.33157
26.85227	39.10477
36.16268	29.4007	46.43849

41.39578
19.66688
14.45291
27.491	52.36326

5.663318
14.32468	4.392034	42.85027
41.38608	1.972269	33.31886	47.3918
48.00254
25.12737
13.4986	53.38566
40.50476
32.73302	47.76428	23.41658


42.35024	7.768454
29.22309
