Iteration	posterior	NumSpeciation	numExtinction	numMassExtinctions 
100	-184.706723984125	1	2	3
200	-174.743761328461	1	2	1
300	-187.330352327856	2	3	2
400	-178.932788708245	1	2	2
500	-204.892277302115	6	4	2
600	-187.35561811252	3	5	1
700	-198.025280227594	4	4	3
800	-195.417370797051	4	5	2
900	-197.137898800149	5	4	2
1000	-184.950866089243	3	2	2
1100	-187.536279836885	3	2	1
1200	-187.38552491733	4	3	2
1300	-177.99298599562	4	2	0
1400	-185.988872939599	5	3	1
1500	-199.560209140384	4	3	4
1600	-186.003029107254	4	1	3
1700	-189.471065239643	3	2	3
1800	-185.592684414556	6	2	0
1900	-181.911489499466	4	1	2
2000	-187.355657828967	3	1	2
2100	-187.774827071456	5	1	1
2200	-177.448942340883	2	1	1
2300	-183.87020383189	2	1	2
2400	-180.304719158474	1	3	0
2500	-178.02973134995	3	1	1
2600	-198.434764496579	2	4	4
2700	-188.173134745145	2	3	2
2800	-184.162841474698	4	1	2
2900	-177.967111643101	4	1	0
3000	-185.378351527157	4	1	2
3100	-183.631128674033	2	1	3
3200	-196.88223896284	3	3	4
3300	-189.934481757828	2	2	4
3400	-199.902550107803	3	4	5
3500	-189.423790916242	2	3	1
3600	-185.93214862237	1	2	4
3700	-184.820093776482	6	1	2
3800	-176.873648012975	3	2	1
3900	-191.178801802992	2	2	4
4000	-193.542993704453	5	2	3
4100	-205.992837427786	4	3	5
4200	-188.131727728646	3	1	3
4300	-185.78093665654	5	2	2
4400	-189.39347407173	3	4	2
4500	-187.848439742047	3	2	3
4600	-187.442604599874	4	2	2
4700	-195.523978496624	4	3	3
4800	-183.347446595743	3	3	2
4900	-181.767084160681	3	2	1
5000	-183.305515331968	4	2	2
5100	-186.57049364929	3	3	2
5200	-197.337913758108	5	2	3
5300	-184.754979166076	3	5	0
5400	-177.968052603238	4	1	1
5500	-187.05707446985	4	3	1
5600	-177.871291222681	3	2	1
5700	-184.930764242804	5	2	0
5800	-175.61659682556	3	1	0
5900	-179.322801909192	3	2	0
6000	-183.857938636321	3	1	3
6100	-205.470829815159	6	2	4
6200	-185.088715016822	2	2	3
6300	-190.169320472001	3	1	4
6400	-184.518418870258	3	2	2
6500	-178.622097810736	2	2	2
6600	-194.541613235302	3	3	4
6700	-193.727433949529	3	4	3
6800	-175.445345318105	2	2	1
6900	-189.517892833932	2	2	4
7000	-183.519505955356	3	1	3
7100	-207.923550738337	5	4	4
7200	-195.18232589835	3	4	2
7300	-187.380817672285	2	3	1
7400	-178.931086640822	1	3	0
7500	-175.990369548141	2	1	1
7600	-193.179917589039	7	2	1
7700	-192.720390222167	3	5	2
7800	-182.65565178572	2	4	1
7900	-189.760760959109	3	3	3
8000	-202.990845002932	4	2	5
8100	-186.309506009847	3	3	2
8200	-185.718394347639	5	2	0
8300	-190.166603128198	3	2	2
8400	-185.326792336049	3	3	0
8500	-188.272209669896	1	4	2
8600	-198.193631115748	3	4	4
8700	-183.26460034115	2	4	1
8800	-175.175131886294	1	2	1
8900	-180.641173113203	3	1	2
9000	-199.963755311067	8	1	3
9100	-175.212894350446	1	1	2
9200	-189.554276572307	3	5	1
9300	-193.065304621385	5	1	4
9400	-190.821663228843	3	5	2
9500	-187.720884310087	2	4	2
9600	-196.729667188217	5	4	2
9700	-184.840780053609	5	2	1
9800	-189.655338285022	4	3	2
9900	-180.244292920613	4	1	1
10000	-189.613753397554	2	4	2
10100	-177.014386340788	1	2	1
10200	-175.358649182512	2	2	1
10300	-197.18861490005	3	3	5
10400	-182.809501515543	3	4	1
10500	-194.738361770426	4	3	3
10600	-192.195176439616	6	3	0
10700	-202.216727263683	10	3	0
10800	-189.574365551709	6	3	1
10900	-187.105887934318	5	3	2
11000	-180.461342890074	2	2	1
11100	-185.244165526434	4	3	1
11200	-191.169676790598	4	2	4
11300	-184.535894344681	2	2	4
11400	-180.322303175048	2	2	3
11500	-186.853747166532	2	3	2
11600	-199.479531656927	4	6	1
11700	-206.530856946311	5	4	4
11800	-179.731999473887	3	1	2
11900	-186.463438769735	3	3	3
12000	-186.907329349764	2	2	3
12100	-188.957620057763	1	3	4
12200	-180.892294367194	1	1	3
12300	-191.721488042975	2	3	4
12400	-190.911729643432	4	2	4
12500	-185.234944621748	4	1	2
12600	-185.272080096336	4	1	2
12700	-193.88878692346	1	5	3
12800	-187.917452444937	2	3	2
12900	-187.687476557381	2	3	2
13000	-184.664302448805	4	3	1
13100	-193.391112896702	6	2	2
13200	-184.389520615088	2	4	1
13300	-179.546833497667	2	3	1
13400	-178.006341386864	4	2	0
13500	-181.883460463514	2	2	2
13600	-192.96441525731	6	2	2
13700	-193.172073118352	4	1	3
13800	-180.851467467499	4	1	0
13900	-191.858463437781	2	1	4
14000	-182.502139409767	3	3	1
14100	-196.254106767655	2	4	3
14200	-178.009992137643	2	2	1
14300	-186.975860902472	1	3	3
14400	-184.591516423318	3	2	3
14500	-175.225424077162	2	2	1
14600	-200.314685653478	3	4	4
14700	-187.86503221735	5	1	3
14800	-179.811543299797	1	1	2
14900	-177.178622951581	2	1	2
15000	-198.534875397823	6	3	3
15100	-187.953045700756	5	1	3
15200	-181.580917839595	2	3	1
15300	-186.086383192965	2	4	1
15400	-193.567200073099	1	5	2
15500	-180.394613113795	1	2	1
15600	-185.491217806567	3	3	2
15700	-186.459380654357	5	1	1
15800	-177.743178527588	4	2	1
15900	-180.963538812215	2	2	2
16000	-182.60036252003	2	2	2
16100	-183.246585988412	4	1	1
16200	-177.121430058809	2	2	0
16300	-185.463417131275	6	3	0
16400	-183.233351661906	4	1	1
16500	-198.71505769532	2	3	4
16600	-187.949833213307	4	1	3
16700	-175.130664700074	1	1	1
16800	-196.544130483884	5	2	2
16900	-182.212248450477	3	3	1
17000	-191.014010957302	4	3	3
17100	-184.673952341654	5	1	1
17200	-171.886363005936	3	1	0
17300	-185.334695434261	4	2	2
17400	-199.006539622105	6	3	3
17500	-175.749461907593	3	1	1
17600	-184.971603637485	1	4	1
17700	-182.003168752212	1	3	2
17800	-182.753647613502	2	2	2
17900	-181.745834232605	4	2	1
18000	-183.037673235115	2	4	1
18100	-193.298606226314	4	2	3
18200	-182.204676798151	3	1	2
18300	-194.554899931293	2	3	5
18400	-190.289647334202	2	2	4
18500	-188.203952615361	2	4	2
18600	-182.293077727263	5	2	1
18700	-179.092322589566	2	2	1
18800	-183.831091222559	2	3	2
18900	-177.720482104537	4	1	0
19000	-177.030640816286	3	1	1
19100	-193.337592123373	2	1	5
19200	-190.445873468548	7	2	0
19300	-176.635697908971	3	1	1
19400	-181.322911679336	4	2	1
19500	-195.875654262908	4	2	4
19600	-191.649750458526	5	1	3
19700	-195.538908083928	3	3	3
19800	-189.600898468517	4	1	3
19900	-193.942448767126	4	4	2
20000	-182.09194035147	3	1	3
20100	-185.165300066358	6	2	1
20200	-198.217975064248	6	2	4
20300	-187.519626938354	4	3	1
20400	-207.586444337677	6	5	2
20500	-186.093936342435	4	2	2
20600	-175.106294163328	3	1	0
20700	-180.540333412847	3	3	1
20800	-190.455760805081	2	3	4
20900	-187.471764508988	4	2	2
21000	-193.660504698895	3	5	2
21100	-188.093571484564	4	3	2
21200	-188.59000740924	3	2	3
21300	-205.528399587312	4	4	3
21400	-186.720567472955	3	3	1
21500	-182.275149273447	3	1	3
21600	-193.03378237588	2	2	5
21700	-177.637684013012	2	1	2
21800	-183.9002500187	2	1	3
21900	-189.63808932224	3	2	3
22000	-185.28002077914	5	2	1
22100	-183.964306414642	5	2	0
22200	-192.69457822458	1	5	2
22300	-184.091910963256	5	2	0
22400	-186.470429797889	4	2	2
22500	-179.352370880367	4	1	1
22600	-193.227676431867	5	4	1
22700	-186.997188631498	3	4	1
22800	-175.468980305131	2	1	1
22900	-184.311944165007	2	2	3
23000	-177.500624544736	1	2	1
23100	-188.59049634761	2	4	1
23200	-194.224039036565	1	3	4
23300	-191.416454374327	4	2	3
23400	-190.817984287639	5	3	1
23500	-198.295854739524	5	2	4
23600	-200.645845023692	4	2	4
23700	-186.443742450295	3	2	2
23800	-180.877708748514	3	1	2
23900	-183.894067212471	1	2	3
24000	-187.780204056262	3	3	1
24100	-202.338244339547	2	4	5
24200	-184.10064274931	2	2	2
24300	-195.225595802565	1	3	5
24400	-192.956552199488	1	2	5
24500	-194.718646028357	2	5	3
24600	-186.872877542232	3	2	2
24700	-185.141236418845	4	2	2
24800	-178.53957858221	3	2	2
24900	-183.050697710834	2	4	1
25000	-187.087660100453	3	2	2
25100	-184.892371890853	5	3	0
25200	-190.035455615556	5	2	1
25300	-178.339559675955	2	2	1
25400	-189.561937493603	3	3	2
25500	-196.628228195042	3	5	2
25600	-186.122080523412	3	2	2
25700	-195.983756815952	4	1	4
25800	-194.562091269513	1	3	3
25900	-177.468469377	1	2	1
26000	-196.289407124309	5	3	3
26100	-204.405134217952	5	5	2
26200	-184.498064839108	1	3	3
26300	-187.772917127781	2	3	3
26400	-187.844412264508	1	4	3
26500	-208.19686403483	3	3	6
26600	-184.554670339881	2	3	2
26700	-177.994449153146	1	1	3
26800	-194.474990963447	2	6	2
26900	-184.6942175047	3	2	2
27000	-197.708855070657	4	6	2
27100	-176.034568965003	2	3	1
27200	-190.598836865477	3	2	4
27300	-175.438407840054	1	2	0
27400	-196.314299067742	4	3	3
27500	-185.392668109452	2	2	3
27600	-193.418701499591	5	4	0
27700	-186.770094172163	4	2	2
27800	-182.65511709876	3	3	1
27900	-194.929040333056	4	4	0
28000	-195.802049845085	4	2	4
28100	-192.44524979094	5	4	2
28200	-185.76850616235	4	2	2
28300	-186.541376709174	2	1	1
28400	-187.3388643428	1	4	2
28500	-188.488984205148	3	2	2
28600	-186.591183074678	1	3	3
28700	-189.938084692017	3	4	1
28800	-201.662723684955	1	6	4
28900	-186.430388639441	3	4	2
29000	-188.251348286729	2	5	1
29100	-190.183964951199	2	4	2
29200	-190.710452856042	2	2	4
29300	-185.807743905731	2	2	3
29400	-195.557409119543	2	3	3
29500	-182.313266118879	1	2	3
29600	-199.549879483853	2	2	5
29700	-194.598400846495	6	1	3
29800	-200.64604738018	6	4	2
29900	-186.803427078453	5	3	1
30000	-186.795253459793	6	1	2
30100	-179.6157394451	3	1	1
30200	-186.732551996725	5	1	2
30300	-195.015362908503	4	3	3
30400	-205.295371795869	8	3	3
30500	-194.947573188763	4	2	3
30600	-183.457286826087	1	2	2
30700	-184.470143287524	4	2	1
30800	-192.87083080779	5	1	4
30900	-180.567863938835	1	2	2
31000	-196.013628602676	1	1	6
31100	-189.908075417439	3	2	2
31200	-184.484566716169	1	2	3
31300	-179.343997376062	2	1	2
31400	-207.609764395834	4	6	4
31500	-197.199463888341	2	3	5
31600	-185.285643201931	3	2	3
31700	-185.153563212673	3	1	3
31800	-190.846940463594	3	3	3
31900	-180.068638977173	2	1	2
32000	-184.832427002831	4	2	1
32100	-187.442581869731	4	3	0
32200	-176.169388425635	1	2	1
32300	-184.041811415243	3	3	0
32400	-185.651733685256	3	1	3
32500	-181.298872441137	1	2	3
32600	-203.256838025322	2	3	6
32700	-188.416264031785	2	3	4
32800	-190.809436169731	3	3	3
32900	-190.93958342346	4	3	3
33000	-186.095073080095	5	1	1
33100	-189.650699312384	4	3	1
33200	-185.569592719722	2	2	3
33300	-190.404540649372	7	2	1
33400	-179.835661426021	2	2	2
33500	-192.605309076729	3	2	4
33600	-188.167006771491	3	2	3
33700	-189.116289039776	2	5	2
33800	-182.088446186378	1	3	2
33900	-183.846794282451	1	2	3
34000	-182.823271382822	1	2	3
34100	-189.155070416366	1	3	4
34200	-184.806873401194	1	4	2
34300	-186.621687242325	2	1	4
34400	-183.783998854727	5	2	1
34500	-188.260338570393	3	3	2
34600	-181.561760101314	2	1	3
34700	-181.921445832228	3	1	2
34800	-181.376925475023	2	1	3
34900	-189.720088017561	4	2	3
35000	-191.03556237386	5	4	2
35100	-188.569718583331	3	3	2
35200	-187.245502688639	2	4	1
35300	-183.805629727575	3	2	2
35400	-201.320920875318	7	2	2
35500	-185.438949391826	3	2	3
35600	-181.660166532451	2	1	3
35700	-180.541850716551	3	2	2
35800	-194.4370559525	5	2	3
35900	-186.391270692269	5	1	2
36000	-183.921140301566	4	2	0
36100	-192.753280563753	5	1	3
36200	-184.712302375067	4	2	1
36300	-181.894185124889	1	2	2
36400	-180.460698744662	2	2	2
36500	-184.05241584376	3	3	2
36600	-178.110178842405	1	1	2
36700	-194.035063977543	1	2	5
36800	-195.258428819262	6	3	2
36900	-190.454983326359	3	2	3
37000	-175.155280734815	3	1	2
37100	-195.872216586034	6	3	2
37200	-185.048930791133	2	2	2
37300	-190.62848946014	2	5	1
37400	-195.797304703871	4	5	2
37500	-198.358212107341	3	2	5
37600	-182.920840173575	4	1	0
37700	-196.195869709816	5	3	1
37800	-181.811146853221	3	2	0
37900	-179.752038620452	4	2	0
38000	-203.315794200748	7	3	3
38100	-185.271980268521	2	2	2
38200	-177.474130608212	2	2	0
38300	-191.215076814979	2	6	1
38400	-193.443160679468	4	2	2
38500	-193.674434338538	4	3	2
38600	-180.455176389286	2	2	2
38700	-183.201012694139	7	1	0
38800	-180.249766483562	5	3	0
38900	-191.374692189057	2	1	3
39000	-189.459158558717	1	3	3
39100	-181.675713606946	2	3	0
39200	-189.477877519909	7	2	0
39300	-179.176027938931	3	1	1
39400	-184.982880650259	3	3	2
39500	-183.851017058888	2	4	1
39600	-180.257786328174	2	2	2
39700	-211.143165269304	3	6	5
39800	-191.57677068634	3	5	2
39900	-178.860567023703	1	3	2
40000	-191.069022851542	1	2	5
40100	-180.580884769846	1	2	2
40200	-184.18078840913	2	3	2
40300	-181.682045056667	2	2	1
40400	-179.766272700946	1	2	2
40500	-193.580179954294	2	3	3
40600	-189.106736056393	6	1	2
40700	-202.475348209439	3	3	5
40800	-188.580004824436	3	3	2
40900	-182.505294789593	6	1	1
41000	-195.999702281572	3	4	3
41100	-202.114138231848	4	3	5
41200	-181.68096702896	3	2	1
41300	-183.082477136483	3	3	1
41400	-188.110616903358	4	2	1
41500	-186.897473946298	2	2	2
41600	-192.114032017335	1	3	4
41700	-192.64786249524	3	3	4
41800	-184.982623635531	2	2	4
41900	-195.101347507113	4	1	4
42000	-181.992327687098	3	2	1
42100	-203.772809966923	6	3	3
42200	-188.600653523746	4	3	1
42300	-186.650048967098	4	4	1
42400	-191.913353549757	7	2	0
42500	-194.341488183749	7	3	0
42600	-189.09206865356	5	3	2
42700	-193.260689269742	7	2	1
42800	-191.636822475791	5	4	0
42900	-183.178720493504	5	2	1
43000	-183.219165267853	3	3	0
43100	-176.370460443187	2	2	1
43200	-190.102810420707	2	1	5
43300	-179.444060189719	3	2	1
43400	-198.089500954512	3	5	3
43500	-178.01286787025	2	2	1
43600	-189.370401322955	3	2	3
43700	-184.042556531983	3	2	3
43800	-185.911862216536	3	3	2
43900	-179.430795902968	3	2	1
44000	-196.539629573909	5	4	1
44100	-197.25090272138	6	2	2
44200	-189.188872631537	3	3	3
44300	-184.648797772845	3	1	3
44400	-186.435175241956	5	3	1
44500	-190.462155944158	5	2	3
44600	-199.746315540959	5	3	4
44700	-177.60946995062	2	1	1
44800	-184.759258935852	1	3	3
44900	-182.603931287818	3	1	2
45000	-181.801189784234	2	2	2
45100	-185.044517479022	2	3	2
45200	-204.895948039815	5	7	1
45300	-178.640336856035	4	1	0
45400	-178.938423036192	3	3	1
45500	-176.65122667385	3	1	1
45600	-192.62468845341	5	2	3
45700	-177.640165113797	1	1	2
45800	-174.059784963737	2	1	1
45900	-184.227111568918	2	2	3
46000	-183.504208024784	2	2	3
46100	-195.967262851739	6	3	3
46200	-189.065319071039	4	4	1
46300	-187.609055774237	3	1	3
46400	-183.961997317617	1	4	2
46500	-178.570000571913	3	2	1
46600	-192.987605310887	5	3	2
46700	-189.176147278174	5	4	0
46800	-191.725472304268	5	2	2
46900	-184.059282622017	3	2	2
47000	-184.307143195629	4	3	1
47100	-179.976605042444	2	1	2
47200	-191.860096637743	2	1	5
47300	-184.25991084882	2	2	3
47400	-185.973478231498	4	3	2
47500	-182.402078960532	3	1	3
47600	-175.245233362956	2	1	2
47700	-192.476749830208	3	4	3
47800	-179.230781228706	2	1	2
47900	-195.710172228938	3	4	3
48000	-185.424661297128	2	3	2
48100	-184.393123993736	3	1	3
48200	-190.781946687771	6	2	2
48300	-187.743428131672	1	3	3
48400	-187.379650791791	3	1	4
48500	-182.923974852624	4	1	2
48600	-185.071507192624	1	1	3
48700	-185.68385514159	3	3	1
48800	-191.30306678744	5	4	1
48900	-194.398544752647	4	1	4
49000	-194.164091499602	3	4	0
49100	-181.588154484522	2	4	1
49200	-177.404605605038	1	3	0
49300	-179.736251392626	5	1	1
49400	-205.578605906812	6	3	4
49500	-176.447701035154	4	2	1
49600	-175.01416462321	4	1	0
49700	-187.829658699646	4	2	2
49800	-203.055047150289	6	5	2
49900	-191.460507817173	6	4	0
50000	-181.59439036895	4	1	1
50100	-189.38092564458	5	4	0
50200	-190.731916078587	3	4	2
50300	-186.676510177444	4	2	1
50400	-177.453356565265	2	2	0
50500	-185.034779198021	3	3	2
50600	-184.628349701388	3	3	2
50700	-196.429241148245	1	3	5
50800	-208.286909315451	5	5	2
50900	-171.862393956722	2	1	0
51000	-191.898202827986	6	4	2
51100	-179.166303317138	4	1	2
51200	-182.159649842547	2	3	2
51300	-182.207681880783	3	1	2
51400	-199.774161255902	2	3	5
51500	-183.143352481911	3	1	1
51600	-182.896195057234	3	2	1
51700	-190.167562332869	1	1	5
51800	-192.539968057628	2	3	3
51900	-197.184982820233	5	4	2
52000	-194.325009790202	7	2	1
52100	-187.406465541256	5	2	1
52200	-173.78187706603	3	2	0
52300	-172.659955483682	3	2	0
52400	-179.671635719653	2	2	1
52500	-186.611935240745	6	1	1
52600	-182.540116238365	5	2	1
52700	-189.106135077067	5	1	3
52800	-182.561134269393	2	3	2
52900	-184.150944913423	2	2	3
53000	-201.226319309895	2	2	7
53100	-184.546774750602	4	1	2
53200	-183.138081740589	3	1	2
53300	-190.522748899432	4	2	3
53400	-184.575143964062	4	3	1
53500	-180.067089878112	3	3	0
53600	-184.835581232144	2	3	1
53700	-183.431216680734	2	3	1
53800	-198.092489663485	2	4	4
53900	-187.017686254635	4	2	2
54000	-182.095168086143	1	4	1
54100	-195.823009457721	1	3	5
54200	-199.294885455495	5	2	5
54300	-182.090358120906	2	1	3
54400	-194.409722287889	5	4	3
54500	-187.987917592001	4	1	3
54600	-184.446256225836	3	3	1
54700	-184.519601823649	3	4	1
54800	-195.548502788118	6	3	2
54900	-179.710281584542	3	2	1
55000	-195.654287212909	3	4	2
55100	-183.281706645071	3	2	1
55200	-208.586507092848	3	3	4
55300	-177.76047154141	2	2	1
55400	-182.053736145575	2	2	3
55500	-182.202711775667	3	2	2
55600	-196.384706934568	3	3	4
55700	-187.105620177083	1	4	3
55800	-183.465329191315	3	3	1
55900	-180.863094053539	2	3	1
56000	-189.080199836932	3	4	2
56100	-190.164776746466	4	2	3
56200	-185.534657996367	2	4	1
56300	-192.292200057797	4	4	2
56400	-198.842129925395	3	5	3
56500	-183.951839444039	4	2	1
56600	-205.962654504462	3	6	4
56700	-185.600677958741	2	2	2
56800	-192.933804671427	3	4	1
56900	-203.748478191059	5	4	4
57000	-186.017306796511	2	1	3
57100	-189.509734615047	3	1	4
57200	-191.393360237493	1	6	2
57300	-198.342490069522	2	5	3
57400	-201.50322763656	3	7	2
57500	-184.986274688949	5	2	1
57600	-189.283460672695	4	1	2
57700	-180.661366693939	3	4	1
57800	-184.592014604119	4	2	2
57900	-199.002283489973	3	2	4
58000	-182.451474137188	3	2	2
58100	-187.599651235797	1	3	3
58200	-186.107329507416	1	3	2
58300	-194.037222433369	1	4	4
58400	-179.453344442858	2	1	2
58500	-192.596407921264	1	3	4
58600	-183.7277774703	4	2	1
58700	-192.082379614214	3	2	4
58800	-185.04602335368	4	2	2
58900	-187.056013876715	4	3	1
59000	-180.591903277439	3	2	1
59100	-195.99632396547	5	2	4
59200	-187.550544189776	5	1	3
59300	-225.016129925885	7	8	3
59400	-187.676591797283	3	3	1
59500	-194.629584167208	3	3	3
59600	-189.79512752152	2	5	2
59700	-183.100130174926	2	1	3
59800	-206.939038247151	6	3	4
59900	-194.54244030823	4	3	3
60000	-188.833999050741	2	2	3
60100	-188.477905204851	1	4	3
60200	-191.365351774829	3	2	3
60300	-187.332001057233	1	5	2
60400	-195.854921429902	4	2	4
60500	-199.417424846808	3	6	2
60600	-186.595855141311	4	3	2
60700	-184.402619219858	2	2	3
60800	-186.085418751238	4	1	1
60900	-189.964974667884	4	4	1
61000	-187.221969708055	4	3	0
61100	-189.297371913541	3	4	2
61200	-190.187220887236	3	2	3
61300	-187.378827098475	3	3	2
61400	-180.50848544229	2	3	1
61500	-179.50519501018	2	1	1
61600	-179.436453549058	1	4	1
61700	-181.455522157268	1	2	3
61800	-186.491626033076	3	2	3
61900	-195.190338264401	1	4	4
62000	-192.299846954844	5	3	2
62100	-192.00299404114	6	4	1
62200	-200.814377656566	8	3	2
62300	-177.953732021745	6	1	0
62400	-194.566256474301	8	4	0
62500	-204.511812114483	5	5	4
62600	-191.720889827217	9	2	0
62700	-195.014384557916	6	4	2
62800	-192.949629223987	6	3	1
62900	-208.295665752667	5	4	4
63000	-179.107041214407	3	2	1
63100	-192.458455845418	4	2	3
63200	-186.780022888803	5	2	2
63300	-192.752862513387	2	4	3
63400	-178.961435625242	2	3	0
63500	-183.431161336788	2	4	1
63600	-194.095489298519	4	2	3
63700	-178.349846031389	4	2	0
63800	-188.88634543244	2	6	1
63900	-211.349503960162	5	2	5
64000	-188.907953323008	2	4	2
64100	-197.650445225106	2	6	2
64200	-191.198479880336	4	1	3
64300	-206.951758369763	8	2	2
64400	-189.850913047555	5	2	2
64500	-188.396772961104	2	3	2
64600	-190.455269799033	2	3	2
64700	-195.10265095003	2	2	5
64800	-214.480369314386	4	6	5
64900	-186.077939204292	5	2	1
65000	-190.255831030529	5	1	3
65100	-191.713420089094	3	5	2
65200	-178.330765480694	3	2	1
65300	-176.600465081045	3	1	2
65400	-192.493116959222	5	5	1
65500	-175.522369083886	3	2	0
65600	-184.850060218374	3	2	3
65700	-187.130013388243	4	2	3
65800	-183.864702994229	4	1	3
65900	-183.909331548408	5	1	1
66000	-187.290819894602	3	4	1
66100	-188.336986080478	5	3	1
66200	-181.969304220904	3	1	3
66300	-178.332556457134	3	1	1
66400	-178.574135776027	2	3	0
66500	-195.320348564523	4	1	3
66600	-179.92792443583	6	1	0
66700	-180.023132906269	4	2	1
66800	-177.877564867286	3	1	1
66900	-187.763517333719	4	1	3
67000	-181.708340408272	4	3	1
67100	-179.264395404795	2	2	0
67200	-192.15290891074	4	3	2
67300	-188.292398212847	2	3	2
67400	-180.517610632976	2	1	2
67500	-185.043373050819	2	4	2
67600	-182.933471784503	4	1	2
67700	-185.31741922809	5	1	2
67800	-182.092916129768	3	1	2
67900	-188.281059361501	4	4	1
68000	-182.242488889737	2	4	1
68100	-198.161745503059	9	2	1
68200	-176.542710803111	3	3	0
68300	-194.579550622384	6	2	3
68400	-180.260186900632	4	1	0
68500	-179.76964895843	3	2	1
68600	-192.449784311309	2	3	4
68700	-185.363532498549	4	2	2
68800	-187.360265464825	6	1	1
68900	-187.354402337814	3	3	1
69000	-194.289253047568	3	2	3
69100	-187.112223876948	2	3	2
69200	-179.389011084146	1	2	2
69300	-183.978990699401	3	1	2
69400	-196.217983445926	7	4	0
69500	-200.447633423448	3	6	2
69600	-175.139876346242	1	1	1
69700	-199.793443514299	4	3	4
69800	-195.8473390449	4	4	3
69900	-194.183939723009	3	3	4
70000	-202.983382464364	8	3	2
70100	-176.625083820544	3	2	2
70200	-176.926081870806	3	2	1
70300	-184.854068558149	2	3	3
70400	-196.900859388609	4	3	4
70500	-193.355135550389	2	3	4
70600	-189.51304374398	1	3	4
70700	-177.071787047048	2	1	2
70800	-193.742693118956	1	1	6
70900	-186.08357884941	2	3	3
71000	-178.917168077524	3	2	2
71100	-185.545611903102	4	2	2
71200	-187.075135632272	3	5	0
71300	-186.597558547994	6	1	1
71400	-182.215829187549	2	4	0
71500	-184.223689990261	4	2	2
71600	-203.390442341217	3	6	3
71700	-183.445755634695	2	1	3
71800	-185.925780053823	5	4	1
71900	-185.741669064382	5	2	1
72000	-182.838479786236	5	3	0
72100	-183.824849260403	6	2	0
72200	-181.237137210596	5	2	1
72300	-190.639001820973	7	2	0
72400	-186.512032622806	5	2	1
72500	-177.879920466492	4	1	1
72600	-175.982904948233	4	1	0
72700	-191.621217171535	3	1	4
72800	-179.122673206702	4	1	1
72900	-172.187777891707	3	1	0
73000	-191.578783578397	3	2	4
73100	-185.177968840475	4	2	2
73200	-182.591408654138	4	3	1
73300	-190.728340535627	5	3	1
73400	-180.930400214515	4	1	0
73500	-184.871216218289	3	2	2
73600	-193.629077805297	4	3	2
73700	-177.616441040409	2	1	2
73800	-181.502321544475	4	1	1
73900	-184.175589835292	3	1	3
74000	-178.317379055414	3	1	1
74100	-203.100433998184	6	5	2
74200	-182.933278511214	2	3	1
74300	-181.229484955773	4	2	1
74400	-180.494326162045	4	2	0
74500	-192.211502775738	7	1	2
74600	-189.803766865315	5	1	2
74700	-188.894128273575	3	3	4
74800	-181.98582369402	3	3	1
74900	-197.208562317454	5	3	3
75000	-183.907516483644	4	2	1
75100	-175.537825645532	3	2	1
75200	-172.988548658818	2	1	0
75300	-186.267716281935	6	3	0
75400	-181.992535883609	3	1	3
75500	-186.397769963219	3	2	2
75600	-180.095835542232	2	2	2
75700	-179.257936190959	5	2	0
75800	-189.325986467041	6	3	1
75900	-185.144699211456	6	1	1
76000	-187.428757707449	3	2	3
76100	-187.245659132383	1	3	2
76200	-184.56725266391	3	1	3
76300	-185.016914340078	2	2	3
76400	-192.465823915218	2	3	3
76500	-202.376494463396	3	3	4
76600	-196.981635789475	2	2	5
76700	-192.479457254593	3	2	3
76800	-181.749804288967	2	1	2
76900	-191.953402343056	1	3	5
77000	-193.337418040004	4	3	3
77100	-191.619676912843	3	1	4
77200	-197.777333415524	2	3	4
77300	-200.506508640858	5	3	2
77400	-187.359293571137	2	2	4
77500	-198.003375017459	5	5	1
77600	-183.29464565538	2	1	1
77700	-179.56746930009	2	1	1
77800	-199.398741793337	4	4	3
77900	-186.97084175164	5	3	1
78000	-177.148906362062	3	1	1
78100	-192.71845655787	3	2	4
78200	-180.602536561804	2	3	2
78300	-177.731972485411	3	1	1
78400	-179.306520485658	2	2	1
78500	-187.331431040359	1	2	4
78600	-178.905145864877	3	1	1
78700	-189.657434929109	3	3	2
78800	-195.844108112693	5	1	4
78900	-197.692133427773	5	3	3
79000	-188.374514057416	1	4	3
79100	-189.497007696444	3	1	3
79200	-200.054311196783	6	1	4
79300	-192.146258410202	2	3	4
79400	-185.350684631805	3	3	1
79500	-190.572534241957	2	4	2
79600	-189.237276225821	2	4	1
79700	-191.160849129396	4	2	2
79800	-179.340964743538	1	2	1
79900	-197.361741714064	7	3	2
80000	-192.442576204357	4	1	4
80100	-201.864395456173	7	5	1
80200	-185.088754208898	2	2	2
80300	-190.034559152928	4	4	1
80400	-193.319648329684	4	2	4
80500	-176.05863110122	1	3	1
80600	-191.903646882226	3	2	4
80700	-185.897330708731	4	1	2
80800	-183.815876145348	4	2	2
80900	-196.672293866242	4	3	3
81000	-193.82353413038	4	2	3
81100	-223.758174019892	3	3	9
81200	-187.126797221858	3	4	2
81300	-193.850645626367	4	4	3
81400	-187.03487678095	3	3	2
81500	-181.726227074843	1	3	1
81600	-184.469533230471	5	2	1
81700	-186.479668171456	6	2	0
81800	-192.315409773999	4	3	2
81900	-185.12919752092	4	1	1
82000	-198.745403591837	6	4	2
82100	-186.469771713827	2	2	3
82200	-189.523634519657	4	2	2
82300	-198.172414573256	2	2	6
82400	-189.529770416642	1	2	5
82500	-176.132016134375	2	2	1
82600	-179.744838099156	1	1	3
82700	-187.405071194214	2	1	4
82800	-184.715526151204	3	3	1
82900	-207.842565871207	7	4	4
83000	-179.083544525897	2	2	2
83100	-193.640123767146	2	7	0
83200	-195.742523938929	2	1	6
83300	-186.367158076285	2	3	3
83400	-187.119044213907	3	2	2
83500	-186.864348486921	2	3	1
83600	-188.817933709511	2	3	2
83700	-190.120504703925	2	4	3
83800	-184.741589161217	4	3	1
83900	-197.294650761965	5	4	3
84000	-180.804264479762	3	2	2
84100	-189.015256338655	4	1	2
84200	-182.672562168558	3	1	3
84300	-184.276714302236	3	3	2
84400	-194.301900834611	3	2	4
84500	-198.858451868838	6	3	3
84600	-179.643977908021	2	2	2
84700	-178.643268258315	1	2	2
84800	-191.36589792969	4	3	2
84900	-187.414778649282	2	1	4
85000	-183.473603838465	2	2	2
85100	-188.44869894875	4	2	2
85200	-183.164514904659	2	2	1
85300	-190.652420976898	2	4	1
85400	-178.820168536301	3	1	1
85500	-188.841534625415	5	2	1
85600	-188.881064554799	3	3	1
85700	-191.043806766322	5	2	1
85800	-192.804415942393	4	2	3
85900	-180.746624091607	3	3	1
86000	-194.454479962822	4	3	3
86100	-190.457620668479	1	4	3
86200	-191.994028840024	2	4	3
86300	-203.552688463278	5	2	5
86400	-196.395168639415	2	5	3
86500	-206.950027496283	4	5	3
86600	-187.495445218301	2	3	2
86700	-186.953625270009	2	4	1
86800	-186.464555282709	1	1	4
86900	-188.114850350231	2	2	3
87000	-179.960520621447	2	1	3
87100	-176.204813114899	2	2	1
87200	-188.561360099052	1	2	4
87300	-177.754664013305	2	2	1
87400	-180.784672343428	1	2	2
87500	-191.309858704667	5	1	3
87600	-185.543817126833	3	3	1
87700	-177.170596078895	3	1	1
87800	-183.599611243523	3	4	0
87900	-178.38766586807	4	1	1
88000	-186.328954005061	4	3	1
88100	-190.207385801604	3	2	3
88200	-186.61651214156	3	5	0
88300	-197.149330172268	5	3	2
88400	-201.292396045065	6	2	3
88500	-195.263080408564	4	2	4
88600	-188.610771684953	2	2	3
88700	-202.721191442823	3	6	4
88800	-191.805013526035	2	3	3
88900	-181.348153751514	2	2	2
89000	-195.432735264368	3	5	1
89100	-184.932634241472	3	2	1
89200	-180.574124042807	4	1	2
89300	-195.753400396833	7	3	1
89400	-174.785722715063	4	1	1
89500	-175.622585047852	3	1	1
89600	-188.922030131727	4	3	2
89700	-184.061292552123	4	4	0
89800	-183.97997731182	3	2	2
89900	-186.508660171279	2	2	2
90000	-190.097584488151	1	5	2
90100	-188.228115717091	2	1	4
90200	-181.730742884168	2	2	1
90300	-183.277912419984	1	2	3
90400	-191.68058365409	4	3	3
90500	-182.710230917043	2	3	2
90600	-195.843537278787	4	4	2
90700	-186.025303658118	3	1	3
90800	-193.203340760439	4	1	4
90900	-185.279739168416	2	2	3
91000	-186.921859990168	4	3	1
91100	-177.000925266751	2	1	1
91200	-189.117323019262	2	1	4
91300	-185.59931942973	5	2	1
91400	-197.130221615993	2	5	4
91500	-194.729454250209	2	2	5
91600	-188.394269143607	3	5	1
91700	-191.713686079124	5	4	0
91800	-183.421720660892	3	1	3
91900	-184.993158874988	2	3	2
92000	-188.558793502333	4	3	1
92100	-178.66236810287	1	2	2
92200	-200.580342634131	7	3	2
92300	-204.532557498291	4	3	5
92400	-191.562878414013	5	1	3
92500	-185.613725528808	3	1	3
92600	-190.814273349	2	2	4
92700	-194.034466657215	2	1	4
92800	-194.776976950942	1	1	6
92900	-183.878012627968	2	2	2
93000	-184.962710022524	1	1	2
93100	-184.470096782423	3	1	2
93200	-175.918787659424	3	1	0
93300	-176.749518384383	3	2	0
93400	-204.19972111524	4	4	4
93500	-184.437112092895	5	1	0
93600	-191.795677794823	5	1	3
93700	-187.675342352231	2	2	3
93800	-178.356777044898	1	2	1
93900	-201.991452649862	5	3	3
94000	-178.567061729969	2	2	0
94100	-191.690697937569	1	4	3
94200	-181.085097590627	2	3	1
94300	-198.611644732571	5	3	2
94400	-186.331937992585	4	3	2
94500	-189.555630620733	2	4	2
94600	-182.197221909345	3	1	2
94700	-185.659416761864	2	1	3
94800	-189.524938892598	4	2	2
94900	-195.438288352296	4	4	2
95000	-185.564881919946	3	3	3
95100	-186.536860849846	4	3	2
95200	-198.554520167922	3	4	4
95300	-177.448200913094	1	1	2
95400	-189.596655630419	4	2	3
95500	-178.221560913655	2	2	1
95600	-185.563848885483	2	2	2
95700	-188.746377564127	1	3	4
95800	-189.151752488893	4	1	3
95900	-184.393255969285	2	2	3
96000	-190.483157965508	2	4	2
96100	-187.611167332959	3	5	1
96200	-191.324192882657	2	2	4
96300	-190.331893399008	6	2	1
96400	-183.171425098317	3	3	1
96500	-182.486844075385	4	2	1
96600	-189.956283692974	2	4	3
96700	-174.475259211939	1	1	1
96800	-205.609842057766	5	1	5
96900	-196.148200389217	3	3	3
97000	-181.095519852121	2	2	2
