ExtinctionRateChangeTimes
17.867	2.287258
15.05186
43.53264	36.19227
62.90743
26.9283	6.620554
9.611194	14.38714	17.9273	8.892605
64.91876
63.60394
30.47933

8.453479

47.43822


32.66994
39.18699	32.54252	65.48964
47.00911	56.81234
26.47802	26.43271
9.38296	27.48619	60.4247
43.41391
39.6118
21.02252	9.411898	6.230457
14.53257	36.67496
3.880589	51.45289	0.6662164
42.22141

23.9469	3.659896

2.140242
42.75339


21.40257	1.135225
51.27594	4.337869
19.12889	59.75105	45.92898
35.39369
23.4243	1.062008	25.06162
33.2057


29.12445	6.884337	5.696287	14.39553
38.45002	60.70954






55.75869	6.057922
32.21599	9.7618
61.2045	59.83374
50.85951

42.77649	18.59319
10.15308


18.58681

61.20798
21.75778	6.914775	19.33311

7.793685	59.00671	46.9499
49.07683	52.94587
62.59462
8.649791

53.85289	48.55496	39.60882
2.527442
64.51945
21.19765	16.05902
7.1711
30.26635	5.510095	53.07665	61.0048
23.69098	51.8033	45.00919	33.33075
29.58054

48.77205

63.73007
2.862445	48.28439
25.14597	15.20712
26.98985	6.473276
27.61684
24.92273	58.89174	43.50047	30.26776	59.63674
2.067994	50.40032


57.77139	0.3870834	47.91699

12.68661
41.53949
51.82984	47.33109
57.73775	57.90162
65.70242	56.46942
24.52743
54.28195	19.98152	53.47164

19.32973	60.04694	58.41266
33.92349	65.05788	27.89767
6.686413
47.90999
3.91576	29.09045
0.2210822
27.45536
54.75586	5.386326	32.00977
44.44641
5.987588	32.92683

6.983101
48.61297
24.99715	39.34755

43.87222	43.82086
36.6199
0.3291534
40.74252



14.80473


6.54828

58.72696	64.52176
7.597137
39.09199
21.36382
29.71259	29.23036
38.33481


63.26537	52.23424
51.87525
33.64356	60.1694	3.719421	55.06562
48.31799	65.45461

38.05069	44.03072
35.15046	3.306589	45.92303

25.54689

29.83025	58.48272	46.59968

53.73963	10.06617
32.4897

58.06432	61.83738
30.69835	43.47445	16.41288	3.345478	16.33335
3.230052

48.1726	21.45111

54.84396	53.54686
43.76823
3.607845
37.73539	47.79874	32.48673	46.82262
15.11556	5.38639	60.48606	41.64031
62.96973

28.86038
42.93796	42.02596
59.81711	8.458625
35.54003	50.64425


27.73135	48.86119
39.64786

18.1045	61.19451	64.49308


6.54568
12.74101
8.409728

33.08336
27.02527	17.50427
19.25095	36.1628
21.55948	24.11065
39.10656	23.23765
5.600841	32.88729	13.57424	20.1583	3.785319
48.5669
39.02548
46.31669	10.77133	1.18217

3.35208

41.16236	35.21728
58.98554	13.58366


37.11187
35.82816	52.22874	9.236906
32.30731	23.23307	14.0251	39.64339	24.80073	15.18229
38.88058
42.61409	7.991569
22.57778	20.08397	28.76918	6.746096

38.68893	25.24743


23.91042

38.15227
45.65934	47.33775
16.70072
28.71477	37.24058	59.98613
23.58904	1.832278
45.41092	21.40567

7.950918	58.30636
1.930418
54.80247	11.36107	6.443024	16.94728

17.20617	65.88161

60.74437	65.59324
41.22113	28.63573
10.6117	24.16095	57.87804	18.06487	57.03844
52.14802
31.79537	22.94518	5.917022
49.73323




31.34252



30.46724	48.40028	42.51688

8.956179	61.46691	4.93776

23.62754	11.8217
2.482865	30.43429


20.63243
1.560644	2.97851
41.38652	18.81101
41.87645	30.72381
18.46352


24.16991	1.1438
26.3803


11.05412	26.8295
37.30387	22.95502

25.22342	15.407
38.10173	15.46978

45.60445	7.502358
41.79578	40.2055	11.34778
40.5881

30.68873	8.222245
59.69706	62.47274	31.21979	50.03008
33.99661	1.199675
44.29992
1.591932
21.33634	10.33257	52.15129
5.611433

30.37096	17.86937
62.02499
26.85983	21.73233	52.47329	16.10137
32.0197	48.1711

22.62399
23.30248	65.69903
1.43976	15.07709

41.69132	16.69816	53.06135

42.45268	26.80463


40.32566
48.54963
39.9173	56.70551
28.30715	20.9484	21.45833
34.93153	8.756076
38.99623	30.05501	2.68492
31.03672	28.24322	62.51055

37.86455
57.61423
40.50716	15.35638	42.25026
14.07827

3.399039
5.229376	53.28131

17.46863	22.42134
19.00681	53.46007



18.41739	11.09564
23.50607	0.3736701

24.94808
23.5902
5.340754	25.20313

42.27043	23.57002	4.691813

19.60778
5.99101
33.95031
43.14719

3.720882
32.66468	17.54602
40.37401	34.45858


19.32866	8.362999
6.225494

25.30357	19.40105	21.79152


2.107145
7.183667	39.20556
62.38616
24.86031
47.21159
18.23228	16.35588
54.26822	63.7706

36.67677	59.66858	9.09317	56.33983
25.76752
26.71169	16.9813
35.38194

50.96702	11.30061	31.01654
61.28343	0.6810842	17.73382	54.22125	8.775121
13.65407
6.116566	42.85049	1.400882	16.08973

37.75123	27.32372
55.71791	53.68512

6.634511

35.47421	18.6416	24.41122
3.917384

40.27024
37.0559	62.01906	8.91786
10.9315
20.3336
56.46167	55.85061	49.40506
40.41362	19.67061	7.605965	2.763095	14.93343
56.26981

60.70695	33.01884

64.45888	30.06948	43.5519
44.06737	26.05326




12.67923


46.84075	43.48873	62.93806
6.823543
60.61961	39.24636
2.025628
25.62242	65.63111
46.57808
41.24652
24.87613	44.23975
21.0246	13.51097
9.117695
5.707565
7.223144
26.55654
15.9658	48.89503
49.29729	53.24093
35.193	25.90196
6.062291	10.63344	10.12672


21.89899	39.05089	44.22863	28.07199
15.96048
35.64862	4.055999

19.39307	11.84713
25.22418
2.380309
31.72118	2.393709

47.51612
50.60315

45.83395
22.54055	52.91571	61.27112	60.76185


36.96386
59.22434	56.35086
43.21804	54.15237	50.31139

22.2635	1.601661
54.89804	56.47457	6.076854
22.03459
30.38435	16.86869
8.795051



57.95108
52.02349

11.67002	33.45581	2.5521
34.90268

2.125103
20.90349	10.29212

57.4211	59.23383


6.055933
5.195142
62.21253
59.3418
3.388732
18.52176
32.50246

32.26304	25.55991
8.345945	50.49184	45.78977
13.7719	33.30936

14.26996	61.45933	23.83507
42.1748	34.6282
13.06173
10.61641	26.03926	21.0302	25.84909

45.07149	23.69403	35.86231


52.14749
45.10858	43.1178


15.89348	11.49277
18.40163	50.84718	43.98696
65.26895	56.89887	19.65457	36.71818
37.7766	35.81484
50.95164	14.14048	40.87489


45.26355	46.00137	51.4893
22.7167
37.19778	58.00089
56.79689	24.49152

46.66179
35.35884



41.9969


24.16465	17.64926	5.289166
41.71604
9.637345
23.16994	7.065386
5.843485	43.54639	34.12935	42.30833
5.147524	14.1278	22.37305	5.858773
27.86086	11.90882
11.1317	54.01605	41.14234



7.332992

37.62581	63.42603
15.85994	18.78231	52.75878
47.28402	29.54283
8.94293	51.99019
1.357821
8.846806
17.35226	0.1274033


25.11183	52.08388	58.88131
62.23881	9.251741	4.849535	47.08983
61.61932

21.5042	13.47578

64.65114


56.12147
1.390869	17.8781
12.52455
16.7277

7.489612	32.30394
50.49215
7.828252
36.9895
59.05018	13.13026	25.15925	65.90743

39.40458	20.34811	48.56228
0.7192414	0.4823064	4.346915
60.50783
27.22205
65.01259	48.14384
41.63323	8.698159
34.40144	52.83127
12.7507
35.90171
32.34412

47.20838	29.1796	23.49159	14.15085
52.98016	13.80661	43.47644	48.09876

39.32145	21.32045	20.39387	26.38185


38.94689	33.86362	50.77519
28.57329
51.30391
53.98231	26.22497	44.58801


40.9268
27.68284	8.916336
50.43757
32.24196	7.697579

31.13568	22.01513	17.26046


48.4575	5.685538
36.75328	64.42294

30.45822
23.29016
47.60218	50.63505
25.21783
13.58574
26.27474
7.447236	3.375918	46.91632

30.12414
48.24534
29.96561	26.91594	28.33866

40.19406	31.22381	33.06245	38.69269
31.67616	1.860612
31.11878
61.15476




12.85111
7.182616
9.242369

50.62842	50.74116

13.71205	1.019976


0.4387069


64.51812


12.11765


23.35948
12.8904	19.87836

36.03485	15.97149
0.6024092


53.68519
36.12953	59.17723
1.629872	41.60715	37.44255
27.24051

12.68283	37.0664	22.93998	0.5943413
20.79633	52.54957
8.487192

56.88254	6.916226
0.9215976
2.10589	52.28815
33.60788	30.90385
12.73079
44.93025	51.72994	6.379819

21.16819	10.967
31.26596
19.48731
4.282619
65.79534

22.55937

18.71288
19.12725	52.48603	37.20195
32.83714
4.10732
49.71269	12.52502
11.51214
6.571343
35.26998	57.5994
19.65517
0.7319276

11.08937	36.47844

15.33002	61.72591
19.61815	14.51498
43.05009

49.2518	42.32908	17.85652	18.93607	58.25781
21.00185	60.00951

35.22409

12.04094	62.60464
23.78875	2.443082	4.651047
9.341734	45.21947
39.76521	20.15773
31.86273	21.84616	17.97408
18.26488	17.49601
3.751489
49.60072
42.47299
22.97768	61.40639



16.31034	52.83058	34.09535
30.72615	16.32624
40.65819
4.702833	17.70487

14.70369	11.47521



6.252859	7.67258	41.47667


2.610658
40.11529	28.02873
0.5470945	18.1521
28.36022	54.40517
58.27576	22.76089
34.65127
34.50275	2.104333
27.79523	61.11137
10.18801	0.2584995	7.450508
33.96988
25.92749
9.3097	4.572674	55.92838	34.26961



41.44514	56.1373



15.28992
14.4517
54.70101	54.52017	52.16866

13.6916	9.197173
57.37123
9.904138	6.860699	6.010747
50.65804	44.59302	63.77023


11.66762
22.45668	0.4871002

15.95453
15.87267	18.35281
60.41721	21.43101
20.17805

35.40544

36.11482	56.90031	3.493226
38.89865	41.74865

40.26529	31.16951




3.770747

0.3099624
6.565708
15.46656	32.55196


36.03471
14.70183
41.30163
52.2357


65.81028	63.92629
17.87442
29.27966	47.39697
57.86593	62.84518
1.096833	33.57355
39.64346	27.00282

33.50061	0.7777987
60.5253


63.69732	53.53702
20.6323
28.20927	9.012576
50.61312
15.69705
11.34774	29.7878
30.9371
18.99248	30.10654

8.976259	64.38371	8.889849

37.63424	34.49303	2.121868	17.28705
50.43022	9.927511
16.93532
4.121099	61.18241	57.62498	8.171727


25.93229	22.05586
16.17744

35.26726
53.95628	57.69668
3.052232	16.09671	54.80091
12.39977	41.93027
25.51283

14.71089
52.83552
58.0185
61.78186
22.6486
4.488297
9.650189	27.0398	40.51483
12.6356	25.0582
27.42867
12.72548
1.660707
44.32115	36.94771
30.91016	25.31592

52.86546	0.9066687
3.482935
24.54496	28.10606	10.89087	19.36447
32.9891

15.22929
53.27431	36.1559
65.81876
65.76349
61.33251
10.70979
48.97524
26.5944
58.69073	7.179648	1.205352
38.4709	23.94385

51.13366	61.5384
20.88743
10.17711


0.2681448

44.21245
58.76975

2.653741	45.90639
7.433365

13.1324
49.19774
32.19462
0.6719537	21.36828
27.12834	14.27175

25.27841	64.54993

64.62389
12.68585
22.55317	50.70361

27.05898	48.27461	25.1308
56.53662

57.2185	55.17085
30.32368
31.98432	8.607168
8.831631	53.31236	40.29518	54.73529
62.93579	28.88122
8.803133
16.97725	32.66623
53.44084
14.32953


52.3113
17.94343
17.99136	62.37556

33.82306

26.07346

47.42601

13.09676	5.876277

49.77011	36.62988
28.28065	18.79345
26.23298
19.14897	55.3216	40.11992
38.96226	48.8016	51.23639	18.29614
2.219168
20.59618	6.452346	57.5844
15.86889	32.82138
45.89376

9.297152	64.23116
48.11658

51.01975
40.58049


13.41331	56.21702	40.99889	52.82609	36.51111	40.56163
42.71499

3.8221

1.633566	58.16391
56.61526	54.9138	54.08966
41.36774
63.78311
22.34112
19.34611	35.46047

61.18641

35.11066



53.52703


27.43166	12.35069
18.59057
3.152912
55.40087	25.50704

58.74641
22.14068
10.82264	3.205455
41.67193

62.17061
52.22738

19.48605	21.95532	54.76635
2.443855


17.26504
45.56276
11.93624

63.05895
10.12029	16.45767



14.86935	7.69354
27.81492
65.60048
46.89	59.4863
53.49122
8.0054	62.66908

19.8924	52.62322

9.664352
33.29764	9.797722

41.96959	31.75562
36.00616	12.00172



41.03464	32.87968
35.03459	30.81971

18.80416	2.439348


32.1225	24.61612	8.603258
59.58086

22.34261	44.68635

6.088012	35.13327	27.03851




7.22118
35.45805	53.6829
32.27254
51.90581	59.66809
41.13152	17.03351	30.82864
25.94805	13.39351

19.1159
27.84298	20.73109
31.43701



53.44362


7.036416
65.45839

39.49741


30.40552

42.40193	33.40742


52.39875	13.01815
44.60334	50.17924	48.90909
49.08316
32.01832	11.11486


37.84558	8.313199	65.55336

38.51376
10.90333
50.13819
13.58997	60.28531


28.70491
48.03133
26.33338



17.5946	14.33
60.37904
45.87321	35.81349


3.5243
51.34513
48.88673
21.70714

33.7242
17.83736	0.4227451	42.13628	52.24434
57.5272	22.32219	21.99651

10.50874
38.39615	49.36862	35.759	8.511988

52.36795
24.04952	4.463758
35.07775	6.89871
26.40464
18.71658	5.85271
22.99866	20.49413
2.350654
58.47512	20.85995

33.62329
9.886564
35.54889
38.54884	31.58506	13.42105
11.54936


25.1702
42.33586
23.30314

57.00718
3.636192	33.27392	61.85573

19.0971
1.022103
18.25299	60.49483
47.09128


36.3551	8.012136	61.54096


43.63945
18.8498

23.41129
44.03332	13.54573	9.967149
57.17797
53.43366
23.98924	51.19377
45.18592	2.085771	15.03323	16.06668
32.6975	10.2428	12.90782

24.53329
33.74572
11.41464
32.64386
25.67764	25.52322

43.12748

63.79089	62.97635
50.20114

34.07697
34.09745
37.74825
43.91083	22.76319

40.68031


18.25735
13.61447	10.58686	6.559226
25.50271	56.0076	17.09922
1.923632
14.44394

19.45599	18.2782
29.14689
56.73951	61.78705	45.0201	57.65798
32.47084	20.25506
13.56878
38.93837	38.30719
6.154017
62.48406

39.54796
20.1027

38.08575
21.8356
26.22983	33.2135
8.29785	55.6513
40.34855	13.02199	6.488591
36.32955
18.36173


4.932612
23.66942	19.3013	2.084143
62.05244	37.87888

25.39194	11.81529
18.52141
32.97225
0.09259589	29.6018	48.76011	38.51101
35.59111

60.80313
13.70944

41.23679
6.931715
7.127538	38.91932


9.763818
10.67372	60.37547
10.69252	11.92123
20.70768	50.46266
61.52177	54.9846	26.99836
12.10525	49.6341	14.18994	38.55397
23.54403	7.189968	55.93199

19.47571

4.252434

39.66237	61.91465	11.27473
26.59607

15.18263	8.699563
4.421386
35.80424	55.77646
41.48851	58.43376


20.8564	18.37197
57.88772

6.204133
5.958375

26.01799
42.41229
10.15234



29.92607
38.64926	15.49462



62.24406	61.00139
57.00535



58.92359	60.82841	44.24825

45.30576
26.1999	10.67799
39.32446	37.74522	14.26389
39.86124	37.02538	2.839961
39.63163
46.22035	9.760294	51.82676
26.27769	64.86297
38.46889	46.37699	35.01187
34.76581
31.3324
42.09272	11.34387
26.33362	10.04702
23.81182	25.85999	18.01101
23.02859	15.25457
17.19673
60.87776
0.2565046


47.51719	42.92324
12.53352
53.75524
65.96647

12.53554
64.40346

62.9965
38.70657	64.9767	13.26754
15.54107
59.92366	7.958137	64.39933
9.362237
6.115616	51.899
53.57365	19.74535

4.274656	15.2607
37.17437
49.16922
2.342486	1.185443	18.25916
63.39472
12.95349	49.02144

17.0019
36.08158	1.50824
8.277863
42.83462
56.558	45.47087

58.14092	52.16275
43.397	29.85312	0.2765665
44.98666
26.14228	63.5748	60.73474
21.57686	52.74064
18.83078	12.20253
41.20181	31.04571
5.833867


29.5252
40.53954
3.35863
38.04242	38.79006
61.47544

29.31976
29.4371	8.670365
10.75277	61.90172
52.82649	16.87681	11.58613
4.575031


17.92797	62.90874
58.60718
64.33547

32.00474
9.497053

8.671142
49.66988	53.89709	12.00427



9.572331	13.55127	11.10855
33.07147	23.29082
12.74893

11.98806	30.07269	1.79241	1.675047

9.659471
31.147	65.3523
0.6448632	52.2319
49.86171
37.6274
14.29041	47.58702
65.02463	33.96171	47.8005

8.458469
35.08649	65.22061
25.81262
65.19076	5.512256
58.86101

31.67148	28.57722	0.636123
24.56934

57.02923

41.52966	11.77369
50.93284
64.3593	0.4359468
23.14962	32.29384
61.50364	21.37964	36.3706

30.23189
25.42163	5.827882
55.52238	7.929337
41.4612

23.31861	47.10418
25.54144	38.85702
4.552971
33.42727	44.94656	13.80952	52.85279
28.57864	57.35654




2.768297

50.62545
19.81165	29.88281

46.65445


24.79257

64.87414	33.57068
46.64331

33.37593	35.25302

33.66402	51.83811
48.04801	8.585688	7.704863	62.33039
53.67564	59.30781

26.27804
21.17602	2.488467

18.6017	2.994477

0.3735509	54.40657
63.58266
39.07322
47.19303	60.29233
63.82688
45.46124


9.612244	55.02852


0.7402136	46.94872
32.13617
38.41248
37.29875	34.67873

35.69062	16.04812

15.46598	13.37828
5.841036	60.22128

62.09616	43.10174	4.921871


28.86691

45.59355


15.67759
31.07724	19.41698	17.81968


32.56155


51.92656	60.49496	19.64052
38.03233	59.60092	52.36279
60.15378	42.4789
48.39949


22.98227	63.19317
25.60436	60.65517
14.24992
33.75308	54.40878



61.10966	52.8115



60.67228
26.44949	12.84953	62.50252
41.333	24.51762
43.63247	29.56638	41.74369

38.48775	7.971778	59.33468	8.770678
33.01653	15.12305

41.38801	65.54794

29.90282
51.27338	58.17758	28.59236

60.12729
54.94539
2.146249	24.60727
25.28648	8.498077	2.670513
36.72524	52.21327
30.55598	23.65986	1.589403
42.51261

48.5601	7.239614	45.61901


25.80705	63.73359	60.31409
36.82143

50.37387	47.9747
46.73752
28.86126
16.96017
32.67207	25.36792
37.42474	38.52954
15.9566	53.57437


29.83566	12.27018	23.1106
0.02528348	47.87174
33.89386	21.63685
47.26381	1.449357	42.85375
8.590799	58.39788	60.37767
14.4533
33.18625	26.14108


26.93705	63.13191
35.74765

17.8322	30.64841
44.07651


18.26601
30.13545
62.23212	2.515379	4.546996	56.45687	48.46294	52.94947	53.76681

19.06739
49.78724
7.871065	44.85892
1.689106
27.59822
18.25801	14.1496
44.76759
40.13638
32.10034	45.11593


15.33542	49.09918
4.222107	45.8721
6.793578
38.51186
37.97253	24.25446	17.19126

52.65722	29.87539
40.66889

61.01517	59.46838
44.46386	65.89641
4.086382	34.67267	31.74065
27.4732
19.09758
49.10197


19.01842
2.81397
28.26464	43.0864
47.74003	11.9308

22.34761
7.235826
5.256266	65.01378
1.54103

25.23694	6.849391
42.09549	32.87061	35.21111

8.875823
2.405501
11.53363
49.94848	6.03864

23.3777	17.42211
36.4243	62.31619	32.26755	14.80171
62.65713
24.67788	1.461375
8.75136
23.6415	23.21358	62.58103
29.72667	29.48174	28.5519


4.369758
29.49854
16.63083	49.83153	2.037898	13.85253	39.65082
4.177273
20.86113	13.30547

15.30185

46.49124
47.19906

58.02995
8.997289	9.021189
37.45486
36.02137
7.300391
32.66824	31.21488
42.46824	16.68869	10.70796
32.90898	29.8394
65.09866
6.017774
44.32484
22.52984



18.55096	27.96555	23.81551	3.747881	22.71693
45.89058	62.04081
25.19192
52.85335
14.40269

7.787804	34.52529	3.613681

5.773509	46.59765	17.9847

5.685485	14.45168	48.23816

49.73563	45.49449
35.34033	27.59236

40.678	25.73172
22.034

57.70419
17.24487	25.03985
46.87249
50.48683	29.34651

32.60023

37.98228	19.46718
42.95813
50.24723	24.96103
32.40145
19.00993	39.50976	27.55467	17.68951
7.161131	19.27121
48.08911	22.14224	14.96123	9.089205

9.321712
11.38472	40.87205
9.836824
14.20539
8.850503
44.22666
29.75769	17.68862	5.229676
19.13816	55.42933
57.43639

3.041436
5.486236
36.21716
2.654925	32.18534
39.44464	36.96198	42.85532

14.73422	47.90873

1.404305
32.45903

61.57836
20.30277	9.332102	0.3546293

18.02608
40.06249	38.86243
46.49211	35.24971	10.49765

31.46226	61.7466
45.64241	23.54922

57.61005	61.09516
17.98416	48.20346	55.64647
32.56104	56.6481	1.232141


5.69453	2.546229	20.55045
43.21524	32.68563
44.9807
24.85471	8.20071	4.966145
51.2784
20.8706
30.91721	38.38591	24.08772
51.68126	12.04714	0.8515336
59.27718	39.36876

36.51552	9.315541

64.77828
13.69645
51.42387
11.99525
49.02173	16.41323	57.64116



0.8921659	5.64754	0.3553971


22.91221
48.71973	64.86805

19.77882
17.27392	42.30002
25.87862	9.571511	1.475839
8.549813
11.01112
64.95211	58.09545
17.59064
65.34664
20.56562	59.10657
26.87748
36.88569	3.70103


34.01085
0.2377895	64.41252	32.66442
26.44405	9.932811	13.11055

30.49739	27.50308
4.377576

65.20119
56.48566
62.04053
12.50542	10.92054	53.36442
18.96047	4.871202	21.78806

28.88231	22.60218	18.01967
56.36574
58.33488	47.07171
15.77562
0.5656808	64.12656
64.95205	4.872903	63.90712
28.90499
21.1918
62.03427
39.95413	26.35403	62.97151	58.19372
64.86288
37.67356	44.6119
61.26033

3.73897

41.52577	49.32695

2.512401


60.25593	65.09835


41.65835	0.215389
19.91031
48.57517	13.86145
16.05556	55.73555
58.84251
36.13714	7.204397
24.45449	12.91879
64.64745
34.94649	23.23841	8.159418
29.66317	26.97382
53.4301	53.94525	8.211808
36.73435	62.0817
3.948367
7.763548
48.56441	63.74982
65.74256
35.58041	39.30348	35.00592	13.71064

35.64413	58.62765
25.36264
36.77284
34.95386	22.55062
46.96504	36.33598	21.28255
29.314
6.25371	3.809048	63.56919
23.85102
14.32865	8.889699

48.73009
41.22314
42.68881	44.90827	39.36574	15.77431
31.92045
19.5378	26.48614
23.68105	14.22149
9.626848	40.38989	18.86426
57.7532

21.09284	2.950623	61.90939

51.90146	45.27268

23.98727



25.93998
12.65457	9.917017
3.333575

8.249415	54.49471
12.86297	58.43131	2.756287
30.42369




18.98265
41.17041	32.52615	1.959279


49.17245	24.5933	6.64628
29.079
57.29123

65.39187
10.00597
3.269347
3.379976
2.369612
48.99754	11.43374
23.46403

49.60962
4.891353	42.10067
26.20496


21.0212	61.58789
5.227131	50.20449

27.30757	0.3734768
25.91951	43.99423
9.77428	48.52381
28.69566
21.22762	20.2607

33.78481	35.87237

34.47198
30.04793	26.71152
61.53388	58.25517
2.781348	65.68455
5.90646	39.79008
38.3987
39.12196	28.42029	7.626819	58.99404
29.92275

24.9779

34.93958	10.44875	37.54485
10.78296	2.168495





13.7365
22.82084
22.05823	2.098562	29.11203
36.87974	58.31061
54.16984	30.93606	14.47226


10.41545	65.79526


20.54888	27.20413

1.814501
23.02337


47.63014



10.44549
64.41945	29.41277
13.89563	64.70609

39.32334	40.87789	35.4807
14.21629	12.13152
59.91932

25.78186

19.70076
45.71876

51.57455
30.02717	37.80329	60.46106

20.19002	47.71239
37.86323	28.20999	12.67019
59.23498
58.35429
28.61335	12.77446
35.59753

27.17958	23.44217
9.359806

51.36256

14.99376	22.57882	15.75848
18.17383




25.51158

0.8419752	8.163705


6.994065	15.38117	54.50492



17.71746
38.16459
42.91096	49.80542	62.43943
4.582305	55.96971	22.83265
56.66702
14.51595
29.14048




52.06658
3.09322

5.50839	37.3364	44.53351	25.89634
34.82541

12.94907	2.799949
35.37874
53.57388	41.2652
31.96674	4.993637	50.89097	29.66746
51.26016
34.16124	4.617679
41.31733
52.61571	40.91287


2.013629	45.79182
16.53699
5.413056	54.06103
8.000757
43.81769	13.04059	39.79028
28.88871	5.207378	31.20144
17.44748


21.41712

45.48953

55.97996	32.76918
58.47944	40.57146
53.16391	65.88378
23.85407
37.26952	29.69297
45.4177	51.9698

42.98063
40.8484
10.66125
39.91606	19.99119


37.53942	64.17246
40.05411	17.61552	9.74618


57.12748


4.984323
4.67662
32.35114
7.106846
7.574309
38.05994
38.14334	5.753934
24.49383
31.14608	53.45813
15.55347	5.85273	14.96145	15.07089
22.96906

61.66452
3.457721	28.71332
45.71626	5.737143	11.99267

3.922861
51.93616	56.70573	49.41054	8.641768


40.01908
50.49991
48.61568	21.37269	54.37765
47.02961	63.20219

23.10869	61.11593

13.82688	5.758484

25.69634

53.3951	36.90988




60.38549	3.247928

27.58495
20.93069	12.17238	12.60217
50.97275	61.23801	60.05048
26.78747
0.474689	57.13879	63.89154	23.26705
22.15568
9.895174
27.80825

34.99413

5.389132
57.18868	30.96291	19.22131
31.99105	1.994055	1.575935

59.10043
21.06838
25.38628	18.29932
38.74483	53.92844
53.50194

2.898654

44.99236	40.89224

30.18528
52.07716
0.9573581	15.49489
58.42225
35.01938	5.007269	65.49908

17.54612	33.09422	30.54632	16.20005


0.3559189

13.39592	29.04288
46.02366	12.11342
48.74574	40.33632	24.57399

16.96542
44.2382

32.09889

59.10483	20.74556	6.602768	3.925565	43.41932
39.79117	39.78103
17.04598




55.11966
9.617855	16.12453

37.08073
29.91721	21.45647	59.62509	59.2631
51.71858	5.738749
29.92337	31.55774

28.80164	23.2839
65.35297
15.65851	38.75577
26.89232	12.44161
38.98968	27.86144
35.82147	32.25147

49.96713	28.81573
59.96127
33.40077

40.05929	64.8961	55.57504
19.28349	10.13521
10.36232

32.87384	18.3897

57.51976
22.73981	10.31234	1.441615	61.21944

5.098383
0.7966277
3.00606	45.141	54.52427
63.9516	35.14491
64.37284

