ExtinctionRates
0.05792276	0.04463273	0.0789871
0.06453972	0.04163569
0.07208626	0.01973288	0.1151322
0.02261535	0.08420648
0.1370462	0.0026206	0.04685772
0.07229848	0.03116705	0.00224493	0.01255356	0.01872669
0.01183457	0.1092318
0.01741671	0.0175185
0.0677085	0.02043048
0.007428571
0.005812747	0.003178676
0.01712467
0.002609577	0.04384346
0.03280846
0.05766379
0.1151322	0.04415313
0.02944405	0.02434056	0.02100552	0.08290385
0.05891767	0.08233817	0.08080026
0.04156754	0.01490818	0.003833033
0.01086567	0.05095181	0.01146839	0.1055268
0.001087617	0.05705571
0.01924718	0.02430238
0.01468643	0.01642559	0.05557072	0.05412623
0.03616123	0.01599177	0.007765799
0.04388462	0.04660406	0.04564917	0.003347751
0.02996606	0.01465061
0.07725799
0.1097232	0.03693798	0.04818076
0.01599182
0.06319572	0.01275358
0.04340866	0.001323965
0.01386416
0.03776974
0.03260128	0.02800595	0.02465323
0.07296575	0.1072352	0.01594289
0.1087286	0.04108472	0.126479	0.06701783
0.0645691	0.04809926
0.07019758	0.008409295	0.01580066	0.03701566
0.005305716	0.01022565
0.01415392
0.02458368
0.0411684	0.0356052	0.01403079	0.03148252	0.006483145
0.02690661	0.00873212	0.05313012
0.01593482
0.01821128
0.0401661
0.03688595
0.03150309
0.03921771
0.09119453	0.1119926	0.01819944
0.02037715	0.003858236	0.007615994
0.0122109	0.0003813565	0.08054287
0.01633873	0.01184176
0.00662447
0.06845451	0.01485964	0.03473539
0.02911452	0.01534638
0.03524982
0.01120611
0.01331553	0.04449472
0.01287289
0.02935461	0.0550566
0.02167118	0.01342881	0.1047663	0.00172556
0.0386676
0.1264868	0.03361823	0.1076143	0.02935821
0.02333626	0.03587406	0.01252273
0.01550893	0.04123108
0.03475454	0.01800931
0.005437959
0.00637581	0.03887259	0.1322738	0.01577787
0.2238002	0.01802938
0.00638892	0.02322413
0.07138791	0.03503308	0.01894226
0.1176704	0.01038073
0.1394914	0.02429558	0.05379296	0.05462231	0.06887009
0.05047754	0.01934939	0.0396185	0.03774991	0.02710058
0.01118219	0.03105558
0.004222547
0.009131392	0.06764445
0.01281631
0.03136225	0.04859209
0.04747582	0.03326731	0.04236596
0.06270377	0.02916853	0.102375
0.0382255	0.03268389	0.03237894
0.1156744	0.005666372
0.01861808	0.06605476	0.01837996	0.07538233	0.1081726	0.005320372
0.03691337	0.02760876	0.06533956
0.02835858
0.007543575
0.1803811	0.05620218	0.01447063	0.05308045
0.002468885
0.04653534	0.01867961
0.02424898	0.01412083
0.01911265	0.04778114	0.004449424
0.004958763	0.003288893	0.006794351
0.03018212	0.04113245	0.08142483
0.003617227	0.04016115
0.005049002	0.05863032	0.02854931	0.01725724
0.008779752
0.07512556	0.004537549	0.06206527	0.08843524
0.06555005	0.008663903	0.06501182	0.08718195
0.03878921	0.02087367
0.008207796	0.05245843
0.06926087	0.03580159	0.01629378
0.03092482	0.01903244
0.04350971	0.07488521
0.1125395	0.09146072	0.05910907	0.08839606
0.1076893	0.04095452
0.1098735	0.02048784	0.0512162
0.005476895
0.04731298	0.04204847
0.1047777	0.03945925
0.07940541	0.04680514	0.02758945
0.1195161
0.1500382	0.1053732	0.1042635
0.08830977	0.03463198
0.04946701	0.03674049
0.04415891	0.00972887
0.03811653
0.01823955
0.008382468
0.2066888	0.01273137
0.04358009
0.1021198
0.06916798	0.08637303
0.04040708
0.0180298	0.02114092	0.1241966
0.08381761	0.002392116
0.1266159	0.007306691
0.09334214	0.01163984
0.1077812	0.01120474	0.05846859
0.006637154	0.04626949
0.04598244
0.05153058
0.01361084	0.04340238	0.009001327
0.05188503	0.06698214
0.07265098	0.004561945	0.02819288	0.0527064	0.04314658
0.01016698	0.005391089	0.02434495
0.01634216
0.01924022	0.03420723	0.01456885
0.03891371	0.03100193	0.1657631	0.08762144
0.05713155
0.01216623	0.005630069
0.02531152
0.07928037	0.02695885	0.004683372	0.04320518
0.005132133
0.09478053	0.06404556	0.09357077
0.05803806	0.004172851
0.005753097
0.00275045	0.01401265	0.04592649
0.02966668	0.002632502	0.01256061	0.06374982	0.04156223	0.009452938
0.06365912	0.02825822
0.03350031
0.04842674	0.006240598	0.04899308
0.04059211
0.001733028	0.05937017	0.1295356
0.01022823	0.06728364
0.08706275	0.007694831
0.04097167	0.04589964	0.03961842	0.1254037	0.05721071
0.008354198	0.02865154	0.02259309	0.09760578	0.03241799
0.08599318	0.002053481
0.06512543
0.1061257	0.04417444
0.05954401	0.01258054	0.05605843
0.04808847	0.01837756	0.01381757
0.01923154	0.05688282	0.05808311
0.01855799
0.03920544
0.04450465	0.002011037	0.04668616
0.00615011	0.06478812
0.01243075
0.01285995	0.02707879	0.03949927	0.0905067
0.02169721
0.02494237
0.02735995	0.0117876
0.05963348	0.009801331
0.03150424	0.04621618
0.01177696
0.07447785	0.03516972
0.0603592	0.04143962	0.1157161
0.1522971	0.06692237	0.05177497
0.06019163	0.01226604	0.03447358
0.01520859	0.09705348	0.08296597
0.01652446	0.06106539	0.009407863	0.04150488	0.04930503	0.02295683
0.004304524	0.06801108
0.07129177	0.03499288
0.01979088	0.0301087	0.04391199	0.01254624
0.02865844
0.04562419	0.0005460974
0.03898941
0.06190904	0.04358279	0.05158828
0.02920418	0.01677033	0.01812857
0.08362424
0.0255379
0.1031682	0.03858687
0.02655669	0.003019707	0.04143851	0.03646966
0.07501625	0.01136197	0.04857593	0.009529662	0.01738931	0.05783821	0.0774735
0.004678689	0.007958039
0.1445096	0.0221967	0.03755603
0.1021234	0.02300109	0.05110614	0.01844373	0.07494659
0.03704572
0.01567405	0.02107106	0.003028573
0.009961034
0.01931772
0.1082347	0.009367493
0.01956711
0.006735459	0.02685167
0.002350735	0.02677915	0.0599845
0.0412952	0.02669487
0.05634152	0.052364	0.009152366	0.1009411
0.1888452	0.06224323	0.1198944
0.06436153	0.03164514	0.08597209
0.007021695
0.06399733	0.003537185	0.04405707
0.08259821	0.006877513
0.04102022	0.03498122	0.07410619	0.04241145	0.04370522
0.008766925
0.01032626	0.02247685	0.1356225
0.04586507
0.02441377	0.02042527	0.07289772
0.04383301	0.009862853	0.01205086
0.02677396	0.004531265	0.04287774	0.02276393	0.05364292	0.09379514
0.05877458	0.004288656
0.09503802	0.03465905	0.04822291	0.1207822
0.00442552	0.06425685
0.02651726
0.06636801
0.04659633
0.01312101
0.03364224	0.02178187
0.02495939
0.06172562
0.04960488
0.05144264	0.001009543	0.09040636	0.08650834
0.07369306
0.07493585	0.0242095	0.08416213	0.09496394
0.03165764
0.1021979	0.02923849	0.1724671
0.07377722	0.006532514	0.04012387
0.01069602
0.07092719
0.07752712	0.006704945
0.1003039	0.07531659	0.03443787
0.09457165	0.02614086	0.07253252
0.112523	0.04162087	0.08637482
0.05131393	0.03647236
0.04016604
0.02437637
0.06702352	0.005816695	0.1316803
0.005502169	0.008036993
0.0304213
0.01077024
0.1286595	0.01286746	0.0392439
0.07416587	0.005734419	0.08180034
0.03723712
0.01505997	0.01342989	0.0106498
0.05267945	0.0535379	0.1325339
0.06805176
0.01743283	0.01094003	0.000304073
0.04301453	0.01531599	0.1198408	0.02383444
0.001738676	0.0001060577
0.01326862
0.05517332	0.009236067	0.02426819
0.1100488	0.161801	0.0452093	0.0755025	0.1049486
0.02767803	0.0963888	0.06999136
0.04812552	0.01859354
0.01646247	0.001999532
0.002037639	0.01913863	0.09377952	0.01496237
0.04412792	0.0377861
0.009496919
0.01764718	0.03220775	0.0612735
0.01006186	0.03244029
0.00683859	0.03537038	0.1628903	0.002764886	0.03945653
0.03164402	0.02555917	0.03210341
0.01736775
0.03642868	0.06047979
0.05829239	0.006545833	0.0376502
0.07158192	0.04920655	0.04322671
0.00557539
0.04833162	0.1061195	0.0249008	0.01456389
0.01715341
0.02548836	0.02107219	0.005807887
0.003776881
0.003716861
0.05861062	0.005434944
0.03640501	0.02960146
0.005731924	0.01661588	0.009232153
0.1109076	0.002408398	0.0707386	0.03838471
0.06440049	0.005372061	0.06646544
0.05153655	0.01029036	0.04911515	0.03975516
0.1163336	0.03429906	0.1179947	0.1552742
0.02699194
0.06993267	0.03801034
0.04680637	0.07833903
0.07390922	0.02646329	0.01372457	0.05123818
0.01311135	0.02581496
0.02290501
0.003536331	0.009669759
0.07785607	0.04306219	0.03505952
0.0497941
0.0735693	0.007981194	0.01370685
0.05239953	0.0006884222	0.06285841
0.01298765
0.03724844
0.01623823
0.09557725	0.04053264	0.05302311
0.04391204	0.05408575	0.1544344
0.0328346
0.1013673	0.04941846
0.07937253	0.0619698
0.01579172	0.08102342	0.06303127
0.08022255
0.01173062	0.01270535	0.1063495	0.04050244
0.02287163
0.02675396	0.02678688
0.09828597	0.0005619371
0.05321906	0.005975757
0.01494617	0.09604508
0.02444281
0.1022404	0.01896056
0.04960454	0.04985804	0.1011534
0.01428062	0.02918325	0.02274962
0.07017631
0.03479799
0.01404614	0.00924014	0.05595077
0.07823051	0.01534538
0.02253361
0.02689472	0.004461549	0.07274477	0.06109282
0.007358679
0.01859493
0.2131388	0.008239317
0.1197453	0.0395074	0.04253578
0.03923874	0.0625741
0.0401132	0.02927093
0.01387041	0.0574596
0.04839934	0.02446291	0.03763367
0.01097916	0.1053686	0.01194446
0.02492773
0.04792671	0.002104886	0.0002308488	0.05015977	0.1180225
0.1319685	0.02232474
0.02424504	0.01070028	0.06215248
0.06502893	0.007181235
0.05637179
0.0255937	0.06079923	0.1549205	0.07377078
0.01118967	0.01873205	0.005587252	0.07248855	0.04325739	0.04500655
0.005963013	0.0833158
0.03231587	0.08066882	0.02329263	0.09865754	0.06848585
0.003959249
0.02645772	0.05632113	0.09814654
0.01801001	0.05248516	0.05983492
0.02488292
0.08874465	0.003010853
0.005215107
0.1440181	0.02856675	0.02978433	0.1042648
0.01845964	0.006933297
0.01053026
0.05786758	0.02857449
0.02834029	0.0153697	0.00948163	0.006394391
0.08862269	0.01960107
0.1170729	0.02241284
0.007469125	0.09670983	0.04525805	0.01938855
0.03692394	0.01543313	0.01612755	0.1136981	0.06856173	0.1051011
0.02457649	0.000602583
0.01665492
1.056642e-05	0.1018847	0.04638872
0.02629852
0.02910377	0.02306743	0.01713198	0.01341506
0.02998178	0.02274635	0.02073515
0.0004876474
0.02298167
0.007054106
0.01708417
0.01493616	0.01161627
0.02252387
0.04341858
0.0502878	0.08107368	0.005263903	0.1169596
0.05018704	0.04898801
0.04989133	0.05264859	0.0475016
0.1270364	0.04145374
0.02167835	0.009867021	0.1068318
0.03628858	0.02759679
0.004546472	0.1033655
0.06878946	0.02224067	0.01929776
0.07018522	0.06166738	0.01839636
0.09610567	0.007224773
0.06738358	0.00749233
0.1741344	0.01024928
0.04050011	0.01980085
0.08640367	0.002915702	0.06063367
0.0322224	0.02920696	0.05900897
0.03553458	0.006141075	0.1337301
0.02821215	0.09415055	0.05491377	0.07314686
0.0776319
0.05160975
0.07423674	0.08567043	0.01655625	0.1410993	0.1496307
0.05077044	0.020063
0.00493171	0.06217037	0.1956782
0.00417025
0.03170346	0.05137919	0.007668156
0.06067648	0.04980583
0.03519429	0.01672548
0.06162979	0.004915993	0.05742436
0.00241589
0.0002214787	0.01868445
0.03221581	0.01274051
0.03610997
0.01924064	0.0336387
0.001528036	0.02000292	0.06489981	0.1400424	0.03648687
0.04362652
0.02167903
0.03281277	0.01312461
0.04755054	0.02459741	0.1815319
0.1034722	0.004329161	0.09030099	0.02589397
0.01067011
0.001322774	0.008255218	0.06981042
0.04222462	0.1395474	0.02452387	0.04452304
0.02616642	0.002602686
0.03574815	0.06114595	0.02077938
0.01074045	0.01705447
0.01695285
0.03734562
0.001139986
0.007905277	0.007790873
0.002792025	0.006114693
0.002196649
0.03400876	0.08459826	0.02712044	0.01446556
0.03827918	0.00156146
0.02571842
0.002011493	0.02657962
0.08550397	0.01016614	0.09992313
0.01448655
0.005677655	0.09258422	0.03531511
0.01416458
0.03210474
0.0784802	0.007592586
0.04329883	0.004635687
0.01178551	0.0227028
0.01334777	0.02955438
0.06799784	0.01775422
0.0006259617	0.03752997
0.02527599	0.004225824
0.02044428
0.04105266	0.005208075	0.1186121
0.08069054	0.05726313	0.06013953	0.07067893
0.06229038	0.005044008	0.0008970429
0.03690616
0.06634471	0.03506106	0.04639177	0.03961641
0.06011302	0.01348747	0.04906438
0.1131388	0.02796393
0.03809643	0.03995524	0.02749294	0.05029348	0.02994132
0.0100199
0.09499808	0.04456742	0.1206336	0.02390076
0.01261738
0.04109368
0.01678451	0.06823938
0.0776187	0.0329655	0.01121536
0.002976019
0.01490125
0.04655264	0.01302422	0.1447371
0.01159007	0.1121229	0.001830946	0.1446279
0.1410404	0.164586	0.1037064	0.02986849	0.04909067
0.06669225	0.001309517	0.03459374
0.07196497	0.1015047	0.009063471	0.03760888
0.03137744
0.03410998
0.02040876	0.01613321	0.02774816	0.04296849
0.01972288	0.03267978
0.004530549	0.04738532	0.03023158
0.02826126	0.02313704	0.004322479
0.03418153
0.0469004	0.05431686
0.03563215	0.01740574
0.05199811
0.0175245
0.0004070525
0.06599913	0.02639614
0.02845135
0.02338225
0.03818321	0.0411828	0.08581145	0.1186269
0.0991101	0.0393195
0.06131659	0.04018668
0.04035016	0.009017446	0.08162092
0.1408416	0.05512074	0.01518965	0.09048406	0.08337115
0.08690755	0.07099752	0.03853901	0.04219069	0.005340799
0.01453148	0.009365977	0.02235008
0.07397884	0.00133706	0.06843106	0.02311546
0.018965
0.03495128
0.02048876
0.02932041	0.001298639
0.002958299
0.07461259	0.05116274	0.02239893
0.08853332	0.05632831	0.03891215	0.05633521
0.05673796	0.08946791	0.04384426
0.1596063	0.01868896	0.1621069
0.08771011	0.02498866
0.04909817	0.02596378
0.1689644	0.03305857	0.02483373
0.01575029
0.07101755
0.1149626	0.09091095	0.07373514	0.08167711
0.03710117	2.031891e-05	0.06553984	0.05937008	0.1017293
0.06616572	0.06580599
0.02892931
0.0176692	0.06783791	0.05759594
0.01793762
0.03313533	0.06771214
0.03749272
0.01681301
0.04512774	0.00995619
0.02997534	0.05565452	0.019629
0.0008485818	0.009810332
0.002297886	0.03898542
0.02195587
0.07071033	0.03389923	0.03662143
0.001454498	0.1088058
0.03475126	1.986086e-05
0.0367563	0.03576946
0.007145232	0.07210804	0.05365097	0.005368082	0.02057028
0.03421341
0.0527053	0.04064087	0.1120436	0.002533213
0.01052492	0.01256653	0.04204637	0.05237561
0.02241171	0.03866805
0.04096439	0.04971342
0.0404621	0.03636513	0.04812745
0.07190518	0.03058815	0.1038337
0.1227229	0.01856751	0.05019231
0.1036495	0.02009724
0.0622849	6.308361e-05
0.08113068	0.009343196
0.001684736
0.1102987	0.03446321	0.08326329	0.09915367	0.09365947
0.127388	0.104196	0.05897409	0.0007334281	0.1309986
0.07395971
0.0926205	0.008314375	0.0558691	0.1639711	0.1108408
0.05325768
0.01915762
0.03728298	0.02458618	0.131442	0.02054822
0.02410665	0.0511423
0.02487508	0.08368419
0.06001095	0.03603212	0.001458304	0.02552825
0.002808911
0.03762006
0.05162079	0.003750423
0.08060139	0.04708248	0.05320089
0.06406935	0.06002806
0.00958659	0.02638528	0.02141978
0.0114511
0.01205883	0.009557521	0.04322489	0.06654971
0.04240794
0.008376595
0.01402903	0.02033512	0.0006506166
0.03966271	0.02278089	0.06740124
0.001210237
0.05494275	0.005519474
0.02529084	0.0007060808
0.007677402	0.008735613	0.001463527
0.03211175	0.01346952
0.09820236	0.006828864
0.08838087	0.02288306
0.02196775	0.02733605	0.1808901	0.02727436
0.007630301
0.006469318	0.04215346
0.003866582	0.168563
0.02592065	0.07170076	0.06241116	0.110762
0.06138939
0.04360027	0.07298426	0.05215221	0.1015675	0.1431243
0.06892576	0.01967832	0.09727312
0.03130938	0.0122708
0.01236502	0.04120427
0.04238259
0.02521232
0.005662751
0.02537208
0.04899698	0.004902071
0.02569485	0.0009153139
0.08043907	0.01516578
0.01729918
0.02203981	0.04053987	0.1106119
0.007750143
0.003582968	0.003427342	0.04521789
0.02136254
0.02736723
0.09124588	0.01597349
0.02654712
0.01388584
0.01558756	0.02363242
0.02514106
0.01183134
0.004941147	0.01593516
0.01652607
0.00637654
0.01896738	0.03896309
0.001425251	0.06988554	0.0437454
0.01489318
0.03305139	0.03017228	0.04672938
0.007047624	0.03516595
0.01049654
0.01626404
0.02186315	0.1418522
0.08132684	0.07324166	0.05133671
0.1058737	0.005195805	0.07088168	0.1005118
0.04100603	0.007466502
0.04820515
0.03274	0.00108776	0.03502363	0.001518888	0.06594118
0.03056789	0.03122479	0.05071005
0.009870024	0.01374641
0.05496219
0.08937618	0.02488652	0.01820672
0.006623861	0.008245232
0.05363391	0.03190959	0.08200126
0.03404914	0.02649097	0.05946738
0.06999968	0.04330557
0.08088807	0.01047242	0.06164198	0.03115031
0.01821715
0.0974759	0.001070207	0.07911671
0.1042577	0.04239618
0.0596507	0.01316884
0.05478986	0.02213367
0.02159986	0.122328
0.005548584
0.03395283	0.0001135583
0.04542907
0.02311669	0.01259615
0.1196568	0.008098209	0.03145376	0.03221006
0.0409898	0.007359825
0.05554992	0.02134177
0.04650145	0.009907818	0.08334078
0.04434677	0.008769158
0.04395786	0.05886613
0.09176728	0.05019288	0.1134071
0.09348256	0.0114664
0.1441885	0.03442229
0.007517662
6.190499e-05	0.03965896	0.007936845
0.01103282
0.06919814	0.003815684	0.0465089
0.02452496	0.03048223	0.1571003
0.08150213	0.01231782
0.09399838
0.1543535	0.08630051	0.0194491	0.1149589	0.07698657	0.1301156
0.1338785	0.07262526	0.0810021
0.04253617
0.09015475	0.03384583
0.09607948
0.06002068	0.02440314	0.02550778
0.1091024	0.001798474	0.08030565	0.07734915
0.06011232	0.04629357	0.04186659
0.09822769	0.002572068	0.1273584
0.04824021	0.04045763	0.1437528	0.03855449
0.0006923303	3.424387e-05	0.1614871
0.005191806	0.02865241
0.02122822	0.01475289
0.1391482	0.02962013
0.06547274	0.01215575	0.004345759
0.01520206
0.01098148
0.02948823
0.01232177	0.05360524	0.1068337	0.001127789
0.07289335	0.00626858	0.04106394
0.01943778	0.03722254
0.07992447	0.09939596	0.02300708
0.007428538
0.01936421	0.01814558	0.1553958
0.003397813
0.01365029
0.04626586
0.09308466	0.005164161	0.04009992	0.01640331
0.05975095
0.02212583
0.1095874	0.0001545931
0.06972101	0.04886267	0.009930833
0.07271625	0.002731523	0.07578298
0.005118014	0.07561858	0.07953291
0.02887814	0.04891096	0.02072267
0.09442301	0.04085664
0.006718319	0.02678582	0.04954941
0.0788924	0.01327469	0.05101658
0.1428024	0.04796198	0.1423753	0.01008146
0.002513279	0.01832983
0.02235178	0.02615595
0.06140317	0.01616015	0.08858815	0.01930229	0.005601361
0.01193018
0.008393414
0.06645231
0.04783791	0.08271173	0.1117741
0.1012379
0.03302273
0.06967597
0.03234086	0.04371769
0.0945233	0.07083363
0.09424548	0.05378434	0.01168086	0.07269652
0.07979538
0.09949611	0.01966987	0.04922968
0.05334119	0.0676081
0.1366735	0.03507452	0.0632769	0.02657638
0.08665915	0.04877058	0.04875753	0.06168341
0.07817772
0.03380964
0.09462469	9.381179e-05
0.08779005	0.03990112	0.04917327
0.0002391989
0.09020978	0.0418296
0.06850349	0.04483325	0.04665847
0.07051473	0.07889549	0.01614039
0.05965439	0.02424338
0.01924277
0.1201266	0.009439427
0.006413686
0.003001956	0.02460079	0.05521592	0.009007207
0.03139865	0.00214683	0.04989939
0.02951398
0.01941145	0.0307584	0.01350869
0.02390997
0.05698061
0.00917566
0.004976338
0.04835163	0.007967486
0.02633131
0.03808281	0.05069972
0.05358573	0.05353514
0.09385141	0.06029988	0.05966033
0.04910325
0.05589411
0.09225702	0.05870718
0.1607984	0.008842414
0.1123842	0.01463652
0.02174284	0.02137712
0.02041153
0.01136506
0.01336676	0.01822986	0.02797568
0.001394423	0.03148397
0.001741991	0.05788226	0.03378492
0.003585701	0.03759316	0.0501494
0.0236241	0.01762489	0.02207075
0.06167829	0.07281751	0.1144943
0.00435978
0.0211248	0.001237803	0.0240664
0.006888064	0.1363364
0.00791884
0.004345185
0.0330169	0.02703805	0.1148104
0.08657244	0.01721342
0.1001516	0.01312505	0.06168014
0.01288158	0.02338218
0.05302959	0.08710701
0.1219962	0.03145015	0.03338222
0.0961792	0.05757226
0.04535175	0.06560847	0.04465517
0.02295543
0.003618549	0.016854	0.02924906	0.06426092
0.007665907
0.02103008	0.008894885	0.06478358	0.06147559	0.09112562
0.1063927	0.09849524	0.009480199
0.00512266	0.01143437
0.0491588	0.01260727	0.005065954	0.09808836	0.02514431
0.01193497
0.0148807
0.08432357	0.0674567	0.1703123
0.01518553	0.02817867
0.009707841
0.03778595	0.008094778
0.01161407	0.07820626	0.02497952
0.01241338	0.01416531	0.006384321	0.04187303
0.09182591	0.00938059	0.0231325
0.007791745	0.02081776
0.008466483
0.03838277	0.01362225
0.05271861	0.0007803405
0.009024721	0.0414926
0.01725359	0.07138874
0.007054509	0.02631987
0.1056704	0.003045524
0.1100095	0.008883581	0.02754934	0.02835257
0.09956426	0.02392811	0.005312257
0.03530652	0.07172879
0.04930324	0.03934147
0.07258459	0.001834187
0.03756058	0.001472261	0.08807755
0.1097785	0.01788061	0.03314395
0.08308545
0.08300567	0.0969404	0.02591926
0.02724626	0.02579146
0.006381814	0.09521694	0.06640466	0.04536519	0.03666552
0.0245469	0.08700216
0.004478231
0.06615442	0.01670776
0.04245839	0.0622432	0.02448568
0.03938049	0.158915
0.02984764	0.02683005
0.02294727	0.01626336
0.00493515	0.01291074
0.02429852	0.03301009
0.1124178	0.05031522
0.1262988	0.03279708	0.06437682	0.06864521
0.02047351	0.05069213	0.06365254
0.02770712
0.007767631	0.1040073	0.01275409
0.02848717	0.009215319
0.05472363	0.03075917
0.01256691
0.03305478
0.1647361	0.01702159
0.02779116
0.02737102	0.008773599
0.0009629041	0.06352264
0.05593638
0.01743307	0.05250729	0.03560585
0.02701908	0.01006621
0.003053047
0.02779883	0.05634706
0.02908604	0.01360062
0.02124515	0.02035843
0.09958124	0.04706191	0.01118353
0.03382898	0.009904167	0.03512991
0.03008464
0.04989522	0.009615484	0.08743801
0.04342919
0.01717235	0.1121534
0.003508677	0.02501767
0.05230828	0.04227717	0.02857561
0.008524633
0.01136349	0.04527329	0.04253747	0.1053156
0.06610593	0.08696859
0.01223716
0.009228015	0.03019725	0.0855275
0.0156888	0.04751707
0.04727744	0.01194643	0.02814977
0.02178053	0.04647798	0.03697966	0.03244067	0.04979383
0.03753687	0.111217	0.07064887
0.1385518	0.03803212
0.06968077	0.03999027	0.02895218
0.0006212552	0.02557157
0.0271329	0.007787643
0.03926937
0.05532059
0.06770919	0.05622686
0.143935	0.04927468
0.0551792	0.1109157	0.02160286
0.02027979
0.09494791	0.03978303
0.005566137
0.1686227	0.004246417
0.02496754
0.0006356591	0.01816073
0.01423258
0.05134377	0.00764916	0.04167416
0.0433143
0.01937745	0.05510621	0.07841427
0.03160453	0.02880048	0.0101592
0.1023715	0.04510051
0.02318586	0.06694747	0.02740822	0.03325303
0.0765202	0.04618	0.006465117	0.03991821	0.1010568
0.09117297	0.06169446
0.02950032	0.07234703	0.03735572	0.05043498
0.07168885	0.06051559	0.06818336
0.1030044	0.06879539
0.06437548
0.04156377	0.02758499	0.04621333
0.04034014	0.001042141
0.05372705
0.08134277	0.06661085
0.1002469	0.06800171
0.0677734
0.0654293
0.1735524	0.03425232	0.03191416	0.04864354	0.02378067	0.1557616	0.1065712
0.03509719	0.003688645
0.01500992
0.05466469	0.002426472
0.04558522
0.001373826	0.06231709	0.03963489
0.02811384	0.0795613	0.01923809	0.08569198
0.07848318	0.02427876
0.04074184	0.1123351
0.1098013	0.0005167371
0.06457513	0.05545795	0.0309923
0.01945604
0.006985782	0.09459889
0.04242575
0.004219099	0.001954961
0.009005633
0.03843265
0.01650067
0.001612442	0.02033088
0.03060757
0.07570598
0.02779909	0.01758944	0.05369938
0.02384259	0.01568034
0.0565798	0.007552276
0.00361072	0.04552668	0.01007047
0.01354602
0.06731679	0.1568577
0.1535686	0.09441348
0.08075747	0.01869565	0.1278103
0.056229	0.04392731
0.04746841
0.03261958	0.02976846
0.01997128	0.02667127
0.01850486
0.1050317	0.03677298	0.01162209	0.006429009
0.06973352	0.005198047
0.006708405
0.02917337
0.01557901	0.0008620999
0.01650773	0.0009952503
0.07128279	0.009112356
0.008233379
0.003265412	0.0306792
0.0425492	0.03316422	0.03267546
0.02190194
0.02482114
0.04374441
0.01720391	0.01151526	0.1164407
0.05344187	0.006337797
0.0682228	0.07062619
0.03535489	0.008036292	0.0757841
0.0002070276	0.03056702
0.006596483	0.04193157	0.009485993
0.02941336
0.08402965	0.007325127	0.1197787
0.006420949
0.008601511	0.004446584
0.1371722	0.01254019	0.04113692
0.02180977
0.03276646	0.003347042	0.08862622
0.05090755	0.02356899	0.05607604
0.005254614
0.03496624
0.01595484
0.01789665	0.008095774	0.1089838
0.07425042	0.002788055	0.01119377
0.03283022
0.1795334	0.04926527	0.09905938
0.00425578
0.04504738
0.01203768	0.02080355	0.1355169	0.0003203316
0.01936175	0.06164717
0.04328468
0.09962922	0.01613079	0.04590585
0.0009640036
0.0467035	0.01755042	0.0415439	0.03616253
0.01415895
0.02296035
0.002594553
0.02521235
0.1206893	0.03674708
0.01569328	0.005271745	0.08850542
0.002018713	0.03240758
0.03379974	0.1762796	0.04239381
0.04493284	0.07144406	0.1195538	0.03732536
0.04094861	0.001945939	0.06687171
0.03687746
0.1046704	0.05491013
0.05615096	0.005906199	0.07111592
0.002960464	0.01014264
0.02023016
0.01115472
0.03253383
0.001900106	0.01496386
0.009973907
0.007929873
0.06260288	0.06008029
0.02936398	0.2115241
0.03687504
0.03656277	0.01455625
0.02944428
0.07438977
0.02478143	0.007218837
0.0496124
0.1151799	0.06105804	0.1489951
0.07504909
0.046957
0.1038347	0.0326364	0.02118606
0.0577809	0.04320859	0.02499105	0.04265721
0.06541194	0.00890023
0.1280053	0.003712235	0.03216135
0.01023345
0.01396695
0.004987461	0.08124182	0.04445104	0.01735416
0.04959679
0.05415361	0.0233852
0.04920215	0.04335101
0.008191377	0.05768815
0.03634473	0.01539734	0.0412854
0.007252057
0.009282028
0.05255887	0.04793613
0.06038553	0.01478911
0.09904445	0.01496275
0.001070491
0.02565965
0.01376338
0.0760304	0.01135715	0.04666853
0.03013262	0.005731572
0.05810414	0.01830845	0.0463678
0.0002489259
0.008805778
0.0009687114	0.04320408
0.02260122	0.09972252
0.006099463	0.01908459
0.03873	0.01083285
0.01519464
0.003965181	0.002565696
0.1739507	0.02478114	0.003563391	0.02709734	0.03679158
0.0424918	0.07119469	0.02527526	0.04527154
0.02174679
0.2037362	0.01721635
0.09831783	0.02932561	0.07434295	0.1017923	0.1174052
0.06128482
0.09205339	0.1282473
0.05143972	0.02767446	0.1296573
0.1173845	0.00776345	0.03031797
0.04550334	0.002335448
0.01538229	0.00425694	0.03889132
0.03362622	0.04728995	0.008666669
0.009022963	0.01652496
0.08871785	0.01087208	0.02209752
0.005242578
0.02658687	0.0153927
0.03702108	0.01105107
0.1037084	0.04147914
0.06428905	0.04227147	0.05847942	0.07852214
0.02447733	0.01464437
0.0064197
0.009112814
0.03608554	0.009471581
0.028587	0.03713715
0.05441741	0.01363525
0.01153302
0.02478003	0.1154418
0.006791735	0.05765089	0.0970623	0.02042434
0.01215951
0.009735423	0.00863908
0.04433482	0.002059717
0.009369463	0.04967845	0.07879766
0.005417975	0.06478082
0.01701049
0.01185528
0.01820935	0.02604704	0.001836799	0.00773254
0.04945301
0.09684989
0.04979051	0.04863663
0.02109692	0.04343205
0.01120962
0.0618496	0.000848905
0.06202368	0.04150886	0.1089507	0.07015841
0.03262039	0.005741504
0.03337931	0.03285608
0.09181196	0.04843092	0.05629432
0.009791285	0.009251479	0.04926929	0.1083846	0.09950287
0.01525878	0.04929152	0.09298668	0.08330761
0.01757175
0.1117994	0.01373491
0.006210666	0.003508545
0.08084247	0.03404153
0.07452937	0.02678458
0.07870598	0.0006230558	0.1154604
0.03002355
0.01419499	0.03573866
0.006387899
0.01702774	0.02040859	0.1101497
0.04777245	0.02276121
0.03019826
0.06212597	0.02056786
0.110391	0.004414201
0.1254289	0.003177705
0.09548084	0.0170151	0.0787283
0.06475085
0.0132056	0.0295601
0.03165006
0.04319763
0.05182088	0.009237759
0.02776769	0.02820586	0.1300311	0.02441216
0.06363886	0.01708891	0.01605654	0.1049457
0.005534039	0.01712827
0.1060657	0.06589042
0.0327768
0.009655717	0.0008043244	0.185169
0.08070662	0.06054566
0.02368079	0.07033916	0.05256413	0.04467996	0.07714369
0.007838427	0.002671353	0.01990484
0.02717685	0.003877355
0.04293369	0.05220425	0.01597203
0.08644752	0.02452629
0.03099539	0.05190382
0.04752977
0.03687743	0.0397252
0.01816959	0.06779253
0.01333535
0.056489	0.03537557
0.03078252	0.0339948
0.07485739	0.02985982	0.04139694
0.03511292	0.08760636	0.1239832
0.0070037	0.02941291	0.07259231	0.003444314
0.06948089	0.01032906
0.01744357	0.009672504
0.01221459
0.0242781
0.0970139	0.0507761
0.1806593	0.006177314	0.07544835	0.08320741
0.0454541	0.01529118	0.04541473
0.04042549
0.08313343	0.0103925	0.01045231
0.0734841	0.008828838
0.00676177	0.07471641
0.02354342	0.05313457	0.05195414	0.0233399	0.02920659
0.03428021	0.03692505
0.01898932
0.01412575	0.03654727
0.06418509	0.01170198
0.03015171
0.01251966	0.01396119
0.1142563	0.06124188
0.04078223	0.01071181	0.005052537
0.02871655
0.03037831
0.08729844	0.05136468
0.02381429	0.05195726	0.01845371
0.1013251	0.008545426	0.005219033
0.06021312	0.0203541	0.01025226
0.06088507	0.00346755	0.1755278	0.01384664
0.08448074	0.02052263	0.02315542	0.07626519	0.03452981
0.03321024	0.01282642	0.05862709	0.02890251
0.02502489
0.0234511	0.01469582
0.004670254
0.1885458	0.0003484841
0.02640479
0.04878716	0.03686472	0.0248874	0.03619279
0.08432831	0.03922839
0.02839538
0.021535	0.002062329	0.09750434
0.0891369	0.0628596
0.1551981	0.03003723	0.04710872
0.1426325	0.04136153	0.06681072
0.03891046
0.07530017
0.03244874	0.04637302	0.04403718
0.03064796	0.009083084
0.03134319
0.1278226	0.009208441
0.06198644	0.02164478
0.02245179
0.02917347	0.0221125
0.1003887	0.075255
0.02595619	0.001312377
0.04481061
0.01292789
0.01799022
0.02594124	0.04071964
0.05657516	0.003735261	0.002829421
0.04547073
0.0295027
0.01134331
0.01561702	0.03756782	0.1162602
0.0206673	0.0506596
0.001957306
0.04576243
0.01819813
0.0748773	0.08502159	0.09426379	0.07985971
0.02207598
0.0007614787	0.0009028315
0.06135302	0.08306639	0.03046683
0.02804839	0.09846472	0.0422121	0.1786097
0.03818178	0.113189	0.1447751	0.02154595
0.0136086	0.1183237
0.03072533	0.05950126	0.01954128	0.005039248
0.02541156	0.01500507	0.01103384
0.02653744	0.02517736	0.03458525	0.1492861
0.08325822	0.01605123
0.003062483	0.04680201
0.03313875	0.01105656	0.01102401
0.002384595	0.009417243	0.01879102
0.0355123	0.002520462	0.008363245	0.02674404
0.057785	0.02717291	0.0545168
0.07556695	0.009186276
0.05407521	0.06724309
0.06562992	0.0531216
0.007265209
0.03950256
0.001903181	0.03520095	0.1048458
0.009106399	0.003521948
0.01438969	0.03607637
0.04707031	0.06604074
0.05856592
0.01224733	0.05695805
0.03785374	0.1120484
0.001944637
0.02101921	0.04082734
0.0656847	0.01697012	0.0005145325	0.01206899
0.03362453	0.03381312
0.02650183	0.1762387	0.0377704	0.04111677
0.1125958	0.03001327
0.0502971	0.04182517	0.1175402
0.02588313	0.02847732	0.05468342
0.002533473
0.07067206	0.001639063	0.004336658
0.01819652	0.07648859
0.006410864	0.06439163
0.00935045	0.02158096	0.04488724	0.0307129
0.0321508	0.07933857
0.05786755	0.01172405	0.101768
0.02680196
0.02757669	0.02453144
0.0278537	0.05549922	0.01565431
0.06389969	0.01021588
0.02702735	0.007728094
0.01710168	0.0896642	0.004768237
0.01157752
0.001247051	0.006817757	0.1001796
0.004147016	0.007795993	0.03697359	0.06913683
0.002931195	0.02814107
0.09159938	0.09007051	0.02646385	0.08080116
0.1104565	0.02693853	0.09214222
0.04971441	0.02712193	0.03459193
0.07757302	0.01813108	0.1125275
0.05982	0.02135747
0.05292634
0.04790822
0.02925813	0.01326818
0.06333629	0.008443909
0.03394163	0.003112963
0.06482555	0.057642	0.05177115
0.01612287	0.06723454
0.002242982
0.06938818	0.01052075
0.03469943	0.02010107	0.008287134
0.0500381	0.04794845	0.04801579
0.002012905	0.04790156	0.007530975	0.00865252
0.02385532	0.0107131
0.00257687
0.01113515
0.008242096	0.01341196	0.02078
0.00966524	0.01632088
0.01270464	0.04000934
0.0001685658
0.01492673	0.01733049
0.02373071	0.009776833
0.04113617
0.08580948	0.003468191
0.07308682	0.09091319	0.008088066	0.02514192
0.003282562
0.004596205
0.0003005371
0.07131705	0.05900772	0.03092951	0.02301181
0.02439145	0.0477045	0.1485052
0.0731286	0.05519902
0.009457369
0.07962806	0.033839	0.04889659	0.02544168	0.1402361
0.05386516
0.1109422	0.09688346
0.01095586	0.07090024	0.01035164
0.06056513	0.03724685	0.06806972
0.03832889	0.05966759
0.01342584	0.07258192
0.03204391	0.0158937	0.01438464
0.007223088	0.1346967	0.01049571	0.05273551
0.04398686
0.06563844	0.02707863
0.06457613	0.02056117	0.1671946
0.1086076	0.04272529
0.001181836	0.1406076	0.02394771
0.01976448	0.01906448
0.04019205
0.07718018	0.0012009	0.08125497	0.05045423
0.06514506	0.001085723
0.0458043
0.01729444	0.02747598
0.0154519
0.08879558	0.02013641	0.05889808
0.004326883	0.06574993
0.05476798	0.03247592	0.05441432
0.1026643	0.02719254	0.0143591
0.03089547	0.001019149	0.02287197	0.007622043
0.0664375
0.03313439	0.02327832
0.03990663	0.0006310692	0.01292132
0.1670563	0.07938199	0.06997997
0.05317242	0.06753036
0.05269035
0.07995954	0.05972953	0.04294246
0.1283169	0.0162732	0.04480894
0.1392283	0.01662406
0.08396824	0.006414469	0.06093343	0.1293533	0.03212441
0.05018201	0.01735711	0.005498461
0.01123061
0.0004066226
0.03164157
0.004644447
0.008615176	0.01233021
0.01731473
0.006534405	0.04006983
0.05597305	0.01835046	0.006505222
0.02185739
0.03609749	0.08936181
0.0235999
0.03285252
0.09984461	5.566298e-05
0.01705968
0.002462122	0.01573135	0.01456943
0.04576128	0.04418414
0.0002246998
0.02734293	0.00168872	0.009620721
0.04973661
0.01982892	0.0110616	0.00275796
0.05394923	0.097094	0.04614005	0.0002545066	0.05396285
0.0434773	0.04946018	0.01008257
0.02488688
0.1217301	0.02788217
0.05223887	0.03127827	0.004615092
0.005387263
0.007862382	0.04148549	0.009635625
0.009961564
0.0786935	6.613429e-05	0.04356907
0.05712393	0.1488533
0.01800036	0.04081097
0.007059635	0.08560541	0.05849875
0.06491896	0.03490946
0.001447248	0.08370003
0.02705071
0.05229027
0.0527408	0.005864887	0.01914339
0.05455321
0.02474642
0.02178649	0.001151045	0.009684692
0.02339182	0.0229879
0.05025121	0.08321853
0.05269728	0.01086812	0.1514512
0.01835087
0.0535305	0.05589795	0.09855975
0.04412138
0.002004912	0.03135944	0.006115033
0.01934792	0.03886297	0.08220768
0.009554601
0.01130764	0.03632316	0.092625	0.04920194
0.02768443
0.01589208
0.006686075	0.04434345
0.01395773
0.008682338	0.009266622
0.0005779052
0.001109109
0.05338846	0.05359941
0.01057633	0.002454325	0.02845689	0.04427512
0.02553924
0.01990389
0.07533831	0.04373924
0.007444385
0.03036006
0.002481139	0.05942133	0.08425465	0.0001422101
0.00100396	0.006060911	0.09566318	0.1204686
0.01167517	0.03851628	0.0804059
0.01429019	0.07105919
0.002897785
0.01375286
0.0955061	0.01390055	0.04964861
0.02457727	0.04525797	0.01557533
0.002546531	0.005627939
0.06291506	0.01365556	0.02446253
0.02014399
0.07453747
0.04379481
0.02359464	0.04126861	0.004646744
0.02788043
0.0007126678
0.001521118
0.01673099	0.01707424
0.02059491	0.02575705	0.03254459	0.07136083
0.0663167	0.01384602	0.08093445
0.03848519	0.005821212	0.09228374	0.1145484
0.005322342
0.07038556	0.03376566	0.04595305	0.1330587	0.1152953
0.01912816	0.03408838	0.001820291
0.01347254
0.07318883	0.08040061	0.04939331
0.05967391
0.05283258	0.02902551
0.002381203	0.1766965	0.08103271	0.01278153
0.03755614
0.00678299	0.06006415
0.02088434	0.02446778
0.03825298	0.02834058	0.04590007
0.04809696	0.03481829	0.003959944	0.06212147
0.07762974	0.01011179	0.02817246
0.2546548	0.02717771	0.00916103	0.04813924
0.07750577	0.04198846
0.004443906
0.02594345	0.01873902	0.02292482	0.02946904
0.05154838
0.02671333
0.1212422	0.05696752	0.0297349	0.06783987
0.01027155	0.006454066
0.05103638
0.01720944	0.09494557	0.02120896
0.01026892	0.05600236
0.1324946	0.003819266
0.008325874	0.04183706
0.004120577	0.03418313	0.07237626
0.06997543	0.1147691	0.03104129
0.005915927	0.01737639	0.03953779
0.06329128
0.009214134
0.08706926	0.02909298	0.01331768	0.01217587
0.07717146	0.07252164	0.1146795
0.07849725	0.04827478	0.05842638
0.02434305	0.03239155	0.07882906	0.05563385
0.1227691	0.006625589	0.1333	0.01827298
0.009492811	0.02781096
0.004943222	0.02133159	0.02317372
0.01720479
0.02824469
0.06318159	0.02585863	0.04306095
0.02735323	0.03561322
0.03115627
0.1335688	0.01347941	0.00180704
0.09245524	0.09604847
0.03044322
0.01891115
0.1053426	0.01759187
0.05951644	0.01327143
0.09853063	0.03176881	0.2104152	0.0259651	0.1535794	0.02483123	0.06603583	0.103
0.02224797
0.02381324	0.01565134
0.02118095	0.021605
0.0210469	0.04897372	0.002411123
0.02410521	0.03616549
0.06893713	0.05209254
0.07940108	0.06749454	0.02737473
0.02319418	0.05651206
0.02174373	0.00803231
0.009678733	0.03261196	0.01130962
0.01792165
0.0153159
0.06692438	0.0288628	0.01405935
0.01920814	0.05675295	0.0797843
0.1850275	0.02157384
0.04722083	0.01341672
0.02484557	0.02772422	0.02242259	0.1160578
0.05492108
0.0484653	0.002170221	0.06305872
0.006715723	0.05216637
0.04890713
0.03622079	0.09434424	0.05070405
0.03167511	0.02376906	0.03592114
0.0196857	0.05779402	0.01263367	0.07346132
0.06196077	0.009846356
0.04528463	0.02420265
0.005412876	0.01213615
0.02317204
0.03256674
0.02803768	0.04527046
0.08977357	0.01516591
0.0012247	0.04698027	0.0559616
0.05412096	0.06536261	0.03327453
0.003300641
0.02593571	0.02485259
0.09602739	0.007658443
0.03501439	0.01508524	0.1101284
0.02865265	0.01873637
0.02360238
0.08029196	0.01114684	0.1100954
0.06366533	0.006088903	0.1128722	0.06399832
0.02129752
0.07496616	0.01242154
0.1412857	0.03754224
0.0504347	0.04521581
0.09703585	0.07069176	0.0008102362
0.002181919
0.008173184	0.03364789	0.06780197
0.0730731	0.04600804	0.05532554	0.04483552	0.07400615
0.03377872	0.07587825
0.03307951	0.02305479	0.04277862
0.09496828	0.0098149
0.01213976	0.01001373	0.1363192	0.08474519
0.150162	0.02531666	0.09665874	0.04969733
0.01987602
0.05201324
0.03781261	0.02847241
0.08086578	0.02193746
0.1001118	0.07835721	0.002926896	0.05013704	0.05238551	0.05569362
0.0276604	0.04764487
0.02688749	0.01232165	0.02361964
0.04871292
0.06673739	0.04224569
0.05597996
0.007359468	0.04166245
0.001281702	0.01637077
0.005395709
0.04497128	0.04628869
0.07716805	0.003462313	0.002273071
0.02768479	0.01645075
0.05858377	0.01598331
0.04736808	0.01037117
0.06813549	0.007512327	0.1256327
0.07238876	0.04024736	0.1088194	0.01710247
0.0506497	0.01753933	0.01508855
0.02307471	0.05446666
0.0139375	0.001936088
0.0452581	0.009440707
0.06586941	0.01279178
0.004596812
0.002668327
0.05620913
0.0221693	0.1376766	0.00849575	0.1263587	0.07832171	0.007913239
0.05445761	0.07466465	0.03041814
0.1437605	0.02072202
0.006397867	0.08094547
0.04238833	0.07925426
0.03100532
0.04627816	0.09079809	0.08982283	0.02163669
0.06500868
0.06959863	0.0463284	0.05047709	0.07113518
0.01901392
0.04005177	0.07581192	0.05212954	0.0316889
0.01940974
0.03965277	0.05066127	0.05671332
0.07250398	0.03676802	0.08182213
0.003547618
0.009711602	0.02135351	0.03097219
0.001617546	0.009709832
0.01297342
0.0003501045	0.02461727
0.008584724	0.01312248	0.01204868
0.05090792	0.08200253
0.1256584	0.08364939	0.07949309
0.05787208
0.1221139	0.1176846
0.05042156
0.04665944	0.02742459	0.1032345
0.02402024	0.02618106
0.05854408	0.07421456	0.01226749
0.01833093	0.03953906
0.1102719	0.09497349	0.03549754	0.1013628	0.05347477
0.01204625	0.06243845	0.01591208
0.01295444	0.04903407	0.09703553	0.05458669	0.009099643
0.05961461
0.07196011	0.01542985
0.08863976	0.01992808	0.01225161
0.04842847	0.02559848
0.0003205457	0.02031258
0.01657648	0.004077017
0.03748658	0.04528712
0.01723792	0.009638929	0.009748171	0.1444691
0.008986891	0.06171881	0.02678673
0.009582933	0.05632841
0.01533537
0.05919733	0.002479655
0.02001808	0.005038221
0.03582925	0.04031284
0.01563079	0.005965601	0.004675162
0.03059224	0.02407107	0.06229028	0.01630706
0.03118137
0.01875509	0.03493585	0.0106964
0.04673672
0.001306243	0.009060314
0.03485189	0.005433519
0.01028797
0.04627704	0.1019578
0.05752278	0.006859567	0.07017	0.01742441
0.01865239
0.04153287	0.04013129
0.01100674	0.008968328	0.05506306
0.04360842	0.01361411	0.04181807	0.0004600483
0.03204489
0.03075288	0.03384511	0.02273082
0.001989	0.0166056	0.01811586
0.006256655
0.02604211	0.1264558	0.1399298
0.008116006	0.001658385	0.09698678	0.04572093
0.02492827	0.02665423	0.02763506	0.04305687
0.01995108
0.02080968
0.1561714	0.007518291	0.07688755	0.005700788
0.1682906	0.06365443	0.06625605
0.05235606	0.05287222
0.1612492	0.04760684	0.003676832	0.04879457
0.01816071	0.01185336
0.01112952	0.01328974
0.03465773	0.02668519	0.01512525	0.1362502
0.08223048	0.02440467	0.03433813	0.003792672
0.04792515	0.08808074	0.04914313
0.01096417
0.03511452	0.04882207	0.1096223
0.02752047
0.001362306	0.04459631
0.1097053	0.001198095
0.01222522	0.001885858
0.01748408	0.007134937
0.1471447	0.1090894	0.01933095	0.07061577
0.0158615
0.0322865
0.07877297
0.004613378	0.1123248	0.04381295	0.04726362
0.03821993
0.005391435
0.01585765	0.007023767
0.0281051	0.0333727	0.0578191
0.04129464
0.09739344	0.0340265
0.01938032	0.1191425	0.00107392
0.01588782	0.04245613	0.07417651	0.01482371
0.0807525	0.004347931
0.1544234	0.02801565
0.0894222	0.06306181	0.05116249
0.0180224	0.02955224
0.02783979	0.08184121
0.01996683	0.001183391	0.03974456
0.02051105	0.03162631
0.117075	0.05603389	0.03368184
0.03226096
0.02953367
0.04554594	0.02307595
0.1045328	0.04050312	0.005588295	0.04183128
0.01832226	0.02344345	0.01076537	0.08581955
0.01770325
0.0272068	0.05072062	0.0983145
0.07657218	0.005035037
0.0057845
0.03499449	0.004462533
0.02169534	0.02142704
0.04481754	0.01798812
0.1107172	0.02365609	0.09369128	0.1045779
0.1227357	0.03661895	0.03304921	0.03036886
0.002835708
0.03618576	0.0337439	0.09367338	0.1052594
0.007886831	0.01824214
0.01424648	0.0230585	0.01951736
0.08132055	0.01648096
0.1207936	0.03250707	0.009098152
0.05800727	0.05180469	0.07829772	0.01782607
0.06666989	0.09164083
0.05408591	0.06440744
0.03877161	0.0321492
0.07458953	0.002586902	0.05234177	0.02845011	0.1300169
0.00729855	0.1361438
0.1186625	0.08726926	0.0306706
0.00252159	0.01094339
0.01712022
0.1313356	0.03349588
0.0287319
0.1005499	0.02716634	0.03169608
0.01040339
0.1135819	0.0232517
0.01932654
0.04369499
0.02473081	0.03541305	0.007335458
0.01996127
0.001824099
0.0245085	0.06293635	0.019231
0.0469187	0.03771085
0.03917912	0.08903488	0.02753927
0.1007454	0.04745293	0.04550778
0.04323089	0.04294004
0.005017664	0.01647116	0.02682359
0.02710947	0.01026729	0.00371757
0.02175658	0.009110104
0.006414307	0.02122009	0.03440076	0.03850973
0.0145405	0.01626162	0.07152147
0.03466832	0.009794859	0.07487715	0.02528838
0.06387249	0.007896395	0.07628664
0.03977189	0.02232608
0.06629755	0.03984503
0.003776737	0.005376631	0.03722136
0.005750794	0.04103519
0.03847071	0.09297061	0.004490354	0.1701978	0.01246379
0.006893404
0.09751521	0.01283544	0.01003662
0.07773263	0.002698421
0.05946374	0.04753448
0.05906696	0.07589335	0.06023695
0.0620905	0.02888881	0.054866	0.0660701
0.02399865	0.01764537
0.1115967	0.0145656	0.1439813	0.02040776
0.1197228	0.04144218
0.08523734	0.00169196	0.08174828
0.01498459
0.07211894	0.067886
0.03188235	0.05813196
0.02169317	0.08198188	0.03320289	0.00101708	0.03819635
0.07138947	0.03328762
0.03767285	0.01729481	0.01608372
0.04577616	0.009910234	0.01526428
0.09295429	0.01267388	0.02991508	0.132643
0.02065482	0.06553939
0.016881
0.04434244	0.02845263	0.103099	0.08795542
0.1216572
0.105182	0.0820667	0.0532
0.004812217
0.06017455	0.05921925
0.03219607
0.02005641
0.01029921
0.04763209	0.01451159
0.1032881	0.005324329	0.006706728
0.07181053	0.02716244
0.03160117
0.0697781	0.01293043	0.02200944
0.09828212	0.06517661	0.02443367	0.07404667
0.005084325	0.02060016
0.01912122
0.02791649
0.02495929
0.03912616
0.02783864	0.04590066
0.03921089	0.03435793	0.09695521	0.006564188
0.03079808
0.007131391
0.02834785	0.07084961	0.04585692	0.01511445
0.008639588	0.01786719
0.02009131	0.07413939
0.04179026
0.004982698	0.1222382
0.09371981	0.04622795
0.08183502	0.008956049
0.01204266	0.03891664
0.03319411	0.04606065
0.00274728	0.06687684	0.01123579
0.04255439	0.03072904
0.02316816
0.06263391	0.01681485
0.08476887	0.03528542	0.01002988
0.02799893	0.02502126
0.0207355
0.04482086
0.06418509	0.007671803	0.01385274
0.05364393	0.0225516	0.01324363
0.03762305
0.06551892	0.0362643	0.065704
0.09822997	0.0001894168	0.006830872
0.09991459	0.03739388	0.03011651
0.04127249	0.03078652
0.05843677	0.01551044	0.05347366
0.04365573
0.02816795	0.06184884	0.01338749
0.01360361
0.003152903	0.0408487
0.04158723	0.01222275	0.1316135
0.009071994	0.003923444	0.01180597
0.07453024	0.004063154	0.02621591
0.04881533	0.04356722	0.05970392
0.0208208	0.001534507
0.0576272	0.0112987	0.08425976	0.02722789	0.05152989
0.006996088	0.0114708
0.05920013
0.05639982	0.0261512
0.05778617
0.1714725	0.1023607	0.05423585	0.03450277
0.1191025	0.03388978	0.07980786
0.02918141
0.001039573
0.02183135
0.01318692
0.01441065
0.06325634	0.003113447
0.007441558	0.001033851
0.04558694	0.05195338	0.05595052	0.02903218
0.06059475	0.06750812	0.01422119
0.04075145	0.06543999	0.01070629	0.09220422
0.02097732
0.02187036
0.01141991	0.001954894	0.06978629
0.01231207
0.007600145
0.0372663	0.02637538	0.004563732
0.049478
0.08106779	0.04862924
0.03263343	0.09492754
0.01869486
0.01694794
0.002015492	0.04267461
0.004942322
0.02002912
0.0341759
0.03196826	0.04728368
0.04633261	0.06834169	0.01993041
0.1072147	0.02954069	0.02056499
0.02775543
0.06565355	0.07731913	0.05316815	0.06768805
0.007379082	0.0517433	0.02508365
0.01821203	0.06059054
0.008678913
0.04332898	0.02713948
0.03580523
0.001426389	0.071431
0.002630879	0.03952899
0.03826746
0.02760748	0.08839311
0.04885178	0.08933923	0.02122302	0.1134165
0.03115313
0.06839203	0.004989402	0.06621443
0.0100673	0.008642905	0.1917109	0.09148228
0.03375903	0.08098244
0.04085876	0.01519271
0.02212118	0.01681189	0.09238922
0.07477688	0.01599938
0.01388733
0.08418283	0.02604678	0.1506359
0.002675406	0.02024545
0.0006531466
0.02065982	0.02120146
0.001115515
0.09782417	0.02866665	0.02812928	0.09269898
0.06450508	0.01527904
0.00983947
0.02352788
0.03255447
0.01337302
0.0009093579	0.03749105
0.02676893
0.0765343	0.0411267	0.04232443
2.463343e-06
0.02613523
0.09944143	0.02692442	0.02955528	0.1035931
0.007399256
0.01456491
0.008372757
0.01931649	0.05622345
0.02539397	0.02410895
0.07904735	0.0372314	0.05211575	0.01787676
0.06077129	0.0570606	0.04684028	0.0009944306
0.03181926	0.03528252
0.08900991	0.0001223668
0.0623536	0.05350596
0.03797963
0.01529075
0.0226226
0.01455784
0.001285756	0.02092253
0.008623131	0.03909759
0.009104907
0.08969746	0.07103794	0.02275121	0.05214517	0.06306756
0.0921994	0.01503915
0.03457052
0.02272936	0.0147151	0.1214116
0.06321275	0.02251826
0.05893724	0.1064894	0.02594972
0.02907233	0.01496583	0.03906155	0.07157395	0.03099071
0.03250719	0.03553378
0.08282966	0.002869393	0.04482565
0.0439215	0.009684652
0.04835156	0.04434987	0.009316955
0.004052412
0.0007045096
0.1163399	0.04960694	0.004013499
0.07074959	0.01704496
0.01797129	0.03810335	0.01152961
0.06731999	0.01264757
0.07678885	0.04058165	0.03990166	0.006235158
0.07614603	0.04282425	0.09289757	0.02019433
0.1265029	0.02487587
0.01837112
0.04936584
0.05655354	0.002131041
0.02911236
0.1252357	0.02043191
0.1059116
0.07938252	0.1101989	0.03725142
0.05712881	0.0478406	0.0643835
0.08045628	0.1388285	0.09438852
0.1293795	0.03920436
0.06155336	0.03935748	0.03595895
0.08876141	0.03711128	0.07295768
0.09129003
0.1644163	0.006737696
0.1217717	0.004121991
0.03614213	0.01081167
0.09722581	0.0463066	0.01319943
0.02340174
0.01646532
0.09827279	0.01564118	0.07670536
0.0364088	0.02720969	0.07063803	0.03723061
0.03658518
0.04831598
0.04134805	0.04116269
0.06028635
0.01218366
0.03197989	0.02562932
0.1141995	0.04212298
0.05788306	0.04095582
0.02668082	0.004661669
0.005733956	0.05371496
0.1424069	0.07900389
0.1791458	0.05371991	0.004309956
0.02243506	0.01725122
0.05896657	0.0120638	0.01953283
0.08143621	0.01372207	0.1672589	0.08344757	0.05895793
0.0592076	0.01411058
0.005609441
0.0165467	0.05005912
0.07056069	0.02468567	0.007418409
0.05744931	0.04152555	0.1279578	0.02304982
0.01596987
0.09564397	0.004059074
0.006783515	0.09118589	0.005708057	0.008709459	0.02016032
0.04641092
0.01147939
0.04018104	0.0600102
0.004212796	0.09500331
0.1395272	0.05164234	0.005608632	0.01826006
0.01273001	0.08127817	0.06536305
0.02073984
0.05775396	0.007666566	0.003249495
0.009158827
0.05757637	0.004596091	0.03443669
0.01661929
0.06706267	0.003007234
0.05358636
0.03657508	0.009109779	0.03561253
0.01555982
0.002881917
0.007162821
0.07787992
0.003360504	0.06230288	0.03393312
0.03172851
0.1027746	0.07325305
0.09754701	0.000462958	0.02567263	0.009320936
0.008270593	0.05459534	0.03827908	0.07185595
0.04779361	0.01037954
0.18986	0.0520339	0.1110729	0.01439103	0.03780739
0.04945599	0.03173586
0.03137414	0.01285631
0.004918445	0.04110536
0.009236154
0.05553154	0.06277905
0.04243316
0.113464	0.009204882
0.03347681	0.0454754	0.008353532	0.07152545
0.01892321	0.07064409	0.02334147	0.02540395
0.05697896
0.01203105	0.04575675
0.05556385	0.04354565
0.06395568	0.01525728	0.03325866
0.01159661	0.02041286	0.03499201
0.01244144	0.0251897
0.01010149
0.06327172	0.008487164
0.0527874
0.04468296	0.07076207	0.01312586
0.05161004
0.05574259	0.02095694
0.004070216	0.03929853
0.05101392	0.002956027	0.01892505
0.02015436	0.0549152
0.07424654	0.02546547	0.0744285	0.07956695
0.02180502
0.0007159913	0.09950386	0.007023876	0.01733714	0.1120431
0.02144289
0.04041586
0.02140288	0.01749259
0.006419386
0.0130519	0.02213903	0.0203671
0.05768888	0.02062736	0.02683364
0.07573623	0.06167666	0.01952521	0.06140134
0.01872043
0.05238048	0.03454587
0.04840011	0.04383832
0.05683415
0.07983331	0.08510046
0.05379422
0.1057978	0.1134247	0.007092921	0.1617403	0.08577284	0.03875823
0.06734268	0.02414973	0.07138674
0.03397788	0.01551164
0.04914595
0.02386385
0.0135353
0.04391997
0.03713193	0.06587712
0.02523448	0.03455336	0.04559813
0.01172703
0.001134277	0.005849782
0.02976181	0.04358301	0.08913824	0.02097448	0.05081415
0.03022759	0.1167362	0.06502959
0.09151745	0.007890574	0.01755751
0.008865437
0.002041766	0.02365189	0.04225619
0.04481264	0.06666541
0.09183306	0.02192402	0.02869438
0.03142778	0.0006723987	0.00520355
0.0589893	0.01191744	0.01769571
0.05848948	0.02457625	0.08352921
0.03081042
0.07197125	0.005419468	0.04398979
0.04519298	0.03431699
0.03779406	0.02132082
0.05256907
0.08133635	0.00860541	0.1521135	0.01538322
0.06597861	0.07413749	0.1074125
0.01454218	0.009845439
0.005494452
0.07183813	0.01018216	0.08104277
0.02215906
0.01513834	0.009807268
0.06689849	0.03980931	0.005285358	0.1169534	0.03845416
0.001434518
0.007597547	0.04583724
0.01371833	0.009489437
0.03750478	0.0116151	0.02500381	0.02160375
0.04443761	0.02202248	0.03440235
0.02961958	0.006416912
0.01336632
