MassExtinctionTimes
61.97332
61.9718	3.4661	22.79025
62.08939	21.73223
62.05982	1.360817	62.97411
62.09116	36.37264	25.85155	51.24087
62.09116	36.29083	52.32876
61.89592	36.44112	13.22364
62.1177	35.98712	56.56205	22.61732	15.95358
62.07873	36.25572
61.75611	36.38333	6.263445	28.06858
62.30052	36.39221	61.1265	3.407328	54.3437	29.61245
62.02805	36.31459	6.777656
62.28486	35.37828	35.69115	24.67531	11.21991	45.45412
62.08088	35.85322	57.54628	14.25268
62.07651	35.5728	42.12763	59.09645	20.54557	59.49483
62.0301	35.82008	3.291588	20.47026
61.8239	34.83142	51.17561
62.06415	35.69029	18.68321	26.26667
61.88608	35.62144	62.02791	7.88132
61.99167	36.35938	60.50644	53.01777	30.26161	27.55205	60.03385
61.87197	35.95076	19.35978
61.92553	36.23159	33.82352
61.72164	34.12625
61.66437	36.4466	2.187442	9.713627
61.86381	36.06362
61.85116	36.08208	23.54584	19.13589
62.15251	35.46355
62.07925	35.39095	25.41188	20.02711	9.445917	22.91365
61.99759	36.41557
61.82704	35.33627	22.8517	17.838
62.0241	34.8555
61.95612	36.01825
62.21639	35.18305	9.922877	28.26819	32.63595
61.99303	51.37122
62.11209	58.18393
62.0688	53.92853	1.411487	42.25938	27.2393
61.97258	10.41267
61.99983	29.81613
62.11026	36.06217	29.16463
62.00021	34.13513	2.688291
62.07563	35.89324
61.91852	35.07872	33.34566
62.14194	36.13758	9.552054	33.95342	22.10596
61.98603	36.25251	32.36235
61.49272	36.30041	62.7651
62.16267	35.00336
62.15843
61.95363	15.33636
61.91299
61.96313	34.35777	5.842968	62.51097
61.95523	24.2782	53.8495
61.87403	2.571223
62.07486
61.91011	56.28503	52.18134	17.6814
62.10487	28.61987
62.23367	48.22334
62.24801	24.23785
61.916	2.42719
62.04724	22.61067
61.96957	29.94326	3.597863
62.00155	13.95588
61.98005	13.51809	52.30021
62.05687	13.15856
62.01025	35.48302
61.7973	36.36682
62.27748	35.32495	10.40436	27.91436
61.69301	36.3479	0.8449985
62.10145	33.83754
61.89927	18.4922	0.394292	45.01887
62.10588
61.85749	43.5669	34.20163	25.48885
62.29995	33.47404	61.09938	3.58472
61.95021	7.483872	40.91817
61.5142
62.00113	16.83572
62.07324	25.3326	3.19849
62.04803
61.51965	29.75828
62.0275	60.7047	55.78271	13.58575	51.08792
61.85143	59.74726	62.02205	4.371839	32.57555	29.83719	54.92044
59.85396	62.18198
63.39074	61.77886	57.14267	61.85863
61.94777	18.93914	21.8736
61.98033	49.836
62.07225
61.9938	20.69657
61.94911
62.06959	65.4859	49.1547
62.01224
61.92614	62.6659	62.69364
61.95361
62.10028	35.84263	10.55556	36.98756
62.08024
61.97464	3.936787
61.93671	25.51708
62.03199
61.78218	52.69124
62.03549	55.73611	52.94966
62.14141
62.0703	60.14934
62.0703	52.55121	33.10819
61.963	40.16038	7.711641	61.16864
62.0767
62.27214	61.65161	31.7766
61.98111
61.91238
62.08361
62.08361	32.33584	18.45642	46.482	45.97112	45.75642
62.26896	36.3156	60.4908
62.15565	33.34949	56.56043
62.03668	49.96929
62.03668	25.33961
62.04343	7.493735	26.14581
62.2439
62.07576	36.71634	3.376454	36.37097
62.05894	36.08682	24.85027
62.05557	33.7365	26.0973	6.939171	1.803805
61.78437	35.3804
61.98579	32.62471	10.95176	44.29828
61.98579	35.81645
62.11602	35.82656	11.98374
61.98896	35.4406	58.42453	1.504025
62.11034	34.5151	22.19765
62.04418	36.11164	30.14121	3.088164	19.5435
61.43219	36.10634	25.02778	53.27595
61.77556	36.59774	25.64854	18.74219	53.06206
62.22949	34.31575	61.70212	18.82203	23.83532	53.34242
62.04832	53.63022	0.193764	43.83115
61.94228	50.34696	34.82618	56.05063
62.07275	36.38977
62.11355	35.86712
61.80721	34.42393	3.356386
62.45636	34.4328	59.86892	28.90659
61.91679	62.2294	36.43448	36.38309	31.39627
60.55314	62.67097	33.8731
61.96158	36.44593
61.75708	33.31562	20.15992
61.93775	36.6286
61.79355	35.80068
61.8093	35.04265
61.9391	33.62542	21.58329
62.06606	35.74087
62.10907	35.81274	41.48123	60.95558
62.07079	35.83115	56.96842
62.0162	36.22445	27.38054	9.607556
62.11084	35.86387	20.71653
61.96198	35.66335	20.19638	0.4668138
62.09292	36.31567	23.13593
61.9224	36.11357
62.04384	35.79035
62.10711	36.02897	31.46139	1.447141
61.96122	35.34483	0.2105593	25.79252
62.09583	35.45274	13.16675	30.25611
61.98656	33.70149
61.90204	35.14447	2.966744	33.2041	24.7019
62.10894	36.15475	19.32556	2.269722
62.01576	36.42662	6.763963
62.02559	35.57446	59.78935	8.129827	2.973574
61.91312	35.52185	13.68242	1.631312	6.890262	25.30631	58.4856
61.79021	35.19762
62.11425	34.57715	24.17129	62.37142	55.57781
62.07744	36.44524
61.666	35.31702
61.98144	35.35951	29.38847	2.592775
61.84368	35.26841	33.17286
60.55505	34.9264	62.92984	13.78861	53.89721	36.43192	15.88135
61.04787	61.94258	36.39336	21.83625	58.17985
61.93823	35.18821	28.25556
62.67942	36.25951	27.11275
61.79248	35.03529	10.13885	62.35427
61.48808	35.20903
62.08564	34.55966
61.84396	36.43037	1.803486
62.31096	60.8419	31.49332	16.00825	55.3947
62.40343	61.75367	35.91363	19.39668
62.05156	35.41481	23.41182
61.82551	36.01941
61.72252	35.7512	50.9489
62.08905	35.27163	9.887916
61.94263	35.36221	28.36864
62.03051	33.1325	53.4211	19.00742	48.03605
62.15105	33.60747	61.60641	30.2657	33.0384
61.86944	35.76569	55.81065	14.88997	6.489964	1.844328
62.01653	35.55047	0.3766401
61.84964	35.18674	23.75306
62.07228	36.00322	28.67066
62.06152	35.98113	31.2894	6.506957	58.23868	3.459624
62.08134	35.25012	31.68215
62.04982	36.24
61.61029	34.95681	31.4036
62.09138	32.37121	2.743736	58.58077
61.80909	31.97859	12.6485	21.91401
62.25247	35.19811	11.08504
61.99851	57.35936	35.25535	34.13893
62.10245	62.14953	35.75982	26.17742	18.90001	61.17077
62.10245	36.45207	53.75879	55.91078
62.02268	35.13108	54.5957	24.87268
62.02249	35.87987	20.39723
62.02249	35.81037	0.8355832	23.85937
62.11507	35.02173
61.86705	36.21278	1.165392	11.83162	24.11544
62.10562	34.38678	56.12333	23.4493
61.99434	35.98134	44.3078
62.09567	35.02639	37.89085	59.28419	52.63009
62.17658	36.29149	62.58305	37.85103
62.07808	36.41518	24.87428
61.26481	36.10891	3.109934	35.90879	62.80611
62.14677	35.7619
61.98821	36.27738	3.584915
62.13961	35.80378	31.90957	1.698521
62.07932	59.26836
61.77928	10.93521
61.99	34.63212	0.5139352
61.80346
62.06531	33.55795	13.10038	10.62564
62.0011	34.33662
62.05536	61.77584	53.82012
62.53985	60.22841	23.88969	59.60834
61.94073	34.76703
62.07369	35.32743
61.83837
61.90894	14.86432	2.192977
61.86995	0.619291
62.07391	35.76838	49.14479	15.70462
62.07833
62.11144	31.86817	18.2405
61.91797	34.19349
61.94051	35.34845	12.13898	29.2804
62.0423	36.34765
61.76191	35.90965
62.04557	32.66485	5.431027
62.07194	36.32998	19.08967	28.39677
62.02037	35.69313	6.781619	48.50377
62.00088	36.04872	2.118115
62.00491	33.62239	44.40583	55.3289	0.3165125
62.03095	36.38888	48.6907
62.27912	35.91549
62.03602	35.16169	34.0892
61.99822	36.03471	51.57245
61.57294	34.3939	62.84256
62.28202	35.30897	61.97098
62.1131	35.98742	59.13358
62.1131	35.78227
61.92425	36.2642
62.04938	36.14386	19.35895
61.84475	34.90279
62.09037	35.77822	4.203812	4.896843
61.79543	35.33795
61.6961	35.90105
61.97904	36.19895	21.28668	53.2236	20.35974
62.11068	36.2726	27.39459
62.06951	31.36281	36.25431	7.684132	45.73042	26.36512
61.68799	35.46724	35.13877	5.799437
62.00717	36.38287	0.8523362	7.350746
61.85185	32.99078	62.07933	60.38505	49.50247	23.4932	35.38675
62.10095	61.45238	35.25402
61.85252	60.76531	36.23875
62.29311	34.38975	59.54679
62.05207	35.57357	64.06974
62.1135	36.25543	35.61483
61.9672	60.28729	0.7395811
62.08916	25.37306	33.97366
62.05079	36.22154
62.08984	34.03455	32.72463
61.92516	35.75212
62.03196	34.14104	21.05668	6.606353	47.62374	20.8576	1.705629
61.90254	35.32097	6.204478
62.00502	36.2522	32.09826
61.77402	35.13991
61.53854	36.05792	35.59919	60.3694
61.24551	36.28076
61.94341	21.33654	6.373089
61.62702
62.09747	61.79836	44.3526
61.87987
62.0856	55.56717	60.93253	41.03862	24.83814
61.62469	53.34238
62.10672	36.26811
61.85387	35.07573
62.10347	36.05694	23.28157	6.178518
61.95637	36.36671
62.10568	35.91128
61.8821	35.92036	3.309928
62.065	31.10996
62.065	35.62658	29.35054	64.40064	23.62982
62.04468	36.33057
62.04468	36.25816	21.51319	22.34789	6.924912	48.46757
62.02554	36.44376	59.00878	31.02393
61.91836	36.09487	41.69443	21.57594
62.08414	35.93112
62.10471	34.71442	3.617974	23.12114	42.82224	11.00345	58.73064
62.10015	35.49023	23.85551
62.10015	36.34964	25.26519	50.53648
62.11439	34.5359	59.83556
62.11439	35.94361	22.47885
61.68511	11.37909	5.962627
61.8064	5.188598
61.78865	16.79886	38.81781
61.83482	35.65519	44.50582
62.0585	33.55436	0.6775297
62.04681	34.46527	7.047491
62.09216	19.442
61.88825
62.21231	36.14705	59.75422	21.54056
62.00907	36.25377
62.23205	35.25672
61.64484	36.18811
62.22534
61.91119	36.24007
62.11238	33.35487	18.84599	10.91129
62.11238	34.82517	18.11954	25.06865
62.07283	23.26054
62.08472	36.33168
61.63558	36.16085	21.18793	0.6981311	30.92025
61.89136	32.54159	8.581068	1.394819	2.946784	26.71749
62.0947	35.94697
61.87807	35.79711	23.9371
62.05195	36.1673	62.70974	33.13819	12.56493	28.79916
61.85616	35.05633
61.99217	56.92862	25.61213	34.8617
62.02357	34.27353
62.09126	36.16731
62.08114	35.30498
62.0146	35.84709	50.02544	22.57588
62.0146	36.21419	49.74182
62.08399	35.65448
61.91681	36.27062	36.01037
62.12299	36.10776
61.67877	35.87859
61.91345	35.35557	2.645953	16.11672
61.93307	8.208779	35.69177	23.11447	17.66988
61.93307	36.4128	35.05623	13.29655
61.82701	35.90431	36.14469
62.03907	36.34837	19.7845	3.038733
62.03907	34.46438	16.86594
61.55232	35.3223	24.89415	2.134554
62.00482	33.99353
61.99545	35.99833	24.10495	1.038061	0.9655141
61.24309	35.72034
61.81044	36.23316	35.80903	55.23697
61.87869	35.17909
61.96908	36.14778	3.246448
62.07371	32.75734
62.14423	60.44037	24.99622	32.10182	33.54156
61.4297	36.56694	14.61832
61.91974	17.03704
62.09062	35.20376	34.35044	6.302941
62.09062	32.14735	8.398388	54.88671	13.14654	40.9189
62.23896	35.37069	33.82604
61.93695	36.30195	49.12829
62.11005	51.84589
62.08274	8.220116	6.377734	53.94729
62.07141
62.11092	21.59877
62.01741	20.4119
62.01566	36.5995
61.96253	35.75178	58.83798
61.60519	54.40948	61.14618	15.60352
62.10515	33.98496
62.22739	35.93773
61.77688	35.54783	42.17106
61.95492	35.66994	45.88877	3.205208
61.93043	35.11371
62.11458	29.56439
62.11458	32.73851	28.47365
62.02251	35.88921	17.89727	62.05485
61.97345	34.4849	35.98278
61.98778	35.84676
62.0032	35.90546	49.34233
62.0378	36.38281
61.97923	36.22243
62.02712	2.980086	2.508971
62.03557	62.52763
61.11933	62.30781	25.9447	61.31549
61.97637
60.9446	62.06204	6.179962	30.74391
62.03757	58.99607	25.22192
61.67461
61.96406	2.890108	44.77878
62.09329
62.09434
62.10846
61.87955	32.65929
62.02217	5.35596	36.34759	0.9734749
62.05959	24.96643
62.08371	36.1117	1.654381
62.08371	35.91326	63.68749
61.39311	35.60293
61.89962	34.7578	24.37985	0.7791747	23.40847	14.09659
62.11309	36.40226	3.381496
62.11309	36.12118
62.029	35.97861
62.04135	17.7752	32.86637	22.14705	7.971521	30.59102
62.05075	34.62929
62.17169	35.13649	61.30849
61.99652
61.89173	54.03599	23.12061
61.71756	36.58077	51.27448	17.10093
62.0468	62.64338	30.55733	51.40468	8.093186
62.26331	61.37697	28.93682
62.31783	61.83317	35.86647
61.74022	62.05852
62.50103	62.05852	21.29458
59.06302	62.09603	11.69839	48.10655
61.58525	26.73088	4.522405
62.03286	35.37872
62.02497	40.58156	61.13553	48.78859
62.6401	58.97724	55.2152	33.91576
62.60358	61.90432
62.71288	59.11878	21.13305
61.9345	62.08932	36.51663	7.969224
61.99415
62.06325	59.06743	23.06193	3.644564	8.58882
61.21901	61.84746	17.18559
61.82649	52.81376
61.35488	53.78496	62.09984	35.87764
62.04474	3.165138
62.58253	58.07273	61.18645
62.07147	61.96955
61.21516	62.07372	46.03989
62.08452	62.38621
60.73716	61.9546	57.12001
62.24077	61.6969	9.8931
62.01967	28.87236	32.95993
62.0544	36.29837	59.96718
61.93934
62.04133	3.13678	31.29943	30.26586
62.0365	52.2394	35.59483
61.97452	61.87806	16.65309	57.10554
62.01992
62.0291	35.82067
61.87525	60.82764	36.34021	43.86174
62.08419	2.248817
61.95854	60.51838
62.04973
62.04389	7.500882
61.88317	56.34808
61.99679	2.870685	36.46296
62.22161	61.72392
61.97257
62.10563	61.23944
62.03178	49.61417
61.94455	36.21721
62.1127	36.21368	2.617731	54.90961
61.91245	36.06841	48.49086	20.5377	2.105069
62.09582	35.4121	59.39153	21.89875
62.09582	33.47173	55.43439	2.797493
62.2635	36.4458	51.78181	56.91847
62.08863	34.10197	3.929793	34.68969
62.08863	35.97473	57.48788
62.07282	35.82909
62.11567	34.17835	24.94105	56.23841
62.02447	35.36747	20.18366	55.04705	3.589194	1.218566
62.26103	34.48336	49.67808	21.28099
61.98186	36.35329	18.25988
61.88276	36.22533	19.42109
62.46144	35.18499	9.248989
62.0761	34.77597	62.70679	24.98528
62.06168	34.09241
61.77428	36.21912	27.49582
61.76945
61.86092	27.37352
62.08493
62.09092
62.08465
62.07741	22.40357	14.34649
62.10159
61.93896	0.589664
61.93234	35.19319	9.555006
61.58049	34.43964	0.4360335
61.76198	35.4397	36.13145	24.6634
62.26401	36.12799	14.33742
61.7876	36.44417
62.04486	35.05742	22.63714
62.01805	35.99915	6.431855	59.81194	9.976195
61.77114	36.14812	59.29084	25.12532	19.87128
62.04894	36.23898
62.0635	35.85444
61.99816	34.25512	9.204784
62.03572	34.6372
61.61398	3.017795	17.15909
62.29872	61.56398
61.97582
61.94535
62.14392	36.15673
61.76769	34.932
61.94351	35.45941
61.99375	36.33204	55.4919	60.91124	6.988698
61.85066	35.90768	6.90799	63.42287
61.08746	36.37672
62.05695	35.14016	35.02048
62.18682	35.89438	4.411791	22.4261	3.014527
62.10384	36.1449
62.10384	35.04727
62.08955	36.38584	56.44606
62.55436	36.15651	61.50527
62.55835	36.39833	62.1703
56.18545	36.40143	61.61838	19.836
61.39287	36.1465	62.07267	1.125545	59.85725	9.385833
32.56605	62.10354	23.30773
36.22362	62.10354	2.77418	26.79217
34.29548	61.52867	44.04654	43.0519
33.74692	62.02467	54.34713
36.4099	61.91554	3.309468
36.00257	61.77236	2.259216
36.12693	62.00123	55.47408
36.43542	61.84588
36.29929	62.07194	29.92755	47.75221	45.83161	6.713824
62.07395
61.81602
62.07415	34.72017	22.64589
62.10132	7.333962	59.78084
62.058	33.05508	15.25265
61.97933
62.10965	34.69314
62.06808	9.853109
62.06149	59.92969	28.77664
62.06149
62.04426	34.44161
61.95069	9.093734
61.86202	36.14139	61.16559	63.12864
62.11454	36.4208	28.6132	2.417844
61.87698	35.33263	58.88315
61.91606	34.3784	18.00931	33.95974
62.07949	35.87758	48.81444
62.07949	35.39319	60.84764
61.93042	30.73467	35.25188
62.16809	36.20317	3.358382	49.71601	35.64164
62.10608	31.06104
61.99262	36.27403	7.313765
62.09872	36.09255	15.85434	11.00373
61.83928	35.90067
61.64049	33.80849	14.60143
61.91102
62.07693	55.85665	1.93438	43.62394	62.00612
62.03138	55.46196	4.290204	0.7795595
62.07502	60.93356	18.2984
62.0973	61.06235
62.01	44.57359
61.9097
62.07487
62.04337	0.3434795	3.15402	3.072249	9.218621
62.26666	24.60316
61.76638	41.74019
61.89284	1.963445
62.01134	35.53904	23.70783	26.316
62.01134	2.183674	9.668359	37.00528
62.07458	35.96705	9.613978
61.95628
61.65433
62.11018
62.10383	8.331862
62.27504
61.73755	36.09884
62.2316	35.65595	11.07123	30.69895
62.00197	36.10799	58.88825	12.13031	52.16982
61.49747	35.91743	1.271792
61.92482	35.57419	2.748245	19.72614
62.0203	35.63011	27.69462
61.99944	56.18124	8.188499
62.10069	60.05327	61.8749	30.92887
61.93808	60.97557
62.04669
62.11021	54.96558
62.05732
61.80762
62.03937	52.52621
61.8703	59.36282	36.49821
61.83982	35.66534	35.1135
61.74892	35.9805	38.39536	62.24131
61.99393	34.59977	36.99279	26.07348
62.072	35.82942	16.81892
62.08841	35.0782	21.19596
62.04428	35.57526
61.94954	35.48483
61.80998	36.27584	10.83219
62.02668	36.14516	62.0735
62.07028	36.44309	4.078426	35.66956	35.34023
62.03864	34.48371	2.069724
62.26902	35.8727	19.3532	3.360073
62.02759
62.02636
62.28134
61.71256	36.35746
61.99061	60.95773	1.014349
62.05603	24.977	37.84715
62.06143
61.93025	35.42687	59.02832	36.16802
61.95104
62.11405
61.87204	19.87718
61.93709	19.75378	6.256425
61.9907	34.98847
61.82255	9.184611
62.08711	53.36604
61.8585	49.4964
62.27938	29.21696	22.76811
61.95517	6.728886	34.08112
61.5727	56.17376
62.09813
62.03902
62.05228	14.16546
61.88041	20.50021	61.74689
61.90621	61.00861	32.36413	8.746101	43.19451
62.76899	60.74808	20.80986
60.32531	62.12901
61.7909
61.93678	8.831116
62.02013	31.60482	29.72567
62.05506	36.03247	28.14303	40.58231
61.74259	36.30138	5.610636	20.76733
62.0079	35.23481	23.55537	4.648002
62.1311	35.89704	14.18558
62.08742	35.27261
62.03142	29.78493	58.22973	36.70779
62.03779	36.20174	22.85314	61.75865
61.62026	33.98738	5.163628
61.57997	35.9415
62.05671	36.21849	22.38846
62.05671	2.895359
62.08284	24.3687	18.41695	0.5275645
61.68623	36.20586	42.77264	33.21666
61.86333	35.36606	55.78456	17.46366
62.0601	35.71023	53.7631
61.95672	35.15448	53.34854
61.60131	34.9761	61.96991	58.60941	46.69328
62.59901	62.04039
61.41678	25.96368
62.10472	36.01664	60.44473	20.41599
62.02099	36.34179
62.09549	35.89927
62.06437	36.42376	41.78704
62.01133	36.42001	51.3028	20.56693	5.216216
62.10635	36.45709	1.926694
62.08417	36.45504	33.10149	6.038744
62.0927	35.97105	17.13644
61.48392	36.28278	35.10499	62.26596	24.63751	13.07176
62.09141	35.12211	1.91186
61.70124	35.87485
62.02278	36.21794	53.20125	9.584974	1.480533
61.58299	35.57748
62.10513	35.92975	32.47027
62.01357	36.18157
62.10634	36.00955
62.07353	35.65115	59.17801	21.63132
62.0208	34.41218	35.22038
61.90551	35.68125
62.06417	9.245261
62.08383	55.4265	34.60077
62.09569	36.44425	35.86636	9.234567	13.26757
62.09569	35.37126	4.216286	53.52903	4.663395
61.89699	32.33333	20.5732	7.408003
62.02493	31.43148
62.0933	33.96816
62.06947	34.89376
62.25406	61.59798
61.94735	34.93301	61.67024	18.40563
61.99406	35.59413	34.30687	46.18946	32.7906	20.05627
62.08389	36.264
61.77085	33.85113	45.21398
61.6665	34.856	41.81216
62.0068	11.64604
61.78025	35.76306
62.11533
62.11533	14.16379	32.8819
62.10551	38.35481
62.02437	35.21799	33.41039
61.99128	35.99884	15.46895	53.76542
62.08127	35.52802	42.73949	5.375195	28.85085
61.949	58.98407	40.81306
62.29658
62.01855	19.60045
62.08625
62.09323	23.19132
62.06435	60.08462
62.00915	61.18769
62.14683	61.79695	3.979984
62.20807	3.050969	1.651271	14.58892
62.06543	34.9054	23.76133	23.13144
62.07214	35.91721	16.64616
61.91399	34.433	11.9957
61.94995	35.58708
61.97565	36.20644	51.63603
61.83827	35.72987	54.00478	0.02995159	20.38953
62.11467	35.02365	3.242552	29.72199	40.60219
61.9517	35.78245
62.08994	35.38067	60.95421	39.84718	24.53032	29.99626
62.10641	36.22955	61.33257	6.317997
61.25349	34.9914	61.68707	53.35444
61.99319	35.60636	60.13323	35.7438	64.76621
60.31199	36.16251	62.08567	17.62614	62.03732
35.48962	62.27086	60.23444	14.43157
36.19973	61.94946	11.9982	12.58747
35.07147	61.48384
36.21278	62.06935	18.83333	35.94936	31.29633	21.33511	6.824091
36.03937	61.94104
35.17723	62.03742	57.22928	7.110876
36.01982	62.10143	34.56673
36.00979	62.10143	61.48795	37.53742
34.145	62.09631
36.24408	62.06286	24.30379	57.28593
36.15489	61.97778	53.32103	4.946832
35.83325	62.03271	53.31549
36.1578	61.97462	9.6037	26.03172	54.11384
36.29564	62.69747	60.24154	42.71568
35.79496	61.96616	23.20432	26.58131	2.419964
61.96538	40.03739
61.86166	6.567389	7.521631
62.27718	22.31222	59.44979
61.81123	5.25401
62.09381
61.98086	0.6267798
61.94582
62.03447	61.96932
62.08869	60.78075
62.05173	5.246689	63.43318
61.89773	11.79172
61.70426	28.43821
62.04582	36.30436
61.7807	32.6954	34.95354
62.06343	32.17376
61.9039	32.08059	39.32726	41.99631	26.54414
62.10761	36.12901	57.32908	53.85453
62.07979	35.32208	18.64848
62.03983	35.80104	22.92245
61.84163	36.42552	30.94064	56.17869
62.02993	35.73906	8.924587
61.89146	34.48695
62.27373	35.51426
61.74709	34.93666
62.07645	36.51492	19.74455
62.23043	4.789447
62.07063	13.63075
61.99284	33.80664
62.04207	5.441085	26.99926
62.07469	36.40145
62.07211	35.75945	52.98976
61.94763	55.32372
61.9921	59.029
61.39951	14.32565
61.32923	27.81748
61.84247	62.05308	36.11703
61.47736	62.6786	35.83141	5.299191
62.01825	60.5199	34.05488	29.21927	24.75738
61.96109	62.49214	36.18781
61.83677	61.62591	33.63674	28.10293	37.29889	9.968779
61.75168	33.42127	35.74779	18.99141	25.11121
62.09549	36.39973	35.55978	30.32274
62.05135	35.94238	35.38224	7.111534
62.04647	36.45716	21.96049	53.08375
62.07589	34.34844	47.59399	31.90206	18.27687
61.75207	63.35131
61.80406	60.31863	24.36105
61.68815	60.54754	34.45575	55.1943	22.07901	10.71656	57.89298
62.08009	62.69738
61.89701	52.90484
62.29582	34.48386
62.10332
61.87728	58.32632	8.579041
61.67146
61.97551	6.880345	54.15547
61.97064	50.97335	52.10476
62.09034	55.56828	6.006187
62.09034
62.10625	37.87348	19.26175
62.06778	56.09942
62.06778	35.51563
62.26146	25.36865
61.99421
62.03965	36.43591	57.42897
61.99391	36.50123
62.05214	36.00781	55.9567
61.97053	34.58504
61.97053	24.19724
61.87567	22.25443	19.48012	12.68507	23.30437
62.05185	24.14084	15.23623
62.10284	4.792563
62.11419	44.57993	55.88674	31.79555
62.0162
62.1005	46.94555
61.99737
62.09569	43.115	37.27342	62.59005	22.07543	56.31633	35.23409	54.52643
62.09569	54.57197	14.36458
62.11489	54.54205	50.42947
61.9885	62.21985
61.78747	34.87432	1.554738
62.03439
61.74912
62.1109
61.86576
62.2887	52.827
62.23143
61.92528	1.828181
62.06356	0.2260636	56.01576
62.05606
61.94931	59.0547
61.98337
61.75721
62.01913
62.06906	47.85448
35.90646	61.02603
32.81671	45.69828	62.47636	6.383688	13.92913
35.4827	62.3046	18.03815	1.558245	37.06637
36.21943	62.09671	30.89536
62.02894	56.07144	35.16744	29.73244
61.86648	36.39927	58.34731
62.23619	35.0969
62.00633	60.18699	35.49575
62.11331	36.41362	59.58083	35.82388	15.92669	56.16547
62.06586	36.21713	5.462712
62.07928	36.01317
61.87672	13.18282	23.4651	28.77685
61.85493	36.37797
62.0645	35.00532	15.12043	5.179766	5.543583
62.04971	33.11697	22.59723
61.9318	36.20916	21.34704	8.44371
62.29701	35.6622	18.02384	16.94688
62.06199	34.36807
62.02621	35.06248
61.95688	36.24322	8.711922
61.97578	35.91453
61.93747
61.94019	62.02388	43.65533	10.9739
60.7147	62.17883	20.05606
61.8561	30.32173
62.03301	15.50521
61.63021	36.37459	26.79687	14.31997
61.57019	36.40176	28.12963	0.6107008
61.79208	35.62942	24.17498	2.945553	14.47726
62.14362	35.26006	22.81814
62.07809	35.32264
61.92116	35.80105	61.10845	14.51503
62.04594	35.78693	25.01453
62.28329	36.14431	38.24366	21.35835
61.56542	35.32574	63.38776	13.97957	63.09131
62.07868	33.2414
62.0818	36.15583
62.0818	34.4736
61.76704	35.23357	58.31131	36.73699	22.44441
62.30317	35.68586
62.00329	36.39735	27.52267
61.55241	36.08377
61.8347	34.43276	40.69218	28.57269
62.10061	35.46454	36.15846	7.629353
61.95212	36.35679
61.91693	35.74228	0.7570831
62.09146	34.35893
62.03578	36.00671	34.14166
62.03578	35.47695	56.07361	31.45826
61.86574	36.21118	31.54715
62.04235	34.36402	31.16401	2.657929
62.07129	22.93057
62.07129	36.07525
62.0906	36.40999	24.13151
62.023	35.8245	61.81877
61.9111	35.80677	65.50474	20.68937	36.0586
62.02003	35.91402	24.28003
61.97808	35.73561	21.74004	7.727365
62.02081	35.68978
62.06832	36.43807	29.59104	21.79405
61.86531	34.51105	19.51134	18.61731
62.10905	35.90556	25.63835	37.95625
62.10997	36.12704	23.66989	25.1133
61.79873	36.27735	22.20605
62.09273	34.13053
61.82597	36.34199
61.91871	21.16705
62.01005	36.25263
62.07033	22.43925	34.93622
62.07033	34.75138	29.9862	34.32288	8.814341
62.11183	36.48541	59.23265	30.81914
62.66897	34.64694	55.37967	8.554348	9.480219	39.51696
61.9586	36.3716
61.68591	35.53412	34.39026
61.80748	4.386945	8.224207	30.69836
62.11013	22.35024
61.87896
62.0486
62.01918	35.88089	45.49983	55.43787	65.57312
61.21295	36.17286
61.69973	34.41682	29.72796	54.76218
62.06383	36.1548	1.736467	54.8774
61.7646	62.02167	34.27362	52.53539	2.950979
55.28274	61.89315	36.04407
62.02777	21.10299
62.20143
62.08156
62.10041	2.778887	24.73305
61.97575	56.5255	32.40467
61.91571	11.21235	57.49789
62.10676	62.18311	62.75682	58.96951
62.0897	59.37552	1.630481
62.09406	60.96819
62.10001	60.76576
62.28524	55.65836	62.84952
62.17408	55.98606	1.892285	0.4023701
61.6371	24.68686	53.78832
61.75195	16.15111
61.77996	42.50936
47.43997	16.81437
36.17681	55.75525	49.20923
33.09489
41.54772
25.8053	23.14252

3.351892	57.58965	13.84014
35.93639	62.14965
36.39462	48.94389	11.25849	34.95931
35.57539	64.56847
34.7016	23.45003	45.36832
35.05642
4.010602	47.26415
36.21052
36.39844
36.3037	22.95227
35.46582	49.56037
36.07098	35.76203
35.23459	24.15554
36.19661	19.90308	36.77284
35.80811	23.41574	44.49902
36.33389	39.58801
36.17667	20.86155
5.872378

34.42619	59.46768



61.78527	10.78844
62.00594	59.28123	32.12609	6.20607	14.25245
61.95535	25.3198
61.85984
62.09747	61.93359
61.76264	3.523044
61.9715	48.87949	52.70559
61.95981	48.01661
62.03293	16.34153
62.09583	57.80309	0.3509492
62.08375	61.97617	31.79285	54.05457
61.68861	62.55036	6.787772
62.26552	55.65607	23.36757
62.15969
62.10725
62.13189
62.28629	35.98024
62.07506	35.62365	60.84035	25.36503
61.93993
61.93993	63.85447
61.98493	36.10746	39.94326
62.21252	35.18412	32.06676
62.02636	34.87911	36.45359	23.18618
61.71511	34.71411	6.334655	18.97472	25.69393
62.10689	33.46407	61.91475	5.876684
62.11444	36.1563
62.11444	36.19107	55.6468
62.05123	33.54844
62.03972	24.52707
62.07624	35.64167
62.0951	0.2324875
62.05854	34.72609
62.10652	34.43813
62.00206	0.8507371	51.47016
62.21222	1.744697
62.04694	2.316212
62.02739	62.03581
62.04681
61.70534
62.24818	34.93342	17.80026	19.72446	55.31381
61.99256	54.19658
62.05856	49.35478	35.35367	29.75868
61.99063	35.38929
62.05162	33.80015
61.68523	34.2691	22.62991
62.07908	32.89608	9.772951
62.12811	31.6163
61.88864	35.75055
61.73311	30.21529
62.02932
62.13347	0.5241359	18.87113
61.797	38.46916
61.91064
62.10457	35.89098	3.048532
62.18409
62.04372	30.09673
62.01855	34.50454	25.4748	17.64385
61.89487	35.94389
62.08887	35.55239	11.30368
62.01237	36.30701
62.01237	36.321	18.61676	36.49409	1.462818
61.98108	36.28469	46.97325
62.0126	33.85244	5.653974	34.82946
61.74499	34.50323
62.10188	36.2203	35.88027
62.30289	36.34317
61.48296	36.03185	61.91861	22.04843	23.63851	23.91063
62.03919	0.6710233	53.80007	21.8024	32.30272
61.99872	61.86046	2.716568	32.01475
61.66	39.45605	1.265127	28.83417
62.29309	25.6588	14.51572
62.09178	6.856735
61.90355
62.00841	62.05721	36.34442	11.06801
62.09904
61.86553
62.05769	35.21354
62.05451	36.06579	19.9941
62.03163	35.48782
61.96799	62.16579	5.605037	30.14878
61.86644	34.23596
61.76743	33.63453	33.52129	19.10946
62.2912	36.02108
62.09571	35.1616	19.94114
62.00711	35.31625	53.67772	0.7364014
61.88551
62.00421	23.57654	40.57777	40.3784
62.09982	6.988683	1.839777
61.69656	51.40834
62.03116	22.13253
62.05471	15.75648
61.97059	18.07525
62.09502
62.07808
61.75291	63.18835	39.26141
62.02683	41.25097
62.18986	51.04553
61.93195
62.04135	28.13738
62.09178	51.18075
61.88264	23.52516
62.09372	6.970155	11.81867
62.21274	54.65265
61.94764
62.03732
62.10826	35.91022
61.85005	28.13583
62.07801	36.43318
62.11102	36.14626	9.115366	12.62879
62.11102	35.46749
62.11102	35.41001	54.44552	7.148098	54.27559
62.24238	35.95372
61.73658	35.69366	18.42482	42.75023
60.91053	35.8565	24.183
62.11412	36.18081	36.31348
62.00809	36.3748	8.898718	25.88262
61.78076	32.7803	35.94815
62.28733	35.19775	4.018899
62.08383	36.32814	35.43483	20.6264
62.08383	36.15944	15.6329
62.01265	34.75619
61.62702	35.76756	18.69818
62.01092	36.15054	29.97602	3.387746
62.00163	35.36302	36.03975	24.87118
62.07692	35.86219	62.49253
62.07692	35.64518
61.89818	34.59228	42.40277	9.911038
62.1026	36.00155
62.1026	35.71614	56.01195
62.1026	1.423323	35.85831
62.00242	35.60162	55.41348	17.0983
61.67818	35.78545	31.86447	60.10177
62.07921	36.13276
61.94832	36.12476	17.08453	20.31416
62.25164	35.8002	2.931087	1.225524
61.84413	35.7351
61.83881	35.30996
62.29588	33.36447	62.089
61.82467	36.05778	0.1168346	65.27247	46.32452
61.47821	36.40843	61.96884	24.37716
62.00898	34.44057	36.61798
62.06161	35.0431
61.93163	34.69566	50.41688	25.56445	53.41499
61.70494	35.83202	62.42815	20.86485
62.08821	36.08681	60.12029
62.08858	35.89927	56.44559
61.9452	36.18569
62.09155	36.22241	34.85343	16.39673
62.07003	34.87908	0.3134899	12.37576
61.76934	36.04869	34.94945
62.12166
62.2646	61.76016	11.17533
62.03936	59.57104
61.94433	15.78935	6.34013
62.08985
62.09457
61.88678	15.18916
61.81872	55.50992	62.05959	8.078455
62.0051	53.93872
61.55256	35.65379	2.97202
61.87013	36.11122
62.28546	35.10273
61.83594	36.29726	62.49744
61.84415	34.3085
61.36266	35.99778	59.58463
61.94292	33.83131
61.95862	36.3235
61.91978	36.26626	55.13832	31.56902
62.02588	35.48441	25.18238	21.92934	36.36678	48.39469
62.02037	36.38137	53.7431	8.902155
61.90524	34.21598	24.40367	15.57625
62.05739	36.68159	21.33797
61.77922	34.85741	36.20378	20.74344
60.2756	32.78549	8.244738	55.81327	18.14756	14.08595	60.93217
61.96947	36.27373	7.724664
61.94972	36.00794
62.05902	36.29628
61.64587	34.42316	62.26669	26.64206
61.762
61.73575	38.0043	34.26833
62.1065	56.41908	61.64751	2.570082
61.37269	20.57966
61.91747	52.62921	19.11775	55.68593
61.80361
62.02813	32.47742	45.20848	53.09669
61.83793	63.47865	11.81494
62.23175
62.01552	25.87318	16.81819
61.83824	61.35494	24.57548	1.13432	40.84312
62.05069	36.2811	23.23254
62.11504	35.59567
62.02807	35.92878
61.88164	35.74016
62.24165	8.012396	32.47546
62.20035
62.09631
61.99532	35.86558
62.08273	14.78346	30.23746	10.37128
62.25312	3.010669	54.31253
61.932	20.45019
61.76406	48.59953	33.29579	31.94996
61.99218	36.35509	15.74149
62.04679	36.03857	7.539312	24.68965	7.862223	2.606797	21.94078
62.09296	36.37748	25.99423	32.44769
62.09569	44.35637
61.90414
61.7862	24.57011	33.69535
61.99763	59.70767
61.64228	28.47209	7.154826
61.83526
62.09901
62.0672	50.3255
61.88502
62.00675
61.9554	55.50165	61.85475	32.20929	36.55553
62.17885	24.42608
62.10882	36.33722	3.025785	25.814
62.11442	34.54067	4.954257
62.00487	5.987558	35.75605
62.02783
62.10668	22.33327	8.875644	35.99776
62.23863	33.932	31.69841
62.11637	3.270168
61.9108
61.91312	54.76842	62.62781	28.77078
61.9733	2.28676
62.04426
62.09881	31.01722	50.40818
61.91006	35.1556	0.2648625
62.01614	35.97085	0.02794731
61.98809	15.30688
61.87703	36.407	24.71572	48.47018
62.03477	53.5879	32.97656	17.67935
62.11411	56.21308	53.94369	14.39122
61.8247
62.04474	1.020248	35.14662
61.93576	23.01277	3.60053
61.90819	61.09276	61.2336	53.84119
62.50517	62.30161	53.76798
61.73854	59.89283
62.26255	61.04988
62.01027	35.06395
62.00291	3.2333	15.49777
61.99243	23.48159
61.8654	35.47562	22.5855	32.21439
61.92811	36.50361	17.14813	30.51966	2.410613	19.76715
62.02681	3.055949
61.99107	17.13378	39.67011	0.02143503
61.9832
61.9235
62.20069	55.32297	24.47115
61.89665	55.68226	36.099	61.08332
61.92925	53.49921
61.97826	28.04669
62.08273	54.65672
61.99178	17.08276
61.94513
62.03879	49.74565	10.40851	22.92435	14.45815
61.73668	55.36015
62.09381
62.06897	56.05028
61.77123
62.06536	21.53727
62.26572	52.6174
62.02253	33.09004
62.04536
62.02287	2.568372	7.006207
61.83194
62.08521	62.05957	50.30088
62.1119	24.39137	8.770257
62.09196
62.09196
62.0682
62.02283	58.823	25.33309	26.23304
61.29543	61.91477	0.02203167	38.64392	26.26195
62.09978	8.892429
62.04101
62.05171	23.32887	20.32811
62.0691	24.60702	49.56684	44.4846	31.29478
62.10304
61.91613
61.92075
62.03706	35.62497
62.09797	34.10905	27.70651
62.09797	35.00785	3.777132	9.513124	36.03736
62.0662	36.42342	3.642346	41.36764	13.03052
61.8659	35.2961	1.092977
61.74454	36.14086
62.04786	34.25148	45.14755
62.04786	36.43542	3.727296
62.07806	36.47329	7.807623	28.83067	53.66785
62.30018	35.76201	22.35493
62.11207	35.4506	22.91894	36.00449	2.84475
62.09405	34.51475	1.130337
62.07612	35.75458
62.06833	33.8881	4.915892	36.4247
62.06833	36.01055
62.06833	8.669408	46.69233	27.6365
62.06833	6.005877	21.96477
62.06032
61.84731	48.25141
62.25498	26.41496
62.01301	18.59906	35.84535
61.98435	35.52131	51.49223
61.9997
61.92653	34.7204
61.86144
62.11433
62.11433
62.10242	19.77056
61.96658	12.20643
62.04858	54.85084
62.01475	36.35404	25.20321	53.40962	7.511393
61.95489	35.1964	23.65287	0.7847496	58.45446
62.08914	36.28767	23.81187	60.41986
62.22541	34.71167	1.67119
61.96297	35.41129
62.08494
61.91487	1.880182
62.09103	34.94711
61.91242	16.14764
62.07966
62.11039	36.18727	21.94897
62.11039	36.43787
62.0634	55.16088	6.097133	2.744926	26.18544
62.02771	32.31359	46.05139
62.10959
61.77641	6.213742	14.99092
61.95839	18.59901	5.907842
62.09843	52.9601
61.91325
62.09853	22.99318
62.20505	20.96361
62.22172	36.33126
62.07091	35.21674	13.81889
62.07324	35.49645	52.83692
62.06036	32.18812
62.06036	35.93643	50.74508
62.06036	36.07962	55.77703	36.14926	6.440538
62.03265	35.57318	53.34046
62.04801	0.2728961	36.83794
62.24388	30.67364
61.91432	35.37954	9.666943
61.9925	35.69239
62.09173	36.19982	54.49123	7.68439	17.75759
61.83027	36.26363	22.9459	38.06493
62.1062	35.43955	8.5226	15.56684
62.22903	35.92468	52.72183
61.78705
61.96557	35.02693	54.46691
60.91299	34.74704	62.5624	9.720982
61.80417	35.95351	50.05313
62.22895	33.72575	10.44191
61.88866	35.85503
62.06347	35.46618	1.635751
62.0685	35.08846
61.98595	35.87648
61.92162	35.80101
62.08277	35.91328	23.24623
62.20296	35.92775	2.576938	20.21885
62.23925	36.07339	27.97918
62.00857	36.14155
62.00676	33.89766
62.31576	36.0645	53.9635
62.08614	34.31529
62.08614	35.54652
62.06089	35.16269	18.37862	31.95172
62.05819	36.17219
62.11347	36.1519	53.90709	63.50587
62.11347	36.17383
62.11347	34.15933	21.87427
62.01683	34.57253
62.30114	36.04463
62.06455	34.61515	32.41999
62.11164	33.115	38.31605	17.3649	6.547931
61.90221	34.98981	62.31694	55.07684	18.64608
62.07877	36.23927	18.53961
62.01929	7.119017	6.831553
62.02811
61.95807
60.04159	62.54887
62.06284	60.99467
58.92921	61.99475
62.2463	61.13627	54.96192	12.06481
62.11189	62.01126	52.49047
61.80714	61.66114	21.65534	6.4163
62.20638	62.24388	65.22621
61.85686
61.69954	1.153371	6.773662
62.01296
62.30418	61.65162	36.05547
61.72053	21.94543	14.43551
61.86694
62.04503
62.26687	34.56122	34.78472	20.4377	62.15111
61.6605	23.72382	36.3909
61.95255
61.8205	55.50996
62.0891	55.72998	32.14121	62.65536
62.10241	54.77646	18.72432	61.22863
61.34541	62.70934
61.7871	60.92774
62.27648	36.60859	1.082321	3.346044	22.78392
62.04919	58.89744
59.54599	62.02165	35.36645	3.088282	34.30117
61.9436	60.52341
62.26501	61.93719
62.01117	62.27391	5.37527
62.04242	20.47448	36.025	3.489375
61.85693	61.61161
62.29683
62.04159
62.07704	11.88162	25.00334
61.96762	2.26379
62.09611
62.02089
61.96759	55.51161
62.25629
61.69502
62.02373
62.02163
62.04384	15.56165	25.80291
62.05278
62.03895	36.47708
62.05007	35.13238	48.48245
62.08163
62.01489	49.04905	36.3252
22.34973
44.35327	25.89472
48.51621	35.17578
53.83254	1.492697
35.72055	19.83441
34.45095	14.38364
36.15036
36.05413	40.67707
36.45108
62.10873	36.32854	58.19807	57.9757	29.76878	17.55991
61.67878	33.30071	18.16306
61.92324	34.36182	18.71389
62.00269	32.47287	25.17676	23.15561	21.14099
62.0503	33.68607
62.03537	35.00538	24.63889	34.50535
61.98461	34.8835
61.73512	36.07288	40.89668
62.0926	35.98751
61.85029	36.35104	21.55486
62.1155	35.47352
61.82447	34.2889	10.49331	14.13336
62.06128	36.3219	3.588052
62.05943	21.51567
61.99719	36.16016	37.74911
62.00292	36.201	5.38243
61.91426	35.20132	26.86362
61.92599	32.76704	25.56911	5.409078	23.2219
62.10704	36.37461	35.94666	34.55724	12.69176
62.08272	35.6842
62.08272	36.45587	7.720559	59.72837
61.85455	34.55982	3.474652	23.18015
61.76047	36.39309
61.93444	32.10917	41.49848	33.19178	23.50886
62.14865	35.37191	28.83736	52.34987
61.8334	36.04178	24.42079
62.05873	36.2505	19.44167	54.14807	30.79761
62.05873	36.20972	6.48864
62.0577	36.17447	8.086579	61.45344	47.77352	12.75242
61.49718	36.29798
62.09464	36.14789	60.48714
61.67787	36.38991	62.07951	1.090035	9.250093	2.250747	14.4833
36.33609	62.0683	23.84176
35.63978	62.06966	13.80855
35.93126	62.08648	52.84704	13.94041
36.00641	62.08648	5.22687	19.6578	23.91655
35.079	62.08648	36.53301	23.49585	14.29037
36.29802	62.02206	23.28421	8.200931	12.54678
35.78189	62.08082	6.351572	21.34228
35.21437	61.72116
35.81246	62.03032	18.08835	36.87753
62.05015	35.76956
62.0826	28.13924	5.985704	60.47651
62.0826	61.93687	64.81016
61.87096
62.05667	56.02872	30.01402	50.94247	1.721623	9.314294
62.24631	35.9057	28.26242
62.02927	34.32193
62.07092	34.05517
62.09075	35.76104	36.26705	54.21574	43.31851
61.8049	35.71802	54.99173	62.68061	25.89392	30.59601
61.94193	36.05911	26.61737	58.87848
62.07877	35.90111
62.1111	35.82356	23.62135	50.51058
61.95108	36.23556	62.64473
62.11023	35.44924	7.734008
62.11023	35.06595	21.86061
61.83362	36.2467
61.89785	36.32578	18.32454	21.22242
62.05965	36.3185	25.50843	57.06863
62.11385	35.83171	62.20774
61.52465	34.00128	32.17208	19.77476	18.21893	4.720459	37.25372
62.10988	35.33009
62.10988	36.17063	49.16005
61.88286	34.76952	39.28039	30.11152
61.8311	36.34692
62.11209	36.0558	59.92818
62.3652	33.31112	58.78727	28.26847	18.95069
62.08386	35.75078	41.24581
62.13605	36.23459	33.96128
62.06971	53.5145	38.53437
62.08297	55.87906
62.02417	56.05444	61.87228	35.4254
62.07977	59.82281	19.99824
62.09178	60.2692	15.62006	64.25585
61.03224	62.69954
62.55605	62.4995	18.435	48.58766	43.35108
61.58925	48.33354	62.83912
62.08527	27.31917
61.76903
62.11243	23.92145	22.83536	5.219183
61.86137	23.0393	3.55301	2.200928	63.1253
62.09063	34.8024	53.15448	15.50621
61.92019	34.64381	53.42447
61.82776	36.31688	53.96708	19.42168
62.02566	33.62236	53.43174
61.96411	55.8286	34.5845
61.85065	55.28419	23.18901
62.28235	26.01036	3.612789
62.10143
62.02909
62.11339
62.06005
61.76772	45.05938	1.218776
62.05282
62.07072	33.43826
62.18117	56.13506	3.387817
62.08516	57.39956	43.70713
61.7638	65.92269
61.89343	21.94547
61.92079	14.24061
62.22084	3.326843	12.90571	62.23508
62.25041	58.81942
61.99836	62.10834
61.35114	62.67443	36.25043
62.01648	36.08328	7.262058
62.2895	35.8731	62.06158	5.392141
62.0179	35.86624	52.90719
62.18884	33.54443	22.13209
61.88353	36.17645	58.73123	13.65203	0.8070525
62.01334	35.13164	57.63681	35.66661	19.60441	23.75595	24.95527
62.09693	35.66023
62.10491	58.15856	34.98439
61.24231	61.86347	34.83388	64.48355	56.27852
61.94215	61.4614	34.89902
62.03232	61.67417	36.4434	55.87519
58.83468	61.92426	35.14735	9.253662
61.9563	36.33508	32.39703
62.03976
62.29288	36.43761	21.62561	11.13452
61.96491	33.82732	13.37872
61.99104	35.37237	30.97081
61.92645	34.85177	7.730801	33.85081	41.28862
62.02379	36.0957	19.49703
61.82269	36.32182
62.02512	33.76392	22.57849	55.59074	25.17869	48.24504
61.95416	34.72255	28.65765	32.8297
62.23196	36.43059
61.99564	35.83184
62.11582	36.26379	34.8685	5.932323	63.60916
62.01588	59.84132	35.42552
61.88538	36.54806	62.40361
62.00407	22.94971
62.10629
62.1214	52.06877
61.80579	0.8123855
61.97304	1.563271	0.3069826
62.10283
61.97239	64.96455
62.04474	1.149893
62.07208
62.08033	55.45161	35.28657
62.09907
61.96719
62.10489	60.1922
61.89852	54.2111
62.06341
62.04644	65.06349	61.019
61.99486	23.9415
62.0575	3.091187
62.03361	34.66736	35.30659	52.15891	16.61535
62.10342	59.18367	28.20348
61.98159	61.17704
61.81671	36.08088	7.638737	14.30863	60.12062
62.10359	59.17826
62.09372	15.60961
61.89358	33.54732
62.00372	33.62282	43.87717
61.71727	34.25173	62.31081	14.19269	5.111157
61.9272	36.06559
62.19591	34.58141	17.9589
61.63627
62.05021	35.16542
62.00236	33.92081	15.65334
61.90586	36.36244	12.49684	7.944186
61.79444	36.28873
62.02612	35.84898	19.75979
62.01952	36.46313
61.95681	31.95363	24.05652	44.33182
61.94554	35.65	14.29097
61.96928	36.09024	12.79311	55.23771
62.03287	34.61019	36.26308	25.93604	0.3204131
61.97904	36.17392	5.924453
62.14069	35.9504	8.708114	34.33304	27.61323
61.60748	34.90811
61.84915
61.91055	47.52347	18.80268
61.89029	35.52062	36.21809	35.84988
62.13898
61.96684	51.86067	0.8578123
62.05462	10.40232	53.15148	53.1566	8.240699
62.68355	55.33336	60.91021	35.8436
61.35059	34.21953
61.73563	62.66531	31.29887
61.89867
61.99486	33.22841	8.093918	25.59342	53.11647
61.4137	62.21825
62.07215
62.30388	13.31012
62.21559
61.47892
62.0496
62.11548	22.97927	20.78502
61.79235	35.54186
62.11141
62.0336
62.01465	18.08457
61.9739	62.73106
62.00705
62.10181	10.04291	32.58999
61.96035	6.474562	60.4832	10.65145
62.09909	54.76027
61.83162
61.8597	25.96094
62.06964	24.37343
62.1113
62.17652	54.2213
62.01609	35.11209	7.777861	48.22252
61.77406	32.28253	22.39268
61.89703	35.98482	5.202714	62.05809
61.93874	36.17763	62.32647	16.15432	17.99558
61.46826	31.89103	2.70873
61.84415	35.52711	19.54023	56.56566	5.709108
62.01319	36.23144	50.08487	24.69515
62.06651	35.48861	19.21972
61.72743	33.19994	5.002468
61.87412	34.38456
61.77771	33.10751	30.4699
62.29204	36.41364	25.0891	5.580107
62.01374	36.27487	29.89398
62.07131	35.57375	56.87779	0.9682236	60.10111
62.05483	59.16368
62.02846	32.67866
62.07825	58.07493
62.30339	44.29921
61.99401	15.5344	57.47507
61.99021	37.34111
61.95343	59.78118
62.06358
61.91893	10.55378	7.732229
62.06831	55.82487
62.0895	62.70772
61.9423	60.39898	24.54417
61.95054	62.03888	35.4885	21.27169
61.58548	60.54989	3.493055	28.8462	18.08316
62.03015	61.2464	36.20749	62.04156
62.07778	36.43651	62.30459	54.97629	23.86285
61.96402	35.46169	61.98323	7.335097	35.04628
61.98317	35.80936	38.37243
61.38844	55.1826	29.53405	24.52231
61.47765
61.52544	9.880039
62.06336	21.33014	6.93282	0.9453179
61.64038
62.03413	43.07435
62.2829	33.71848
61.94872
62.22169
62.06398
62.09547	24.60325
61.91468	35.73665
61.91429	41.13419	29.2577	6.722628
61.93789	35.00688
61.6626	35.44833
62.10713
62.10434	35.63645
61.89875	28.63854	48.09729
62.02802	60.02773	48.15226	36.06423
62.09997
62.07997	62.73832
62.03452	35.1883
62.09807	61.25464
61.98174
62.00341	54.47473
62.04844	16.55661
62.06205	27.25066
62.27961	7.708698
61.7675
62.00792	54.44162	18.05162
62.00792	44.24597	6.176805
62.06076
62.25367	36.35389	22.8	2.870766	55.39962
61.86055	36.35948
61.87377	35.86657	63.46276	23.23699	60.18952
62.01616	36.08797	22.96596
61.3481	36.04839	62.2158	1.159514	2.557759
61.95813	35.01577
62.00645	35.94141
61.85118	58.63769
62.13064	32.23969
62.09857
62.01914	57.49024
61.80926	56.91452
61.90746
62.08965	24.90865
61.95316	1.720588
61.74373	60.45109	6.528519
62.04207
62.11299
62.04735	35.39199
61.67452
61.89868	34.81685	2.390298
62.10501	17.73821
62.02032	55.46018
61.91885	58.17891
62.01774	1.720721	54.77422
61.86636	36.05474	56.16333
62.02664	35.9047	24.35782
61.84225	36.35538	16.24464
62.09449	36.31738	45.28289
61.94493	36.20908	35.56713
61.79744	34.00019
61.87493	36.32262	61.08423	11.98159
61.90563	36.02844	1.51238	7.671349	60.66817	38.10724
61.90563	35.53764	46.75717	6.975167
62.10562	32.07941
62.10562	36.37772
62.10562	35.56435	27.36237	62.11213	52.1581
62.30131	35.74316	60.72689	0.6332209	7.183148	20.60004	58.07172
61.9554	34.56313	58.55956	3.373812	63.05502	59.83775
62.09794	32.44443	34.09338	33.93792	55.9271
62.09794	35.22413	36.33091
62.01978	36.16414	39.81781
62.02381	13.47867	19.07759
61.93332
62.04153	8.960575	62.31028
62.0308	31.23683	33.97666	20.85195	50.1598
62.00237	36.94558	50.52695
62.04522	35.99	13.30444	17.65753	30.70253
62.07425	36.03593	33.35977
62.07258	35.25434	8.183836
61.84697	32.69451
62.10723	34.47272	4.653778	30.13731
62.10723	54.35787	34.57601	33.58784	31.15941	23.24764
61.94182	34.68742	19.13259
61.97051	35.56317	34.19666
62.28064	34.00453	25.34165	62.13282
61.95031	35.24154	9.784869	22.26482
62.07768	36.39619	13.02099	13.73861
61.65867	34.97877	21.42951
61.9567	34.82164	49.45087
62.11431	35.7396	23.7195	18.04293	20.61846	60.74352
62.06734	34.95242	9.543552
61.99687	36.34802	35.53745	6.290843
62.06994	36.32672
62.06398	34.00408	56.5528
62.10802	61.23705
62.03762
61.97558
62.27055
62.05676	9.457238	14.83791	24.41025
62.08941
61.71035	21.30668	39.31355
61.48184	22.63575	61.53102	10.38025
61.90865	62.49286
62.02199
62.03657
61.94803	63.53851
62.01407
61.94587
62.11604	5.646916	34.60831
62.03498
62.21879	54.02228
62.06426	52.58387
62.0902	54.89091	64.80806
62.08796
62.08803	48.09673
62.08114	21.31814
62.02274
61.95708
62.2913	60.44919	22.56975
62.01863	61.5959
61.98362	35.30697	55.90758
61.76379	43.39801
62.00121	36.17335	24.28072
62.04647	35.77733	48.49615	21.98908
62.69382	36.14831
61.9579	35.99734	21.87682	12.76103	1.236034
61.72271	36.32998
61.98487	36.3291	17.69997
62.01348	35.57525	53.48435	19.5088
62.02877	35.14238	25.52923
62.11054	33.78979	26.57463
62.05252	35.77224	12.62777	1.185612	52.13612	30.60325
61.98568	35.41409	54.48442
62.0126	36.03391	37.07469	6.925041
62.08915	36.10904
62.08335	60.82069	17.45841	48.16994
61.74605	61.2954	41.82814	35.7522	1.074691	24.39978	9.612346
55.96882	62.04333	36.38728
56.10342	61.76403	35.79041	20.50973
62.0278	35.99953	62.11052	3.201843
36.03068	62.30083	59.53583
61.80262	36.34296	4.371202
62.12169	33.94455	19.18136
61.85938	35.09639	19.14575
61.73865	35.27838	62.16852	15.32249
61.78745	35.6614	61.64369
62.03413	36.34716
62.05083	33.18488	48.8291	39.40586
62.11422	34.42284	26.86069
62.29421	35.74032	31.51003	62.22571
61.93142	35.48987	61.74829	20.58176
59.965	62.266	53.12478
61.9982	62.02665	3.510072
61.84931	61.58229	0.9932783
61.66821	51.48403	46.15936
61.24184	59.61291
61.90437	36.48872	3.152912	2.882262
61.63693
61.60248	12.05564
62.00531	54.60382
61.9334	3.551548
62.04312	30.0769
62.10567	8.16916	6.508889
61.37547	19.34457
62.01002	35.87021	60.46346	13.12539
62.24829	2.818033	0.1754276
62.10979	36.26429
62.06951	36.06707	31.96713	1.680387
61.89621	35.71368	61.66462	10.61007	0.4192811	25.93379	1.144166
62.23526	34.62267	10.78833	19.05064
61.91903	36.38797
62.26433	36.12046
62.08519	35.8095	3.577434
62.07116	36.05868	23.31391	13.13447	48.37199
61.8531	34.71821	1.178614
62.06932	19.03272
61.62542	20.79337	11.20272
61.83198	62.00129	19.30592
61.8088	35.88984	37.01147
62.01571	34.31189
62.24406	36.44301	59.68306	59.14968
61.91653	36.1011
61.61702	34.60846	6.116963
61.76336	34.62249	55.37252
61.95972	25.15463
62.09279	34.97697	62.10174
61.99232	24.11054	42.88255
62.09219	36.32225
62.09219	35.62434	37.61494	2.179337
62.03609	36.42428	17.60924
62.11412
61.94102	56.11616	35.75989	2.589918
61.81561	35.63388	7.013786
61.43101	35.17413	62.26977	55.9898	15.81993
60.86647	36.38284	62.24185	22.4424	26.12661	23.62741	17.25653
62.31773	36.31003	60.89027	46.56285
36.04964	61.90488	33.81686
36.01051	62.09327	45.145	34.28515	1.459204
61.83811	40.08863
61.75312	48.52076
62.00354	55.51973	43.12425	15.90405
62.13859	1.287977
62.06544	12.59755
62.06275
62.09102	36.30898
61.39739	36.20761	62.21547	18.78048
35.69592	62.60376	35.12596	56.87811
61.81902	36.12906	20.63029
62.10897	32.90119
62.25477	36.28324
61.92915	35.36046
61.99607
61.53162	3.291313	1.742615
61.609	60.44239
61.46451	63.36105	2.258983	37.31365	0.2190326
61.93756	62.0738	22.21416
61.90709
61.85244
61.78145	17.2493
62.10624	9.485133
62.07122	10.80701
62.13495
61.93905
61.7563	36.10273	54.97541	18.28879
62.0701	36.43645	44.64658	14.42575
61.87428	35.96882
62.09489	36.20088	21.54497
61.9551	35.418	43.86625
62.0935	34.59422	29.32667
62.09514	35.98494	29.26974
61.78863	36.19718
62.0499	35.89713
62.08106	35.14942
61.74243	36.34043	4.864914
61.76257	34.69861	11.91458	45.48615
62.09253	35.31132
61.83903	33.05453	62.04763	3.460851	40.913
60.69287	35.84868	62.02098	61.85616
36.3246	62.09661	32.46644
36.37537	62.02924	19.11368	30.21576
36.30579	62.06906	28.48091	25.31382
36.29724	62.08673	9.405726	21.99711
35.87991	62.08673
36.10452	62.04805	31.52029
35.51287	61.89808	18.69493	12.13568
36.26694	62.10588	58.59779	25.87587
36.20795	62.08341	62.65399
36.32335	62.06962	61.82376
59.25872	61.98926	33.16723
62.06328	32.54893	60.94326	10.86543	20.62264
61.90718	34.8119	60.89243	25.33243	35.69345	1.443983
62.06729	33.75957	62.45692	11.01634
61.23181	35.79982	62.17259	18.68304
35.73614	62.14615	1.240793	36.09724
35.94181	61.93782	1.269299	59.52719
36.34375	62.04139	49.51159
36.25127	62.02356	22.39955	20.44272
62.00448	21.34764
62.15003
61.96168	19.79657	25.36599
62.09803	61.85264
62.0776	33.30059	65.25836
61.88458
61.99391	33.52499
61.79049	62.72279	33.94464
61.41638	36.11577	15.74766
62.09756	30.32797	21.53732
60.20742	62.00292
62.03631	60.64051	14.61301	63.05785
61.72974	36.02643	62.05976	21.646	22.90039
62.05166	41.21185	35.38406
61.68631	56.11017	17.6297
61.78607	0.1328543	2.215335	35.85151
62.1157	35.76573	17.20471	60.69604	20.46388
61.39838	36.25754
62.07453	58.78454	14.59309
62.289	34.70633	61.21198	1.164256
61.50013	35.76875	23.77538
62.24129	36.06447	60.05194
62.09778	36.38348
61.98934	35.56156	62.61551	51.01372
61.98912	26.48373	54.19971
62.03691	35.99575
62.03691	36.10407	34.90946	16.46575
62.05611	32.55934	44.51432
62.05611	36.32846	61.23539	2.849772
62.01292	36.28451	62.67225
62.08874	35.54311	15.57862	3.082261	48.22127
62.01011	35.8994	61.86195	19.26829	8.354246
61.33012	35.80818	24.33444
62.53271	39.32431
61.96237	32.21728
62.02305	35.77253	24.57112	50.97907
61.96235	35.42747	28.32333
62.08417	33.92934	55.70331	2.532818	10.38267
62.08417	35.43968	3.042702
62.08838	36.31627	1.185436
61.85379	35.04644	18.05252	49.46069
61.79361	35.83477	43.7887
62.01859	35.57218
61.41227	22.55245	16.90331
62.09775
62.10412	34.76395	35.72717	2.40779	65.13133
61.97481	47.88261	31.29866
62.02101	33.16543	4.72806	23.17781
62.08533	33.33789	59.4163	41.24184
61.79889	59.97531	7.444258
61.90404	60.78785
62.08821
62.05368	59.29805	36.57791
62.09844	61.00216	35.38604
62.09844	36.43784	7.533178
62.06656	34.12537	3.921679	10.07471
62.0476	36.35345
62.07726	34.57656
62.00242	60.83634	34.95114	53.81074	61.24804
62.06912	59.8888	63.56306
62.09239	31.4835
62.08663
61.86692	55.08938
61.96275	35.07154	25.93421
62.1134	27.28535
62.03574	1.629661
62.0581	52.5416	26.48655
62.07943	2.300806
62.10656	14.89339
61.78976	35.12085
62.10177	62.39866	20.95511	28.54822
61.94354	7.772584	64.87616
61.97035
62.08411
61.97765	28.45574
62.03873
62.08405	11.35472
61.64078	1.62879
62.11519	8.639473	54.55998
62.0315
61.9561	62.00028	0.4491344
61.56915	62.06365
61.15235	62.09382	18.84052
62.04388
61.95919	25.67664
62.09215	56.49421	22.59573	46.48056	33.45224
61.98232	39.16783	36.9727
62.09348	36.09152	20.31774	39.80534
62.09348	2.027001	58.90304	20.94727	36.51944
61.98767	32.13949	22.96427
61.09497	54.29171	34.8475	20.41697	24.00121
61.79676	36.27289	22.65299
62.09851	34.57458
62.01569	35.87224
62.03216	36.52682	34.75091
62.09438	36.25022
62.03902	35.48625	36.35626
62.22557	36.02474	26.11361
61.93931	36.4762
62.00256	10.74551
61.97103	48.00111
61.64338	32.89424
62.09074
61.98886	0.3669399	3.626052
61.89548
62.00526	51.22961
62.07701	36.56042
61.97714	31.14243	25.14286
62.09354	35.49794
61.86599	32.30653	33.55112
61.78053	60.86073
61.87591	3.330279	61.61408
62.10444	36.42455	9.621417
62.06418
62.05653	18.71735
61.88236	36.34476	25.51189	35.26953
62.063	36.35643	6.88991	22.81399
62.063	35.21749	23.62372	7.812451	9.144974	41.10276
61.98003	36.08392	2.774542
62.07208	35.60475	22.0506
61.93632	36.2064	18.48055	4.018353	46.8981
62.09045	33.66021	36.86768
62.105	35.11892
62.105	36.08746	18.01704
62.10508	34.41386
62.04238	35.56964	15.74292
62.05896	34.75038
62.1002	36.03255
61.72651	47.99839
62.05994	58.62718	20.99743
62.07996	35.74559	23.31315
62.05769	35.997
62.11047	35.6934	15.83521
62.09854	34.89963
62.09238	36.17033
61.90022
62.04144	2.970297
