Iteration	posterior	NumSpeciation	numExtinction	numMassExtinctions 
100	-284.780565107803	4	3	1
200	-297.292495470303	5	2	3
300	-285.176865348415	4	3	2
400	-297.071468869358	6	2	3
500	-290.02020073512	2	3	4
600	-295.46852861973	4	5	3
700	-283.911535209126	2	2	3
800	-298.775479616241	3	2	5
900	-292.69091529382	5	2	2
1000	-290.594773169928	4	1	4
1100	-300.958995393792	3	2	6
1200	-280.021792157115	2	1	3
1300	-301.580425966706	2	2	6
1400	-284.489465653575	2	1	4
1500	-299.79846448554	2	1	6
1600	-289.178728842174	3	2	4
1700	-290.304833167245	3	4	3
1800	-296.673948640021	3	3	4
1900	-301.526233722229	5	3	4
2000	-317.740067583078	5	4	7
2100	-289.600710441138	4	2	3
2200	-284.276192842512	3	2	3
2300	-286.076705857543	2	4	2
2400	-291.22522755227	2	3	4
2500	-282.954420265234	2	4	2
2600	-287.559648325084	2	2	4
2700	-283.507839681867	2	1	2
2800	-301.018621139853	2	3	6
2900	-278.511484787721	3	1	2
3000	-291.268683807408	3	2	4
3100	-283.663099016131	3	2	2
3200	-286.06995630248	4	1	2
3300	-302.618178612295	3	1	5
3400	-285.142320344789	3	3	2
3500	-290.504096257655	5	3	2
3600	-306.968276724133	3	4	5
3700	-286.795343549949	4	2	2
3800	-292.380460550474	4	4	2
3900	-283.665294055102	3	2	3
4000	-283.623370030107	3	1	3
4100	-282.714445818211	5	1	2
4200	-295.511414081073	3	5	3
4300	-296.03034482813	2	3	5
4400	-281.479446669632	3	1	3
4500	-282.285956666705	3	1	3
4600	-289.940688941714	5	1	2
4700	-282.622509963097	5	1	1
4800	-292.531266885461	6	1	2
4900	-280.281251440906	3	1	1
5000	-303.65283484293	5	3	4
5100	-288.394484066514	4	3	3
5200	-287.01759901536	5	3	2
5300	-276.494079491559	4	2	1
5400	-299.728916441649	7	1	4
5500	-285.363300061367	4	3	2
5600	-293.61374178881	6	2	2
5700	-289.614080939334	4	1	2
5800	-280.4515004487	3	1	2
5900	-283.619918737596	4	2	2
6000	-291.64856665405	6	1	3
6100	-284.816072988017	4	2	2
6200	-294.379262875525	4	4	3
6300	-293.215574654311	6	1	2
6400	-290.288340236747	4	4	2
6500	-282.067768527378	3	3	2
6600	-289.462229889971	2	2	4
6700	-289.164416344415	3	2	3
6800	-280.483356082275	4	1	2
6900	-297.760229205843	3	4	4
7000	-285.152471451727	4	2	1
7100	-294.609915542377	4	2	4
7200	-300.216480712176	3	3	4
7300	-291.854260921335	2	2	3
7400	-303.506440981763	7	5	1
7500	-294.074383030853	5	5	2
7600	-291.830203886848	4	2	3
7700	-285.286724738364	7	1	1
7800	-301.874805862115	7	2	2
7900	-298.866787285942	4	1	5
8000	-318.981439293549	6	2	7
8100	-291.810280783099	5	3	2
8200	-298.775731492941	4	3	4
8300	-292.519867428702	4	3	3
8400	-290.786359233509	5	2	2
8500	-296.604800321972	4	6	1
8600	-306.6807243451	7	3	2
8700	-279.043901512009	4	1	1
8800	-292.885597147544	5	1	3
8900	-286.360273942094	4	4	1
9000	-289.739798856821	3	1	3
9100	-286.118237787989	5	2	1
9200	-292.417469080119	5	2	4
9300	-287.173159985095	5	3	1
9400	-286.255969590653	5	3	2
9500	-283.968965119592	4	3	2
9600	-285.20419519292	5	2	1
9700	-287.457453634918	3	4	2
9800	-291.91462480008	4	1	3
9900	-290.098207077567	5	4	1
10000	-299.865258936332	5	4	2
10100	-302.266035782278	7	2	3
10200	-299.542080531248	6	2	4
10300	-285.289853030433	5	3	1
10400	-285.9496316262	3	2	3
10500	-286.333733473555	4	2	1
10600	-287.377054535065	3	4	1
10700	-280.009942053207	2	2	1
10800	-309.160573351242	2	3	6
10900	-287.257487345281	2	1	3
11000	-294.272046238231	3	2	3
11100	-287.272270297348	3	2	2
11200	-293.115457103352	3	3	2
11300	-295.239574024521	3	1	3
11400	-291.735327277067	3	3	1
11500	-289.542319689383	3	2	4
11600	-291.048674124564	4	2	3
11700	-299.227964883394	3	2	5
11800	-283.879981431011	2	1	2
11900	-293.978162561978	4	1	4
12000	-282.03796598545	4	1	2
12100	-292.239430103664	4	2	3
12200	-286.388252754012	2	1	4
12300	-285.26896276166	2	1	3
12400	-291.661604883141	2	2	5
12500	-287.316775547789	2	1	4
12600	-304.367897929136	3	3	5
12700	-308.057317676833	2	2	6
12800	-300.37395870211	2	2	4
12900	-297.667358033382	4	2	4
13000	-285.182914763296	3	3	2
13100	-286.55566822207	4	2	2
13200	-287.535248952621	2	1	3
13300	-296.207835903623	2	1	4
13400	-294.851508061188	3	3	5
13500	-292.907232199432	4	2	3
13600	-289.836448715407	3	5	2
13700	-294.058720473762	4	3	3
13800	-295.515944859561	5	1	2
13900	-285.238305305194	3	3	2
14000	-287.764523731238	2	4	2
14100	-288.051918865159	3	1	3
14200	-279.693143004871	2	2	2
14300	-286.203024227923	2	1	4
14400	-284.543102876096	2	4	3
14500	-287.43999752897	3	1	4
14600	-286.410682704774	2	3	3
14700	-285.290272552673	2	2	4
14800	-275.798170352623	2	1	3
14900	-283.503563701829	2	3	2
15000	-287.785719888848	2	6	2
15100	-287.525642807843	2	2	4
15200	-285.847572891111	2	1	4
15300	-289.288195302124	2	3	4
15400	-278.23727456023	2	1	2
15500	-295.726944223694	2	3	5
15600	-289.272077397781	2	2	4
15700	-282.052914322602	3	2	3
15800	-309.646946032645	4	5	5
15900	-322.062448713185	4	5	7
16000	-283.450534438473	2	2	2
16100	-295.034057176262	3	1	5
16200	-284.586128981552	1	2	2
16300	-291.772327702972	2	3	2
16400	-292.681110504445	3	3	4
16500	-292.108814973056	3	3	3
16600	-316.046668766162	3	1	7
16700	-292.877887905383	2	1	5
16800	-296.801899297975	5	3	3
16900	-298.314198939396	5	2	3
17000	-292.229879093791	3	1	4
17100	-296.45118187585	2	4	2
17200	-277.463621263493	2	1	2
17300	-293.674827438599	3	1	3
17400	-305.42901172245	1	2	5
17500	-295.981657018853	3	2	4
17600	-284.895889890602	2	2	3
17700	-275.590630961928	2	1	2
17800	-291.831039888708	3	2	3
17900	-286.430365789702	2	3	3
18000	-290.729704848478	2	3	3
18100	-298.557397042834	2	3	5
18200	-307.367757835411	3	3	5
18300	-312.720149101591	3	6	6
18400	-285.864448915071	3	2	3
18500	-282.213652985252	2	2	3
18600	-285.29790670495	2	4	3
18700	-297.530517236528	2	1	6
18800	-284.308462369383	3	2	3
18900	-284.834889950692	2	1	2
19000	-290.917318682335	2	3	3
19100	-292.82445366655	2	3	4
19200	-294.968198611088	2	1	4
19300	-281.771782270139	2	1	3
19400	-292.37687280119	2	2	4
19500	-302.359579764797	2	4	6
19600	-303.49659245039	2	7	4
19700	-286.156938144638	2	2	4
19800	-291.955621390461	3	3	3
19900	-299.455928228255	3	5	4
20000	-284.070743879933	4	1	2
20100	-300.045567338467	4	3	5
20200	-290.009624502571	4	1	4
20300	-279.276033454904	3	1	3
20400	-297.224666350488	3	2	5
20500	-292.616693186292	4	1	4
20600	-291.640611523761	4	2	3
20700	-302.119273728538	4	3	5
20800	-279.220828335897	2	2	2
20900	-287.829015541374	2	4	3
21000	-305.872955525006	4	3	4
21100	-286.692267319909	3	3	2
21200	-288.324941365994	5	1	2
21300	-300.362190829506	6	3	3
21400	-287.516772028429	4	2	1
21500	-317.104555200656	6	5	4
21600	-282.617533480642	5	1	2
21700	-293.392403271515	4	3	3
21800	-298.211240370295	5	1	4
21900	-287.509510709273	3	3	2
22000	-282.048323762678	3	3	2
22100	-298.393139967099	5	6	1
22200	-299.434284003164	4	2	3
22300	-296.596070694956	5	4	2
22400	-291.25840763476	4	2	4
22500	-275.678113707626	3	1	1
22600	-290.147246497745	3	1	3
22700	-278.265907269179	2	1	2
22800	-291.136947068107	4	1	4
22900	-285.843224297421	4	2	2
23000	-280.962646704005	4	1	2
23100	-287.154101354176	3	1	3
23200	-296.415166804857	6	1	4
23300	-302.46605173677	3	4	4
23400	-291.614431096602	4	1	3
23500	-303.830509274483	3	4	5
23600	-286.445042669025	3	1	3
23700	-289.192673848978	4	3	2
23800	-286.718599212505	3	3	3
23900	-291.340275367925	5	1	3
24000	-290.271726660105	2	1	3
24100	-282.034720888702	2	2	3
24200	-286.629304394822	2	3	3
24300	-278.452318871134	2	3	2
24400	-281.116883495093	2	3	2
24500	-284.353282993503	3	2	3
24600	-288.15867392159	4	1	2
24700	-289.047322100871	3	1	4
24800	-284.439270156634	2	3	2
24900	-278.756499404611	2	2	2
25000	-294.168877737385	3	1	5
25100	-286.181163112325	3	1	3
25200	-304.651932725634	3	3	6
25300	-293.432222243367	3	3	4
25400	-285.920026258946	3	1	4
25500	-309.825802578277	3	3	7
25600	-292.105381532987	3	3	3
25700	-289.664645318088	3	1	3
25800	-292.061506251435	3	3	3
25900	-302.900434804243	5	4	3
26000	-286.682638311617	4	2	3
26100	-291.175208647474	6	1	3
26200	-294.657698823996	4	3	3
26300	-299.324774073386	3	5	2
26400	-294.23656536088	3	3	3
26500	-280.749079434324	3	2	2
26600	-303.969986235784	2	2	7
26700	-296.465850788527	3	4	3
26800	-280.894968917379	2	2	3
26900	-278.500367982759	2	1	2
27000	-296.016654959294	2	3	4
27100	-297.873707259082	6	2	2
27200	-303.386466842222	5	5	3
27300	-281.496186678332	3	3	1
27400	-284.815744970966	3	1	3
27500	-283.20236294643	5	2	1
27600	-299.236442271983	5	3	5
27700	-292.14747857345	4	3	2
27800	-277.237960752985	3	1	2
27900	-289.742063664094	3	4	2
28000	-292.738411226016	5	1	4
28100	-289.016389507751	5	3	2
28200	-277.411589776263	3	1	2
28300	-280.804711980575	2	1	3
28400	-283.753319485995	2	2	2
28500	-295.315707066041	2	2	5
28600	-285.322142252237	4	3	2
28700	-309.244755807398	2	4	6
28800	-289.334675792587	3	3	4
28900	-297.099643890937	3	4	4
29000	-295.780963387653	5	4	2
29100	-306.79991845374	3	1	7
29200	-284.003935189755	3	2	3
29300	-288.921004872925	3	2	4
29400	-297.504925330852	3	4	3
29500	-282.459953833737	3	2	3
29600	-293.808104205755	6	1	3
29700	-281.106910985127	3	2	2
29800	-300.815661444921	6	3	3
29900	-290.333978388124	4	1	3
30000	-294.089548035256	4	3	3
30100	-289.857119511247	4	3	3
30200	-281.097092106337	3	1	2
30300	-289.309336126849	6	1	1
30400	-300.233519469196	4	1	4
30500	-281.632219430736	3	3	2
30600	-289.558476204247	3	3	2
30700	-283.369177195247	2	1	2
30800	-285.886201167691	3	2	1
30900	-281.433131614311	2	2	2
31000	-293.263457880197	2	3	4
31100	-297.638895500893	1	1	4
31200	-288.855546624379	2	4	2
31300	-286.918196358735	3	1	2
31400	-309.109494776296	6	2	5
31500	-311.524538960971	5	2	6
31600	-276.287312555022	2	2	2
31700	-285.277471725173	2	2	3
31800	-293.619285944438	2	1	6
31900	-278.320856735965	2	2	2
32000	-296.757755699098	3	3	4
32100	-286.033909674331	4	3	2
32200	-281.980050989916	3	1	2
32300	-277.415306099943	3	1	2
32400	-293.992086124323	3	3	4
32500	-285.781026210802	3	2	3
32600	-295.573119639996	7	1	2
32700	-287.379556868743	2	4	3
32800	-276.140155036328	2	1	2
32900	-286.621393357576	4	1	2
33000	-295.800555445063	4	2	4
33100	-302.004584193936	2	3	5
33200	-292.46688720669	3	2	4
33300	-290.416874742212	3	2	3
33400	-289.477716095879	3	2	4
33500	-287.218184292304	2	3	3
33600	-301.598819243022	3	3	4
33700	-280.246994175693	3	1	2
33800	-303.965479246883	3	5	5
33900	-284.197319660176	2	2	2
34000	-288.496565988733	2	3	4
34100	-278.066015602435	2	2	2
34200	-279.577756518804	2	1	3
34300	-288.620716946904	2	4	2
34400	-313.492669227777	3	6	5
34500	-298.307619768282	3	2	3
34600	-294.274484274152	2	5	2
34700	-284.285575831968	2	1	4
34800	-307.675650952436	2	3	6
34900	-293.791616079349	4	3	3
35000	-287.959278899597	3	1	3
35100	-294.601159113817	6	2	2
35200	-291.627590698983	4	1	4
35300	-292.342066114821	5	4	1
35400	-288.303120638914	6	2	2
35500	-278.633701675265	3	1	2
35600	-284.607367192355	4	2	2
35700	-297.474290047216	5	4	3
35800	-310.084045177286	7	2	4
35900	-285.428858925502	4	2	2
36000	-290.778416769405	4	4	2
36100	-315.743864654543	6	6	3
36200	-301.225312168308	6	2	4
36300	-279.76102413362	3	1	2
36400	-293.287522383459	3	3	2
36500	-281.767842861965	2	1	3
36600	-295.624863720768	4	4	4
36700	-296.406287421419	5	3	3
36800	-274.371636341271	2	1	2
36900	-287.220331475403	4	1	3
37000	-280.848484864081	5	1	2
37100	-279.81708618301	4	1	2
37200	-298.221227955168	7	2	3
37300	-286.749557405064	4	1	2
37400	-295.906528032432	3	1	4
37500	-284.595693762621	4	4	1
37600	-294.175891861067	4	2	4
37700	-300.055370892412	5	3	3
37800	-281.157683247151	4	2	1
37900	-303.388076868899	7	3	3
38000	-281.156400056696	5	2	1
38100	-280.896728943849	4	2	1
38200	-278.509333507205	3	3	1
38300	-289.535484717355	4	3	2
38400	-297.668234644468	5	2	4
38500	-284.564435928681	3	2	2
38600	-287.876761414858	3	2	3
38700	-283.338558963146	3	2	3
38800	-286.828508972554	3	3	2
38900	-301.264177007589	2	3	6
39000	-284.296541673696	2	3	3
39100	-283.75978076486	2	4	2
39200	-278.496822313767	2	1	2
39300	-301.978426400155	2	1	6
39400	-297.473700793629	2	5	2
39500	-288.835021110307	2	2	3
39600	-286.109052753181	2	3	1
39700	-287.94817993339	5	1	3
39800	-297.156485719606	3	3	4
39900	-300.903546673052	3	2	5
40000	-286.250634197012	3	2	3
40100	-291.426405064384	3	3	3
40200	-277.924572766238	3	1	2
40300	-294.351099026194	4	2	3
40400	-293.743223825504	3	2	4
40500	-292.620455779893	5	1	3
40600	-287.418476766865	4	2	2
40700	-311.262233858626	4	5	4
40800	-298.233199419661	4	1	4
40900	-281.96947882517	3	1	2
41000	-289.7515023369	4	2	3
41100	-302.808658804161	5	3	4
41200	-296.535224154816	6	4	1
41300	-308.211111854781	7	1	5
41400	-288.8098400574	4	3	3
41500	-306.467107487252	8	4	2
41600	-300.726078243305	6	2	4
41700	-286.296454743503	3	3	2
41800	-296.530147004278	5	2	3
41900	-279.313075566736	3	1	2
42000	-289.311871838753	4	1	3
42100	-285.433476764583	4	1	2
42200	-288.356138444195	4	2	3
42300	-291.256011122473	3	2	3
42400	-293.401623006749	5	1	3
42500	-294.205495332542	4	4	3
42600	-285.892360982696	5	2	1
42700	-287.061171987669	3	1	4
42800	-293.742163819931	6	2	3
42900	-298.348069860925	4	3	4
43000	-278.437616113174	3	1	1
43100	-293.408824490598	4	3	2
43200	-293.667629349136	5	1	4
43300	-289.988190819755	6	1	2
43400	-283.224122568268	3	2	2
43500	-293.735334890427	8	2	1
43600	-279.059574880775	3	2	2
43700	-290.042618165957	5	2	2
43800	-286.716581652384	4	2	3
43900	-286.4532414637	5	2	2
44000	-281.001236658511	6	2	1
44100	-276.484952560381	3	1	2
44200	-287.64680016756	5	3	2
44300	-286.914685206343	3	4	2
44400	-287.220926846563	3	3	4
44500	-305.190320639715	6	1	5
44600	-294.691217115213	3	4	4
44700	-295.675713757225	3	3	4
44800	-289.579488765854	3	2	4
44900	-301.304426637563	4	5	4
45000	-283.558127718963	3	1	3
45100	-288.52206006676	3	4	2
45200	-292.305084339051	4	1	4
45300	-297.078952972945	3	1	6
45400	-290.512263322467	3	2	4
45500	-286.334603840391	3	3	3
45600	-290.300309436866	4	1	3
45700	-292.257555470557	3	1	3
45800	-292.650487356552	3	3	4
45900	-298.56037541425	5	4	2
46000	-299.249154718592	3	5	3
46100	-281.977855935124	3	3	1
46200	-303.22467903173	4	4	2
46300	-277.413782442847	4	1	1
46400	-278.562197557326	5	1	1
46500	-290.924066499777	6	4	1
46600	-291.776144883949	4	2	3
46700	-279.87475774116	3	3	1
46800	-291.712217920465	2	3	2
46900	-284.293813731167	2	1	3
47000	-293.871500211261	2	2	3
47100	-294.856934246849	2	2	4
47200	-288.77793939647	2	1	3
47300	-275.565108739081	2	1	2
47400	-288.545637840811	4	1	3
47500	-302.042680261471	3	2	5
47600	-293.714334630094	2	1	5
47700	-277.281831715402	3	1	2
47800	-283.031808117162	2	4	2
47900	-288.394164422748	3	2	3
48000	-284.297587079434	3	2	2
48100	-297.405085117968	2	3	3
48200	-295.646325105249	3	5	2
48300	-291.322472719106	3	5	1
48400	-280.678685280375	3	3	1
48500	-289.277327353449	3	4	2
48600	-280.516282868749	3	1	2
48700	-283.676444942744	4	1	2
48800	-289.970834769162	2	1	5
48900	-287.93114719409	2	2	4
49000	-281.635068980221	2	1	2
49100	-284.207041330681	2	3	3
49200	-301.756770708328	2	4	5
49300	-287.207867255357	4	3	2
49400	-289.227642429085	3	3	2
49500	-287.689658957243	3	2	3
49600	-288.157563305934	4	2	3
49700	-291.769493253035	3	3	3
49800	-291.544514870603	3	1	4
49900	-299.251299881937	2	1	6
50000	-291.991103226542	2	4	3
50100	-297.801532753386	2	5	4
50200	-302.162380787516	2	2	4
50300	-284.883571136602	2	1	3
50400	-286.846231679069	2	3	3
50500	-286.718295350659	3	1	3
50600	-281.688294337609	2	2	3
50700	-279.076309828672	2	1	2
50800	-298.232335967852	3	1	6
50900	-283.680446873194	5	2	1
51000	-288.759405102513	5	3	1
51100	-290.146999567617	1	2	3
51200	-298.51898614846	7	2	3
51300	-286.853613258124	5	1	3
51400	-278.556162061778	3	3	1
51500	-283.312612838721	4	2	2
51600	-287.726622308337	5	2	2
51700	-296.911949508999	4	2	3
51800	-295.816121839395	6	5	1
51900	-281.98459674294	4	1	2
52000	-290.111007595036	3	4	2
52100	-296.955845334534	2	4	4
52200	-290.154083993873	3	2	4
52300	-287.480350684392	3	2	3
52400	-293.152706187905	2	3	4
52500	-286.247000273473	2	3	3
52600	-288.826339936224	3	3	3
52700	-286.539221534147	2	2	3
52800	-301.345128235834	3	2	5
52900	-285.455671323807	2	2	2
53000	-282.164179430339	3	1	3
53100	-299.487804240127	2	5	4
53200	-291.042628143046	2	5	2
53300	-289.607365945325	2	1	3
53400	-290.783051294095	2	5	1
53500	-306.032762401785	6	1	5
53600	-289.449379595554	4	1	4
53700	-295.65117261735	5	4	3
53800	-281.242984336505	3	2	2
53900	-286.535968273992	4	2	2
54000	-284.877567284878	4	4	1
54100	-276.876857881205	3	1	1
54200	-304.401632382197	6	1	5
54300	-295.86297099167	5	2	2
54400	-300.420262566372	4	3	2
54500	-285.149413526225	5	2	2
54600	-292.548341624743	3	3	4
54700	-290.877329297887	4	1	4
54800	-290.99239385947	4	4	3
54900	-277.68111510537	3	1	1
55000	-286.677652110202	5	1	1
55100	-279.49369471608	4	3	1
55200	-309.982077670129	10	3	2
55300	-293.533671114356	5	1	1
55400	-290.452892253036	4	2	2
55500	-290.241233628113	2	2	4
55600	-293.286284360878	2	3	5
55700	-286.133394697831	2	2	3
55800	-288.474876021304	2	2	4
55900	-280.70308739081	2	2	3
56000	-302.874611074983	6	4	3
56100	-293.308063441746	5	1	4
56200	-289.79372597457	4	2	2
56300	-284.379804356903	4	2	1
56400	-288.690157074561	4	4	2
56500	-284.018509503548	6	1	1
56600	-294.855375447363	4	5	1
56700	-290.630363621614	5	3	2
56800	-287.625193365812	4	2	3
56900	-286.034768018737	3	2	3
57000	-291.892895577947	3	1	4
57100	-289.47334160003	3	1	4
57200	-281.932024293265	4	1	3
57300	-285.343179907884	3	1	3
57400	-278.974861699435	3	2	2
57500	-276.516376839442	2	2	2
57600	-281.451735544641	2	2	3
57700	-285.7485754828	4	1	3
57800	-297.335462472507	3	3	5
57900	-281.60892093282	2	1	3
58000	-295.994741731203	3	3	4
58100	-282.464561636936	5	1	1
58200	-285.409697952638	6	1	1
58300	-287.565119028989	5	2	1
58400	-288.474936509134	5	1	2
58500	-290.62251717243	5	1	3
58600	-303.497059783041	6	2	3
58700	-277.823061639417	4	1	1
58800	-287.156890556155	2	1	4
58900	-298.890139968968	8	2	1
59000	-272.139159851449	4	1	1
59100	-281.728862046392	4	1	2
59200	-293.962282604236	5	2	3
59300	-283.043588779813	4	3	2
59400	-281.283557672245	4	1	2
59500	-280.983936532017	4	3	2
59600	-290.062318152977	4	2	2
59700	-287.756986239063	4	1	3
59800	-286.548898272583	3	1	3
59900	-289.674405069436	5	2	2
60000	-295.755620731799	6	3	1
60100	-288.069451189783	4	4	1
60200	-288.780005336808	6	2	2
60300	-290.124902939549	4	1	3
60400	-309.798047471801	3	5	5
60500	-298.456247136232	4	3	3
60600	-285.997387909933	5	2	2
60700	-289.683977136931	6	1	1
60800	-291.237483901803	5	3	2
60900	-304.049488854295	6	2	3
61000	-296.071413865149	3	3	4
61100	-295.358828500319	2	3	4
61200	-286.058531159226	2	2	4
61300	-294.946755763372	3	4	3
61400	-280.383509537436	3	1	2
61500	-295.202948495569	3	3	4
61600	-292.778055059172	4	2	4
61700	-294.461547668567	4	2	3
61800	-285.748206571341	3	2	2
61900	-285.532047933832	3	2	3
62000	-284.975053341312	5	1	2
62100	-298.047485844225	6	2	4
62200	-295.444382429726	4	1	4
62300	-286.055075476125	2	2	4
62400	-287.301209378189	2	4	3
62500	-280.985302510341	2	2	3
62600	-296.514836924069	2	2	5
62700	-286.970775856496	2	3	2
62800	-296.178012656612	3	2	2
62900	-292.452336595387	3	2	4
63000	-291.313520701692	4	3	2
63100	-277.184802422757	2	2	2
63200	-284.591791201677	2	2	3
63300	-289.880154617118	2	1	5
63400	-284.053022064241	2	3	3
63500	-285.981718817287	3	1	4
63600	-288.062053015074	3	3	3
63700	-308.720801879596	3	3	6
63800	-282.780571021084	2	2	3
63900	-282.59093108619	2	1	2
64000	-311.026599697792	2	6	5
64100	-289.035247366097	2	3	2
64200	-281.630265429354	2	1	3
64300	-275.266671626422	2	2	2
64400	-283.383495900998	3	1	2
64500	-289.194363193041	2	3	4
64600	-286.280751105958	2	4	3
64700	-290.46118508741	3	3	2
64800	-288.335024427882	3	3	2
64900	-292.140113943698	3	4	3
65000	-294.798331370794	3	3	5
65100	-300.679308494912	4	2	5
65200	-293.778131058239	3	2	4
65300	-281.909919145838	2	2	2
65400	-286.881623823083	4	3	2
65500	-285.4633611853	4	1	2
65600	-294.388060377927	5	1	2
65700	-290.202634528188	3	1	4
65800	-308.933210335917	3	4	6
65900	-280.279969981789	2	3	2
66000	-291.406733227643	3	2	3
66100	-302.859334988328	6	3	3
66200	-293.886005324934	7	1	2
66300	-285.341592930454	3	3	2
66400	-273.442487098598	4	1	1
66500	-289.415878759092	5	1	3
66600	-292.091715216835	5	1	2
66700	-302.420413330067	6	4	3
66800	-290.081182324171	3	1	4
66900	-300.33477281824	3	1	5
67000	-296.360271838983	6	2	3
67100	-289.729257421477	5	3	1
67200	-291.909634339519	5	3	2
67300	-284.346883510548	5	3	1
67400	-284.540716893005	4	3	2
67500	-284.448006613133	4	2	2
67600	-291.564873591016	6	3	2
67700	-301.509011292467	4	3	3
67800	-313.272861276727	3	4	4
67900	-296.051933301085	1	2	4
68000	-286.551677595592	3	2	3
68100	-297.155706198173	3	5	3
68200	-277.843647192215	3	1	2
68300	-284.798022994088	3	1	3
68400	-296.718519502351	3	1	5
68500	-301.852569023746	3	3	5
68600	-283.446630245329	3	1	2
68700	-299.10974275244	3	1	6
68800	-288.096125415332	3	1	4
68900	-293.376657175651	3	2	4
69000	-299.76714441712	3	2	5
69100	-300.451716684757	3	4	5
69200	-291.058503281086	3	1	4
69300	-291.615149988598	3	3	4
69400	-288.716462179071	4	2	2
69500	-316.916714823566	3	4	7
69600	-288.935118870739	3	4	2
69700	-290.795407974218	2	1	4
69800	-279.62397934603	2	1	3
69900	-296.260988283774	4	2	4
70000	-285.417399321238	3	3	2
70100	-283.707864506852	2	1	4
70200	-290.237952753574	2	2	4
70300	-284.982377189175	2	3	3
70400	-294.061971141378	2	3	5
70500	-289.928455996619	2	2	4
70600	-294.172003820564	2	1	5
70700	-287.931527487996	4	2	2
70800	-293.342391348189	6	1	3
70900	-300.341816324473	5	4	3
71000	-303.231100646334	7	3	2
71100	-282.853981839193	6	1	1
71200	-282.808653483247	4	3	2
71300	-277.125118062098	3	1	1
71400	-283.23964750733	3	1	2
71500	-282.454236721468	4	1	2
71600	-287.496969950631	5	1	3
71700	-286.524365310129	4	2	2
71800	-287.717250713616	4	1	2
71900	-277.50764339502	2	2	2
72000	-296.40118555957	4	2	3
72100	-288.073981371049	3	3	2
72200	-309.147243227294	4	1	5
72300	-287.158875311035	3	1	4
72400	-289.026592134676	4	2	3
72500	-284.774958438596	3	2	3
72600	-298.734304012932	4	2	4
72700	-281.946849883578	2	2	3
72800	-277.201893987715	2	1	2
72900	-288.178917656413	5	1	2
73000	-285.587663268462	4	3	2
73100	-284.483159853647	3	2	3
73200	-292.628546773457	4	3	2
73300	-288.820180043553	5	3	2
73400	-287.49134620455	4	3	2
73500	-295.290301644485	3	3	3
73600	-280.524383207857	2	1	2
73700	-286.9966011965	4	3	3
73800	-287.224477978673	3	2	2
73900	-280.244388012094	4	1	2
74000	-288.082781516196	4	1	2
74100	-291.329988682041	4	3	2
74200	-283.668248555737	2	2	3
74300	-291.140969300976	2	3	4
74400	-298.359998838666	3	2	5
74500	-289.966793607431	4	2	3
74600	-307.733793389934	3	3	6
74700	-298.828460984815	3	2	5
74800	-295.21661789435	4	3	4
74900	-285.446001475836	3	1	4
75000	-295.950432801088	4	4	4
75100	-294.019384044384	2	1	5
75200	-302.106143525678	4	5	2
75300	-294.509083214504	4	3	3
75400	-315.112229724707	5	2	7
75500	-292.871401927788	4	5	2
75600	-279.104407787263	3	1	2
75700	-285.825489708487	3	1	2
75800	-286.797576389869	4	3	1
75900	-288.94228486217	4	2	3
76000	-287.700753959789	6	1	1
76100	-293.021907665747	5	2	3
76200	-297.815435295256	6	3	3
76300	-290.775577336128	4	4	3
76400	-282.18396704397	5	3	1
76500	-307.807144108278	8	2	3
76600	-291.034095755581	7	1	2
76700	-284.953693941334	5	2	2
76800	-283.969009398535	3	2	2
76900	-278.445506217863	4	2	1
77000	-288.486626157889	4	2	3
77100	-280.397484174409	3	2	2
77200	-284.905306935827	3	2	3
77300	-292.609122926025	3	4	2
77400	-287.697086569869	4	3	2
77500	-308.588604003245	6	2	5
77600	-293.01144366418	5	2	3
77700	-294.397560516886	4	2	2
77800	-295.346231302226	3	3	4
77900	-290.204346404454	5	3	1
78000	-289.382153357753	6	1	2
78100	-282.438252583761	4	3	1
78200	-315.905280787503	4	2	8
78300	-295.386640449682	3	5	3
78400	-288.068641833112	4	2	3
78500	-281.134999267642	3	1	2
78600	-292.21369015852	5	2	3
78700	-284.363878421348	6	3	1
78800	-291.256160064081	5	2	1
78900	-279.838644060454	5	2	1
79000	-279.827259803738	4	2	1
79100	-281.613567836473	4	2	2
79200	-285.567588911019	6	2	1
79300	-288.649665524063	3	2	2
79400	-294.442554998269	3	4	3
79500	-290.262902372086	6	3	1
79600	-279.924121789698	3	1	2
79700	-282.214276126783	4	3	1
79800	-279.569987939489	3	2	1
79900	-292.171330086619	6	2	1
80000	-291.956465137327	5	1	2
80100	-281.96383602518	4	1	2
80200	-312.024379927289	5	2	5
80300	-307.869857503427	6	1	5
80400	-295.110335492466	4	2	3
80500	-295.347695204917	4	2	4
80600	-289.492796181818	3	1	3
80700	-298.724004013064	5	3	2
80800	-285.874181080094	3	2	3
80900	-300.63858208429	4	1	6
81000	-285.476795032493	3	2	3
81100	-284.634482260642	3	2	2
81200	-308.429379262723	5	2	4
81300	-285.47608905294	2	3	2
81400	-297.516997327026	2	3	5
81500	-286.011352240152	2	1	3
81600	-294.387700482064	3	3	4
81700	-285.933914146995	2	1	4
81800	-291.877185863557	5	2	2
81900	-280.469727968451	2	2	2
82000	-294.547477060972	5	3	3
82100	-279.169544535207	4	1	2
82200	-284.046174055679	3	4	1
82300	-295.406830376016	3	2	4
82400	-290.767665399521	4	1	3
82500	-291.805926931627	5	3	2
82600	-288.691578593439	5	2	2
82700	-304.16546625002	5	3	4
82800	-298.635758379852	3	5	4
82900	-298.9952955912	3	3	5
83000	-285.384439562475	3	2	3
83100	-287.481096246059	3	3	2
83200	-286.170235981071	2	2	4
83300	-281.445709858272	2	2	3
83400	-288.94647345692	2	1	4
83500	-294.479600308452	2	1	5
83600	-281.247402196394	2	2	2
83700	-279.905397890052	3	2	2
83800	-287.383027836302	2	3	2
83900	-291.514921225192	2	1	5
84000	-280.027744587842	2	2	2
84100	-291.537933140559	3	1	3
84200	-283.746033814855	2	2	2
84300	-304.818709306262	3	1	4
84400	-289.154709298847	3	2	4
84500	-280.619150670735	4	1	2
84600	-289.560873459608	3	3	3
84700	-279.879302799734	3	1	2
84800	-289.013733191978	3	3	3
84900	-290.288373210402	3	3	4
85000	-288.422858855443	3	2	3
85100	-294.464967947287	2	4	4
85200	-291.28117304257	2	5	2
85300	-276.549294238695	2	2	2
85400	-288.032485601795	2	4	3
85500	-289.602745612648	2	3	3
85600	-294.73625561594	2	2	5
85700	-280.028274803342	2	1	3
85800	-289.300936315821	2	3	4
85900	-276.142820620237	2	2	2
86000	-286.011991025614	2	1	4
86100	-296.379976618495	2	2	4
86200	-288.34860589507	2	2	4
86300	-283.623678007613	2	1	4
86400	-284.422539355392	2	1	3
86500	-304.282522606084	2	7	2
86600	-283.085944567005	3	2	2
86700	-281.675230984529	4	1	2
86800	-286.733841798993	5	2	2
86900	-285.586431288953	2	1	3
87000	-299.866217578699	2	3	5
87100	-293.931157469301	2	4	4
87200	-301.064566614588	2	2	6
87300	-279.441953626921	2	2	2
87400	-286.019701803035	2	2	3
87500	-298.396631419351	3	3	4
87600	-281.527159037783	3	1	2
87700	-283.060506945151	4	2	1
87800	-284.973363154586	5	1	1
87900	-306.704850314585	6	2	5
88000	-281.159098093181	2	1	2
88100	-292.406094767668	2	1	4
88200	-290.457137599633	3	1	4
88300	-299.833852627539	3	2	5
88400	-285.425728620207	3	1	3
88500	-290.80721063975	5	1	2
88600	-293.345096145277	8	3	1
88700	-288.543658198491	6	2	1
88800	-290.178755040424	5	2	3
88900	-292.805294730905	5	3	3
89000	-299.441942879217	8	1	3
89100	-298.910028548601	4	2	4
89200	-295.069250513931	4	2	3
89300	-289.696968988382	4	3	2
89400	-285.41988085274	3	2	2
89500	-296.300930395985	5	1	3
89600	-301.554567847061	6	2	4
89700	-293.357445734936	6	2	3
89800	-291.913334343603	7	1	2
89900	-303.835794105573	6	4	2
90000	-300.122687595695	7	2	2
90100	-291.748082578443	6	1	3
90200	-287.507708716278	5	1	1
90300	-296.648749186531	8	2	1
90400	-288.410287622962	7	2	2
90500	-287.907471865654	7	2	0
90600	-299.413900245642	8	1	3
90700	-300.697722776413	8	2	2
90800	-306.791561276179	7	3	4
90900	-295.222494665972	5	1	2
91000	-294.476125963919	6	1	3
91100	-281.137116302098	4	1	1
91200	-306.377254960841	8	3	2
91300	-281.821014200496	5	2	1
91400	-282.199316388452	5	2	1
91500	-292.593690547466	5	3	2
91600	-285.647833150724	4	2	2
91700	-294.758611794861	6	3	2
91800	-293.716541564563	7	1	2
91900	-300.796220604143	5	3	3
92000	-283.007256236312	4	1	3
92100	-290.50926240035	6	2	2
92200	-291.780245753518	6	3	2
92300	-289.857942162876	4	1	1
92400	-295.105667289243	6	3	0
92500	-289.59809099167	4	3	2
92600	-288.825414393277	7	1	0
92700	-288.613841874725	7	1	0
92800	-282.053282488457	6	1	0
92900	-293.407263686221	5	3	2
93000	-310.439224982126	6	3	5
93100	-292.941932992229	8	1	2
93200	-285.798031228483	5	3	1
93300	-283.40899514471	5	1	2
93400	-289.215725271136	6	1	2
93500	-303.766297164966	5	4	3
93600	-284.78871295642	4	2	2
93700	-285.062353392293	5	1	2
93800	-294.42340910753	5	3	3
93900	-301.450414423686	8	1	4
94000	-301.009777856762	5	4	3
94100	-299.808526755084	6	1	3
94200	-284.477820926722	5	1	1
94300	-276.79822137003	5	1	1
94400	-281.272470248331	4	1	1
94500	-284.058352519817	4	2	2
94600	-295.48393875996	3	3	4
94700	-286.707987736913	5	2	1
94800	-290.076829443444	3	3	2
94900	-295.255948171549	3	4	3
95000	-287.304790458571	3	3	3
95100	-286.784949614784	2	1	4
95200	-297.510005118362	2	2	5
95300	-290.67175126349	2	3	4
95400	-276.722087201855	3	2	2
95500	-281.51208646395	3	1	3
95600	-284.455239555166	4	1	2
95700	-280.627626277207	3	1	2
95800	-280.258585528059	3	2	2
95900	-290.386950912178	5	1	2
96000	-284.573203199243	5	1	2
96100	-285.628460105687	4	2	2
96200	-289.508407881079	4	2	3
96300	-288.983526179666	6	1	2
96400	-281.736693677432	3	2	2
96500	-280.832696809655	3	1	2
96600	-283.843853218558	5	1	1
96700	-282.881363935376	4	2	1
96800	-301.515341420662	4	1	5
96900	-292.941492417066	3	3	2
97000	-294.843292173209	2	1	4
97100	-279.207369108041	3	1	2
97200	-282.964444198577	2	3	2
97300	-303.950725850356	5	4	3
97400	-289.004890227918	3	2	3
97500	-293.831500158307	4	3	2
97600	-283.017033283914	3	1	2
97700	-296.18895292301	7	1	2
97800	-285.594088275668	3	4	1
97900	-291.847039344292	5	1	3
98000	-290.789145808937	6	2	2
98100	-282.703689560337	4	2	1
98200	-293.261165608545	6	2	3
98300	-280.214097558952	3	3	1
98400	-289.841146893121	6	1	2
98500	-289.011281611396	3	1	4
98600	-277.977482360607	2	2	2
98700	-281.255662064432	2	2	3
98800	-277.008541893658	2	2	2
98900	-289.064082980995	2	1	5
99000	-286.827883946247	1	1	3
99100	-294.243544021025	3	1	4
99200	-291.204687622066	4	3	2
99300	-292.894391260457	3	2	3
99400	-291.094080798162	2	3	2
99500	-294.383399814348	2	1	6
99600	-299.584348352126	3	1	5
99700	-292.454125119123	3	2	4
99800	-295.6642383249	3	2	4
99900	-287.946646426881	4	2	3
1e+05	-294.482389497725	7	2	2
100100	-277.350953151773	3	1	1
100200	-291.245246969359	3	2	4
100300	-301.545438815937	5	5	1
100400	-294.507811549037	6	4	1
100500	-276.459126170933	2	1	2
100600	-282.289861399532	2	2	3
100700	-289.6139543125	2	5	2
100800	-297.106920088703	2	1	4
100900	-289.185751478299	2	2	2
101000	-295.532528627515	2	3	4
101100	-292.462242666621	4	3	2
101200	-286.953336386124	2	2	3
101300	-292.449054347708	3	3	4
101400	-291.755904863287	5	3	1
101500	-301.522116586117	6	2	4
101600	-293.439411748337	4	3	3
101700	-295.244677295698	7	1	2
101800	-291.000862837249	3	2	2
101900	-283.35862256416	4	2	2
102000	-287.350733249075	4	2	2
102100	-290.934727459607	6	4	1
102200	-278.313334400769	4	2	1
102300	-295.192624165286	5	1	3
102400	-281.037562570077	3	1	2
102500	-282.16813424581	4	2	2
102600	-280.182016758521	4	2	1
102700	-287.030870375316	5	2	2
102800	-280.863621425379	4	1	2
102900	-290.965538672373	5	2	2
103000	-299.039353780384	4	4	3
103100	-289.377349002633	5	1	2
103200	-284.204883275759	3	2	1
103300	-285.815417108864	6	2	1
103400	-283.509975755745	3	3	2
103500	-283.881624882086	4	2	2
103600	-280.392093184594	4	1	2
103700	-286.482095487936	3	1	4
103800	-284.655372535153	3	4	2
103900	-293.869300704884	3	1	5
104000	-283.126953132863	3	1	2
104100	-293.074001074187	3	2	4
104200	-290.193319161473	3	2	3
104300	-279.248117063365	3	1	3
104400	-285.865101239514	2	2	4
104500	-294.080358265542	2	4	3
104600	-285.1099964783	2	2	3
104700	-288.811616036356	2	2	4
104800	-284.729999149845	2	3	3
104900	-292.09139194367	2	5	2
105000	-292.511787948072	2	4	3
105100	-291.30793361501	2	1	4
105200	-284.83781700626	2	2	4
105300	-282.631068828668	2	2	3
105400	-281.793909501104	2	2	2
105500	-292.283231195587	3	2	4
105600	-278.992301829794	2	3	2
105700	-280.31779255125	2	1	3
105800	-283.923474497197	3	2	3
105900	-285.762205831491	3	1	4
106000	-303.660962928562	5	3	4
106100	-276.087562727256	2	2	2
106200	-287.39098063821	2	1	4
106300	-287.798738530283	2	2	4
106400	-279.223475021444	2	2	2
106500	-279.745097774386	2	2	2
106600	-289.1931566315	2	3	3
106700	-300.011072403518	2	1	5
106800	-288.121727149894	2	2	4
106900	-285.497370338046	2	1	3
107000	-278.234204053772	2	1	2
107100	-293.051515404881	2	2	5
107200	-294.566742843844	2	4	4
107300	-287.799873680417	2	4	3
107400	-285.117964514307	2	2	3
107500	-284.396065025693	2	2	2
107600	-284.327910531851	2	1	4
107700	-301.840269002238	4	3	4
107800	-291.14960783916	4	2	3
107900	-293.319984744098	5	5	1
108000	-293.397690100926	3	3	3
108100	-283.996793932016	3	2	2
108200	-291.784419010304	3	3	3
108300	-278.556138600265	4	2	1
108400	-280.661570444934	5	2	1
108500	-283.354855694764	3	1	2
108600	-300.31296770636	6	2	4
108700	-290.896480393304	4	2	2
108800	-298.377102717471	6	1	3
108900	-283.042604502979	2	2	2
109000	-284.93830419103	3	2	2
109100	-294.417856498562	5	3	3
109200	-294.407815215503	3	3	2
109300	-292.376085339471	2	4	3
109400	-281.26703792225	2	2	2
109500	-282.114127304735	5	2	2
109600	-291.499210345062	4	1	4
109700	-297.955713932233	3	1	6
109800	-293.298619214499	3	2	4
109900	-302.141854622383	3	4	4
110000	-289.095812749053	3	3	3
110100	-293.557105433233	3	1	4
110200	-315.105478123783	4	3	7
110300	-287.586016114008	4	2	3
110400	-286.132222199193	2	2	2
110500	-306.23922591075	5	5	2
110600	-297.578363637373	4	2	4
110700	-278.612956247243	3	1	1
110800	-293.834311398732	5	2	3
110900	-294.074278458964	3	2	4
111000	-296.915755472447	4	1	2
111100	-298.246034660996	4	2	4
111200	-284.749184507792	4	2	1
111300	-295.96481049052	4	3	4
111400	-295.719531345164	6	1	3
111500	-278.71038702054	4	1	1
111600	-290.489870150836	4	2	3
111700	-302.545159327532	2	3	5
111800	-282.46461653283	2	3	3
111900	-281.418626753249	3	3	2
112000	-284.408198474629	2	4	2
112100	-287.53172239184	2	5	2
112200	-297.538245890162	5	4	3
112300	-276.857629678161	3	1	1
112400	-281.528994393676	4	2	1
112500	-280.240591143278	3	1	2
112600	-310.981249956524	8	2	4
112700	-295.429477660506	5	1	3
112800	-296.544093650942	3	4	2
112900	-298.238451654014	1	2	4
113000	-281.960417106945	2	1	3
113100	-303.724943536179	2	3	7
113200	-287.905573336137	2	2	4
113300	-287.575378238623	2	3	2
113400	-288.40480207244	3	3	1
113500	-283.981208119458	2	1	3
113600	-293.543937044444	2	1	2
113700	-295.093884205986	2	3	3
113800	-283.008131192549	5	2	1
113900	-274.929256372835	3	1	1
114000	-290.124897919507	3	2	2
114100	-286.130899475832	3	2	1
114200	-282.189567963633	3	1	1
114300	-313.224273074819	6	2	5
114400	-297.319846007349	4	2	2
114500	-290.315577743032	3	2	4
114600	-289.228174128117	4	1	3
114700	-282.652083752469	3	1	3
114800	-292.590565798996	7	1	1
114900	-294.31548733162	4	2	4
115000	-291.819397461204	3	3	3
115100	-284.080222602964	4	1	2
115200	-275.697426903359	4	1	1
115300	-303.214160372748	6	1	4
115400	-289.322787965142	5	3	2
115500	-276.331692279629	3	2	1
115600	-290.451717925141	6	1	3
115700	-292.701594930621	6	1	3
115800	-287.088670512275	5	1	3
115900	-296.157686025682	4	4	2
116000	-291.771709625262	4	1	4
116100	-303.809519743021	7	2	4
116200	-299.885182059754	4	3	4
116300	-297.866574951466	5	4	1
116400	-303.035530820802	5	4	3
116500	-292.937247130811	5	2	3
116600	-297.439601671748	4	4	4
116700	-296.761752291533	5	3	3
116800	-290.68119165506	3	4	2
116900	-285.064169394123	4	2	2
117000	-287.43157662744	4	2	2
117100	-297.299163123904	6	3	3
117200	-286.525763705685	5	3	2
117300	-292.141293031895	2	4	4
117400	-313.093995198026	5	3	6
117500	-282.629836344236	3	2	2
117600	-296.250547449542	4	2	4
117700	-287.48245991265	6	2	1
117800	-281.09069900284	6	1	1
117900	-286.717448175367	4	1	3
118000	-299.323385936195	4	3	4
118100	-284.012488526566	5	2	2
118200	-282.675363387512	5	2	2
118300	-283.2236640983	4	2	2
118400	-283.425919619412	4	1	2
118500	-279.885744913216	4	2	1
118600	-301.131407975508	3	2	5
118700	-280.079144229587	4	1	2
118800	-286.471124146944	7	2	1
118900	-292.216093632129	4	4	2
119000	-286.878247289004	6	2	1
119100	-290.703141474298	4	4	2
119200	-285.186388595245	4	2	2
119300	-292.572322385428	5	3	2
119400	-288.273927217179	6	3	1
119500	-283.544476260545	3	1	3
119600	-283.512024283866	4	3	1
119700	-288.148319734607	3	2	3
119800	-287.723903039827	5	2	3
119900	-282.256501007256	4	4	1
120000	-278.307680597632	4	2	1
120100	-289.80295493905	5	3	1
120200	-301.520898567991	5	1	4
120300	-301.157494453635	4	2	5
120400	-286.483568749138	4	3	2
120500	-278.663547457954	4	2	1
120600	-292.318275372515	6	2	3
120700	-299.504073218993	4	3	5
120800	-279.702343392826	5	1	1
120900	-285.445946081955	5	3	1
121000	-290.861387461585	6	4	1
121100	-281.823262249761	4	2	2
121200	-291.564341371457	2	4	3
121300	-295.896319768776	2	3	5
121400	-296.690341155096	2	3	5
121500	-290.35820440274	3	3	3
121600	-281.426914466181	3	2	2
121700	-286.163224108249	3	1	3
121800	-296.544891583085	5	1	3
121900	-297.346767835233	4	2	5
122000	-292.796914135188	4	2	3
122100	-292.847025498032	3	2	5
122200	-301.449951670474	6	3	3
122300	-282.191181657531	3	2	2
122400	-288.729600041964	4	1	4
122500	-279.616543040947	2	2	2
122600	-299.288759780828	4	3	4
122700	-294.228359825755	5	3	3
122800	-290.199652824543	6	4	1
122900	-282.203713420756	4	2	2
123000	-282.163319835703	3	1	2
123100	-294.259270697609	6	1	3
123200	-289.206762462965	4	3	3
123300	-288.648997320174	7	2	1
123400	-283.377242043144	3	2	2
123500	-287.001629053229	4	1	1
123600	-278.688313314448	5	2	1
123700	-278.00464328876	4	2	1
123800	-283.255262791702	5	1	2
123900	-283.484028211164	4	2	2
124000	-290.144214596931	3	4	2
124100	-298.235164543441	2	1	5
124200	-292.535411288042	3	1	5
124300	-282.47384193677	3	1	4
124400	-294.83596824551	2	4	3
124500	-284.734840705301	2	3	2
124600	-281.995472278327	4	2	1
124700	-282.77259683846	3	1	2
124800	-290.944732264362	3	5	2
124900	-288.582128257065	6	1	2
125000	-289.914986813939	6	2	1
125100	-300.072159198052	5	3	3
125200	-283.77631070869	3	3	2
125300	-295.607795718607	4	2	5
125400	-294.890933235111	4	2	3
125500	-278.714625193201	4	3	1
125600	-294.199052892018	3	4	3
125700	-291.173962621167	6	1	3
125800	-279.721654247182	3	2	2
125900	-297.101317479951	7	3	1
126000	-288.256084973269	4	2	2
126100	-294.323396345024	5	3	2
126200	-281.528016385432	3	2	2
126300	-282.753082383108	3	1	3
126400	-296.146828407702	4	4	3
126500	-280.996465316958	2	2	2
126600	-284.388438209831	2	1	3
126700	-296.428609505904	4	2	5
126800	-283.333655436829	3	1	3
126900	-297.474024753543	5	3	3
127000	-288.46089342808	5	2	2
127100	-301.650007641734	6	3	3
127200	-285.872339211636	1	3	2
127300	-304.754980888866	1	4	5
127400	-297.037982996898	2	1	4
127500	-290.12194232712	2	2	4
127600	-290.756630892078	3	3	3
127700	-297.257614893019	3	3	1
127800	-285.557414134441	2	2	3
127900	-294.101299224394	2	1	4
128000	-286.660954390809	2	3	3
128100	-290.436271500862	2	3	3
128200	-280.623834443392	3	2	2
128300	-293.641483523703	2	5	3
128400	-279.765034499838	2	3	2
128500	-278.965609674559	3	1	2
128600	-287.32393987784	4	1	2
128700	-290.468243521455	3	1	3
128800	-291.844737965017	3	1	4
128900	-283.590109050955	3	2	3
129000	-277.335113951793	3	1	2
129100	-282.436056650601	4	2	2
129200	-294.592768391669	3	3	3
129300	-277.285824078904	2	1	2
129400	-281.273562278394	2	2	2
129500	-288.586954131072	2	1	4
129600	-276.255786332276	2	1	2
129700	-283.775274188338	2	2	4
129800	-275.946352161901	2	1	2
129900	-286.418513229381	2	3	3
130000	-284.633325164496	3	2	2
130100	-277.168957832022	2	1	2
130200	-290.874826003566	4	3	3
130300	-299.482634797722	3	1	5
130400	-298.144064681156	4	3	5
130500	-293.783535308478	3	5	3
130600	-296.779585995319	5	3	3
130700	-284.007832520698	3	1	1
130800	-294.731263969811	5	2	1
130900	-298.871919070797	5	3	2
131000	-280.417526596197	3	1	2
131100	-292.845794507992	6	3	2
131200	-296.309020414761	4	1	4
131300	-288.467251608766	4	3	3
131400	-295.654460945987	3	2	4
131500	-289.010154924749	5	2	3
131600	-283.765198942124	5	3	1
131700	-296.634395884304	4	2	3
131800	-278.431544365818	3	2	1
131900	-288.466560041233	4	1	3
132000	-292.446975041541	4	1	3
132100	-279.593202505047	4	3	1
132200	-282.766805359757	4	1	1
132300	-296.129176921804	3	1	5
132400	-292.645232474196	4	3	3
132500	-286.427426291191	6	2	1
132600	-285.116924463334	4	2	2
132700	-305.472195373928	5	3	4
132800	-291.490582887419	4	1	4
132900	-295.74115809208	5	3	2
133000	-280.853540366082	3	1	2
133100	-303.701884247577	4	3	5
133200	-293.143313976792	4	3	2
133300	-296.137979851567	4	1	5
133400	-298.057848241649	4	4	2
133500	-289.960769216497	6	1	2
133600	-288.373530515186	3	1	3
133700	-302.589644235819	2	2	4
133800	-281.692401120972	3	1	2
133900	-282.03779808647	4	2	1
134000	-277.936946511797	4	1	1
134100	-290.447529048557	4	1	3
134200	-288.56136101961	5	2	2
134300	-281.890343823545	4	4	1
134400	-277.998760906771	3	1	1
134500	-284.935339842857	4	1	2
134600	-282.472145125461	3	2	1
134700	-280.798996588953	4	1	1
134800	-276.957425463519	3	1	1
134900	-285.882321838428	3	4	1
135000	-299.759735154333	6	4	3
135100	-278.852433258668	3	3	1
135200	-280.50009611419	3	2	2
135300	-296.045177681193	7	1	3
135400	-275.792783859356	4	1	1
135500	-308.629111182394	8	3	3
135600	-303.506350584048	9	3	1
135700	-289.956544916673	6	2	2
135800	-302.041475016046	7	3	2
135900	-299.987963009126	6	1	2
136000	-297.40373378237	7	1	2
136100	-286.104075638976	4	1	2
136200	-291.556487941671	6	3	1
136300	-299.303061344737	6	1	2
136400	-284.360463388393	6	1	1
136500	-310.373029944053	6	1	6
136600	-294.976835112897	4	2	3
136700	-292.791679335362	2	4	3
136800	-297.170934920407	2	3	5
136900	-287.569761696381	2	4	2
137000	-283.590050888158	2	1	4
137100	-291.890014096332	2	5	2
137200	-292.831373928324	4	3	3
137300	-288.714366445303	6	1	2
137400	-297.543333515464	4	3	3
137500	-284.991151215765	4	1	2
137600	-289.615471654654	2	2	4
137700	-293.688808103313	3	4	3
137800	-287.073122019791	4	1	2
137900	-286.675712276982	4	2	3
138000	-287.974803468292	4	2	3
138100	-290.435524795083	3	3	3
138200	-301.688909863229	2	4	5
138300	-291.92503201477	2	3	5
138400	-292.746313882045	4	4	2
138500	-290.482552114117	3	2	4
138600	-288.4504638515	3	1	4
138700	-290.809029115014	4	4	2
138800	-299.833080762483	3	1	5
138900	-287.49547148455	2	1	4
139000	-293.299231790303	3	4	3
139100	-290.446405673852	3	2	5
139200	-284.436309722696	3	1	3
139300	-302.424388919211	3	3	6
139400	-280.976429082442	3	2	2
139500	-286.312608643764	3	2	3
139600	-300.776384704729	2	2	7
139700	-286.334458916581	3	3	3
139800	-286.03335361182	2	3	3
139900	-289.000905432633	3	3	4
140000	-294.414116517707	2	1	5
140100	-289.501160439696	2	1	5
140200	-296.30101974904	2	4	5
140300	-289.927869638249	2	3	4
140400	-281.961567049353	2	3	2
140500	-294.90691276151	2	4	4
140600	-287.08533314083	2	4	2
140700	-307.075884748939	6	2	4
140800	-292.826015351152	4	3	3
140900	-283.201961229844	5	1	1
141000	-308.119226298609	4	1	6
141100	-288.340422172846	3	3	3
141200	-282.543350389459	3	2	2
141300	-280.703947919571	2	1	2
141400	-295.256915752308	2	3	5
141500	-303.357543031348	2	2	6
141600	-288.116906264539	2	1	4
141700	-281.91073563595	3	1	2
141800	-290.851770629973	3	2	4
141900	-287.252280968634	4	2	3
142000	-309.112847571454	2	8	3
142100	-288.119309993129	5	1	3
142200	-281.861204088173	3	2	2
142300	-291.110885293285	3	2	4
142400	-290.61826459998	3	3	4
142500	-283.065799731159	2	2	3
142600	-310.328366911553	2	2	7
142700	-280.00397215151	2	3	2
142800	-281.211801679741	3	2	3
142900	-291.024805911634	3	2	4
143000	-284.104822806191	4	3	2
143100	-282.048916307715	2	1	3
143200	-299.957072036163	2	1	5
143300	-283.886340035308	2	3	3
143400	-294.950588626705	3	3	3
143500	-291.341308087111	4	2	3
143600	-285.240235013237	5	2	2
143700	-300.141744091141	3	4	4
143800	-288.63465117173	4	1	3
143900	-303.696259142187	5	3	4
144000	-280.756845004294	3	2	2
144100	-305.707393191291	4	1	5
144200	-295.905923080301	3	3	3
144300	-289.811428919312	2	3	2
144400	-293.768270183334	3	4	1
144500	-298.142350820321	3	2	4
144600	-298.980080257576	4	2	5
144700	-291.527180386639	3	2	4
144800	-290.113598988598	5	1	3
144900	-286.230390376857	2	1	4
145000	-295.444466737611	5	2	3
145100	-289.042128558738	5	2	3
145200	-293.179569116308	4	3	3
145300	-295.35697529815	4	3	3
145400	-278.129363586116	4	1	1
145500	-289.172583658878	6	2	1
145600	-287.957513961941	5	2	1
145700	-288.354810997261	3	3	1
145800	-292.140411370604	3	2	3
145900	-277.492875750341	3	1	1
146000	-292.889311968514	5	3	2
146100	-310.388529056926	7	4	3
146200	-301.308449824033	7	1	3
146300	-286.809935490795	4	2	2
146400	-293.478023213475	4	2	2
146500	-288.395746384096	5	2	2
146600	-299.093443907677	4	3	4
146700	-289.48791178221	5	1	2
146800	-288.039351550561	5	3	2
146900	-298.931514861943	3	5	3
147000	-296.871816461186	5	2	3
147100	-293.348253649916	3	3	4
147200	-286.88958182621	4	2	3
147300	-296.090568001088	3	4	3
147400	-307.822924128097	4	4	5
147500	-304.686201940375	3	1	7
147600	-277.756396060043	3	1	2
147700	-294.654343141546	4	2	3
147800	-296.851999112535	2	2	5
147900	-297.920548587697	2	6	3
148000	-287.365446001201	2	2	4
148100	-298.831580571364	1	3	4
148200	-296.046882424777	2	1	3
148300	-292.518893543294	3	2	1
148400	-293.02705630506	3	1	4
148500	-296.471612187914	5	2	3
148600	-297.605629740574	6	2	3
148700	-296.191428379748	3	1	5
148800	-286.68324522319	3	2	3
148900	-282.884532159804	3	3	2
149000	-301.54391120028	3	2	6
149100	-293.123727535852	3	2	4
149200	-277.004497772225	2	2	2
149300	-284.121623623802	3	3	2
149400	-303.843086623325	4	4	5
149500	-289.740852465482	2	3	3
149600	-290.287602699054	3	2	3
149700	-289.038410726625	5	2	2
149800	-276.77374166098	4	2	1
149900	-286.191887144421	4	2	2
150000	-284.428505516484	3	1	2
150100	-284.252092899689	4	1	3
150200	-276.876153532374	4	1	1
150300	-301.740065652543	4	6	2
150400	-298.957706931211	8	3	2
150500	-281.638732720612	4	2	1
150600	-286.32026361578	3	2	3
150700	-277.993596619461	3	2	1
150800	-285.739211109414	4	1	1
150900	-291.205996960391	3	4	2
151000	-288.156857664587	5	1	2
151100	-284.590734788388	3	4	1
151200	-290.845931095543	5	1	3
151300	-300.256513912278	6	4	2
151400	-276.429719838676	3	1	2
151500	-300.220920736669	3	3	5
151600	-303.306835322639	7	3	3
151700	-288.05988429357	6	1	2
151800	-296.563988655672	3	3	5
151900	-291.826912202283	6	2	2
152000	-277.658976890464	3	1	2
152100	-285.634749481814	5	2	2
152200	-302.832334140879	7	3	3
152300	-303.281976173633	3	2	5
152400	-287.948570739753	3	3	2
152500	-288.624606150561	3	1	3
152600	-291.548809027459	3	2	1
152700	-279.901419444478	2	1	2
152800	-287.512806957242	2	3	3
152900	-290.462480815513	3	2	4
153000	-285.421983335551	4	3	2
153100	-287.463110218224	4	2	3
153200	-287.864205410691	2	5	2
153300	-297.072986861115	2	3	4
153400	-295.292809238355	2	5	3
153500	-289.687826783963	2	1	4
153600	-290.570008912276	2	2	5
153700	-299.675186332341	7	3	3
153800	-298.348953741103	2	2	5
153900	-283.446303362384	2	2	2
154000	-288.041771987249	4	2	1
154100	-293.89218714062	2	2	3
154200	-294.910518108039	2	4	4
154300	-302.188690122403	8	3	1
154400	-287.705288117046	4	2	3
154500	-297.160076902112	4	1	5
154600	-294.359006012913	3	2	4
154700	-298.808548900333	4	2	2
154800	-295.339320137061	2	2	3
154900	-290.879936819514	5	3	1
155000	-308.051356327201	1	4	5
155100	-285.027493699999	4	1	2
155200	-292.655484447692	6	3	1
155300	-287.082298011893	3	1	2
155400	-278.732091182202	4	2	1
155500	-281.863168291523	5	2	1
155600	-275.148505236999	5	1	1
155700	-296.6269145162	4	2	3
155800	-294.035316230724	5	4	2
155900	-278.279811492108	5	1	1
156000	-285.727097583423	6	2	1
156100	-289.636164987566	6	3	2
156200	-290.526035832308	5	4	2
156300	-277.922907251979	4	1	1
156400	-292.642600688892	3	3	3
156500	-299.009332201768	5	3	4
156600	-280.347142760158	4	1	2
156700	-285.170927297238	3	3	1
156800	-289.000990787791	3	4	2
156900	-296.467076138495	5	4	2
157000	-283.143863721367	7	1	1
157100	-281.181976821493	4	1	2
157200	-293.739237929819	2	4	4
157300	-296.331782508824	2	3	3
157400	-290.933382663413	3	2	4
157500	-300.146752574423	2	4	5
157600	-288.792433015727	2	2	3
157700	-292.857797911181	2	2	5
157800	-295.240867289778	2	4	4
157900	-288.326307606741	2	4	3
158000	-290.470243059055	2	3	3
158100	-280.416090763039	2	1	2
158200	-290.831972988452	2	3	3
158300	-289.922890040494	2	1	4
158400	-290.038896609225	5	2	3
158500	-292.672197285599	2	2	5
158600	-285.332379689632	4	2	2
158700	-283.028996085814	3	2	2
158800	-288.709702205125	4	4	2
158900	-285.535852682488	5	1	2
159000	-295.58261491678	5	1	3
159100	-283.932869696298	4	1	2
159200	-287.139964046647	4	4	2
159300	-282.302615230156	5	1	1
159400	-290.21863475393	4	1	3
159500	-278.994026551409	3	2	2
159600	-286.169494849543	4	3	2
159700	-290.559143063015	3	1	3
159800	-302.034639586743	5	2	4
159900	-304.563032069012	3	3	5
160000	-294.063022360222	3	4	4
160100	-294.441693522913	3	2	5
160200	-308.765096443677	6	2	5
160300	-291.157495076088	2	3	3
160400	-305.676813042926	5	2	4
160500	-289.88498440529	5	2	1
160600	-287.816252257837	4	3	2
160700	-291.982124203043	3	2	4
160800	-284.53645237303	4	3	1
160900	-286.930927058126	5	1	2
161000	-285.72072872718	5	1	2
161100	-281.976231130926	5	2	1
161200	-288.851363161072	4	4	1
161300	-285.111435594188	3	4	1
161400	-280.969118487701	4	1	2
161500	-283.764347010336	3	3	2
161600	-301.362378946051	3	2	4
161700	-278.274576615101	2	1	2
161800	-288.871814190736	2	2	2
161900	-284.687320982976	3	2	1
162000	-289.664512242591	5	2	2
162100	-296.450169277694	4	4	3
162200	-296.949148526237	3	4	4
162300	-285.309753702318	5	1	1
162400	-290.39774011303	3	4	2
162500	-296.487970604872	7	2	2
162600	-287.373273849757	5	3	2
162700	-276.980761689626	3	2	1
162800	-292.335221876872	5	3	2
162900	-298.228654061059	4	4	2
163000	-296.289263611884	6	2	2
163100	-286.472198469653	3	2	2
163200	-297.303866341984	7	2	1
163300	-297.478449010522	4	5	3
163400	-297.555166203314	6	2	3
163500	-283.216073929389	2	3	1
163600	-292.230016127862	2	2	5
163700	-276.830116803847	2	1	2
163800	-294.526619793421	2	2	5
163900	-278.454368240654	2	1	3
164000	-302.020586957422	4	3	5
164100	-280.003111392795	3	1	2
164200	-281.495553784225	3	2	2
164300	-293.917890395899	8	1	2
164400	-288.161346072656	4	1	2
164500	-278.713067315076	4	3	1
164600	-281.430527393398	3	1	2
164700	-288.296901154293	4	1	2
164800	-287.257159198244	5	3	1
164900	-288.76232577867	6	2	2
165000	-289.205638819515	3	3	2
165100	-298.45191056895	4	3	3
165200	-282.189601498853	5	2	1
165300	-280.348342087644	4	3	1
165400	-285.790510335147	5	3	2
165500	-280.107767210287	5	2	1
165600	-302.758160733711	7	4	3
165700	-289.026288636715	3	3	2
165800	-302.747025740673	7	4	2
165900	-295.970200910686	7	3	2
166000	-289.74700365993	3	2	3
166100	-285.560223030369	3	2	3
166200	-286.386167971127	3	3	3
166300	-289.568230202171	5	2	3
166400	-300.24397244027	4	5	3
166500	-282.522593533782	3	1	3
166600	-288.199108336564	2	3	2
166700	-286.025109491991	2	2	4
166800	-300.233998030087	2	2	6
166900	-294.118124075233	2	3	4
167000	-288.230875449877	2	4	2
167100	-276.829151823209	3	2	2
167200	-300.045411970681	2	4	5
167300	-305.056997350134	2	2	7
167400	-302.132698931749	2	3	6
167500	-297.216111926698	4	1	5
167600	-293.113063505548	4	2	3
167700	-287.565530931243	4	2	3
167800	-302.046138548359	5	5	3
167900	-278.728264437528	4	2	1
168000	-289.797831607797	4	3	3
168100	-311.83902125565	7	3	5
168200	-297.043618288879	3	4	3
168300	-292.058655055444	2	2	5
168400	-287.588163838351	4	1	3
168500	-289.073843083871	2	4	3
168600	-285.361477861349	2	1	2
168700	-292.338387849674	2	3	4
168800	-295.66869400566	2	1	6
168900	-284.736759267272	2	2	3
169000	-281.663586313831	2	1	3
169100	-296.676421714605	4	1	4
169200	-292.037909570907	4	1	4
169300	-293.056552550266	3	2	4
169400	-287.741311129814	2	3	3
169500	-285.572029700434	2	2	3
169600	-301.456843802649	3	1	6
169700	-289.007178105537	4	3	3
169800	-303.710583726869	5	4	4
169900	-285.185748752613	4	2	2
170000	-289.14992235894	3	1	3
170100	-278.182304083001	3	1	2
170200	-278.008651719784	4	1	1
170300	-280.087765356255	5	1	1
170400	-285.408732554482	6	2	1
170500	-304.810845878011	5	4	4
170600	-281.13477118098	4	1	1
170700	-291.276048576173	4	1	3
170800	-307.83498788749	5	4	4
170900	-292.745686999159	4	2	2
171000	-292.984171385997	5	2	1
171100	-277.911786618223	3	1	1
171200	-289.643441945584	6	2	2
171300	-278.679803744272	3	2	1
171400	-280.477443099687	4	2	1
171500	-288.078494081546	5	2	3
171600	-279.349785003104	5	2	1
171700	-293.343843059435	6	3	2
171800	-288.905551356651	6	2	2
171900	-286.255466178415	3	1	3
172000	-281.243817300654	4	2	1
172100	-287.512736130435	3	3	2
172200	-288.744891384304	6	2	2
172300	-279.795148354137	6	1	1
172400	-277.629632372287	5	1	1
172500	-290.573067917143	4	3	3
172600	-285.768181058576	4	3	2
172700	-296.420254724275	6	1	3
172800	-294.398643437594	6	3	2
172900	-288.999814216594	3	3	3
173000	-290.613759023866	2	3	4
173100	-283.983484337017	2	2	2
173200	-292.28299789131	2	3	5
173300	-278.789628970765	2	1	2
173400	-296.712453691595	3	3	3
173500	-295.213917496133	6	1	4
173600	-285.439262352991	3	2	3
173700	-303.395196634487	6	3	3
173800	-304.792295308197	5	3	6
173900	-291.936353161917	4	3	3
174000	-298.313424140999	3	3	4
174100	-276.92527984519	3	2	2
174200	-310.395569293699	2	5	4
174300	-308.752676596422	3	2	7
174400	-284.474444255464	2	1	3
174500	-290.034129590703	2	2	4
174600	-284.437573769654	2	1	4
174700	-295.869170984864	3	4	3
174800	-286.939613420984	2	3	3
174900	-288.112100259778	3	1	3
175000	-291.240655949623	2	1	3
175100	-290.649697251759	2	1	4
175200	-288.88334344334	4	1	3
175300	-284.189628905374	3	1	2
175400	-294.297062200643	2	2	4
175500	-299.570009690648	5	2	3
175600	-303.487653863106	3	4	4
175700	-297.316339173728	3	3	4
175800	-300.185532821396	4	4	3
175900	-292.101839558841	4	1	3
176000	-298.754876759232	4	1	3
176100	-308.029992847952	7	3	3
176200	-303.750114626638	8	1	2
176300	-297.848394286886	6	1	4
176400	-294.40059681253	6	3	1
176500	-286.885113324167	4	1	2
176600	-287.631024693673	4	2	2
176700	-291.71964419173	3	2	2
176800	-285.533269429678	5	1	2
176900	-284.248036005688	3	1	3
177000	-297.153348586279	6	2	2
177100	-289.569816048874	4	1	4
177200	-292.089308931861	6	1	3
177300	-291.808756309811	6	1	2
177400	-292.372071480682	4	2	4
177500	-312.34384607882	3	3	7
177600	-300.400065426016	4	3	4
177700	-277.474647051718	3	1	2
177800	-288.046336578332	3	4	2
177900	-284.450184156512	2	3	3
178000	-295.676522035714	3	2	5
178100	-291.235041845431	4	1	3
178200	-288.14257724805	4	2	2
178300	-289.660594849786	3	1	3
178400	-295.232832055389	6	2	3
178500	-286.770974586177	4	2	3
178600	-284.535833741738	4	1	2
178700	-294.005119781802	3	2	4
178800	-288.715248303232	4	4	2
178900	-285.656846837359	2	1	3
179000	-289.131675673104	3	3	3
179100	-292.358914984588	3	4	2
179200	-290.303347704793	4	2	3
179300	-305.725615418658	5	2	3
179400	-279.865842429496	2	3	2
179500	-288.093625381372	2	2	4
179600	-289.840495635918	3	1	3
179700	-292.037260174385	5	3	1
179800	-299.412913512465	2	2	4
179900	-291.14707234947	3	1	3
180000	-300.709946785148	1	2	5
180100	-300.26623592639	2	1	7
180200	-295.752677875974	2	4	4
180300	-291.575340476932	2	2	3
180400	-297.822098822178	3	1	5
180500	-287.475325538452	5	1	2
180600	-303.292474643553	6	1	2
180700	-289.367089824404	3	1	4
180800	-292.485451027028	6	2	2
180900	-284.932503520166	3	1	2
181000	-285.098563989303	4	3	1
181100	-279.145269276214	3	1	2
181200	-286.306782588887	3	1	4
181300	-309.092140958938	2	4	4
181400	-285.200962974999	4	1	3
181500	-286.090284025105	4	1	2
181600	-279.088619819188	3	1	2
181700	-289.334936565767	4	2	2
181800	-291.771554618597	6	2	1
181900	-299.901077893202	3	4	3
182000	-296.477179207948	3	4	2
182100	-302.116525537588	4	2	5
182200	-283.823876237557	4	2	3
182300	-286.67510318824	4	2	1
182400	-285.826030081846	5	1	1
182500	-279.13283728188	3	1	2
182600	-289.812486628215	6	1	2
182700	-291.051087293188	4	1	2
182800	-284.471179806908	4	2	1
182900	-279.507285377336	4	2	1
183000	-289.969558149493	3	1	4
183100	-297.766724521541	3	5	4
183200	-276.707386837193	2	2	2
183300	-284.799594107686	4	1	3
183400	-289.791922857424	3	3	3
183500	-286.070279344672	2	2	3
183600	-289.83095257756	2	3	3
183700	-289.472621643337	2	5	2
183800	-284.202027936442	1	2	2
183900	-279.646494107617	2	3	2
184000	-286.379734914015	2	2	3
184100	-293.328029796523	2	3	4
184200	-277.882413698881	3	1	2
184300	-302.526184372914	4	1	5
184400	-297.555056823854	5	3	4
184500	-279.931077041995	2	2	3
184600	-289.321779226616	2	3	4
184700	-287.481287382544	2	2	4
184800	-289.649341384485	2	4	4
184900	-283.58059811986	2	4	2
185000	-281.872735870904	2	2	3
185100	-284.923527215254	2	1	4
185200	-285.252753039712	3	1	4
185300	-286.538834652614	4	2	3
185400	-280.281252768888	3	1	3
185500	-289.260371557913	2	2	3
185600	-300.024664040892	2	1	5
185700	-302.700071145703	2	3	6
185800	-293.304496455896	2	3	4
185900	-293.707882668349	2	3	4
186000	-289.488173226856	2	2	4
186100	-289.912043563608	2	3	4
186200	-285.225949215229	2	3	3
186300	-291.96133896628	2	1	4
186400	-283.474429036095	2	2	2
186500	-280.928284145342	2	2	1
186600	-283.966698771403	4	2	3
186700	-291.454188297392	4	3	2
186800	-289.46739147691	4	1	3
186900	-276.055280172502	3	1	1
187000	-287.938522774984	3	3	2
187100	-297.125916774018	4	4	3
187200	-289.222232328488	4	1	3
187300	-286.418435169616	3	1	3
187400	-291.298828823919	4	2	2
187500	-296.32531478294	2	1	4
187600	-291.557024754592	2	1	5
187700	-293.109768244257	4	2	3
187800	-292.634257098385	3	2	3
187900	-295.00750077052	3	2	4
188000	-298.51138111856	3	2	5
188100	-283.0416613091	2	2	2
188200	-290.969703284951	2	2	3
188300	-300.648409804536	4	3	4
188400	-297.140346150813	5	2	3
188500	-294.985399585479	2	3	3
188600	-293.896421370771	1	5	2
188700	-299.10526095649	4	2	4
188800	-297.0287415597	5	1	3
188900	-302.357511411571	7	2	2
189000	-291.556625784766	3	3	4
189100	-297.166981616237	3	4	3
189200	-288.824633200446	4	1	4
189300	-284.44266456036	3	2	3
189400	-319.34710101344	6	5	5
189500	-299.0525678117	2	1	5
189600	-292.151276643989	1	1	3
189700	-295.087918708592	5	2	2
189800	-288.898349799177	4	2	2
189900	-304.71151143292	3	4	4
190000	-294.28884342599	5	3	3
190100	-297.37947200718	4	1	5
190200	-283.380733969305	2	3	3
190300	-281.521885771827	3	1	3
190400	-292.204120084535	2	3	4
190500	-284.891840159356	2	1	3
190600	-287.061868280648	3	2	2
190700	-310.424023977247	7	1	3
190800	-288.576033700018	4	3	1
190900	-298.951914020525	2	1	5
191000	-289.416923245086	4	1	3
191100	-293.222089362837	3	1	4
191200	-297.33382342563	4	1	4
191300	-302.993834840065	6	3	3
191400	-282.420985687616	5	1	2
191500	-280.895219357611	3	2	1
191600	-301.764852726216	6	4	3
191700	-297.372994632551	6	4	3
191800	-285.06255640717	4	2	3
191900	-303.962555394177	3	5	4
192000	-279.7039523787	3	2	2
192100	-281.771770894232	3	2	2
192200	-298.189630136305	4	2	5
192300	-292.451314972101	5	1	3
192400	-286.842499402545	3	2	2
192500	-280.750956589736	4	1	1
192600	-283.572359730113	3	2	2
192700	-297.406644529695	6	4	3
192800	-287.405504315448	3	4	2
192900	-284.993187212258	5	1	2
193000	-296.921594947552	5	2	3
193100	-286.213355707861	5	2	2
193200	-289.47162788444	5	3	2
193300	-286.455988344189	3	3	2
193400	-299.249503056722	6	2	4
193500	-291.888104303323	7	1	3
193600	-276.440321663665	4	2	1
193700	-275.395547443537	3	1	1
193800	-292.175374943317	5	3	2
193900	-278.380335180299	4	1	1
194000	-292.463747255034	6	2	2
194100	-284.684970043088	4	2	2
194200	-288.072338047175	4	3	3
194300	-278.517553725636	5	2	1
194400	-295.787245147733	5	4	3
194500	-281.011273834539	4	1	2
194600	-306.181518958629	6	5	3
194700	-283.622205002404	5	1	1
194800	-279.738506818634	3	1	2
194900	-302.253194386356	5	2	5
195000	-288.722153990824	3	1	3
195100	-288.787123189957	2	3	4
195200	-307.526686650953	2	3	5
195300	-301.976183502335	2	4	3
195400	-298.970570493318	2	1	5
195500	-295.863412878174	4	2	3
195600	-280.840917310913	2	2	2
195700	-279.424110651936	2	1	2
195800	-295.031097763092	4	2	3
195900	-275.789075316898	2	1	2
196000	-297.148688094562	2	6	3
196100	-290.338377464772	3	3	3
196200	-289.283882110227	4	2	2
196300	-288.154220572627	3	1	2
196400	-290.468612440416	6	1	2
196500	-288.027898899493	5	1	2
196600	-276.601482590276	4	1	1
196700	-290.82927765003	4	2	3
196800	-282.614777781965	4	3	1
196900	-283.213534838966	3	1	2
197000	-286.618702550495	3	2	2
197100	-301.340461718165	4	5	3
197200	-286.372449872099	2	3	2
197300	-292.751873820706	3	3	3
197400	-284.061861274162	3	1	2
197500	-293.3318123979	5	3	3
197600	-288.898114575227	4	2	3
197700	-278.013182788988	3	3	1
197800	-284.438727445806	4	3	2
197900	-290.830244278823	3	3	4
198000	-290.655254311146	3	3	4
198100	-296.861811447308	3	1	6
198200	-285.116047138401	3	3	3
198300	-280.580788555873	2	2	3
198400	-295.877883851181	3	2	5
198500	-287.640279929862	3	1	3
198600	-285.020835111982	2	4	2
198700	-290.211490439424	3	3	3
198800	-288.104251680732	5	2	2
198900	-284.368313009211	4	1	3
199000	-285.619084479287	4	3	2
199100	-278.351514445064	3	1	2
199200	-287.879149710806	4	2	2
199300	-304.179409686362	5	5	3
199400	-290.330272317155	5	1	3
199500	-279.336382090144	3	2	2
199600	-282.060727015109	3	2	3
199700	-283.376088369573	3	4	2
199800	-292.275385210979	5	3	2
199900	-279.382930090444	4	2	1
2e+05	-280.323428086039	5	1	2
