SpeciationRates
0.1055697	0.2043031	0.04091879	0.04402971
0.1449004	0.169571	0.03471479	0.1162522	0.04521945
0.1289381	0.2210114	0.01793433	0.02554315
0.1481508	0.1837619	0.02465098	0.009974831	0.056596	0.05832818
0.1794963	0.02054207
0.1494564	0.04791524	0.1704838	0.07964733
0.171027	0.03235842
0.1818493	0.01646933	0.1502519
0.1259205	0.05698304	0.1566521	0.1040279	0.03290281
0.09415861	0.01679525	0.1571068	0.0894647
0.06327687	0.05631116	0.1469388
0.163708	0.03906341
0.1659271	0.08629108
0.2032281	0.07137019
0.2125032	0.06226402
0.07725575	0.006401136	0.2395478
0.1165115	0.03117359	0.1952838
0.1050145	0.006537984	0.2269639
0.1549123	0.03403569	0.1982946	0.2106909	0.1528806
0.1338132	0.05286958	0.1875316	0.1163022	0.04903305
0.003064831	0.07259335	0.1762475	0.1210604
0.09378847	0.1589961	0.006638001
0.153134	0.05112182
0.15664	0.06808932
0.2002987	0.02304436
0.1903379	0.01957173
0.2363866	0.01994476
0.1802876	0.06310691
0.1108422	0.07934837	0.2090852
0.1024298	0.01739117	0.207845
0.1188914	0.07831258	0.2247478
0.08686485	0.2267227	0.04836727	0.07759463
0.1737394	0.2471419	0.04276372
0.08414549	0.2396721	0.04457459
0.08173495	0.2373832	0.05211808	0.06547799	0.1199491
0.1226511	0.2178138	0.02690352
0.1546546	0.1869908	0.04112318	0.02924727
0.147351	0.1889211	0.05174102	0.05738291
0.1085361	0.1781065	0.05473674
0.1335896	0.03969761	0.1897092
0.0694067	0.05343639	0.1922345	0.1207587	0.04850211
0.1063339	0.07503015	0.2018086
0.1549999	0.01155529
0.09648206	0.05335599	0.2229894
0.11701	0.1976809	0.02696964
0.1200223	0.03905883	0.1815111	0.1824379	0.1259065
0.1346522	0.1785201	0.03096392	0.04719936	0.1322828
0.1346974	0.1812109	0.07684316	0.09981933	0.09516677	0.04458098
0.1108567	0.1682682	0.05358323
0.1150825	0.1623105	0.07418712	0.07324124	0.03364796
0.08353025	0.153918	0.0374576	0.001541461
0.1277366	0.1765781	0.06272262	0.05230284	0.01243728
0.08294265	0.1906158	0.05463018	0.03523333
0.1355541	0.2012098	0.05476669	0.05544582	0.1020265	0.01737522	0.04397818
0.09926817	0.2096496	0.06964981	0.03458129
0.1857613	0.186841	0.01794543	0.04124133	0.134954	0.1031338
0.07031157	0.175039	0.05373021	0.1638604
0.06038885	0.172168	0.01955359
0.1296548	0.1897941	0.008575338	0.06814901
0.00598476	0.1719257	0.02132191	0.0682275	0.1193877	0.1110327
0.1189372	0.1830757	0.0515951	0.04483322
0.1277286	0.1775348	0.04492177	0.05773755
0.1173147	0.1782814	0.01055327	0.1403025	0.02163493	0.09725757
0.02475326	0.01583216	0.198808	0.07317174
0.1003759	0.06309229	0.2063059
0.179917	0.03400272
0.1692977	0.1872819	0.01048135
0.09261056	0.007794134	0.1675151	0.06643344
0.08438384	0.02122767	0.1900752
0.07328865	0.00562879	0.1347226	0.01151635
0.1028792	0.01647361	0.1436019	0.1420398
0.1350754	0.1027866	0.2002547
0.06439143	0.1476721
0.08064933	0.1608846	0.01416082	0.03583006	0.09420267	0.02501605	0.1692334
0.1065272	0.1316238	0.05527576	0.01011376	0.1784598
0.1119023	0.1506461	0.0370963	0.03562717
0.09349346	0.1513224	0.05313436	0.001809866	0.1025993	0.1069306	0.1461926
0.06932891	0.1391357	0.04287394	0.01283595	0.1110291	0.03595412	0.01784923
0.08268166	0.004540714	0.1855364	0.02546672
0.0853974	0.02514441	0.2428326	0.003546183	0.1168442	0.07247491
0.08848462	0.07189928	0.2238186	0.005051909	0.04254002
0.1025907	0.08119377	0.2292045	0.01330963
0.1487625	0.03715327	0.2086566	0.09736254
0.1532363	0.03966274	0.209885	0.003475631	0.1085801
0.09845336	0.01928439	0.2094456	0.1209751
0.02603993	0.0347874	0.1471089	0.05355224	0.1116959	0.1481513	0.1724418
0.09304986	0.1432025	0.04198903	0.02875417
0.09250335	0.1693415	0.06380264	0.05434849	0.1522985
0.07011139	0.1897141	0.01200164	0.05736582
0.03654331	0.1897141	0.04969036
0.07555935	0.1852928	0.03685882	0.08587686	0.04266564
0.08632138	0.01903087	0.1950583	0.1310141	0.1158539
0.09196826	0.03648104	0.1758374	0.2137436	0.0518292
0.07611312	0.03531837	0.1721431	0.0382345	0.03373572
0.1548195	0.02723288	0.204108	0.006344236
0.06563147	0.009324285	0.1631758	0.08181938	0.1133369
0.06816719	0.03382133	0.1891164
0.1051909	0.04280605	0.2310516	0.1241931
0.1374313	0.03915964	0.2234561	0.04373278	0.00368669
0.07751753	0.04174056	0.2222376	0.06217019	0.1191617
0.1206257	0.02534521	0.2131986	0.1353324	0.001173193	0.1095517	0.09158444
0.03687131	0.04284678	0.2139838	0.01611926	0.08371528	0.1004277
0.06497851	0.04673173	0.2036638	0.1818098	0.03829133
0.06264318	0.03923545	0.2052143
0.1744612	0.02363815	0.2202688	0.05101076
0.09779034	0.0800534	0.2423841
0.1882957	0.007402079
0.171718	0.07791362
0.06469577	0.1668174
0.04636838	0.1803502	0.1109359
0.1035647	0.2006147	0.03847153
0.103679	0.212355	0.05761054
0.04128476	0.2370179	0.03274794
0.158957	0.2231976	0.04610474
0.1058775	0.2187153	0.02003357
0.05038656	0.2119333	0.04178678	0.1660244
0.1036138	0.1869117	0.0972877
0.1484263	0.05010396
0.04093288	0.05670203	0.1572568	0.1300976
0.09318328	0.02460598	0.1640623	0.1075456
0.1763581	0.06850293	0.1902786	0.02221638
0.1815542	0.01981607
0.2310856	0.01591146
0.2284127	0.03974423
0.2136431	0.03165112
0.1457023	0.02932116	0.1600446
0.02697565	0.1963792
0.09969264	0.1709913
0.1452361	0.02965644	0.1693764	0.134624
0.09625419	0.0387246	0.1751862
0.05815603	0.0338614	0.1657674	0.03030922
0.1832181	0.01449053
0.1664607	0.05654293
0.09757189	0.03010248	0.2012914
0.06163781	0.09135994	0.03597831	0.1827631
0.1481583	0.02503361	0.1651179
0.1172856	0.05815136	0.1623309	0.09788455
0.1049834	0.1548638	0.01269093	0.1979203	0.03281872
0.1436769	0.1711087	0.03316736
0.2210408	0.01217323
0.1853936	0.04465181	0.06958032
0.174719	0.05939275
0.1689648	0.04505662
0.185871	0.009099796
0.1555484	0.01195184	0.1797433
0.242538	0.0556804
0.1711115	0.02030995
0.1625278	0.006636462
0.1697537	0.0648943
0.17335	0.01359521
0.1752606	0.01798335
0.2086649	0.07679842
0.2004512	0.01037952
0.1924796	0.05666869
0.1981989	0.04030299
0.1748729	0.08667309
0.1070528	0.02111663	0.1549544
0.09159667	0.01166422	0.1864296	0.1721022
0.09115856	0.1667769	0.01521339	0.1032272
0.2281117	0.01658238
0.2306628	0.02549484	0.0509116
0.2013624
0.1633907	0.1657063
0.1263703	0.07817375	0.1769817
0.1853682	0.06874008	0.2183674
0.03049678	0.02506817	0.2086151
0.2126957	0.02855038
0.1201262	0.02433686	0.2060573	0.1052469	0.08177155
0.172878	0.0326046	0.2286922	0.09666515	0.1154972
0.1782453	0.06017596	0.1837197
0.1414734	0.0253538
0.1466738	0.01597696
0.07449253	0.1371657	0.06223325
0.1595517
0.1154834	0.06282836	0.1312728
0.1769273	0.01774042
0.1557201	0.01430941
0.1726368	0.09957518	0.1665299
0.1701689	0.05578909
0.1773153	0.003135869
0.1677201	0.04681358
0.1156895	0.1237321	0.2388523
0.1058353	0.07307164	0.2126364
0.1421955	0.02043933	0.2053702
0.2073727	0.0195625
0.2030069	0.03474462
0.1855893	0.02024065
0.1143385	0.01016862	0.1726357
0.03803871	0.1702804
0.1989019	0.01244789
0.1533356	0.02730998
0.1659086	0.05023194
0.1742449	0.03181686
0.1788321	0.06479289
0.1799092	0.0351567
0.2062285	0.03697361
0.1833109	0.03463389
0.1263455	0.0566855	0.1629556
0.1403934	0.01861827	0.1625494
0.09701355	0.08301838	0.2056857	0.1756743
0.09222825	0.07918615	0.1993315	0.1255399
0.08427484	0.06244477	0.1934734	0.1152604
0.1149331	0.01593329	0.2099055
0.1630507	0.08030254	0.2024125
0.1180291	0.1755715	0.04448797	0.1037094
0.1293781	0.1694803	0.057864	0.02797793
0.08175032	0.1277026	0.02382259	0.2010187
0.1667463	0.05505851
0.1624451	0.03307489
0.163285	0.0674435	0.1765576	0.03936304
0.1186932	0.031625	0.185846
0.05896789	0.07319614	0.1540059	0.05003212	0.08078451
0.01581389	0.02153019	0.1612163	0.01793057	0.09092883	0.00910811
0.1247928	0.1555411	0.06113746	0.1426909
0.1032148	0.1439243	0.007476275	0.1761522	0.1384209	0.09592603
0.09210722	0.1658733	0.07192273	0.01946954	0.08771163
0.06837941	0.1824724	0.06417341	0.06355424
0.1523321	0.1824724	0.02864375	0.02580312	0.09903415
0.1464865	0.02142384	0.1261999
0.153619	0.01705816	0.1922833
0.05109109	0.03849509	0.1544627	0.0106291	0.09354394
0.1322975	0.02883019	0.1487746	0.1157629
0.1129376	0.04399214	0.204756	0.05488525	0.1116249
0.1108466	0.014989	0.2183417	0.1139998
0.07498382	0.03959047	0.208815
0.2087994	0.006650552	0.1133631
0.1740178	0.009612759
0.1477987	0.04816991	0.1843482	0.05987582
0.07550895	0.06614781	0.1706681	0.07741756
0.1253663	0.01405454	0.1585364	0.08525856
0.1677845	0.008865511	0.2274035
0.1618693	0.03317151	0.2333468	0.09382025	0.08749847	0.0009075575
0.1733783	0.0645579	0.2333468
0.1354994	0.04387184	0.232593	0.1053379
0.06658475	0.05268127	0.247961
0.0745466	0.2145879	0.08416703
0.07250578	0.2149802	0.05234433	0.1112348
0.09321099	0.1961302	0.02371854
0.01490072	0.1742472	0.06598317	0.1031285	0.1521207
0.1968989	0.0960556
0.1615678	0.03693995
0.1867343	0.0393232
0.1990539	0.01272366
0.2011118	0.0247743
0.181335	0.02480369	0.1989269
0.1536067	0.02007968	0.1989269	0.06851921
0.1535745	0.05261629	0.1808131
0.155528	0.04918865
0.1764541	0.03481837
0.13734	0.1697205	0.007309895
0.2078402	0.02594029	0.1834016
0.1558804	0.0404706	0.185058
0.1232496	0.05724082	0.185058
0.0920877	0.03052693	0.1839451
0.09780187	0.03904791	0.205114
0.03234616	0.1015981	0.2039744
0.09241784	0.01931297	0.2083238
0.1716933	0.05070834	0.1762064
0.1553139	0.0273417	0.1979401	0.1605308	0.06975345
0.1572031	0.04090981	0.1577731	0.09468446
0.08928263	0.02783709	0.1837604	0.04785225	0.06911123	0.05696785
0.1812841	0.01953861	0.1633844	0.117783
0.08625084	0.03840913	0.1997341
0.08038369	0.05652007	0.2181736
0.1177942	0.04833132	0.1711399
0.1616109	0.05195409
0.1516743	0.1051684	0.1546496
0.1901437	0.04017819
0.1941325	0.04585993
0.168992	0.01527054
0.1708169	0.03609777	0.1818563	0.1287542	0.04850298	0.140057
0.06685342	0.01885917	0.1750192	0.09815215	0.1523253
0.08068694	0.04107217	0.1710873
0.07876122	0.04467085	0.2168744
0.1725729	0.03975013	0.2066249	0.06781291	0.1003949
0.1082786	0.03140107	0.2213744	0.03304967	0.04106
0.1101094	0.2284692	0.01095679	0.1349093
0.1207125	0.1884742	0.08310935
0.157064	0.2223614	0.03706736
0.13599	0.1945082	0.03462702	0.20167	0.06870051
0.1234677	0.2093041	0.03056515	0.2267938	0.09886686
0.1126351	0.2042787	0.07566565
0.1546434	0.02041792
0.1547622	0.0649524
0.1708728	0.06719753
0.1693939	0.03457463	0.1819889	0.08825992
0.1692201	0.129026
0.09486817	0.2354655	0.01200464
0.06390424	0.2418363	0.02327693
0.1099146	0.2472731	0.02754672	0.06529828	0.06896794
0.1544081	0.2448965	0.00588817
0.1501785	0.2103894	0.05269084
0.1272205	0.248628	0.04823617
0.1492055	0.202833	0.04418512
0.0233098	0.1826003	0.02697906
0.04125305	0.01929755	0.1825125	0.03507174	0.1058735	0.03925692
0.07826529	0.02130059	0.1802651
0.1740194	0.004337098	0.1674704	0.09879936	0.1070787	0.06178369
0.1186363	0.05622195	0.1954352	0.1915614
0.1340201	0.1556463	0.05152481	0.08427772
0.03063627	0.0217978	0.1793009	0.05520483
0.0862964	0.02008416	0.1729556
0.1428392	0.07875101	0.1392923	0.1877919	0.06720299	0.1510286
0.05829105	0.08090781	0.1627184	0.1310049
0.1156834	0.1870357	0.02135301
0.1953154	0.1965228	0.03892891
0.1476673	0.1041424
0.1145321	0.00634672	0.1476972
0.1809267	0.05169473
0.2223331	0.02897407
0.2007078
0.168417	0.08852018
0.1461846	0.1742234	0.06455158
0.1027807	0.1539973	0.03788499	0.1486202	0.1053568	0.1211181
0.1171485	0.01671192	0.1452827	0.1492595	0.1578935
0.1693379	0.07050761
0.2117145	0.06128076
0.1832999	0.008109525
0.184952	0.04137264
0.164284	0.02133369	0.2233345
0.02345836	0.05110049	0.1831705	0.08745691
0.1430524	0.03550303	0.1916207
0.1080722	0.02506493	0.2240975
0.1535225	0.04323768	0.2429259
0.09385121	0.05504969	0.2209532
0.06056325	0.1228611	0.1847863	0.1222033	0.1163231	0.1882874	0.1021147
0.1540151	0.03629548
0.1657429	0.0121798
0.07782999	0.1664405	0.1082562	0.09762089
0.06009683	0.04924016	0.1907534	0.05615708
0.1975719	0.09464923
0.1693226	0.03235702	0.1793205
0.1197862	0.154418	0.04990259
0.03466112	0.1651055	0.0187304
0.1559797	0.06659383
0.0608651	0.01167797	0.1809463
0.09944442	0.04181129	0.1788627
0.1775039	0.05358992	0.1953565
0.209714	0.03296203
0.1921237	0.05687423
0.1650952	0.04329408
0.1968959	0.02818755
0.190157	0.0253417
0.1227029	0.1862543	0.01312625
0.08174035	0.1740305	0.02967395
0.1587875	0.0550542
0.1612879	0.05527857
0.1799507	0.04842447
0.1452917	0.0182658	0.1478207	0.08666391
0.1146495	0.07135675	0.1646349
0.08065978	0.2032431	0.02017785	0.04048098	0.0228762	0.0780208
0.08810855	0.03106782	0.1759078	0.05627911
0.118233	0.1759078	0.04542439	0.03706888	0.1889657
0.08260747	0.1796777	0.04131343	0.03870568	0.1271225	0.08787508
0.07091638	0.1813265	0.01060998
0.1691832	0.1917043	0.0365123	0.08823213
0.07907145	0.1795393	0.05977155	0.1196482	0.08653223
0.1776655	0.1643496	0.05200635	0.03991999	0.04818822	0.0542259	0.1793115
0.1560224	0.1879049	0.1276281	0.05682765
0.1112342	0.1925116	0.07427663	0.1128057
0.0906711	0.09048397	0.1766146	0.1833538	0.04903673	0.09945757
0.1444068	0.04449154	0.1227594	0.09504207	0.1800243	0.1548048
0.04867782	0.008702503	0.1515356
0.1364879	0.01760782	0.1558355
0.1677822	0.01428832
0.1106951	0.04203798	0.1634835	0.09970146
0.08491215	0.02389767	0.1634835	0.1545467	0.04815577
0.1739455	0.01747868
0.1410649	0.04116382	0.2199132	0.1453333
0.1002762	0.005131567	0.1693128	0.009701316	0.08808702
0.07755115	0.03591885	0.189138	0.09749717
0.08311302	0.0658129	0.1367508	0.01518073	0.1659208	0.08152619	0.05794544
0.1555417	0.04533847	0.1557918	0.05212829
0.09505895	0.05423667	0.1788223
0.1345527	0.05981731	0.2181153	0.005037105
0.1172999	0.07533195	0.2181153	0.02137063
0.1271921	0.09056504	0.2181153	0.02449983	0.088257
0.08631985	0.03651459	0.1960847	0.03361811
0.0594498	0.03649058	0.1713152	0.06957601	0.1787041	0.1205347	0.1423403
0.1126174	0.03283249	0.02970266	0.2137024	0.0972207
0.07023395	0.02223557	0.2253042	0.05777047
0.07450079	0.1860171	0.0265703
0.1085916	0.1927949	0.06132217	0.1088806
0.05670661	0.1533191	0.04627352	0.1278646	0.06406226
0.04861048	0.1357594	0.06030702
0.1271232	0.1500543	0.06053661
0.05926555	0.0107651	0.1811485
0.09244225	0.1817686	0.0150494
0.2291307	0.01679788
0.2273332	0.001807818
0.2279399	0.05528154
0.2167836	0.05084059
0.2015233	0.06430232
0.2068052	0.07469185
0.1733551	0.05219107
0.1992774	0.05416741
0.1033905	0.05522238	0.1705831	0.02120566	0.09913584
0.1095329	0.05934335	0.1930532
0.1354692	0.05657918	0.2227333
0.08555194	0.02826161	0.2055469
0.1302099	0.005130233	0.1536459
0.08236412	0.04385148	0.1924707
0.0603126	0.04400188	0.1944834	0.06801966
0.06384865	0.0620267	0.2145038
0.07113658	0.04929873	0.171502	0.006181232	0.1195673
0.1042769	0.003592398	0.151093	0.08200767
0.1130996	0.2216819	0.02008053	0.0490166
0.09124932	0.2361211	0.03715105	0.1337224
0.08345852	0.1849304	0.05042541
0.1136006	0.1848176	0.03862957	0.0188498
0.1373047	0.1903126	0.009198928	0.00859287	0.1630082
0.1714062	0.1796481	0.03159387	0.02376802	0.08057908	0.1160012
0.07716402	0.1925305	0.01525444	0.003671238	0.05332122	0.1598916	0.1060567
0.08443718	0.1866929	0.05856832	0.01303669
0.1549375	0.1888669	0.03695671	0.002838573	0.1156291	0.1745546	0.07264397	0.1622894
0.103975	0.1822165	0.05865752	0.01361668	0.07905334	0.05710121
0.0954187	0.01381851	0.19233
0.09747772	0.01782936	0.2121661	0.05873829	0.1155595
0.08370958	0.03609197	0.1938211
0.07685657	0.02528875	0.1552045	0.1726715
0.08717665	0.02944807	0.1550283	0.03145627
0.06687542	0.06506587	0.2063992	0.05620891
0.06897024	0.1425357	0.04784731
0.1038783	0.1507968	0.05401412	0.1587046	0.01751406
0.1282891	0.1820721	0.06156665	0.0784302
0.05449196	0.191481	0.04548796	0.01790665	0.1661958
0.09390032	0.1910217	0.02851859
0.07200968	0.1874764	0.06677859	0.09435198	0.07905688	0.08938561
0.1251382	0.1694762	0.01661587	0.07934551
0.05779904	0.03768216	0.1612083
0.07038121	0.1817421	0.06412345	0.06865898
0.1057445	0.1774582	0.04890554	0.008754422	0.1336213
0.009603491	0.1845723	0.04816957	0.04668669	0.03859469	0.1596854
0.06095836	0.1879078	0.05306549
0.07591728	0.1974747	0.09226496	0.1452015	0.158633	0.119188	0.0189875	0.03083289
0.07800659	0.1840494	0.01198137
0.108814	0.1989212	0.1040697	0.05430519	0.05852016
0.01042757	0.1698796	0.02949584	0.07346849
0.08186677	0.1941892	0.03214794	0.05504053	0.08652279
0.08876732	0.1941892	0.02057301	0.007366716	0.05648963	0.1189625
0.07060326	0.2059258	0.02002694
0.1079779	0.211689	0.04232471	0.04678354	0.1385039
0.09851398	0.2335009	0.04328662
0.1065557	0.186576	0.03004176
0.1651053	0.2370365	0.06122185	0.1302806	0.1043787	0.08113325
0.1344785	0.2335903	0.03474238
0.1077269	0.2361829	0.07167369
0.1193936	0.2224522	0.0173405
0.1015194	0.02994986	0.202732	0.07646346
0.1703639	0.1875283	0.03463098
0.1374236	0.2241344	0.1007667
0.07279818	0.2424469	0.03472067	0.0634427
0.140045	0.2419459	0.02223799
0.1070136	0.2033727	0.0316314
0.1215258	0.1862879	0.04047851
0.2174375	0.02613228	0.1613898	0.1349803
0.06476203	0.05799416	0.1557713
0.1352846	0.03070372	0.1901983
0.06624618	0.07053397	0.1913356	0.016673	0.1095567
0.06640069	0.1913356	0.02545957
0.09602606	0.0585461	0.1622033
0.05851031	0.03143194	0.2055484	0.1354312
0.08269166	0.04244566	0.176493	0.08665073
0.09270468	0.04295914	0.1812705	0.104689	0.0619244
0.06221898	0.009293976	0.1931129	0.07230526	0.05376821	0.09745375
0.1147545	0.06436934	0.1933959	0.01481459
0.07548837	0.02869557	0.1786511
0.1170639	0.04000612
0.1437065	0.03020252
0.187271	0.02959285
0.1483749	0.08260482
0.1620053	0.003356092
0.1528055	0.01751781
0.1441053	0.02952705	0.1510817	0.05699745
0.1443497	0.07463776	0.2155756
0.1613935	0.05788529
0.1003171	0.05728794	0.1685828
0.1937689	0.04878503
0.1937689	0.0384473	0.05091676
0.1609402	0.06722677	0.0797357
0.1138351	0.03117932
0.1011544	0.03974913	0.1557217
0.1017674	0.00977399	0.1685276
0.04856359	0.06520339	0.173185
0.07835027	0.02709489	0.1958173
0.1125565	0.1805908	0.04600152
0.1201417	0.1908211	0.03602828	0.1401879
0.1593371	0.02650825
0.1537437	0.02291013
0.1530935	0.03651021
0.1926351	0.01780561
0.193476	0.04055325
0.09843071	0.02444647	0.1801715	0.1030857
0.02049616	0.03711367	0.1929559
0.1066158	0.02380731	0.159252
0.1029157	0.005742483	0.1816747	0.06512839
0.1319911	0.01233421	0.1812933
0.1808636	0.02485249	0.1985808
0.1950598	0.02318325
0.2096684	0.03894993
0.1969676	0.01399707
0.1929731	0.02043882
0.1653618	0.02775494
0.1883859	0.02587241
0.1448842	0.06929808	0.1589269
0.1932966	0.05371908
0.1981323	0.05027319
0.1846523	0.01514877	0.1861561
0.07931219	0.04130138	0.1878136	0.1052197	0.06282715
0.1139118	0.06084468	0.1489656	0.0537008	0.127169
0.1303594
0.1422884	0.07767842	0.1765692	0.005889774	0.08065193	0.07945095	0.009472246
0.07760042	0.03888772	0.1753394	0.06718867	0.01815657
0.07371826	0.0433473	0.2076074
0.07329749	0.04523083	0.1907219	0.08844542
0.120211	0.06004025	0.1655158	0.05878457	0.07218084
0.1451354	0.05246573	0.1714652	0.1307619
0.1199073	0.03219229	0.1612805	0.06773572	0.04092041	0.07543363
0.1234042	0.02197881	0.1809886	0.1155137
0.1405457	0.02024842	0.1639337
0.1605876	0.0214047
0.1789473	0.04601643	0.1622463
0.1810408	0.02773772	0.1922588
0.1644179	0.02622901
0.1893925	0.03731884
0.1772099	0.008219499	0.2032165
0.1595844	0.05359964
0.1667137	0.1354641	0.07372798
0.1454685	0.0667949
0.1488126	0.04284655	0.03956629
0.1843368	0.06254302
0.1982171	0.02894583
0.2075014	0.09419513
0.145432	0.0452013
0.09071001	0.05123143	0.219785	0.1756861	0.06733804	0.1074739
0.1093698	0.00391363	0.2183652	0.01497726
0.1349185	0.0223045	0.2275366	0.02142409	0.07060723
0.08879794	0.1994527	0.06067555
0.05388259	0.2236556	0.0573163	0.02729805
0.1467959	0.1994907	0.03219124	0.02260225
0.0911947	0.2026994	0.03131376
0.104873	0.195293	0.06104466	0.02007858	0.1832132	0.08820625
0.1258826	0.04629487	0.1359241	0.1070887	0.1148745
0.1422395	0.04574232	0.2110871	0.07459023
0.1083326	0.02513827	0.2371899	0.02815774	0.1408393
0.1344887	0.03903821	0.230958
0.03925147	0.05455622	0.2107881	0.03129095
0.1326763	0.2184971	0.02263468	0.03085374
0.06276689	0.2275361	0.03982797
0.08397584	0.2076825	0.00902426	0.05905687	0.1645815
0.1052282	0.1772755	0.03671093	0.02678704
0.1298239	0.1741774	0.03492822	0.2156465	0.05886189	0.1112087	0.1196397	0.1083967	0.03667208	0.08315087
0.1146616	0.1088115	0.1557386	0.03780361	0.07618333
0.09656643	0.1426534	0.1391458	0.06305183
0.1653578	0.07094773
0.1752943	0.00545903
0.1661447	0.02679823
0.167909	0.0268219
0.1730981	0.01003249
0.09357592	0.03728548	0.1910745	0.0160088	0.1147273	0.1454771
0.08274041	0.03877463	0.1883458	0.189812	0.03205283
0.05351391	0.1038066	0.1787155	0.05993248
0.07705095	0.09715562	0.2179416	0.005541155
0.119041	0.03272844	0.218617	0.07359136
0.0846145	0.2177561	0.04658842	0.1495042	0.03477184	0.1096619
0.1689083	0.2130839	0.03417696	0.00137494
0.1090889	0.1592501	0.02777685	0.04518824	0.1511823
0.1144767	0.1975395	0.03738354	0.08614076
0.06906241	0.02339763	0.1787526
0.08676432	0.0585637	0.1695944
0.1138019	0.06074451	0.1853245
0.1053568	0.1787361	0.03341253	0.1037282
0.09800551	0.2037334	0.09503041
0.1109079	0.04425649	0.1770557
0.168096	0.03334147
0.1935787	0.03035105
0.1212237	0.1038805	0.03431012	0.17181
0.1074382	0.04893476	0.1980317
0.1451307	0.02188316
0.1732473	0.07108788	0.1320661
0.113865	0.04407641	0.1611557	0.08248938	0.1674281
0.139393	0.006222176	0.1587383	0.08077271	0.02055204	0.08098883
0.07710853	0.001910665	0.1639606	0.1566678	0.05046229
0.08784939	0.05314213	0.1978368	0.1479099	0.0721554
0.03687593	0.03849936	0.1962129	0.04102618	0.09899421
0.04048945	0.07874595	0.1858582	0.1519529	0.0921965	0.1608289
0.09472122	0.009169487	0.1858582	0.03484466
0.1464532	0.03056395
0.1506891	0.01034929	0.1680512	0.1331285	0.08646386	0.01812354	0.1026649	0.1271645
0.08130392	0.00444263	0.180792	0.009138374
0.08532516	0.1561755	0.0286062	0.06485867
0.05310487	0.06969484	0.1679217	0.06806875	0.1440615
0.1225886	0.0333918	0.1901405	0.02616318
0.1075399	0.05162721	0.1785627	0.0001077218
0.08922622	0.009918997	0.1906011	0.0002117459
0.0696173	0.08734352	0.19197	0.0005064583
0.1237043	0.1902106	0.01311735	0.04510851
0.04749018	0.1656112	0.0448366
0.1121664	0.2360301	0.05991825	0.03606324	0.09415071
0.1709941	0.2660202	0.05513418	0.08634358	0.2081352	0.05119314
0.08483349	0.2371377	0.03000836	0.03836146
0.01246402	0.1742348	0.01188879	0.1162619	0.03335454	0.1162325
0.07724316	0.2138156	0.02413756	0.05359809
0.06877657	0.172283	0.01567239
0.127696	0.1662919	0.04421742	0.07551074
0.1028981	0.1817124	0.02449733	0.04596594	0.05752839
0.1419178	0.1604311	0.01765351	0.002726541	0.178304	0.08937582
0.1062331	0.1604311	0.02643204	0.01171302	0.1173575
0.04650743	0.06347842	0.186749	0.09134167	0.1343281	0.07193487
0.1576804	0.07230317	0.01425395
0.1652529	0.1088185
0.1830217	0.003953471
0.1517752	0.01042041	0.1735802
0.07784054	0.07616198	0.1504531
0.05685929	0.02364599	0.1679349
0.1028224	0.048751	0.2128677	0.09485058
0.1414894	0.1795169	0.005682231	0.09900427
0.1157324	0.04332486	0.1399673
0.1420335	0.02026323	0.1887388
0.08176859	0.0292233	0.1686617	0.06730898	0.06682876
0.08630177	0.02622762	0.1727263	0.009452773	0.1437308	0.1674181
0.1091933	0.02243328	0.1811861	0.1445921
0.1832453	0.0301877
0.1961558	0.05491243
0.1857319	0.02544274
0.1474374	0.02555287
0.1527212	0.04050107
0.0806747	0.1426868	0.1264317
0.08487255	0.1913726	0.005598737
0.02767134	0.2099474	0.07444856	0.1786865
0.1892045	0.03194348
0.1908317	0.02049928
0.1803411	0.0276234
0.1640533	0.07393489
0.1069984	0.1851098	0.03600581
0.05845584	0.1874667	0.09232159
0.02553337	0.2411438	0.09559095
0.1957544	0.07942192
0.2210203	0.08046998
0.2404504	0.05193649
0.2074281	0.04947716
0.2229874	0.08341513
0.1994005	0.009089183
0.11252	0.03214892	0.2008834
0.1732133	0.01282514
0.1752488	0.02711028
0.1356595	0.1335921	0.1938188
0.09889261	0.06229682	0.1795236
0.02979719	0.02483634	0.1795236
0.05748202	0.04607399	0.1741403
0.0875208	0.06032077	0.2108799	0.1112883
0.02401221	0.04107656	0.1684707
0.1953516	0.01360884
0.1565614	0.06069167	0.1740472	0.03937916
0.1122628	0.1034131	0.1439385	0.1741642
0.1661037	0.2303517	0.04390746	0.07688967	0.1232958
0.1604108	0.05708193	0.1807875
0.1694786	0.1243786	0.0606733
0.1485034	0.04986779
0.1390751	0.05804573	0.1849126
0.1579541	0.02555295	0.1501659	0.1626938	0.03843137	0.07566199
0.05351393	0.01853546	0.1948408	0.132388	0.01086868	0.07578777	0.1677057
0.07347581	0.03407642	0.1893806
0.107722	0.1893806	0.008955491	0.05570144
0.1127078	0.1702465	0.04673316	0.08579811	0.1151132
0.06753071	0.187179	0.07003394	0.1059954	0.1451009
0.09313447	0.187179	0.02121791	0.2075019	0.1509887	0.1034241
0.09177837	0.01319287	0.1637904
0.08419129	0.09160591	0.1532912
0.07856387	0.03356703	0.1422932	0.07174843	0.0551256	0.08502394
0.1568383	0.02857447	0.2181562	0.05502014	0.06753064
0.0555583	0.06148926	0.2165329	0.05108048	0.07874942
0.09848812	0.01761269	0.227443	0.006097306	0.1142189
0.08116645	0.04661677	0.2068595	0.04397136
0.1663494	0.06152239	0.2128555	0.0403554
0.1613033	0.1956304	0.03859787	0.004283362	0.1626952	0.08537913
0.2036498	0.1625381	0.03259723	0.01269374
0.1145473	0.1419924	0.08623915
0.1714866
0.09829202	0.01046167	0.2007474
0.1546927	0.02532961	0.2009828
0.1139001	0.0089216	0.2014476
0.1157838	0.04318503	0.2120227
0.1455466	0.02267697	0.2352319
0.1211242	0.04990295	0.2147493
0.1093326	0.03841371	0.2147493
0.08471278	0.07374259	0.2010147
0.07323925	0.04702682	0.2293304
0.0309596	0.005211257	0.2293304
0.08323743	0.06906582	0.2293304
0.09246928	0.0455037	0.2343163
0.05549677	0.05819738	0.2144562
0.03678814	0.01040849	0.1781965
0.05100587	0.02814299	0.1871926	0.1858985
0.08826905	0.1989397	0.01770315
0.142977	0.1885796	0.009930163
0.1798392	0.06747651
0.1752182	0.06264891
0.1578879	0.007131898	0.1728835	0.1044576
0.1605075	0.03457283	0.2202539
0.1699652	0.05409655
0.1701416	0.03589185
0.2167901	0.01649101
0.2022059	0.02715837
0.1888984	0.02693744
0.1522593	0.03113146
0.1652458	0.02225403	0.1616832	0.07359822
0.07202411	0.04965677	0.1440651	0.0551519	0.125319	0.05089198
0.1194762	0.09460335	0.1556984	0.0362986	0.002552007
0.1115164	0.1728888	0.07828301	0.09943244	0.0309894	0.1178371	0.07178445
0.1437096	0.1923811	0.03179588	0.05343749	0.03898898	0.1194087
0.07015993	0.1950204	0.06285224	0.005035439
0.07980728	0.2141931	0.04760371
0.08961895	0.1872678	0.08766318
0.07060058	0.1815883	0.05763602	0.04608899
0.07100978	0.1720652	0.05162817	0.04965966	0.09571951
0.1030215	0.152626	0.05136121	0.005806042
0.08366582	0.1437395	0.05821992	0.0615101
0.173641	0.04905146
0.1644377	0.1625805	0.06036866	0.04646331
0.02013703	0.2030629	0.06853881
0.1281983	0.2030629	0.07111192	0.1475252
0.07465397	0.1999303	0.03308724
0.09513344	0.2124992	0.03714501	0.1102774
0.1565018	0.0268863	0.1887078
0.07915183	0.04542434	0.1742157	0.07795986
0.1898752	0.05324501
0.1635735	0.0226113
0.133422	0.07938746	0.163211	0.07414259	0.133691
0.07300878	0.02668878	0.1681626	0.1383693
0.1131644	0.04013422	0.2051715
0.06950553	0.07199626	0.2170584	0.07786245
0.05440414	0.0602732	0.1842273	0.04783383	0.02537468
0.08983643	0.02655028	0.1663051	0.1800854
0.1148772	0.04287323	0.1783097
0.1569488	0.05691015
0.1153052	0.03332662	0.1660391	0.1141277
0.02842369	0.01915391	0.1694672
0.1138944	0.0638825	0.1688261	0.01194281
0.09015979	0.02291257	0.1583703	0.02075174
0.1134367	0.04853083	0.1932079	0.08536034
0.1942616	0.07397616
0.165959	0.0419163
0.1231333	0.007278223	0.1569794
0.1166362	0.01359071	0.2033436	0.07889159
0.04251577	0.1843808	0.0210437
0.002400073	0.2097297	0.06893493
0.003997798	0.2037549	0.05113448	0.08547599
0.01144309	0.1960782	0.0193879
0.08846971	0.19954	0.08930882	0.03314673
0.1755503	0.06815451
0.1123241	0.02477531	0.1724049	0.1715315
0.1195872	0.05609612	0.1848034	0.06057514
0.09197293	0.004527661	0.2006997	0.05067703	0.04752611
0.06462036	0.0008923738	0.1742645	0.08679334
0.05855435	0.02133681	0.1832011
0.101825	0.04873987	0.169906
0.1055523	0.02954467	0.2435498	0.08971414
0.09908852	0.08509559	0.1795662	0.02830224
0.08971099	0.1698122	0.03327801	0.06606282	0.01122525	0.1433317
0.1639017	0.1907531	0.04722782	0.05517972	0.06731268
0.04742169	0.177835	0.02878539	0.09781592	0.02622376	0.1651188
0.065062	0.1784724	0.01570449	0.03830174
0.09070297	0.1743484	0.0651669	0.0161117	0.06727858
0.05105241	0.1736473	0.08513737	0.06423373	0.1588114	0.08228826	0.03556835	0.1948147
0.09640816	0.1972705	0.02846384	0.06367149	0.1464512	0.0568734	0.07569226
0.04244228	0.2100771	0.07829694	0.05071141	0.09960857
0.07827863	0.2100771	0.02608148
0.06596393	0.1930237	0.05460832	0.005370057
0.03749125	0.1827327	0.04654377	0.1274122
0.07682967	0.1947458	0.04448403
0.06971293	0.2244462	0.06959298
0.1161088	0.1012372	0.2208857
0.1820141	0.0677664	0.2193118	0.02694701
0.08737986	0.235694	0.04202109	0.05933485	0.1164331	0.08344373
0.1102543	0.2628318	0.05267385	0.05778848	0.0716534
0.08775316	0.2455651	0.039277	0.09699875
0.1024725	0.2191847	0.08850084
0.1100777	0.218762	0.06959636	0.0845922	0.145803
0.069836	0.2289654	0.03501031	0.01567998	0.1135289	0.1027948
0.1221454	0.2448089	0.02314422	0.02312576
0.1350029	0.2562164	0.02683044	0.08184737
0.1153154	0.2486072	0.05207126
0.1125322	0.2364236	0.01940235	0.1019875
0.04429971	0.2127662	0.08699845
0.08783271	0.23019	0.06025623	0.080984	0.09607164
0.03552796	0.2082813	0.06557834	0.08514673	0.008985033	0.09919014
0.1087657	0.2167332	0.01664449	0.1526999	0.09774096
0.07988382	0.2167332	0.02540031	0.01698034	0.09341566
0.1368813	0.2039758	0.0311944	0.07971061
0.0890884	0.1841042	0.05384531	0.03478547
0.06508597	0.176391	0.01623836	0.006011527	0.1371044	0.08196185
0.09131804	0.1962392	0.01263501
0.09015613	0.1886715	0.02757958
0.1076195	0.2065385	0.02533177	0.1092954	0.03079449	0.09254985
0.06458481	0.2220924	0.06556081
0.09708431	0.1930239	0.03311409	0.05456039
0.06046984	0.1390988	0.01931903
0.1654802	0.03350152	0.1416623	0.2090051	0.04478274	0.1599105
0.0638489	0.1001411	0.1191471	0.1691885	0.06278266
0.1756238	0.05109021	0.1673673	0.03210629
0.1443309	0.03109834	0.1858541	0.06005431	0.2020015
0.07632113	0.09749388	0.1540101	0.05753014	0.1872222	0.08210876
0.08987813	0.2290979	0.1027856	0.1486939
0.06750089	0.04869696	0.1700772	0.1069083
0.08701471	0.01630783	0.1638048
0.04823146	0.06772166	0.1610746	0.1474159	0.1507735
0.05342918	0.04622234	0.1542247
0.1759385	0.04645619	0.1930875	0.04175258
0.07537807	0.2073907	0.03257236
0.06588513	0.1602893	0.08093201
0.1371733	0.03254877	0.1695681	0.08941072	0.2002182
0.11656	0.03678234
0.1507154	0.05867752
0.1490068	0.05237188
0.1575817	0.05032415	0.1577477
0.1835584	0.03049546
0.1946216	0.05318073	0.09799269	0.1658012	0.1132085
0.1783475	0.02817835
0.1170362	0.05273501	0.2105133	0.02535452	0.06771858
0.1034187	0.01382979	0.2061969	0.04745732
0.07421171	0.01363422	0.187261
0.1238104	0.01199865	0.1924768
0.1476359	0.064548	0.1916915	0.08350168
0.03067485	0.01931408	0.2100591	0.0583859	0.1013417
0.1366473	0.03821036	0.1906419	0.0984748	0.05175704
0.1179787	0.09539881	0.1444599	0.1331609	0.1223593
0.04232862	0.01661537	0.1833906
0.1043603	0.01860283	0.2058027
0.08139439	0.04070797	0.1993578
0.1028685	0.1255158	0.1871135
0.1665833	0.01570894
0.159668	0.02615226
0.1824265	0.07699519
0.210864	0.02214708
0.203024	0.0347062
0.1612544	0.01919371	0.1986712
0.2427947	0.08764776
0.1750998	0.05121446
0.1792183	0.06259159
0.1473367	0.04262364	0.201165
0.1498022	0.03339799
0.1625431	0.1898733	0.171326
0.1245521	0.04559129	0.1642704
0.1030342	0.197389	0.09161266	0.03785227
0.08338513	0.2117278	0.1045884
0.1491473	0.2210566	0.0317882
0.1283957	0.2252534	0.01520584
0.09447903	0.01388847	0.2053614
0.1996648	0.005077416	0.003677264
0.1877367	0.05017556
0.1885956	0.01920283
0.1989074	0.02440627
0.2420869	0.04846294
0.2472637	0.07898818
0.2539276	0.02086966
0.2468756	0.01158159
0.2316703	0.04186876
0.1813704	0.02641032
0.2031458	0.06675018
0.2482882	0.04592202
0.2284908	0.01679806
0.2266784	0.009591305
0.1889544	0.04592336
0.1531229	0.05954894
0.1352023	0.06763731	0.165196
0.09404323	0.0142492	0.1502312	0.04985306
0.1282258	0.05947369	0.1634614	0.1972464	0.09085273
0.1724864	0.02511323
0.2025343	0.04545498
0.1963878	0.02302278
0.2153958	0.01195975
0.2041151	0.0600242
0.1687874	0.05621688
0.1072158	0.01409188	0.1852554
0.08446483	0.06476808	0.1858711
0.04073475	0.1728219	0.0547357	0.02330443
0.03763434	0.1814625	0.06727934	0.03965697	0.1214886
0.05734469	0.2002353	0.02074319	0.1019171	0.17932	0.08911681
0.1543676	0.0724044
0.1680245	0.02217835
0.1386904	0.08036916	0.1654111
0.08882425	0.0344286	0.1500537
0.07612311	0.05275211	0.1906671
0.1449719	0.04591693	0.2060719	0.03740205	0.1593684
0.1392722	0.1970788	0.1027226	0.01650383	0.04624647	0.1061991	0.05118657	0.154719
0.06190309	0.1948389	0.07370901	0.06508919	0.1057247	0.07134005
0.1074061	0.1972763	0.05542801	0.03196885	0.1246043
0.07352938	0.1851443	0.02226722	0.05670686	0.0590044
0.06482267	0.1924534	0.01423621	0.07374082	0.1386586	0.0727754	0.09995437	0.01438699
0.1105763	0.033156	0.2329367	0.01936565
0.1468222	0.01974411	0.2322022	0.09774661
0.0736785	0.03190456	0.1139982	0.1988325
0.05502824	0.06425701	0.186676
0.121167	0.05528503	0.1785312	0.1196378	0.1075462
0.1122646	0.07004966	0.1793887	0.003126976	0.03269904	0.138115
0.1150768	0.06417794	0.1926607	0.0007050154	0.1799387	0.06430773
0.09437781	0.02169751	0.002921319	0.1551567	0.03265962	0.1662795	0.06940859
0.09504836	0.06249312	0.1546219	0.1946447	0.1036888	0.06689265
0.09422614	0.02619238	0.09967197	0.1886482	0.04636692	0.04250684	0.02944992
0.1131741	0.022996	0.1994979	0.02843244	0.09747742	0.11512
0.08866545	0.1040044	0.2075697	0.01638998	0.1341111
0.04872181	0.02767086	0.13254	0.0152418	0.09320868	0.07414251	0.07353919	0.06072386
0.08395375	0.02606119	0.1797475	0.01389547	0.1077002	0.009036939	0.04033116
0.0996389	0.05756265	0.1797475	0.01455393	0.07597195	0.02017387	0.06935803
0.1221913	0.05267242	0.1715114	0.017613	0.01162321	0.104399	0.06343115	0.06799977
0.05009301	0.1709921	0.02686304	0.06579305	0.04018458	0.05710141	0.1374829	0.02347289
0.105983	0.2112879	0.0265172	0.02949619	0.1161045	0.08890532	0.04325271
0.1380549	0.1305429	0.01251342	0.1322918	0.1112431
0.1342486	0.1880131	0.01817525	0.05461391	0.1387822	0.07651054
0.1337674	0.1842357	0.02980608	0.03201718
0.113547	0.2113391	0.02248724	0.03074182	0.1272776	0.06862378	0.09350725	0.004295772
0.09290144	0.1622637	0.01182141	0.03202046	0.1237418
0.1888776	0.1579845	0.05062145	0.003382947	0.01397473
0.1691332	0.1738598	0.03326339	0.04093101	0.1403869
0.1372795	0.1646758	0.01794245	0.05488267
0.1240418	0.1450747	0.04320644	0.02773986	0.1075282	0.03020341
0.1335655	0.2113746	0.04890577	0.01798902	0.0794094	0.1506749	0.01628479
0.1623674	0.2535916	0.01327775	0.1575133	0.06215227
0.1556733	0.1281025	0.006743507	0.01625773
0.1297308	0.1407524	0.03318642	0.0218612	0.09181768	0.1427314
0.1091586	0.1748307	0.02604891	0.02575614	0.1299897	0.08953338
0.09310037	0.1928722	0.1397761	0.02709307
0.05567602	0.1146765	0.0225278	0.07150183	0.07407541	0.0872951
0.1224264	0.1878321	0.03414461	0.07041312
0.03175603	0.2153689	0.01635855	0.05200231	0.06917056	0.0330555	0.08371629
0.08463608	0.1691041	0.03622926	0.07393408	0.1456788	0.07785756	0.06937812
0.05946905	0.1980805	0.01753773	0.02212617	0.1291275	0.0200456
0.1079474	0.1970686	0.03120657	0.03819586	0.1033023
0.1188647	0.07740432	0.1460466	0.00541647	0.12789	0.1236294
0.04776511	0.06906594	0.1759885	0.002412297	0.1242111	0.09548013	0.1251861	0.02595415
0.04336195	0.02554819	0.2112094	0.001131292	0.1325733
0.09068978	0.05391989	0.1589201	0.008486231	0.1847137
0.04271433	0.04515278	0.2400622	0.01163902	0.09536453	0.09963221
0.141137	0.03826064	0.2276088	0.05281928	0.123543
0.04726747	0.04351456	0.202365	0.09844486
0.07316791	0.06303432	0.2019835	0.01299915	0.05764859
0.06863075	0.00755766	0.2019835	0.05209265	0.1422553
0.0354131	0.007220725	0.1646004	0.06359434	0.09242485	0.05436246	0.03973692	0.007421981
0.03528831	0.03700663	0.1633809	0.053784	0.02768229
0.03374953	0.03652465	0.2023633	0.155366	0.184695	0.02368767
0.07052419	0.02390277	0.1613899	0.08342017	0.09518344
0.09861194	0.02655629	0.1723057	0.02369019	0.07162755
0.1573124	0.04944567	0.1959154	0.06721482
0.03625337	0.01456878	0.1955057	0.1251352
0.08280138	0.109245	0.2029348
0.0236927	0.03916842	0.2029348	0.08929035	0.05375649
0.04693045	0.04292144	0.1907717
0.1157008	0.03761917	0.1744369
0.1068953	0.03979586	0.1649451
0.1849942	0.006898198
0.1954048	0.01331401
0.1954048	0.04515812
0.09958389	0.1810841	0.04326832
0.1139232	0.05569856	0.217318
0.06561944	0.03149269	0.2021251	0.03330136
0.0865515	0.04999595	0.1715376
0.08771204	0.1816388	0.07955857
0.09593391	0.1826335	0.01822967	0.06354749	0.1472077
0.09716555	0.1807755	0.04142299	0.009265578	0.08288774
0.1366872	0.2169134	0.00590558	0.01185417
0.1075657	0.2306782	0.02742428	0.02317033
0.0909741	0.2116992	0.03789764	0.04215908	0.09669329	0.08212973
0.09364973	0.2116992	0.05328198
0.03919687	0.247952	0.02908009
0.0961956	0.2346196	0.06683213	0.07940992	0.06831447
0.1029339	0.1816023	0.07185063	0.07993403
0.1183553	0.1784482	0.03610682	0.1938026
0.1009577	0.08948593	0.1982326
0.1629365	0.02205632
0.1605428	0.0375162	0.2006075
0.183311	0.06243581
0.1079088	0.05943196	0.1513771	0.1717612	0.2003532
0.1089752	0.03939035	0.1686409
0.1191833	0.02053647	0.1545571	0.1329048
0.08712381	0.03508095	0.1706619
0.08166685	0.02450057	0.1746074	0.09866298	0.07676632	0.08300351	0.05921716
0.09858139	0.04578645	0.2150689
0.1365244	0.0427752	0.1881827	0.03657024	0.09422265
0.08801391	0.03470075	0.1711818	0.1091265	0.07177194	0.07260473
0.07529024	0.03343839	0.1735474	0.08496065
0.08361633	0.02838728	0.1804823	0.08860879	0.06150575	0.05270444
0.06603476	0.01223281	0.1804823
0.08407561	0.04274103	0.1746173	0.0148055	0.04088815	0.0735894
0.1824286	0.01820137	0.1555372
0.2000496	0.0257493
0.1786409	0.01958441
0.1865736	0.0601524
0.1558935	0.06257997
0.1536503
0.1371951	0.06918722	0.1637887
0.08106739	0.02863351	0.1661047	0.1441575
0.1085594	0.1616642	0.1599261
0.209905	0.1245597
0.1744381	0.01643725
0.1072198	0.03403281	0.1425228
0.1224906	0.04920071	0.2089316
0.09045129	0.05598006	0.2040085
0.1186676	0.03957296	0.1661984	0.02276719
0.0727587	0.1217123	0.1598265	0.03617115	0.05608162	0.08367505	0.1071073
0.0644101	0.1454347	0.0309949
0.09522041	0.02964695	0.1555947
0.07151866	0.1023313	0.1556977	0.04462749	0.07353343
0.09201663	0.0486404	0.1423621	0.1809173	0.06791832	0.140819
0.1697522	0.0215365
0.1859727	0.01754328
0.2059651	0.01041293
0.1574475	0.01726056
0.216341	0.07479512
0.1804447	0.07499022
0.1431711	0.01167451	0.1475796	0.1558155
0.144256	0.1048697
0.1260567	0.03626654	0.1502052
0.1143171	0.01662151	0.1824318	0.1370905	0.07362205
0.09132298	0.0551939	0.1999871	0.01350193	0.2191378	0.01468053
0.08141187	0.05277348	0.1862425	0.04436527
0.09117157	0.1582049	0.0399495	0.06511611	0.1993239	0.06820738	0.03315963
0.05181298	0.1290992	0.07171281
0.06181479	0.1934053	0.03059993	0.0926796
0.1312572	0.2145803	0.06645263	0.08587807
0.04083213	0.2250057	0.03520798	0.02949341	0.1215365	0.1122497
0.06562715	0.2274431	0.03829276	0.06282408
0.1146266	0.1552232	0.04924876	0.09570479	0.05158668
0.0676994	0.1803515	0.04466524
0.09051202	0.1808439	0.01643887	0.01723865
0.1569172	0.1749885	0.01898315	0.06116264
0.06826175	0.2102201	0.028868	0.05176185	0.09579363
0.0756985	0.2083954	0.041347	0.03823659
0.08922663	0.2083954	0.01415244	0.1154978	0.1034037
0.1622724	0.2083954	0.06429179	0.05277804
0.06753409	0.1905261	0.09084247	0.06870676	0.1334548
0.08463234	0.05381568	0.1936088
0.1164974	0.007668158	0.1898811	0.06254465	0.1434484	0.02264004
0.1004604	0.06646782	0.2276204
0.06548294	0.03781796	0.2242979	0.03161341
0.1011738	0.04732348	0.1899941	0.1430752
0.09370704	0.05176891	0.1949994
0.0390791	0.02158957	0.2159746
0.1186961	0.0529002	0.2438934
0.1249382	0.03151686	0.2356142
0.1009151	0.02159525	0.2344125
0.09395154	0.01056882	0.1918429
0.1127008	0.0183271	0.169317
0.1785679	0.05535784
0.1908868	0.02229782
0.1850699	0.04798624
0.1839052	0.06661657
0.2120902	0.002670161
0.2130778	0.06004516
0.2074278	0.0426858
0.1964972	0.1176481
0.1960563	0.01629905
0.2097445	0.04935255
0.1979529	0.04770255
0.2070763	0.008555944	0.1998186
0.1877982	0.03710471
0.2074471	0.07954326
0.1034385	0.02015672	0.1691364
0.08200849	0.03562132	0.194748
0.019361	0.07027208	0.161301	0.1458253	0.1126228
0.173779	0.01152681
0.1506794	0.007579964
0.1506794	0.01342434
0.1925464	0.0355993
0.1987307	0.03272452
0.2235607	0.01936699
0.2403388	0.0180155
0.1689849	0.01661829
0.1771891	0.04759727
0.1586931	0.02049447
0.1873549	0.05549854
0.1759959	0.0651896
0.1728339	0.04345173
0.1556357	0.03371493
0.2082257	0.01531887
0.1990321	0.06107678
0.1704951	0.06607524	0.1722114	0.03470357
0.133677	0.03349523	0.178795	0.07903467
0.08092328	0.02893963	0.1801349	0.02718269	0.06959704
0.04570862	0.01512079	0.1707073
0.0796068	0.07562945	0.158089
0.08347317	0.08132986	0.2077541
0.1110959	0.2207169	0.07843255	0.04863457
0.06370195	0.245394	0.06203707	0.1064742	0.05126418
0.08640532	0.2292421	0.06869595
0.1312788	0.2347231	0.0445522	0.1558736	0.07190361	0.05269567
0.140706	0.216659	0.03681308	0.1132783
0.03357288	0.1728664	0.02254112	0.08375758	0.1505736	0.04635946
0.1802114	0.06689584
0.117354	0.07488954	0.1685593
0.1722806	0.02596143	0.2059776	0.1487935	0.02239101
0.1464576	0.06467582	0.1968155
0.1736896	0.04603461
0.1631919	0.0279876
0.1792801	0.01361803	0.2049464	0.08684595	0.0635957
0.04774367	0.01722391	0.2096513	0.1786409
0.1150585	0.02003624	0.2073866
0.07035331	0.08562	0.2112862
0.01493428	0.1604565	0.0219034
0.1544056	0.005134599	0.1787004
0.08770512	0.08014559	0.1904017
0.141826	0.02456538	0.2014301	0.03567459
0.1537034	0.05010796	0.1567167	0.01918456
0.1509838	0.02831161
0.07570549	0.01473488	0.1316735	0.1558055	0.2341143
0.1236854	0.03110005	0.1689193	0.1745937
0.0866623	0.004357262	0.1632914
0.09187482	0.1609083	0.009871082	0.09451328	0.04141725
0.0739675	0.1392771	0.03224983
0.04376173	0.1294387	0.09659583	0.09985412
0.1039562	0.1607233	0.02891539	0.116396
0.1155757	0.1884381	0.03203016	0.07332558
0.07905961	0.03990325	0.1686768	0.05758068
0.09670334	0.04342135	0.1923022	0.05252996	0.1358634	0.09279128
0.124258	0.02365902	0.1879037	0.02854753
0.07725234	0.196351	0.05952509	0.06742078
0.1565304	0.02090245
0.1620144	0.0272852
0.1236366	0.01386923	0.1666289
0.1759512	0.01980413
0.1994229	0.05760805
0.1553068	0.02868612	0.1639806	0.004685585	0.06222486
0.07851171	0.1643216	0.0268246
0.07712409	0.1627242	0.01443111	0.1592964
0.1256932	0.1705704	0.06528648
0.09132295	0.1758071	0.09640923	0.04865023	0.03747398	0.08537857	0.01409228	0.1958878
0.1194134	0.2034341	0.02716523	0.00905837	0.03938851
0.05544656	0.1829725	0.08268824
0.1594151
0.1743044	0.06835081
0.1919342	0.05145628
0.2292594	0.05418878
0.1932118	0.07595966
0.1504993	0.02651384	0.1869881
0.166443	0.01300631
0.1360406	0.1598145
0.1634507	0.02455663
0.09559444	0.03145502	0.1597637	0.03995132	0.05275245
0.05442264	0.01231404	0.1736466
0.05627992	0.1500067	0.1590531
0.0711062	0.1569927	0.08491896
0.07685979	0.1600214	0.06882097
0.1285074	0.1291738	0.07745203	0.1228984	0.02298911	0.1146966
0.02837412	0.008530216	0.1691732	0.2015372
0.1422813	0.03612483	0.2082565
0.1441288	0.06109554	0.2062098	0.153098
0.09016669	0.02053622	0.157208
0.1132222	0.07138968	0.1895123	0.08001104	0.05034127	0.1097594	0.1365777
0.1521587	0.0335878	0.1710812	0.0779974
0.1243971	0.03505751	0.1796767
0.05582513	0.03838829	0.1995993	0.1058858
0.09820967	0.07714869	0.1841207	0.01674833
0.09218176	0.06516541	0.1559169	0.2229988	0.08393907	0.1501622
0.0963772	0.0269912	0.1475752	0.008775935	0.07274371
0.06238507	0.2132214	0.02687085
0.04537474	0.1925931	0.01512674	0.09666884	0.06493452	0.1157875
0.09217376	0.1973534	0.01943472	0.1331502	0.09242681	0.0661465
0.1129149	0.2174629	0.04191368	0.1490524	0.08006607
0.1286693	0.2648989	0.001848417	0.1040142
0.08143653	0.1965889	0.01340158	0.1014053
0.06101887	0.2146937	0.07825303	0.07668828	0.08843379	0.0145259	0.09060361
0.09681367	0.2667199	0.09245213	0.06620389
0.1787422	0.2676398	0.06346984	0.1225753	0.0463599
0.09566029	0.2701055	0.03603381	0.0451763	0.05448716
0.1175665	0.2519588	0.0500829	0.006158072	0.1559315
0.0789255	0.2195395	0.05124943	0.009867683
0.1456281	0.1706635	0.02795377	0.2131307	0.04972649
0.08885956	0.1666174	0.01796256
0.1040349	0.1832676	0.007308042	0.007563866
0.1167344	0.1974086	0.08635585	0.03587078
0.09952906	0.1529487	0.02597919	0.02565831	0.06740497	0.06504039
0.08172645	0.1631141	0.01212383	0.03134416	0.05298715
0.1731947	0.04419417
0.07183991	0.0127189	0.1543688	0.2042255	0.1169165
0.06145314	0.008265151	0.1576776
0.116217	0.02094714	0.2192072	0.07754348
0.0718512	0.05783598	0.1942427	0.0545745	0.1461666	0.103178
0.0652098	0.01434047	0.2009014	0.03983441	0.07099371	0.09240534
0.1287839	0.0493756	0.2234309	0.02715854
0.1619145	0.08022879	0.2462454	0.0001573279
0.09210006	0.03661326	0.2049734	0.0005237103	0.05983101
0.1045881	0.02578881	0.219398	0.0239495	0.07242218
0.09307654	0.04944611	0.219398	0.0660156
0.154903	0.03728734	0.2044759	0.09634717
0.09980396	0.02133094	0.1846629	0.08695072
0.08099175	0.05778828	0.1683565
0.08196476	0.07761299	0.1881624	0.01743368
0.08532784	0.01819046	0.2009471	0.006745039	0.05044339	0.07438032	0.1431323
0.1112702	0.1106141	0.2256395	0.01899096
0.09781635	0.0367983	0.1942709	0.1062807	0.1098875	0.08455876
0.09290255	0.05239819	0.1913486	0.02293538
0.1527686	0.1767812	0.02982657	0.01612583
0.09360422	0.1790952	0.05534085	0.06975751	0.06658224
0.07760664	0.2255471	0.04791	0.09549325	0.05923651	0.08097655
0.05909002	0.1829899	0.02079996
0.04638581	0.1590744	0.01267947	0.04029506
0.09666147	0.2161005	0.03073049
0.1270153	0.2394311	0.03807532	0.001389443	0.126528
0.1042967	0.2394311	0.02847189	0.04869403
0.07454008	0.2241222	0.03669055	0.003086154
0.0647414	0.1973759	0.07530411	0.09536409	0.1335012
0.1010747	0.2033211	0.03968759	0.1175314	0.08919467
0.1316134	0.2018569	0.02382785	0.001133767
0.1212584	0.1992226	0.02038282	0.02708056
0.04141579	0.1969575	0.02216855	0.05412329
0.167023	0.2106118	0.0108414	0.02875137	0.07221558	0.1215602
0.09670047	0.2221434	0.03445396	0.05956604
0.07214796	0.1941199	0.005877705	0.04549176	0.08435097
0.07695293	0.1826282	0.05657952	0.03896126	0.08414383
0.07283233	0.1864223	0.01127253	0.09823348	0.04830552	0.08581359
0.0679962	0.2085146	0.05010089	0.145532
0.2057437	0.05308281
0.2292806	0.06560668
0.1769988	0.05886048
0.1710851	0.03702008	0.1787743
0.1280885	0.04898898	0.1818749
0.1890963	0.02477584	0.07273883
0.0417421	0.05922596	0.2181808	0.1307761	0.2212246
0.1261089	0.02042749	0.2212246	0.145308
0.190172	0.056074	0.2301383	0.1264962
0.1105535	0.03449864	0.2082387
0.1241228	0.03553691	0.2178987	0.1568835	0.0845055	0.01551647
0.1234106	0.03713385	0.1812288
0.1439565	0.05197886	0.1860625	0.09857896
0.158397	0.01326305
0.08731459	0.09283721	0.1762003	0.1039421
0.179163	0.05277768	0.204804	0.04267174	0.07511848
0.1026312	0.2036546	0.007218613	0.01972064	0.1517457	0.08203688
0.09206499	0.2036546	0.0313492	0.01511135
0.08486809	0.1900124	0.03743527
0.09104734	0.1817515	0.04912773	0.06221034	0.1317469	0.02433187
0.09908541	0.181146	0.02248097	0.1064628
0.05992216	0.1479551	0.01719249	0.1243573	0.0463604	0.08931284	0.01353514
0.06739394	0.1689112	0.08007547
0.06799431	0.1265005	0.03485673	0.1483897
0.08112246	0.1702037	0.04778178	0.03836668	0.06813657
0.05829048	0.1702037	0.06792258	0.0624674
0.1133346	0.2013412	0.05780165	0.03302182	0.04722386
0.06215522	0.193009	0.02122965	0.02794653
0.04866927	0.1953921	0.01880659
0.04059006	0.1467426
0.1143555	0.0416852	0.1554768
0.1031881	0.02020632	0.1688187
0.1786868	0.0786625
0.187139	0.04248793
0.1559085	0.1944608	0.02807386	0.04349897
0.04767862	0.2079806	0.04430737
0.07453731	0.2172512	0.04373686
0.1339664	0.2159246	0.07445353	0.05957214	0.01212946	0.08936374
0.1300469	0.2479699	0.04774945	0.1411439	0.1468223	0.08294433
0.1813705	0.2155319	0.0522475	0.1185774	0.1912013
0.1708955	0.228619	0.03028941
0.1302193	0.2023377	0.01166274	0.02540949
0.08362947	0.1860046	0.03946207	0.1000227
0.112068	0.1801438	0.009800581	0.01985025
0.06411974	0.175794	0.03290684
0.1221587	0.2023897	0.008341166	0.003628694	0.05504887	0.1632975
0.06750384	0.2138743	0.03931859
0.1148332	0.159009	0.0571228	0.1053249	0.09579606	0.06871978	0.03281311
0.1389744	0.159009	0.05613721	0.004364553
0.1007843	0.1968893	0.01242012	0.07563308	0.1980379
0.08605056	0.1968893	0.02556737
0.09190749	0.185831	0.03633015
0.1615369	0.2149241	0.07278675	0.2047651
0.1719702	0.02269944
0.191519	0.00609423
0.0988466	0.03531434	0.1900273	0.1275357
0.0905769	0.006442696	0.1732689
0.194487	0.02240551	0.1814021	0.09434424	0.09207951
0.06682394	0.05947627	0.1754615	0.02213283	0.05553742
0.09791292	0.01726131	0.1597657	0.1280131	0.03989841	0.1345735
0.1564264
0.1331109
0.1382287	0.04038248
0.1496313	0.06152232
0.1286399	0.004322066	0.1541802
0.1094283	0.1270595	0.2170461
0.2086535	0.03937937
0.1988883	0.0141898
0.2092154	0.05491633
0.1714867	0.02741824
0.1774944	0.01881195	0.02291145
0.2054448	0.05800212
0.1582466	0.05016655
0.1199267	0.01248887	0.1501907
0.06024249	0.04330154	0.06693858	0.1331369
0.05827567	0.151806	0.1790039
0.1874956	0.175637	0.04264356
0.1116454	0.202558	0.01768249
0.09860245	0.05045262	0.2100491
0.08860597	0.04038286	0.186044	0.08132188
0.09134307	0.00619808	0.2172319
0.1617271	0.04246213
0.2287665	0.03922444
0.2094426	0.00524236
0.2274335	0.03941315
0.2104466	0.03288419
0.1842167	0.08541187
0.1564279	0.05505956
0.1621549	0.05569658	0.2092285
0.1501136	0.04748864
0.1027673	0.02901376	0.1541262	0.166589
0.07873715	0.08181505	0.1922688
0.1261725	0.05183173	0.170024	0.03929847
0.1523612	0.05171064	0.2008913
0.07882813	0.0870231	0.2016489	0.06094732	0.1001091
0.1098971	0.04632409	0.1423913
0.06293788	0.1571532	0.1035264	0.1723224	0.1201836
0.09021345	0.1865482	0.05457281	0.1695265	0.1205019
0.04362797	0.0340676	0.1892477
0.08197385	0.03497502	0.1893596	0.104905	0.04644074	0.1178246
0.08160308	0.02599522	0.2189169	0.05526108
0.08623743	0.01616756	0.207458	0.01524064
0.1076224	0.01583376	0.224406
0.1080313	0.0117646	0.224406	0.0006761145	0.1118476
0.1023732	0.01565897	0.2052192	0.0003257782	0.1276677
0.03947199	0.03166921	0.2052192	0.06226053
0.06850873	0.05930376	0.1839416
0.1158523	0.01484733	0.1777785	0.09105024
0.1133614	0.03310475	0.2072579	0.09026335
0.1064046	0.05648443	0.2037113	0.004207355
0.07690817	0.07739978	0.1997795	0.1177414
0.08147772	0.05175718	0.1623114
0.145985	0.09207823	0.1694557	0.01405398
0.08119314	0.009602494	0.1661707	0.01710332	0.1973318	0.09730899
0.1360786	0.01853997	0.2139812	0.009086765
0.1669224	0.09759218	0.2290353	0.1503107	0.05572936
0.1413479	0.2086457	0.02992689	0.07004079
0.0780568	0.2133692	0.02627349	0.1131432	0.07014531
0.09434577	0.2121976	0.03199219
0.1195091	0.1447338	0.02078843	0.1564417
0.1228051	0.1974867	0.01929978	0.0374857
0.1530111	0.1855413	0.03395597	0.09268718
0.07547516	0.1682005	0.06078862	0.1288031
0.1087453	0.1521704	0.03168139	0.1696897	0.108249	0.03983932
0.08537562	0.1386343	0.0453269
0.1617094	0.1712214
0.05967246	0.1780731	0.08676362
0.09056391	0.1746464	0.04275507	0.05516756
0.1191357	0.1542613	0.0226621	0.06377661
0.107142	0.1663889	0.06913291	0.07212319
0.1316849	0.1831374	0.01305802	0.1064221	0.05992963
0.1244885	0.2053776	0.04005689	0.03274244
0.08856471	0.2053776	0.09334452
0.1357792	0.184503	0.0458308	0.03253101
0.1016159	0.1659511	0.0387175
0.05859405	0.1668318	0.04691465	0.02379716
0.05783321	0.1830501	0.01287278
0.06120813	0.1823624	0.01448543
0.1130596	0.1940287	0.02136368	0.06254295	0.03011464	0.07737987
0.05830274	0.2211007	0.02885801
0.09126761	0.1961889	0.01951537
0.07159694	0.05509114	0.06812155	0.1050045	0.1750308	0.1284986	0.07475436
0.1100929	0.04282197	0.1559364	0.05473915
0.1198912	0.05318732	0.1870142	0.02930462	0.1088056	0.09131627	0.2122902	0.1318164
0.1381711	0.05515566	0.1908741	0.0216723	0.1425691	0.04456249	0.006485541	0.1472048	0.08629538
0.1367982	0.05599077	0.2288172	0.01095874	0.1718322	0.03847673
0.1466102	0.07705958	0.1979793	0.01694922	0.1485192	0.01755054	0.1652716
0.1487077	0.04676775	0.01443167	0.07083524	0.1822585	0.08370258
0.118117	0.0459914	0.05564003	0.1960409	0.004119553	0.1688119	0.03872085
0.1472119	0.03407694	0.02097603	0.1896178
0.1316488	0.02243174	0.02696165	0.1800195	0.09896901	0.1361465
0.1096957	0.07335626	0.02985838	0.1254499	0.09608185	0.1308454
0.1481212	0.02020138	0.1454599	0.01681463	0.08535584	0.08993834
0.0917673	0.006460517	0.1588796	0.08811142	0.08699394	0.1571955
0.1792933	0.01093015	0.1937958	0.08644965
0.2064048	0.04978869
0.1987027	0.01216735
0.2027938	0.03233182
0.2065303	0.01736443
0.2129036	0.07257979
0.06262401	0.03886191	0.1612712	0.1715082
0.1074924	0.03323495	0.1438694	0.1754666	0.06082536	0.1496396
0.1245357	0.02029346	0.1847806	0.1379047
0.1256926	0.0589825	0.183362	0.173223
0.164118	0.01032442
0.1157377	0.07021686	0.185121
0.1096901	0.02493728	0.1608468	0.1219206
0.0718276	0.1675791	0.1238799	0.02992947
0.1629849	0.1737074	0.05478797	0.0960197
0.08671663	0.1601816	0.02645128
0.1898607	0.01377217
0.1835352	0.007848227
0.07786241	0.03140129	0.2045254	0.03660032
0.1595007	0.2064944	0.0696218
0.1273158	0.1764044	0.02664201
0.1167842	0.00400867	0.1730302	0.1454443
0.2054041	0.01995179	0.1811565
0.1804199	0.01427074
0.1523031	0.05280198	0.2407623
0.08653013	0.03589301	0.2302918
0.01656731	0.05902995	0.2276806
0.1323306	0.03840588	0.2311488
0.1125666	0.006393769	0.1786688
0.1335139	0.05065803	0.1786688
0.1909493	0.01464856
0.0907037	0.04435298	0.201207
0.1830694	0.07089922
0.05565556	0.02737488	0.1804932
0.238625	0.03162377
0.1975344	0.08596879
0.2217102	0.04041105
0.2315121	0.02183175
0.1939462	0.03208855
0.1892689	0.004017367
0.1434315	0.001854749
0.1138759	0.03867394	0.1613386	0.1480365	0.07448358	0.155299
0.06696596	0.06900568	0.1857967	0.06990816
0.06036316	0.02330575	0.1857967	0.1186739	0.03961895
0.1114555	0.05429094	0.164948	0.1123691
0.1115417	0.1753239	0.02284435
0.05814722	0.1788463	0.06883006
0.1800278	0.05281568
0.2228224	0.02257366
0.24504	0.07039108
0.196132	0.004995292
0.1618317	0.07288776	0.1294343
0.125785	0.02223877	0.1614766
0.1274519	0.05327919	0.1748357	0.09495656
0.1826508	0.08331189
0.07564758	0.01597085	0.1952158	0.1155441	0.1085117
0.04530717	0.1834241	0.07305437
0.1567769	0.0495774	0.1708011
0.08275432	0.0145511	0.1968559
0.1778284	0.04066922
0.1766204	0.05104571
0.1997164	0.01210073
0.07713703	0.02088084	0.2153849
0.1074608	0.04734843	0.180648
0.07277504	0.02630508	0.1940814	0.1031024
0.1729306	0.07661895
0.1586563	0.06646042
0.1648203	0.02319589
0.181167	0.003643911	0.163388
0.08704894	0.1966449	0.02212004	0.04794976
0.100628	0.2113017	0.07930025	0.0006865111	0.06483714
0.1032195	0.2373138	0.08028158
0.08456604	0.2147407	0.02912535	0.03204749
0.1084641	0.1955191	0.05385957	0.00566412	0.1292523
0.06420958	0.215579	0.01401588
0.03785669	0.2003914	0.009635473	0.08756898
0.09204507	0.1613804	0.0378304
0.08734734	0.1657888
0.09257138	0.1504036	0.0289745
0.1228382	0.1550362	0.01889118
0.1173242	0.1817636	0.07958987	0.01111893
0.1110233	0.1930396	0.001959333
0.1252035	0.02227948	0.1931588	0.08924115	0.07886512
0.1894383	0.04911221
0.1894383	0.01840809	0.1954588	0.08437779	0.08445751
0.09013291	0.03408941	0.208085	0.06116808	0.05685302
0.08946768	0.07401696	0.2423618	0.06959752
0.08362038	0.05527887	0.2082079	0.1312848
0.09945848	0.06589812	0.201654	0.02575792
0.1335634	0.02918869	0.1605493	0.05360649	0.06703213	0.07317246
0.09004931	0.1594866	0.003329285	0.05568567	0.1065461
0.08650628	0.1460601	0.04113098
0.06886421	0.1564895	0.02028568
0.05663229	0.2117332	0.104469
0.1273081	0.0502695	0.1663104	0.1045015	0.06723382
0.04556521	0.07715061	0.1663104	0.2173817	0.1005215	0.1048405	0.1141224
0.0975762	0.05718631	0.1994449	0.07902052	0.1769041	0.0638099	0.0293352
0.1071494	0.0896976	0.1822273	0.0577961
0.0906307	0.04316221	0.222888	0.1273539
0.0584076	0.03246115	0.2190031	0.06978707	0.07115743
0.07789823	0.01448033	0.199353	0.05945348
0.08086097	0.03811381	0.1717512	0.07761435	0.03253666
0.1537541	0.05454	0.2213547	0.01735561	0.09843634
0.1831297	0.01356675	0.2381995
0.1253383	0.01787558	0.1705822	0.09773706	0.1605962
0.1041981	0.02197722	0.1588451
0.1477619	0.02929775	0.2002143	0.07217084
0.1133924	0.03425606	0.1912224
0.001941968	0.2028474	0.03403637	0.1353167
0.03812022	0.2020506	0.02899543
0.1113865	0.03031914	0.1901789
0.01613485	0.04456742	0.1768625	0.05565896
0.2047968	0.06247873
0.1917242	0.05394352
0.1716767	0.03761385
0.1626405
0.1425022	0.1404498
0.04515218	0.1275788	0.1430331
0.07464009	0.1597344	0.04624281
0.01110086	0.1567769	0.01361661	0.1895891	0.06708898
0.08503126	0.1044711	0.1146219	0.1698152	0.03701391	0.1173598
0.1421481	0.03604882	0.1701992
0.06207544	0.0100918	0.1520127
0.03221197	0.04023512	0.165759
0.03717813	0.008964956	0.1975887
0.1433122	0.05230309	0.193207
0.1777814	0.008375348
0.04690694	0.03311622	0.1589954
0.0660074	0.04496406	0.05291556	0.1801582
0.1315698	0.04971446
0.1119375	0.07821999	0.1763013
0.07039509	0.02053978	0.1514752	0.153355	0.1022819
0.1188885	0.03039602	0.1773012	0.05767699
0.1019153	0.05910532	0.1773012	0.04982892
0.05530797	0.04092319	0.1565742
0.05864434	0.03794618	0.1844239	0.06015082
0.1576831	0.07280065	0.2062208	0.0145316
0.133263	0.170194	0.03713536	0.07171877
0.1628426	0.2130927	0.03057129	0.01638737	0.1251438	0.02303783	0.08135251	0.134238
0.1788329	0.2130927	0.003942861	0.02373465
0.06798046	0.2537457	0.03627108
0.0934329	0.2345597	0.02163361
0.1794658	0.2290015	0.07597689	0.1188836
0.1043645	0.211415	0.04397826
0.1054947	0.2077833	0.04460532	0.0733962	0.1062283
0.1094847	0.2183426	0.03364205
0.07872634	0.2401907	0.04008076	0.01415717	0.07607126
0.17317	0.2337115	0.02310913	0.03732939	0.1271854	0.04889997
0.06337904	0.2096766	0.006594509
0.1498649	0.1962809	0.051146
0.09518952	0.2039151	0.03731281	0.07232864	0.1239232	0.09404427	0.1055517
0.06829247	0.1838928	0.01762958	0.05414761	0.08172662	0.08412993
0.1328927	0.185165	0.01651251
0.06808822	0.1477505	0.02080217	0.09702936	0.1757262	0.08985494
0.06608461	0.01101336	0.1673353
0.1105091	0.02128426	0.1653198	0.0616908	0.1439838
0.02104869	0.02883176	0.1589439	0.06624268	0.08755647	0.1560012	0.05547028
0.07982155	0.04479429	0.1789123
0.1217345	0.01146868	0.1935281
0.1434807	0.02358081	0.1805494
0.1365038	0.06504033	0.2234892
0.1809668	0.02206122
0.1640203	0.01375679
0.09824258	0.0211622	0.1567471
0.09408784	0.00122716	0.2095772	0.09048344
0.1337108	0.05410774	0.1172752	0.1812635
0.1976511	0.01319949
0.2019738	0.05819096
0.1890564	0.0410449
0.2148108	0.06714663
0.2004502	0.04900222
0.1045732	0.04073852	0.1790017	0.1205828	0.1459783	0.1215078	0.1083993
0.1500004	0.04377546
0.1381546	0.03618795
0.1062688	0.02807855	0.09134992	0.1451529
0.1664591	0.02362728
0.1689713	0.02281525
0.1184255	0.008343399	0.2289012	0.07931548	0.1851923	0.1803507	0.06447529	0.1519426
0.06373125	0.007584443	0.2285917	0.04032286
0.07094732	0.02576986	0.1766395	0.07021496
0.05910369	0.06729548	0.2105954
0.1093187	0.1758224	0.1198401	0.07729141
0.0880926	0.2031717
0.1096813	0.1666518	0.09969652	0.03593343	0.06283307
0.1612455
0.07621711	0.1956882	0.04938218	0.1073173
0.1160178	0.196525	0.05150363	0.1351339	0.05999986	0.08866533
0.1155536	0.1779735	0.06063537
0.05714595	0.164575	0.06602334	0.02020541
0.06997545	0.1848713	0.05266805	0.009642407	0.130314
0.04736819	0.1690971	0.0008989518	0.01139627	0.09465593
0.1936887	0.1810101	0.04360948	0.0261146
0.09451552	0.1707307	0.01976392	0.09562932	0.1549396
0.05742654	0.2040984	0.05739928	0.04471705	0.04395974
0.0858188	0.2136215	0.08335533	0.03070984	0.06059909	0.09209841
0.0926104	0.1760926	0.04751324	0.03168005	0.1418787	0.008098432
0.09947572	0.2001734	0.09986572	0.08319132	0.01395151
0.1408557	0.1878174	0.05188436	0.0664993
0.08916913	0.1710708	0.04219898
0.1621043	0.1774504	0.01710734	0.03716669	0.0944537
0.05430823	0.1754133	0.03806714	0.05559722
0.06396317	0.205876	0.05673313
0.0532417	0.1818499	0.0418128
0.1425454	0.1870327	0.07628663	0.1507287	0.1049795
0.109674	0.041581	0.1911098	0.09328855	0.1033982	0.07917926	0.0249609
0.101327	0.03204226	0.1782912	0.01365853
0.1852413	0.03078987
0.2099857	0.02684388
0.1119484	0.04583033	0.2120735
0.2126908	0.008571064
0.1765919	0.02779187
0.2040979	0.02074756
0.1917248	0.009160191
0.1720443	0.01549372
0.1919317	0.03628424
0.1632657	0.01673878
0.2120051	0.0142339
0.1736349	0.01116623
0.1112966	0.02781273	0.157946	0.06256252	0.1384291
0.1447694	0.006765729
0.1128565	0.07418414	0.1970748	0.05430956
0.1507672	0.1934501	0.06151844
0.08901393	0.2255841	0.01962352	0.009687232
0.1199181	0.2120659	0.01216123	0.06048352	0.02747246
0.1858716	0.1961764	0.04372724	0.02624248	0.1320473
0.1334661	0.1997022	0.02859286	0.0748342
0.1155769	0.2029773	0.04559505	0.006347484
0.1703571	0.2049965	0.02188814	0.004002948	0.1273742
0.0487194	0.168358	0.01057169	0.184739
0.06272175	0.180045	0.02543627
0.08334639	0.2085044	0.05535121	0.0468219
0.1230822	0.05753102	0.2185605
0.1259477	0.07561882	0.1409284	0.1713615	0.1480216
0.08205273	0.04108913	0.1728964
0.1211879	0.06532671	0.1922799
0.1196962	0.06964431	0.1691162
0.1465288	0.0286445	0.187235	0.1708652	0.07290633	0.1212742
0.197692	0.02772436
0.1679261	0.05466393	0.1908746	0.1012995	0.125828
0.1233091	0.03333497	0.1890011	0.0718072	0.1472741
0.07147447	0.01855669	0.1672434	0.07303936
0.09147045	0.04945564	0.1807796
0.0928687	0.0544943	0.2117777	0.01644685
0.1321263	0.0926161	0.22046	0.1159524	0.07195745
0.06635316	0.01951758	0.1867277	0.06736803	0.09323251
0.1252584	0.02766481	0.2081952	0.0423244	0.06979023
0.07370438	0.07737501	0.1788243	0.04060848
0.05565042	0.04371393	0.1601675
0.04182094	0.02646217	0.1979933	0.08962178
0.1015608	0.01019535	0.2157025
0.100322	0.01812586	0.1701276
0.1353416	0.04914939
0.1157871	0.05312655
0.06952676	0.1361631	0.003906489
0.1599022	0.1633585	0.02951829	0.07778115	0.1213329
0.09697386	0.1999525	0.001762622	0.06040233
0.0826349	0.1843045	0.007442952
0.0819714	0.03532656	0.1286799	0.09781556	0.162997
0.05473759	0.01421941	0.1783224
0.06135166	0.02039462	0.1578157	0.09670355	0.2023237	0.1376598	0.04333864
0.1086975	0.04129283	0.1852138	0.02382431	0.1541317
0.06749828	0.02544448	0.2057461
0.1782971	0.2057461	0.0975895	0.005673515	0.09526786
0.2273375	0.1921858	0.04449932	0.1054706
0.1662366	0.1957326	0.007440058	0.02500845	0.2031229	0.06889583
0.1299015	0.1887615	0.01051683
0.1642468	0.1684942	0.1243366	0.005888609	0.1721936	0.07169937	0.1016931
0.1747595	0.1960868	0.02623366	0.03657709
0.1631191	0.2141694	0.08272653	0.02337604	0.1140598	0.1108144
0.1597632	0.04667926
0.166288	0.07007256
0.1662125	0.04733483
0.206982	0.0173116
0.1824781	0.0263745
0.0755174	0.02076041	0.21132	0.0762613
0.1099166	0.07361276	0.1925904
0.1304472	0.07406397	0.1866698
0.04469871	0.04306817	0.2025769	0.006422625	0.1005197	0.05793695	0.1090331	0.07435166
0.1078317	0.02995644	0.1944023	0.07032563
0.09245894	0.02333324	0.1876634	0.06058203
0.08897881	0.03450291	0.2373937
0.0435417	0.0532791	0.2214837	0.04764723
0.1967428	0.02660946	0.234204	0.02156833	0.07897247
0.1374397	0.0247698	0.1936683	0.04189853	0.06504325	0.1666601
0.1216982	0.06062213	0.2406379
0.0826522	0.09077647	0.2406379	0.009545378
0.1146429	0.01943846	0.2235301	0.07996941	0.04471043
0.09826385	0.04743048	0.2139001	0.07949352
0.05885112	0.003212321	0.185107	0.0220091	0.1425759
0.1187182	0.04964724	0.185107	0.005449027	0.1189485
0.1489961	0.02602217	0.171442	0.08247269	0.1045904	0.1148448	0.003167233
0.04929692	0.02627474	0.1571376
0.1269476	0.06930103	0.140287	0.09085981	0.07745049	0.09673165	0.03307965
0.1369534	0.0488065	0.1794587	0.02228656	0.1013478	0.1500626	0.06613315
0.09895441	0.03496411	0.1645392
0.1439627	0.06075373	0.1980675
0.09859734	0.08213074	0.2001803
0.1092688	0.03991047	0.1916686	0.1412293	0.1287958
0.06729695	0.06654214	0.2115899	0.1659705
0.09748646	0.07321386	0.1782594
0.172225	0.02835503
0.1718835	0.004803322
0.1834834	0.07929651
0.1834475	0.05151604
0.16406	0.04062424
0.06287666	0.03678027	0.1780521
0.1547956	0.04553801
0.1771046	0.0142956
0.1721449	0.02967715
0.01037157	0.0413568	0.190913	0.1556367
0.162723	0.2069047	0.04154389	0.1558125
0.1044925	0.2109537	0.05451644	0.09333879
0.1124309	0.2014765	0.06294427	0.1351549	0.06550944
0.1076552	0.1723165	0.03490329	0.01218938
0.08701642	0.1876733	0.06340748	0.01248801
0.1182932	0.182747	0.02591957	0.06116593	0.06590884	0.0493989	0.1687849
0.1754114	0.03867028	0.112342
0.1791932	0.04174674
0.0936422	0.08853912	0.1989805	0.1395485
0.2135809	0.05545346
0.2196032	0.0530512
0.2159375	0.01347204
0.1770576	0.01096543
0.1870427	0.0355339
0.1560792	0.02991555
0.05925493	0.08498087	0.151657	0.07664505
0.09387988	0.16327	0.03779968	0.03873515
0.1455423	0.02122489	0.1604
0.1478339	0.03688724
0.1875273	0.05809166
0.09570994	0.05079115	0.1716123
0.1457025	0.04022727	0.2026628	0.06324811
0.07509017	0.01334619	0.2316985	0.165468	0.04183593
0.1212056	0.02687656	0.2075191	0.1272844
0.1515834	0.238441	0.0993913
0.09486801	0.1944548	0.02951116
0.1047211	0.2010571	0.002792755	0.03822854
0.1371438	0.2079857	0.0534398	0.0005828957	0.1704551
0.1055703	0.2180973	0.07088754	0.02192001	0.09594012	0.05320713
0.1430666	0.2175733	0.03464329	0.1289217	0.05319106
0.1883603	0.2006304	0.04923965	0.07699589
0.1266401	0.161954	0.06255288	0.08479223
0.1314375	0.1561786	0.006607338	0.03664461	0.1000638
0.002206355	0.1448831	0.02831068	0.05456023
2.777611e-05	0.1880035	0.09902398	0.06975012	0.1213757
0.0550681	0.2042099	0.05183288
0.1576154	0.1927151	0.0110611	0.02070062	0.03878523	0.1120338
0.07389771	0.1967661	0.03326625
0.03411395	0.1915529	0.0414173	0.03519305
0.0725829	0.19041	0.01193513	0.003410793	0.1093333
0.151839	0.2207137	0.01769763	0.01800694	0.108556
0.05235377	0.2207137	0.05021862	0.06667947	0.04983058	0.07785301
0.08309396	0.1766996	0.04784584	0.1662396	0.06893311	0.04938511
0.08227144	0.1746714	0.0332919
0.1204739	0.168218	0.06851365	0.05380202
0.06100818	0.2119818	0.1083901
0.03542711	0.2177133	0.06071364	0.03422789	0.09832147	0.1003222
0.07464666	0.2218367	0.02818956	0.001198748	0.1186774	0.07441595
0.05281078	0.2100771	0.03839583	0.005782618	0.132639
0.090567	0.1594471	0.02206236	0.05009548
0.08328343	0.164007	0.03129674	0.05036555
0.08997683	0.2101247	0.009805723	0.0969542	0.1630764	0.1895164
0.09773026	0.1704432	0.08012421	0.03168945	0.1266213	0.1006197
0.1641135	0.02707971	0.1446503
0.1949459	0.02261959
0.193007	0.05438419
0.1826425	0.03927617
0.1672537	0.05210307
0.07798411	0.1820536	0.1227117
0.1000901	0.2210766	0.04526834	0.0417264	0.009111654	0.1360093
0.1118124	0.2171234	0.0717567
0.157333	0.196521	0.0684357	0.05319033	0.03607534	0.06352254
0.1206049	0.1905266	0.02759861	0.07980703	0.08660323
0.05033061	0.169133	0.037836	0.1782233
0.1401279	0.1853982	0.04362361
0.05241769	0.1771908	0.03093119
0.1288872	0.1423613
0.1384739	0.02596547	0.05289303
0.2081755	0.05460901
0.1716095	0.05547209
0.2063922	0.02002247
0.174854	0.01981362	0.1707109
0.1693117	0.01473386
0.1116341	0.03196418	0.1798065
0.1300242	0.1566901
0.1572638	0.01701638
0.1478416	0.02688405	0.1684783	0.1326761
0.1375091	0.05317149	0.1771887
0.1316234	0.0177695
0.1324577	0.1166497	0.1680416	0.09065924	0.08011598
0.1093318	0.06947908	0.166674
0.1188041	0.0373441	0.2146927
0.09659945	0.1899242	0.04893503	0.08399038
0.124055	0.1666708	0.02426067	0.06332201
0.06861117	0.1721003	0.1082171	0.04405461
0.1051303	0.1777082	0.04053846	0.1660658	0.05501835	0.06539017	0.0535999
0.1946009	0.1608015	0.06504242	0.1811681	0.07063706	0.1547751	0.1928581	0.04218946
0.09953814	0.05680591	0.1568796	0.1606751	0.06967649	0.08991746
0.1014794	0.0318197	0.196443	0.1222512	0.05660311	0.181234
0.1324123	0.03847324	0.1782449	0.06091813
0.1602294	0.1970504	0.03050448	0.1196836
0.1632008	0.1970513	0.08191128
0.1332819	0.1600672	0.03322903	0.06498153	0.1277806
0.06869309	0.1539156	0.02715575
0.1126015	0.1539156	0.0580553	0.03981429	0.1196545	0.06269109
0.1294925	0.1667768	0.02112305	0.06753022
0.1418598	0.192724	0.0207256	0.04503693	0.1007887	0.05321299
0.08009615	0.185955	0.08513756	0.08451669	0.05936225	0.08275945
0.1218212	0.2061109	0.00511881	0.1099571
0.095749	0.03563027	0.2331902
0.03888912	0.05852653	0.1930987	0.08754028
0.0485538	0.01707151	0.187926
0.193205	0.0510838	0.1408095
0.1775258	0.02429218
0.1704904	0.0237367	0.1624124
0.06117263	0.03629251	0.2089436	0.1693741
0.1341791	0.09459327	0.1976079	0.06398154
0.09515047	0.09077357	0.1921555
0.093782	0.01631371	0.1794791	0.03661733	0.1308923	0.07156059
0.115041	0.02102269	0.1959015	0.1157918
0.1291432	0.05539431	0.2026323	0.1974978
0.09397864	0.03616076	0.2425008
0.1276162	0.0321184	0.1993855	0.09194971
0.1758989	0.03508356
0.04656757	0.04878525	0.1817253
0.142222	0.02612796	0.1733325
0.06049928	0.04625604	0.1947038	0.1211021
0.1810884	0.09367534	0.19166	0.1614109	0.08510734
0.1720979	0.07787168
0.187419	0.007303941
0.1531952	0.02317404	0.1288643
0.1309719	0.01293952	0.1507362	0.1019757	0.02268801
0.0931503	0.1493178
0.1132266	0.04235224	0.1063216
0.1786092
0.156092	0.01477707
0.1719837	0.04940513
0.1592301	0.1500699
0.1354094	0.06723991	0.1313053
0.09950111	0.06839349	0.1773295	0.03732417	0.09884387
0.02199313	0.1917791	0.1028145	0.1080669	0.1176668	0.1167405
0.07823015	0.2030531	0.02310576
0.08228022	0.2030531	0.06241657	0.03910879	0.05931161	0.1178516
0.06321462	0.1818541	0.04667601
0.1004746	0.09072685	0.2015976	0.1018693
0.06462038	0.05953069	0.1580284
0.1525476	0.03873894	0.202871
0.09406831	0.1445035
0.1322158	0.04313905	0.1675296	0.07248107
0.0650662	0.008863457	0.149624	0.1378967
0.09607731	0.0172915	0.1669526
0.1520919	0.06233432	0.1728472	0.1100673
0.0343634	0.06993492	0.1728472	0.1288962	0.03185742	0.07548561
0.09712215	0.09072495	0.1893332
0.08326769	0.1414094	0.01869572
0.1236205	0.1623042	0.02546731	0.0625077
0.1402962	0.18858	0.03892416	0.0126594
0.04876664	0.1633867	0.1148215	0.05562494
0.08044035	0.09355785	0.1859953	0.04190197	0.05483284
0.07563006	0.01884369	0.1669558
0.06878339	0.04840656	0.1402098	0.07982971	0.1651136	0.09465394
0.1399125	0.1869434	0.07034962	0.1494699
0.08778405	0.1655987	0.09238492	0.05745355
0.1405472	0.183729	0.01642808	0.04226386
0.01269721	0.02667263	0.1568434
0.08852144	0.03174984	0.1809394
0.1885393	0.02275305
0.1433091	0.01813518	0.1630542	0.1727047
0.1750749	0.0156205	0.1613868
0.1733969	0.04248645
0.1667292	0.06455667
0.1569303	0.04272271
0.1617751
0.2021148	0.04771423
0.1973758	0.0915951
0.1616334	0.02616218
0.1427542	0.01842948	0.153621
0.1035886	0.02340653	0.17517	0.1387501
0.101735	0.03945082	0.2033866	0.07009746	0.05846963
0.1655716	0.0133485
0.173597	0.02142329
0.1815131	0.07552698
0.212852	0.02794071
0.2054353	0.03825392
0.185876	0.0279489
0.1818103	0.0331103
0.1109204	0.00610579	0.2210742
0.1147595	0.1899516	0.04858943	0.06795247
0.1347394	0.1899516	0.01998372
0.1801996	0.03367585
0.2267617	0.007266692
0.2127074	0.06895491
0.2158729	0.04847946
0.2404398	0.02093378
0.1821123	0.02089907
0.2188462	0.04629356
0.2125674	0.03777517
0.2237001	0.01869894
0.1806202	0.01605488
0.1636242	0.06277705
0.1260702	0.02272972	0.1781389	0.01783672
0.1314525	0.1821471	0.1323944	0.04697148
0.01510244	0.2137048	0.0881053	0.03800574
0.0727139	0.1926671	0.04362872
0.1433051	0.1858335	0.06130471
0.1112221	0.171703	0.0757866	0.08595084
0.1259015	0.171703	0.03046044	0.0936074
0.1174826	0.171032	0.03931544
0.108228	0.171032	0.07835534	0.09066402
0.1626935	0.05290377
0.1610078	0.02505179
0.1151179	0.06555661	0.1591034	0.108748
0.09464795	0.07623477	0.1627168
0.1490781	0.06122596	0.2056421
0.1745076	0.03282176	0.1726037
0.1821327	0.02344873
0.2014072	0.0520747
0.1566189	0.05971918	0.2023051	0.0207518
0.1654262	0.07643885	0.1792746	0.1707431	0.07202672
0.06513472	0.1366247
0.1577236
0.1741181	0.06715024	0.143789	0.1378604
0.07920317	0.137437	0.008528394	0.09010212	0.09162436
0.09763585	0.173602	0.1134703	0.1811219	0.07358311	0.03463504	0.03761187
0.1290228	0.1885639	0.01609593
0.1105872	0.06195703	0.2132846
0.1388177	0.06642755	0.2012291	0.145367
0.1302949	0.01296353	0.1733496
0.1198093	0.0348445	0.1437531	0.1398783	0.01363252	0.08444445
0.1548721	0.0691052
0.1140467
0.08515553	0.1334723	0.1798327	0.03664218	0.01979164
0.1229922	0.1493608	0.02128313	0.05601121
0.2033076	0.1420664	0.07368785
0.06860647	0.01946291	0.1927542	0.085394	0.1296507
0.09482824	0.05007103	0.1661794	0.08260551
0.1639828	0.03464723
0.1351819	0.02021218	0.1594136
0.16214	0.06980787
0.1817515	0.03945794
0.1055633	0.02870829	0.209055
0.0426658	0.1411376	0.1891437	0.1576705	0.108364	0.1253007	0.04723552
0.07355619	0.2027441	0.01497485	0.08471274
0.1021696	0.1843214
0.1320424	0.1657244	0.04890197	0.06724883
0.1396034	0.05952574	0.1813873
0.1802217	0.03331951	0.2191247	0.1285024
0.1488208	0.1106794	0.2191247	0.05701545	0.1061086	0.06297049
0.1106406	0.2191247	0.0217376	0.06981493	0.03491884
0.1527942	0.2058017	0.01997641
0.07023075	0.1552365	0.02715278	0.02882395	0.04266333	0.1285666
0.1205607	0.1874431	0.04995616	0.1377168	0.1003957	0.05616098
0.1128672	0.05832278	0.1666936	0.01294309
0.07417995	0.03577837	0.1657547
0.1180361	0.05138909	0.1914051
0.1304176	0.03918377	0.162341
0.0605781	0.01383844	0.221404	0.1059157
0.07273328	0.06886646	0.1926485	0.02163809	0.152106
0.0751344	0.04144152	0.1772814
0.1126544	0.04227469	0.173882	0.0998598
0.04148381	0.03535165	0.1642797
0.07891505	0.008405102	0.1919625	0.02030412	0.0571726	0.0898901
0.08269261	0.06449797	0.2218768
0.03641034	0.005350188	0.2040859	0.09588373	0.09701123
0.06451505	0.03447412	0.1843269	0.0454907	0.09829769
0.06870525	0.2077063	0.02579777	0.1218058	0.06517962
0.09966951	0.1820217	0.0813436	0.03995411	0.03097209
0.1042069	0.178707	0.04747619
0.05514811	0.1916648	0.06325186	0.05138332	0.04443621	0.07898342
0.08652835	0.1916648	0.02808717	0.005908483	0.04527791	0.1700003	0.008483503
0.09183544	0.1919558	0.0343534	0.04282215
0.09003227	0.2093214	0.04971753
0.08492532	0.2270151	0.05093003	0.09761395	0.1019264
0.07601976	0.1991226	0.02026287	0.09862788
0.1495844	0.1808206	0.05535363	0.04312912	0.101312	0.0828512
0.0885061	0.1965572	0.05012505	0.04436354
0.06598804	0.2047725	0.01985044	0.0206236
0.09567232	0.1903642	0.06217284	0.01808954	0.1124544
0.08782458	0.1899866	0.05153166	0.07068823	0.1446601
0.1135076	0.1724033	0.04406742	0.02476435
0.09930857	0.1592072	0.07252131	0.03482937	0.0628392	0.1148241
0.01704321	0.1601678	0.03353575	0.1031961	0.1023178
0.09671059	0.2002663	0.02650968
0.1276478	0.1978897	0.03182637	0.1400181	0.02489102
0.09054181	0.1796102	0.05212797
0.1532714	0.03096784
0.1338054	0.1087942
0.1558622	0.1403969
0.1662415	0.06030388
0.1302094	0.01323644	0.1562083	0.03879247
0.1765134	0.0457074
0.1661631	0.06710389
0.196499	0.007805841	0.1909994	0.1235553
0.1774148	0.01017163
0.2027093	0.05132119
0.09156199	0.0230777	0.1735644
0.1216165	0.02050396	0.1561406	0.0992882
0.1360086	0.06073109	0.1654543
0.07710755	0.03579201	0.1665289	0.05314875	0.1516252	0.1712462
0.1069019	0.06617764	0.1849464	0.09827185	0.03444274
0.1066026	0.03156358	0.2123802	0.09254413
0.09881574	0.07316826	0.2010738	0.0730385
0.1230338	0.03699561	0.1747438	0.06235014
0.0516632	0.004431726	0.1937934
0.1211499	0.07951626	0.1339415
0.167529	0.0377188	0.1516245	0.08870884
0.1906537	0.06409838
0.1311019	0.05532985	0.164013
0.05302086	0.0128835	0.1868254
0.06427156	0.1870765	0.05531226	0.05745877	0.07963486
0.1343415	0.2248841	0.07952929	0.03658293
0.06862116	0.1880139	0.01450292
0.1292935	0.1991043	0.0125622	0.02843065
0.06112799	0.01890762	0.1840835
0.1429774	0.05449568	0.201808
0.06797389	0.06028635	0.208177
0.06164933	0.04940243	0.2098455
0.2177185	0.03797329
0.23461	0.04754993	0.1630128
0.2443828	0.06250511	0.02125224
0.2186424	0.04172505
0.22558	0.07366615	0.04259992
0.08710109	0.01276797	0.1763425	0.1400857	0.0764828
0.09362764	0.02828854	0.186121	0.1518309
0.1283528	0.03902225	0.183678	0.110272
0.05437996	0.05583695	0.205459
0.100945	0.06540938	0.2124702	0.03820747
0.1213603	0.04560859	0.2124702	0.08472145	0.195039
0.1863101	0.05404068	0.2092125	0.1186505	0.09194259
0.0920722	0.02292045	0.1838204
0.1180326	0.02770505	0.1831292
0.1055441	0.03133386	0.1739666
0.08711496	0.01630832	0.1832305	0.1353999	0.1712517
0.1132226	0.03942715	0.1942047	0.1017277
0.09473632	0.043081	0.1783492	0.008265813	0.08534074
