SpeciationRateChanges
35.59424	64.29124	25.26018
34.54283	64.84208	30.90091	23.48346
34.33199	64.84013	27.21108
37.09075	64.59834	29.11454	34.61995	15.06194
64.6936
65.03276	23.71035	14.7695
64.99547
64.94323	3.383232
64.43035	19.65656	5.229805	12.66792
64.90305	22.43447	21.99272
64.34428	7.025427
64.35086
64.70719
64.86621
64.84588
64.81982	3.466933
64.87069	20.86848
65.05257	20.87271
64.63131	17.88204	52.97406	1.28331
64.84853	5.634234	2.840673	1.320896
64.73653	2.643728	64.53447
0.8586975	64.86785
64.82759
64.65464
64.91993
64.93596
65.13838
64.70245
64.92187	15.26537
64.62527	24.92044
64.40406	25.33016
31.86903	64.67592	30.36591
35.81067	64.97399
35.7812	64.76586
36.01578	64.72712	23.94602	7.396458
35.30438	64.73125
33.9528	64.29905	27.40992
35.51831	65.0253	18.1215
35.609	64.61612
64.63838	22.23071
64.67469	18.02731	5.336936	16.52223
64.44495	16.75187
64.89558
64.37489	20.34017
23.38223	64.9287
64.88271	32.52243	22.95006	1.474693
35.91709	64.70344	20.80472	14.42086
34.64534	64.89147	6.85052	21.94783	13.78859
37.07072	64.67643
35.10954	64.62684	23.1839	15.14047
36.30249	64.86566	28.12379
35.90539	19.90433	64.34363	27.88064
36.02238	24.38009	64.59798
35.96351	64.72532	18.62255	12.98859	15.25399	26.35079
36.15498	64.14627	28.99739
35.73647	64.71628	18.89838	14.60822	9.475228
33.00946	64.53447	56.85659
36.2147	65.0685
35.18485	64.85931	24.03312
36.22065	64.85931	2.417187	1.477693	35.71814
35.77662	64.98501	27.30205
35.65827	64.75864	26.25067
35.76959	64.87309	47.44192	12.70495	15.703
64.91156	19.45529	0.1144622
64.36794	19.43844
64.92975
53.76216	65.11254
64.81889	34.31725	23.51243
64.81889	35.94477
64.8311	35.54276	32.80133
64.8311	19.61915	2.39753
65.00232	41.76149
36.38951
36.14653	64.93017	28.80184	21.46046	35.34502	4.994213
36.11277	64.87256	27.8552	39.47488
35.51318	64.38385	21.32342
36.07373	64.66393	27.40475	20.77643	64.2591	49.80853
35.63691	65.03614	28.54265	17.0491	30.20967	9.986555
64.81725	36.55466	33.58534
64.81725	35.62726	65.83011	0.2433376	26.24257
64.92194	36.40221	27.50024	20.02524
64.38519	36.33005	27.2418
64.64523	35.10182	26.1698
64.78715	35.10294	27.91704	4.025344
64.78625	37.51333	14.23753
64.68727	35.57997	0.07648756	18.61022	39.21454	17.797
36.30718	32.81197	64.84848
36.36401	65.12158	16.2884	44.52775
36.55729	64.73943	27.44759
35.73376	64.50764
39.84867	64.87766	13.88419	13.46463
64.82316	32.62631	23.87311	4.660483
64.70649	35.77995	48.50108	7.299012
64.88769	36.22545	26.35647	34.49797
64.89834	35.92288	29.40023
64.94866	35.29984	5.131077	21.94851
64.89374	36.18573
64.90108	35.2123	28.77575
64.6224	35.56338	13.47486	28.16591
64.69345	56.33079	33.56501	35.57238
64.92132	58.40836	35.52248	30.74318	42.45842	19.89001
64.98944	36.35515	28.37624	0.1407593	0.3575198
64.84389	35.78689	62.01126	57.72518
64.43965	36.43955
65.20588	36.23223	13.95797
64.52712	36.40243
64.99059
64.11327
2.803852
9.710792	64.2661
7.399023	64.74905
3.333966	64.39671
6.008047	64.51934
0.5117915	64.65192
0.7189407	64.74368
4.39123	65.0025	63.8481
10.77994	64.43993
65.43484
64.90867	25.82735	2.944924
65.18001	5.484391	1.284676
64.91533	5.221247	65.37238
64.76545
64.91389
64.72363
64.82496
64.65345	3.641871
1.146927
0.9334216
64.81286	34.37547	1.197761
64.77139	36.07449
64.89602	30.8866	27.60043
65.09965
64.72263
64.762	22.14301
1.568044	64.70733	13.98932
64.82632	6.44803
64.57146	32.88871	16.0735
36.41494	32.11307	31.9211	25.18807
30.08131	64.35611
64.88982
64.84644	64.45273
65.25107
64.80635
64.84451
64.96049	19.39091
64.38577
64.90111
64.82999
64.9233
64.9215
64.6071
64.59235
64.85465
64.75221
64.82045
64.46091
64.83394	9.854611
64.89692	21.25165	9.696437
18.39334	64.6336	3.662502
64.8317
64.71732	65.65222

26.08836
64.59274	21.71786
64.72241	19.3006
64.85545	20.31724
64.76538
64.74406	62.55519	49.23755	52.42954
64.74162	61.14422	51.28179	56.14058
64.72441	28.75678
64.85091
64.84746
21.37686	19.6809

65.0363	12.58083
64.78709
64.83094
64.71878	12.3073
64.34819
64.81884
64.76669
64.59176	22.75392
64.59106	17.90478
64.60744	12.59987
64.72557
64.81881
65.07455
64.72841	1.278562
2.748132
64.88113
64.93598
64.73555
64.73612
64.8076
64.98987
64.71555
64.70298
65.20184	14.00758
65.05007	19.66842
64.63291	19.49735	7.418099
64.35895	16.2294	6.359999
64.7775	21.28969	7.954401
64.84328	21.87046
64.36305	19.55414
28.76999	64.75387	9.657085
10.50996	64.41736	2.477269
6.67042	64.76752	35.43534
64.83579
64.91653
64.84087	39.60889	39.05988
64.89295	35.76346
64.47541	35.96912	8.66729	32.55704
64.68902	35.46911	28.83307	5.035966	34.28765
36.44382	14.80951	53.55788
35.94833	64.73363	46.7286	39.12677	16.54459
35.7621	64.37879	28.2573	3.379412
34.84711	65.02621	5.816838
36.37764	64.97539	30.9592	26.07934
64.90332	55.84501
64.88406	60.07457
64.37479	34.63472	27.96558	6.66923
64.66234	32.41177	12.32844
64.40129	35.91285	14.05007	7.434799
64.93313	35.49417	34.89307
64.41226	35.02452
64.97169	64.78502
64.89568
64.7449	7.037329	0.8632509
64.43001	21.3915	9.771431
64.8536	19.24418	10.32528
64.87663	17.49272
64.87663	22.15496	11.16066	21.20227	21.60846
64.45098	26.0043
65.10388	28.86155	20.43893
64.81946	25.48827
11.15066	64.69134
8.671675	64.52891	1.982157
13.22347	64.88897
19.25201	64.86739	3.986066	48.24539
64.89434
64.72404
65.00487
64.81778
64.86211
64.77379	35.19414
64.46396	26.04086	15.17868
64.92825	39.86634
64.45876
64.63106
14.92847	64.9181
64.86752	54.6121
64.90022	9.666876
64.82424	10.56685
64.74293	6.443229
64.58708	8.622775
64.44953	2.330939
64.80383	7.43449
64.69619	4.31195
64.80137	10.80521	33.66593	65.1602
64.90879	59.2564	64.39022
64.94993	35.8308	27.96312	31.76758	20.07002
64.7285	30.65558	16.03722
64.2584	0.9521721
64.5395	0.4428118
64.8435	14.1404
64.93873
64.90123	19.49503
64.83546
64.54796
64.37414
64.98787	30.32175	9.372818	6.22755	65.78833
64.73821	35.93218	22.60961	4.04245
64.83857	36.43376
64.67923	37.03266
64.89717	36.03841	26.54183	11.78604
64.58387	36.43543	27.5815	33.61971
36.24292	64.92854	32.84579
33.12033	64.54814
29.46154	64.35181
23.49441	64.72884	47.97859	19.90196
25.53701	64.85422	38.30366	38.17918
33.22289	64.28529
64.81285
64.2897
64.78678
64.69394	59.05445	64.57592
64.87399
6.74854	64.82824
5.036908	64.84873
3.846811	64.89125	65.48168	1.313488
4.854587	64.82753
4.490082	64.63178
7.233052	64.37444
9.673423	64.7857
2.086385	64.73173
64.90129	36.14593	27.49866	23.22445	9.56798
64.83951	36.40835
64.83951	35.0623	15.22889	34.66467	25.00499
64.70299	34.02165	60.32
35.70372	25.42284	64.23667
64.82966	8.259745	2.018605
64.86618	36.99416
64.86681	35.25152	41.60157	14.9406	13.362
65.23281	28.24714	65.0965
20.19215	64.73247
21.55927	64.9283
64.4437
64.82063	19.50229
64.84754
64.74276

64.45797
60.55068	50.71687
62.17369	64.40217	22.33958	17.80499	51.46176
64.94515	23.04591	24.22082	53.2659
64.71681
64.34237
64.88438
64.81661
64.74841	33.52367
64.71566	23.4087	6.816897
64.98263	22.4191
64.93934	20.77701
64.74822	33.68313
64.62874	24.76859
64.75272	23.68452	4.427979	17.28283	3.1166	10.48571
64.36364
64.82904
25.13528	65.00989	8.989403
64.8443	13.00166	12.25201
64.63559
64.7612	44.79717
0.4668849	64.60764
2.232475	64.81569
64.79429
64.9057	12.02982
65.028	2.889312
64.64534	13.45297
64.5734
64.72555
64.59841
64.83399
64.70208
1.906651	64.58264
5.427904	65.3119
64.34476
64.87342
64.5434
64.88916	22.74623	14.44572
64.52896	1.732671
37.30514	64.59246	34.06142	30.68832	11.69346
64.74316	35.94155	1.569304
35.8363	64.67177	26.44166	2.150969
35.85733	64.76539	13.16945	6.319919	25.69659
35.22757	64.71288
33.88462	64.85486	26.42877
34.39145	64.3613	33.79589	64.49659
34.29707	64.40093	30.46497	65.8837	16.71649	46.23845
35.71895	32.97624	64.27528
36.06547	64.92476	21.73532
64.30511	17.40611	53.74898	45.13003	53.5652
64.88183	55.73555	50.58567	29.37573	58.47745
64.85217	5.609852
64.94049	13.27906
64.83483
64.70223	23.20737	8.038409
64.93933	20.28737	3.863498	12.01594
64.7218
64.5902	35.32113	5.15344
64.84068	23.91483	65.96042	14.48599
64.98653	35.53559	22.27945
64.84573	33.48859	64.9257	52.66852	25.59227	26.47773
64.35208	33.44689	8.617497
64.23764	36.18958
64.77123	36.14124	27.28533
64.5208	35.70693	30.70284
64.69184	34.11348	26.37983	23.58692
64.76463	35.95552	30.84563
64.85222	35.70087	19.11904	38.51881	0.6136575	1.102269
64.8556	31.03337	34.28068	7.732351
64.79544	36.11855	27.57564
36.4081	64.63525
35.4828	64.7363	25.1818
33.55604	65.1014	20.55331	1.859741
35.19943	65.01043
31.74531	64.48172
65.03094	3.001235
1.4697	64.8235
64.91187
64.82062
64.46163
64.52865
64.40713
64.25175
65.47066
64.60283
64.58459	35.983	28.96577	16.17247
64.58684	34.85224
64.40136	33.12248
64.82827	35.63729
64.82162	30.67348
64.82162	36.16284
64.30733	33.28679	19.52676
64.15686	36.08932
64.71593	35.17452	29.99209	22.10424
64.93571	33.80646	33.03986
33.03281	65.55262	64.78516
34.42041	64.99185	5.046184
35.58958	64.99185
36.36757	64.74792	31.57556
35.96571	64.96128	30.42246	6.403021
36.2716	64.38069	31.18145	29.39383	30.65735
34.9205	65.0994	27.02879	25.06438	63.57646	25.94761
36.40649	64.58337	28.18522
35.50271	64.60817	28.9311	9.062053	21.76777	11.80609	27.38832
36.37354	64.41512	29.29525	18.76159	17.57831
64.65258	35.74765
65.11665	36.40641	26.87219	15.38067
64.64478	35.01482
64.829	36.22218	54.31704
64.25568	34.85305	20.08321
64.5451	36.25464	30.75027
35.09211	65.42094
32.38733	64.75241	48.40311	48.12733
35.54494	64.83799	12.19583
35.54354	64.60479	25.83541	23.55925
35.93594	64.7264
34.59979	64.82151	15.2558	29.43226	16.12295
36.64564	64.91027	13.91038
64.4172	34.6697
37.65848	65.1691	16.04633
33.71537	64.71758	29.8863	10.88511
35.60466	64.45458	1.427784	27.59048	7.042597
35.20823	64.51386
36.39295	64.33841	52.24001	56.91081	25.24978	27.65293	17.25282
35.63879	64.8501
35.81607	64.68205	12.48111	5.10609
36.26665	64.8418	1.93494
35.25139	64.81882	2.304989	7.388939
36.43446	64.74357	29.75063	18.8773	23.35619
35.59928	64.84983
36.28412	64.89134	28.94142	23.29105
35.00384	64.81789
28.62886	64.82157
35.69313	64.58726	5.552199	2.720145	31.26355
26.14518	64.88503
23.96219	64.3695
22.96916	64.89539
64.87105	14.12012	8.004763
5.330605	64.85598
5.205401	64.18314
14.5901	64.88904	3.510079
5.394824	64.84474
1.01752	64.83629
3.434688	64.85016
64.76718	30.84272	4.307155
64.85096	5.23318
64.95375	23.93518
64.28504	8.880313	65.10032	5.649752
0.9972858	64.78206
64.60863	36.22465
64.55612	34.69476	44.49145
64.82286	34.82697	28.53929
64.76704	35.73103	19.27857	27.73838
64.71039	35.86205	31.29246	5.289566	0.3357168
64.70076	35.13937	24.94903
64.94204	35.98667
64.80951
64.70232
64.81254
65.014
64.73054
64.83209
64.72877	53.59457	46.1308
65.04475	44.11617
64.49656
64.38383	23.07282
64.35702
64.84522	65.35318
65.9441	64.39887
65.02098
64.81707	24.83807
64.75483	29.69055
64.54986	35.24035
65.05955	30.74315
24.43115	65.0664
13.00077	65.09917	11.74517
64.92641
64.62824
64.90466
64.83401
64.26846
64.70229	5.375309	1.034556
64.86212	1.087825
64.7621	16.47583
64.8779	25.12468	19.00196
64.8779	17.29607
64.92704	63.32471
64.87349
64.87976
64.61684
64.59945
65.12243
64.87461
64.60071	63.2043
64.63584
64.12382
64.86414	34.47022
64.81613	32.83405	25.23949	28.7274
64.35401	36.37262	8.265435	3.175623

64.58467	35.64497	29.63031	18.03449	21.35445	29.07091
64.75761	36.39477	0.8117725	30.24876
64.77631	36.36877
64.61582	36.37709	12.60973
64.76764	35.5379	27.09136	6.484326
65.07013	37.2847	26.7643
65.09447	34.76507	15.7228	28.75442	13.59623
64.6063	34.87898	13.83758
64.82112	63.39144
65.01467
64.97837	43.70808
64.73453	29.57954
64.59407
64.92159
64.859	19.26495
64.4312
56.12819	45.82349
64.82659
64.65231	65.94354
64.7403
64.99474
64.90729
64.9259
64.86659	36.32285	47.92111	19.17514	22.70713
64.74766	36.26036	28.80456
64.82623	36.17169	30.80729	64.68627
35.80835	64.85075
35.86228	64.79377	23.857
35.48426	64.63104	27.49239
36.59453	64.9374
36.45233	64.63096	32.14766	44.87646	9.302028
64.6414	22.39582	14.16906	12.02844
64.22363	28.83429	0.8222053
64.84621	36.38055	28.46683	16.89028
64.82393	32.65088
64.82452	36.43991	28.39666
36.28676	64.59776	31.10699
36.64954	64.8287
35.67209	64.8287	13.90336	12.60707
36.12414	64.81646	12.37006
41.19836	64.95757	36.08221	24.20223	0.4616607	29.62727	30.53728	35.02234	14.76803
33.19299	56.27097	8.344468	17.06517
16.32861	60.0761	64.52823
64.43192
64.89248
64.63767
65.11536
64.86361
64.84096	36.39017	30.96624	19.10642	56.31863
64.85351	36.05273	60.7109	29.97112
64.37886	36.62684	26.04849
64.27897	35.14923	28.51391
64.90567	36.45	32.46724
34.85472	64.28314	23.84618	27.54122	2.906974
35.65859	64.36444	29.38558
34.35968	64.85692	27.30099	2.222212
34.97046	64.85692	19.78908
64.86377	15.20625
64.86443	16.39237
64.54355	21.38361
21.99072	64.75363	9.913335
4.76001	64.99226
64.83833	30.14363
64.58282
64.82368
6.420001	64.77927	18.67889
64.72554	17.78495
64.7659
64.53918	58.32018
64.83837	34.68858	8.341642	3.204805
64.83837	35.24016	16.10336	19.6897	14.34835
65.57646	36.45415	64.5735	24.79206
64.29322	30.14254	23.4965	6.650866
65.24688	35.68732	27.30083	1.937241
64.80389	32.34572	11.52162	23.90681	8.983222
64.91329	33.21368	26.94058
64.86122
64.81927	33.74264	56.53905	2.279029	28.41989	41.46819	43.76381
64.84124	36.0628	28.62453
36.32116	26.37298	64.72078
64.72014	36.41715	21.97195	3.233889
64.72014	36.12519	28.65931
64.59938	36.18494	27.63712
64.85444	35.86507	27.67547
63.95795	36.00405	29.12525
36.40506	28.2469	64.54604
35.88688	64.71831
36.38707	64.36677	26.5283	26.41261
35.94932	64.67816	15.72207	41.01096	35.53116
34.80039	64.61088	23.09241
35.78432	64.74933	1.029982	16.37441	11.9312
33.41796	64.86533	22.41595
36.25434	64.75438
34.20122	64.71584	28.7384
35.5687	64.87371	31.20139	13.7295
31.69655	64.83787	29.26182	42.75705	27.26802
36.17993	64.29532	29.09441	9.443107
64.79318	53.75553	29.93419	24.25862	27.15606
64.72527	65.39783
64.26531
64.83421
64.8929	2.328139
64.96304	2.192766
64.76968	1.019767
64.3776	6.584112	3.922107
9.054942	64.73937	8.437704
64.8235	43.09402
64.8235	42.86444
64.88503	32.89443	23.0696	4.976526
64.86542	36.27161	28.10747	41.70708	21.43606
64.85347	21.86876	60.85517
64.72616
64.7219
64.70067
65.02077
64.8331
0.6797861	12.32781
5.473194	64.86013
0.841662	64.67446	47.53146
64.96226
64.62181
64.84922
64.87255
0.8985246	64.7552
2.558518	64.44182
1.109293	64.54098
64.81913
64.4637
64.25725
64.63796
64.78033
64.86366
64.69925	13.90687
64.88145
64.73704
64.92874	22.53884
64.43426	1.066631
64.82489	1.518618
64.84239	1.671924
64.69394	26.66801	7.506633
64.71442	1.70739
64.85191
64.86675	28.74056	27.642
64.82345	13.09674	63.0752
61.7299	64.67994	11.68269	24.08982
64.55553	31.30374
64.55661	65.15171
64.74243
64.57961	18.15335
64.82974	34.06978	17.43825	32.94625	18.46645
64.88969	35.74208	41.0832	28.87829	10.47464	38.93406
64.83565	34.4556
35.45949	27.40717	64.84437
35.10301	28.26167	64.72463	28.20322
36.10779	65.0641	16.04888	27.43317
34.51771	64.85543	1.898338	33.40445	21.33116
64.85469	1.4048
64.63629	4.333163
64.34362	35.92668	12.88789	26.50422	14.41258
64.36296	36.75407	11.45284	11.63902
64.7102	35.97507	4.607313	7.694311
64.82186	35.99155	30.13822	17.79218
64.8758	36.41138	28.57058
64.39522	36.03736	26.38167
35.25963	64.86547	28.75621	20.3819	14.67093
34.36355	64.97961	14.96919
25.29095	6.229375

64.90231	3.32463
64.60911	2.603335
64.94597	17.37519
64.25604	24.85333
64.89723	23.98292
64.83139	14.62321
64.72345	11.59901
64.40594	2.977725
64.87559	9.61891
64.84001	6.19339
64.5186	3.484335
64.35502	7.493304
64.69125	1.73659
64.83136	0.7421953
64.84411	0.6404727	46.92838
2.855398	64.73358
2.469267	64.73625
64.51679
64.83849
64.84896	48.172	38.26542
64.70526	55.8533
64.62825
64.55509
64.62193
64.83084
64.96132
65.14438
64.81214	35.31131	29.56981
64.67769	36.09325	12.13277	1.558134	35.92041
64.32405	36.4524	27.97143	31.5439
37.05653	64.25014	18.56518	29.71844	0.9634349	30.17935
36.34791	64.5837	3.98116	24.18283	10.66711
36.2599	64.25677	27.90401
34.91261	64.43277
35.47433	64.84373
34.9339	65.0864	26.88751
36.12222	64.62883	21.34598	2.038939
34.65215	64.77284	31.09279
35.44685	64.89967	28.47678
64.84255
3.217176	64.71443	0.1839546
0.08164204	64.30266
4.288044	64.90915	1.120387
5.317792	64.72744
0.9234978	64.84831	0.6365459
64.89994	17.54968
64.33461	9.237813	7.593401
64.41119
64.88666
64.82893	20.41145	10.61744	63.82942
64.86373	25.85368	1.174383
64.84597	34.72954
64.95647	33.30103	23.74707
64.55434	36.41975	23.20063	35.964
64.8486	31.98073	21.39597
64.91416	17.2243
65.88745
64.72987	24.50574	15.47799
65.03785	36.40633
64.85845	35.49555	27.99348
64.37992	36.13115	11.93165
64.53736	36.04721	28.14292
64.23921
65.02553
64.98853	1.174661
64.83107	14.0887	12.5131
3.437606	64.82686
1.086664	64.75189
3.435367	64.58764	0.867337
1.747937	64.70909
1.20511	64.79569	0.4917537
64.34525
64.50682	38.46247	46.76194
64.756	36.48157	28.01731
64.82331	33.88523	27.9495	30.13577
64.82331	36.69637	36.37099
64.82331	34.61076
64.18071	36.82724
64.54761	36.31964	33.33628
64.6257	34.92477	27.13563
36.80704	64.44744	13.29262	12.34689	35.80907
35.05296	64.7064	14.72561	9.190576
36.3134	64.62581	10.37402	29.84384	9.985483
35.64778	64.71399	27.90418
36.16654	64.35213	28.24305	35.2929
33.77776	64.86094	13.70653	59.82111	3.008365	31.84928	40.6375
35.86301	64.40132	14.24366	4.260201	18.20603	4.724392
36.16411	64.82794	15.77872	1.448039
36.27446	64.68484
36.35561	65.09792	30.48822
33.06241	64.29665	7.351251
19.04227	64.34515
26.47806	64.28996
64.82452	38.48764
64.71124	35.80886	26.90838
35.32621	30.22143	64.61737	4.697101	3.799496
36.35959	64.55236	16.37242	15.85235
40.20729	65.11431	25.60987
35.92348	64.1212
35.84922	64.59122	15.11051	33.48341
34.11504	64.8405	28.71862	2.062237	19.79992
36.33286	64.8405	28.83293
36.39527	65.00382	27.12203
36.20085	64.73086
35.88619	64.81792	19.55908
35.96181	64.61473
36.37989	64.27092	28.72357	9.883717
36.21689	64.58664	3.316803	27.96141	18.52849
36.71145	64.73525	1.204026	31.47118
34.56501	64.73525	29.17211	23.52486
35.91945	64.88079	14.02462
36.26718	64.74382	27.95686
35.03059	64.83759	27.94771	3.313009	33.23952
35.62202	64.51951
36.74635	64.708
36.40895	64.32723	35.46265	30.71129	34.20687
36.21668	64.7219
36.53134	64.72189	29.44595
35.98975	64.94067
64.94067	35.34016	63.36933	13.91596	47.85707
64.86916	33.96709	63.0002	14.77276
64.78994	62.1045	45.52778
64.8425	61.88706	45.13466	6.671029
64.28836	61.03205	46.6157	2.698884	50.05602
58.78513	64.33751	10.39816
64.8257	24.17469	22.38365
64.61076	13.6258
64.63724	60.96886	9.365955	43.29147
65.06048	6.971935
64.71946	14.71497	8.219581
12.21062	64.59298
12.60452	64.34702
64.52096	41.39049	8.502206	1.849986
64.83485
65.03038
65.03019
64.63295	55.99117
64.73309
64.6358	44.66074	56.22862	47.09668
65.0779
64.83703	19.93166	12.92803	11.7903
64.83703	29.29656	26.56893
64.86525	35.3873
64.86525	34.32833
64.76183	36.42278	5.384019
64.34183	36.34718	8.091663	4.83266
64.57483	34.48565	11.11004	20.53178
64.58096	35.92243	3.302226	24.21072
64.88174	3.549992
64.89826	5.278554
64.84233	2.962839
64.58158	12.16047
64.87593
64.96127
64.16643
64.70574
65.03709
64.82664	5.667829
64.93516
64.59701
64.60426
64.82227	56.03186
64.83872
13.04708	38.89713
64.93733	2.743986
16.16949	64.69275	64.90471
17.11599	64.35338
25.41007	64.84655
23.59211	64.66577
64.92722	23.57777
64.89781	65.65035
64.98186
64.76184
64.82565
64.69317
64.81885
64.87642
64.87836
64.88713
64.71567
64.55415
64.45718
64.77892
64.86114
64.72371
64.83866
64.7317	20.66773
64.93878	36.19466	16.68319
64.92018	36.19252	51.69133	45.80076
64.78634
64.74388
64.89936
64.82515
64.83623
64.82956
64.9926	35.77511
64.36695	34.869
34.91438	65.02858	28.24776
36.59271	65.13219	26.48548	7.16335
35.33985	64.89346	34.82809	42.58325	18.16389
64.7924
65.10682
64.60675	5.951055
64.97319	31.62309
64.37156	26.07781
65.53602	34.79113	64.85379	13.39508
36.27118	64.73847	27.05638	5.204276	7.197721	64.80799	64.12062
37.01845	64.95031	16.04371	29.26388	7.16333
36.5334	64.74891	25.30369	16.84489
35.84608	64.8455	19.92111	19.08288
36.43074	64.92127	22.72161	34.63582	17.4734	1.034238	27.51995
64.64245	36.17619	33.82281
64.7197	36.05977	21.53891
64.87137	35.22622	41.22911
64.83801	36.19119
64.95436	34.80916	24.11748	28.91797
64.72163	62.05635	28.43138	53.98018	36.32293
64.6121	62.10674	27.40684	36.32014	48.32872
64.81573	27.75873	35.9467	51.5135	62.12486	0.7780401
64.34891	31.11622	61.08659	46.58931	9.205415
64.55844	36.14073	62.02506	42.43772	15.23682	57.24019
64.85718	62.70896	45.4271	31.72068	35.49693
64.07639	62.10876	45.44266	22.17652
65.12052	61.99614	45.16626	31.28313	4.935683	18.33975	20.45671
64.75139	62.03342	45.16626	36.43719	27.11256	42.88071
64.7272	62.63532	45.16626	34.72543	28.00969	61.08387
64.63156	61.57598	45.21855	26.30365	36.41306	15.0615	11.1066
62.64071	45.50201	64.82768	26.38996	5.409208	32.74929	45.32131
62.05227	46.21836	64.91672	34.47218	26.56431	31.14519
61.79498	46.04435	34.06521	39.62153
61.94635	45.21598	64.95797	11.6637	6.300512
61.91257	45.58134	64.641
62.27871	47.96252	64.81972	34.93669	11.53333	8.361561	60.32531
61.92834	45.22926	64.81972	29.67514
61.92834	45.30401	64.81972	56.36136
61.87268	44.72368	64.28596	25.87317
62.15178	44.705	64.45315
62.25428	47.21223	64.88947	53.93227	54.0439
62.11575	64.8613	51.35665	39.19923	13.08584	59.39781
62.11575	64.8653	13.49166	45.92548
61.86789	64.83602	45.27001
62.14232	64.74077	45.41004	37.13573	36.64555
62.09758	64.74281	45.39819	7.440329	40.01538
61.95037	64.5433	44.84385
61.54899	45.27447	64.29431	12.39719	31.3186
62.08932	45.3262	64.2742
62.08932	45.44161	64.31907	32.99295	19.82738	14.42421
62.05723	44.80134	64.3736	36.60545	44.72041	25.95194
61.87614	45.1565	65.21146	36.19526	28.95869
62.01931	46.52437	64.91612	2.260206
64.91612	35.81539	27.25508	42.78	13.20625
64.72505	36.26499	28.43505	2.36222	15.94739	5.520221	3.881981
64.70109	36.18459	28.2535	2.038541
64.70379	35.37345	30.0562	41.52805
64.79156	36.20198	27.22634	12.79348	4.69895
64.40816	35.57817	12.81624	29.1928
64.54253	35.6113	64.39575
64.87255	35.81012	65.14902	22.26138
64.87255	36.14672	15.47408	5.283322
64.88372	36.36444	0.9900845	23.23677	11.91363	18.86306	30.82308
64.9908	36.19563	0.3755453	32.81465
64.74614	36.35877	38.74293	60.68715	65.36213
64.9036	33.2629	27.5463	24.18096
65.04117	36.15081	28.82358	4.16482
64.57424	35.702	12.93207
64.85642	33.42709	2.499589
64.91377	36.35999
64.55715	36.46657	10.75214	4.829814
64.88417	35.50028
64.62919	0.9708666
64.88111	2.596736
64.7833
64.73671
64.86539
23.95192	64.77323
64.69587	34.07179
64.92068	31.60983	29.59518
64.90468	35.25496
33.53805	64.30633
34.6872	27.50835	14.76952	62.59285
34.40901	9.880611	64.8168	29.29305
35.88626	65.09893	32.10907
36.39976	64.86737	26.3123
35.17834	64.9384	27.44138	16.48762	17.52307
36.41819	65.01041
36.3332	64.82023
35.98865	64.62681	11.13555	25.32912
35.99287	64.11913	16.17199
35.77727	64.66704	6.8652
64.82731	0.2425125
64.87595
64.59415	12.84495
64.72244
64.94784	8.678944	14.68526	62.21204
64.54109	3.1623
64.84283	58.10427	52.55225
64.80672	2.191346
64.34622	35.13762	16.29543	9.405638	14.38963	1.264518
65.00763	35.21329
64.7035	35.70563	32.14289	22.21943
64.70135	34.53831	8.667408	7.57849	27.3245
64.84627	33.971	18.24334
64.87708	35.92104	13.15614	17.92497	15.67634
64.85547	35.78288
64.85547	34.8157	5.38978	7.192432	14.85177
64.93418	55.96192
64.80767
64.70491
65.02107
64.84821

65.06449	5.597287
64.91636	55.18405	26.65012
33.82767	57.20821
42.25278
64.72689
65.16544	11.60704
64.71635	36.90734
64.42516	35.97781
64.79307	35.30491	28.53634
64.62913	32.43596	64.86073	15.49617	14.59891	9.003817
34.9439	64.70895
65.25711	25.63325
64.89291	35.70535	11.34011	14.17992
64.83919	35.79113	49.81074	26.96985	64.33305
65.00791
64.87704
64.58544
65.03247
64.19149
64.72753
65.32658	62.70254	0.6965865
64.81589
64.87691	27.93195
64.6258	38.37579	35.93431	17.99748
64.60474	34.87906	27.05851	14.48983	13.99686
65.03369	35.46069	14.612
35.7249	64.38495	28.31063	51.41849	26.25644	33.40252
34.09399	65.07922
35.79677	64.60211	30.6394
36.72779	64.79947	29.45308
35.08777	64.38821	27.76741	3.246122	8.76808
36.3813	64.34907	24.76312
36.15289	64.73729	17.04023	65.69393
32.33354	64.74058
35.75615	64.86306	28.49025
35.96033	64.7072	13.26878
35.35665	64.96951	31.02035	5.173555
35.16438	64.43427	30.03379
35.68934	64.78321	14.4885	27.02943
35.16058	64.32433	28.64389
36.63735	64.44291	30.62865	34.7041
64.91022	37.12509
64.85797	36.27695	5.682789	48.5301	20.68008
64.34626	36.3525
64.83645	36.24798	24.70364
64.69524	36.17704	24.56437
64.79842	7.216463
64.70122	4.837939
64.41695	2.217513
64.65098	0.711972
64.8939	8.013299
64.881	7.644475
64.84216	7.261984
64.74026
64.51825
64.46252
64.67348
64.96869
64.16343
64.55363
64.17536
64.85128
64.34682
64.46536
64.8369	33.47253
64.43002
64.6387
64.831	31.32192
64.831	34.29705
64.41842	6.12535	0.6579319	3.508483
64.89338
64.81665
64.82871
64.25932
64.70671
64.90309
65.3007
64.88287
64.29554
64.84697
64.85761
64.73404
64.7066
64.55482
64.57772
64.76988
64.92751	51.57445	46.70957
64.85372	32.65941	32.0659
64.54145	35.26817	29.46628	28.12371
64.75039	32.21009
64.5658	34.54985
64.51668	35.05756
36.16751	64.27655	20.87109
36.35771	64.42748	1.566157	27.09307
34.85935	64.25454
36.0378	64.79007	64.15064	29.1985	31.21593
33.81795	64.65495	23.9328
40.66787	65.06167	6.6684	33.50432	22.2705
64.61866
64.8979	23.67674
64.89706	29.25746	7.285584	5.538162
64.65905	18.52573
64.8681
64.88408
64.82411	25.94041	15.42702	15.32446
64.98631	32.54941	0.1279118
64.66468	3.480961
64.19814	6.109581
2.258183	64.65304
64.8276	3.58784
64.35708	14.08166
64.74149	62.29229	57.12837
64.889	60.98897	58.23978
64.58334
64.8998	28.82152	1.873946	24.91482
64.87659	27.99797	48.3276
64.89138	33.9607
32.63359	64.96953	21.52397	27.04208
33.69636	64.63631
33.32602	1.159091	0.9256864
35.86178	64.74837	6.797525
35.39509	64.76672	14.68204
65.08422	34.87343	26.69257
64.81825	35.47045	28.9609	26.3659	14.22322
64.70273	36.38746	22.51523
35.94806	28.81209	64.84915
64.76968
64.77396
64.90662	4.703295
64.81071
64.58558
64.59668	35.79584	28.47281	34.61809
35.98879	64.70475
36.5261	65.07247	42.85096
33.83209	64.72957
35.69664	19.71515	64.81754	30.35138	8.428198	3.011804	3.482258
36.13294	65.39475	28.43642	31.20954
35.13677	5.579683

64.78035
64.42954
64.63728
64.59793
64.35453	7.026443
64.70559
21.23772
65.07209
64.92766	34.96125	32.25659	26.20316
64.88475	36.05833
64.2836	34.32034
35.39747	14.22285
36.20177	19.94934
28.51067	3.745269	6.26663	64.37023	17.04739
64.7878	0.2529805	63.63813
64.34822	63.26865
64.82237	42.16419	21.36927
64.89763	36.48131
19.68414	44.12376	26.6473	65.04536	33.51708	21.80499
64.51649	36.04317	23.97199
64.91076	33.61968
64.69416	36.23266	17.6288
64.76176	36.26378	27.51277
64.29105	36.33418	55.96063	5.024846	40.51716
64.85418	35.39756	28.51953	12.94632
36.65754	64.86391
36.12086	64.74049	21.25255	30.95392	4.467813
30.1335	64.81607	23.60744	22.6234	22.17277
34.89088	64.96081	3.220038	64.4055
35.56551	64.89682	2.376129
35.45752	64.99016	32.63908
36.02368	64.3809	6.232504	13.77901	4.768106	24.63763
36.1662	64.25995	9.615145
35.36513	64.56808	27.86922	32.1612
35.58136	64.84293	0.2787872	23.89347
35.7319	64.75905	27.82834	6.531029
34.86377	64.7557	27.96407
34.85793	64.88184	37.95027	11.50702
36.61396	64.94866
35.03643	64.88623	32.54013
33.3178	64.88623	30.98711
34.94451	64.82474	65.5593	5.28942	9.370856
36.09101	64.8906	30.91578	20.22174
64.64067
64.60156	13.61959	34.239	30.67634
64.77009	36.11094
64.70235	36.12386	65.38782
64.86963	35.89692	24.108	14.38994	8.110866
64.86963	35.61894	29.33023	23.16719	24.68826
64.82868	35.03707	27.66954
64.86606	36.25593	27.51765
64.92124	35.77003	30.27383	17.5816
64.8539	35.64955	27.32638	9.240219
64.73659	36.3733	19.68716
64.83057	35.96532	24.35241
64.83572	36.12669	1.941765
64.59979	33.70299
64.58611	36.38701	28.70203
64.67473	35.46176	27.89737	17.05665	27.34736	18.71842
64.98787	36.36423	29.01682
64.94147	35.96847	1.273666	34.34479	27.71707
64.73287	34.91199	29.88759
35.33638	64.70705	28.16487
36.19082	64.90314	17.35389	32.26326
35.97097	64.70248	16.54235	11.2749	34.732
35.65923	64.6774
34.4989	64.95111	32.71229
33.76412	64.84317
36.41861	64.84317	27.05097	21.35645
36.3694	64.84317	24.39894
35.45557	64.88424	31.92993
35.0571	64.84201	14.00362	2.256214
35.44604	65.17773	31.81555	8.934093
35.3889	64.83353	31.99725
36.06507	64.5972	14.88538
36.17896	64.64806	8.188003
36.36951	64.86813	24.44853	15.97306	18.26219
36.02589	27.43632	64.83402
36.20703	64.94956	64.81088	20.28374
34.50873	64.82633	12.8791	9.968538
35.64527	64.82633	5.243225	13.91204	16.76064
32.96463	64.6207	22.57825
64.88555
64.60546
64.23288
64.91509	18.66196
64.89156	14.85924
64.83101	65.82988
64.71492	14.69908	64.22735	24.62918
64.95043	23.80716	5.147969
64.4277	23.58311	22.54191
64.85713	28.72848
64.97629	20.81851	5.956575	10.63468	2.680058
64.28502	23.23735
64.82025	21.80771	9.07407
64.93244
64.84923	36.27277	20.35478
64.75494	35.86079	30.63065	65.96787
34.49649	27.67664	64.59725	25.5123	4.069712
36.34999	64.4594	27.74427
34.76055	64.70028
34.81885	64.2523	30.98053	29.19572	27.11491
37.10478	64.85351	35.20806
34.89681	64.83496	2.525135	18.7925	3.713543	32.55037
36.19228	64.20819
34.61877	8.632513	37.59463
36.40466	64.74357	29.0754	19.08532
36.35362	64.85312	22.91097
36.54571	64.53253	29.70127	64.89532
36.27405	64.69071	34.20263
36.26094	65.24197
1.147671
64.7428	10.71716
64.89052	9.305778
64.92352
64.66441
36.16143	65.03283	21.94782
35.66156	65.08692
34.81209	64.91778
35.87207	64.58423	30.33868	65.70665	20.84729
36.17304	64.8587	34.11802	18.12487	28.92599
34.64395	64.33615	27.64629	58.38318
40.77471	64.63189
35.54509	64.87283	28.60314
33.56838	64.93585	23.67805
36.40513	64.89477	31.03368
35.47717	64.92789
35.64094	64.84598	28.04178	34.572	34.31227
36.06562	64.78366
36.25336	64.88309	15.0009	11.44226	17.91847	25.22103
36.33044	64.54396	32.07065
36.00948	64.93108	13.03858	48.80097
35.25777	65.00334
25.75863	64.70987
23.40052	64.74597	48.86558
64.91261
65.16118
64.78396	20.92935	18.03656
64.94096	16.96679
64.93989	33.8158	7.472878	12.2007
64.96022	35.8836	30.91065	8.488932
65.00373	9.502598	6.560845	65.82844	1.351008


64.91909
64.87755
64.93278	40.84404
64.72073	23.27723
64.85554
65.08625
64.66735
64.85482
64.88254	64.96243
64.80444
64.81965
64.88473	7.260576
65.0269	8.725442	29.91973
42.35064	3.433063
13.34341	64.61338
12.80994	64.8176
64.92078	34.77669
64.83007	22.74705	0.5672235
64.92267	26.61976
64.75476
65.11905
64.60194
64.54136
64.72145
64.8432
64.93643
64.33631	39.63776
64.94591
64.87819	31.6386	51.21574
64.2511	21.75876
64.73617	35.71679	27.50846
64.72735	34.31798
64.5805	36.27233	33.48878	26.155
65.28949	37.91595
31.66086	10.95071	3.161454	64.2216
36.1375	64.45834	52.22603	49.31066
64.65663	35.72414
64.84733	35.40071	28.86971	32.53793	24.23838
64.23431	36.7088	25.01047
64.77677	35.70178	27.89486
64.81999	36.59072
64.90783	36.33215	27.5209	64.40037
64.71057	36.00882	28.24351	5.35066
64.6114	35.95279	4.530065
64.85402	36.17852
64.75479	31.05683	2.516839
64.51606	35.58882	14.4529
64.85728	35.61915	27.32482
64.30447	34.98687	32.67667
64.84903	35.22647
64.85882	34.60066	28.68244
64.73997	36.17153	26.53256	55.42966	64.36933
64.84911	36.31003	28.56575
64.17051	33.67171	8.557396	64.41592
35.65503	64.8024	13.77393
35.69088	65.00537	5.322028	19.4862
35.80095	64.88669
32.25329	64.8284	37.20048
32.49332	64.79547	24.9887
33.42295	64.83338	15.18254
35.91639	64.93059	23.26812
34.99922	64.85813	49.13786	8.58284	14.88927
34.86494	64.92738
42.05226
35.05632	64.26881
33.4733	64.52122	27.47352
35.18531	64.92674	4.179268
33.98188	64.14836	21.32384
35.60367	64.90266	32.39518	13.58485
36.31434	64.76617	12.40556
34.59761	64.27877
35.15984	64.95326	30.58613
35.69195	64.97272
35.39518	65.11411	26.26522
33.96216	64.74275
34.3152	64.73972
35.71387	64.72038	13.54803	30.33602	22.41492
35.5168	64.7229
31.67138	64.93861
33.42933	64.47028	10.90041	34.76163	13.59023	4.877565
64.90692	36.40165	15.39517
64.90692	35.77481	30.50918	42.08588	9.985197	61.98184	4.812154
64.98682	35.34282	44.7787	62.04188	3.780829	27.81847	12.34286	18.41612
64.30859	36.34573	45.35266	62.08918	28.27243
64.47405	34.52481	46.84325	62.08918	26.32105	38.26998
65.0059	51.10113	46.34655	62.49364	20.70008
64.32409	45.48542	32.9458	57.83252	61.78767	30.24817
64.90414	46.1981	62.17937
64.88729	45.76459	62.336	37.30363	37.87645
64.78153	45.58748	60.82864	39.55583	24.02223
64.94518	61.72834	45.55289	8.868717	33.38221
64.978	61.103	51.77156	65.85523	26.19172
65.03004	62.67721	43.47422
64.66286
64.82699
65.0693
64.86979
64.90288
64.71325	1.896014	49.92135
65.14315	9.855689	39.32181	39.12691	37.67887
64.94773	24.55799	18.76596
64.72595	26.13804	48.02291
64.87089
64.94507	19.69734
64.74493	31.47193	31.29521
27.48319	8.979812	64.76201
25.06781	64.7148	4.917388
20.60327	64.89206
65.07363
64.94025
64.85896	12.58606	10.31164
4.715321	64.60973
22.61359	64.93245
64.96616	7.569144	49.73791
64.93291	52.80379
64.92911
64.51681	7.315952
64.83548	1.021886
64.95676	1.252118
64.34514	21.34664
64.84715	21.88193
64.84715	17.06146
64.83097
64.91572	14.06381
64.75657
64.69974	7.031594
64.51998
64.14437
64.98052
64.87251
64.73758
64.88763
64.89978
64.32918	33.23018	12.07319	17.51968	58.26525
64.58066	34.62967	30.09191
64.47645	35.26631	7.467649	14.73459
64.92817	27.76532	9.489303
5.436087	64.93669
2.264218	64.74511
64.48083
64.59609
64.85519
64.72442
64.47098	65.88361
64.59547	26.31382
64.62623	22.25134	1.873836
64.78619
65.00543	19.22303	2.251514	15.78035
0.7580513	64.18413
64.94148	51.54676
64.83538	9.93336
65.04184
64.40902
64.85754
64.82345	24.26309
64.81685	25.48645
64.77561	20.27635	18.72097
64.62338
64.71558
64.87681
65.00161	56.27097
36.3411	28.66722	65.22693
35.81489	65.11918	31.13829	64.71917
35.85373	65.11156
35.94154	64.76135	25.55727
35.28806	64.51897	27.37849	12.13219
35.78849	64.84432
36.44932	64.84432	22.60901
31.88524	64.88673
35.72697
36.79741	30.04315
34.50905	26.42025
36.43848	27.99906	64.78725
34.49211	65.00277
64.83571	20.8135	6.125832	0.6852026
64.59834
64.7049	35.41269	34.60901	33.91999
64.89066	36.55065	15.22847	34.42857
64.3706	35.22437	16.93377
64.62095	34.57955	0.9313439
65.22447	36.05615	27.666
64.67268	31.64046	17.53259	11.24069	16.38074
36.0272	28.14437	21.50751	13.63915
34.16634	20.03533
36.31173	64.92602
35.83452	64.57826
65.1533	33.80155	1.549465	64.91035
64.37687	33.66825	60.80694	18.27081	2.547117	54.67742
64.35355	36.20127	4.91104	50.00759	1.31617	21.98762
64.4122	36.39	14.37831
64.44514	35.68195	30.21824
64.89691	36.14535	4.687912	29.96374
64.76635	35.53118	17.86867
65.09862	34.64665	19.08666	32.54379
64.65807	36.26026	28.96121	0.8221901
64.93678	39.52551
64.93372	40.3113	13.45129	38.22366
64.85832	32.23208
64.66262	15.36414	14.8345
64.87416	1.614785
3.516157	64.99056	0.8688635
2.118835	64.55161
64.90453	17.88298
64.91287	23.82048	0.6095464
64.3507
64.84126
64.82438

51.23392
9.435217	10.71235
2.473011	64.5669
3.260548	64.95077	62.53287	62.01917
10.30662	38.44612	52.07346	64.69008	21.968
64.97757	44.84048
64.81648	5.572064
64.85393	3.937926
65.01392	2.002552
64.37068	10.92072
64.86534
64.8235	8.766137
64.75997	0.9612302	3.610286
64.66736
64.58587	26.46545
64.85748	33.67478	56.63572	23.32874
64.85426	35.76035	14.66029
64.85426	35.65309	30.09437
64.85426	33.10241
64.71352	36.07052	8.277873
64.55994	35.89289	27.1898
35.36766	65.21885	26.67543
36.25377	64.58655	34.09461	20.42352	29.22789	5.031842	21.9471
36.1483	27.82673	64.58898
35.98491	64.58898
35.53617	64.89563
36.63983	64.55837	4.42076
35.54016	64.60837
35.58284	64.36609	10.93452	14.40071
34.24126	64.85437
36.16371	64.85006	31.38505	16.79559
35.54682	65.02502	12.18528	1.147678	13.91845
36.28791	64.8435
37.4255	64.60332
33.38799	65.03614	6.934553	7.471677	4.427644	28.87152
35.71935	64.91923	7.227463	16.23307	17.89737
34.77553	64.89623
35.31432	64.83858	33.22726	35.41418	19.95704
64.83954	35.08284
64.90691	35.15558	29.50414	22.48281
64.99519	36.53271	1.243658	4.835583	14.9945	33.52861
64.6812	13.53878
64.88574	13.06345
65.00713	11.74584
64.27573	18.96833
65.0181
64.8965
65.01658	1.866468
64.82257	21.13482	11.30995
64.83004	9.740202	25.52995
64.8799
64.37512
64.87619
65.01215
64.81855
65.01937	25.17225	9.324421	1.059236	15.74346	64.2718
64.43852
64.9018
64.88336	8.089095	52.63599
64.77554
64.82609
64.83392	35.68072	14.25772	48.47834	52.40784	16.93006	7.168153
64.83392	35.71995	16.58455
64.91121	36.61313	26.85577
64.78216	33.22501
35.28181	55.48081	54.6057
35.7562
36.44712	3.601621	27.53057	7.929956

37.04466	64.81494	34.02401
36.22633	65.14422	64.77128	26.2487	24.47696
33.44721	65.04138
36.23726	64.8229	27.44348
35.73397	64.84117	27.37816	21.7772
36.24005	27.76312	64.82154	17.19256
36.83893	64.78262	27.45487
36.35818	64.73886	20.26505	61.51884
36.42044	64.60752	30.23679	35.62895
35.62409	64.71065	30.12303	4.841709	14.09852
35.91568	64.70873	27.80752	26.07132	27.55119
36.34769	64.79384	27.16751	27.55612
35.45871	64.43202	11.73446
35.69666	64.87091
34.95553	64.86941	19.98779	2.897571
36.49557	64.72197	23.09014
36.49434	64.85706
36.42865	64.26443
33.04238	64.82391	8.040355	11.80374
64.63242	35.79513	17.07664	8.349213	1.568586	27.92669
64.86966	36.0913	29.72696
64.89859
64.8983
64.68233	21.45017
64.91006
64.84005
64.76479
65.07215
65.05144
64.95617
64.77276
64.96942
64.95775
64.89033	23.08373	18.454	53.24151
64.91906
64.56373	35.25823	8.746973
34.17454	64.34514
36.05717	64.87009	28.26042
36.40277	65.06817	20.11235	30.23793
39.20495	64.8869	14.7029	33.63391
35.80655	64.73886	26.69683
36.29334	64.77692	27.82926
34.07787	64.81816	27.68659	0.2564409
35.49721	64.91639	45.80264
36.08492	64.83735
35.84026	64.44671	10.39055
64.7347	44.29613
64.8333	16.85162	58.45877	17.01814
64.74162	1.582802
64.84313	2.552817
64.58941	3.192584
64.93519	2.148175	54.13003	64.32932	49.84341
64.78135
64.25651	32.24668	28.58907	21.09048
64.72937	35.4009	14.9599	52.59063
64.86718	35.96082	31.39929
64.44222	36.49104
64.37931	35.96861	28.2265
64.45802	35.58225	10.13629	13.53924
64.61413	36.18346	32.9744	6.056865
64.60663	36.41225	19.45369	18.43206
64.64059	35.59297	34.1487
64.87049	36.5414
64.9819	36.15311	0.08879603
64.91974	35.39776
65.0768	24.95683
64.85928
64.95398
35.84878	30.90871
36.18918	29.09534	64.34933	21.44655
35.99983	29.43453	64.32636
36.84333	64.82504
64.82504	41.35457	29.58724	60.04794
64.88071	34.37158
64.90434	36.11639	0.6458778	30.51546	19.4905	12.47976
64.77921	36.26824	27.23407	46.2025
64.87911	35.18287
36.34077	14.36216	30.86784	64.4509
35.78266	27.08117	64.07775
35.89008	64.91956	28.76191	25.31943	21.62922
33.61527	64.91956
36.24401	64.92452	27.57083	2.459081	17.03476	24.48667
36.31203	64.87583	30.13829
36.1417	64.62922	27.22936	4.614366	21.773
64.5451
64.74062
64.83894
64.86133
64.71018
64.88032	4.588502	2.232685
64.83974	5.702502
64.3327	26.57749
64.46441	36.18998	31.64376	2.999098	29.66147	23.53134	11.10022
64.75566	33.83561	5.540108
64.87594	36.03361	24.5446
64.92054	36.46985
64.90615	34.90357	6.798806
64.84982	34.79182	27.14565	2.793022
64.90395	36.52889	28.94808	12.07934	18.40851
64.67781	36.1968
64.5609	36.14566	27.58606
64.8329	37.0392	13.25834	27.59637
64.82193	36.52158	26.75705
64.84892	36.16841	29.13322	7.850045
64.84892	36.10003	27.12264	13.28699
64.84892	35.86294	23.48745	16.562	32.79243	20.833
65.06164	34.49109
64.86183	35.59676	25.71683	16.53454	16.22816	27.98455
64.59601	36.03205	28.96902	18.91803	26.51189	11.83978
64.90758	30.35707
64.86791	16.67463
64.52376	18.07242
64.88138	30.35943	12.17741	10.65565
64.2994	20.23943	16.47988
64.57818	21.9339
65.55713
64.94056
64.5218
64.86946
64.46427
64.71094	2.932468
64.95118
64.88792
64.87658
64.87658	23.79322	1.897868
24.38315	64.28901	1.491084
28.51498	64.91149	64.58559
34.99387	64.38078	11.51007	15.31498
35.51316	64.59047	28.67837
34.86069	64.23297	27.29919
35.75611	64.75509	20.15642	25.56224	7.757076	0.5337116
64.99317	65.86555
64.74001
64.12585	8.465911	4.476341
64.4112
64.61942
64.85227
64.82259
64.90153
64.85346
65.03318	3.322179	1.063581
6.258094	64.91844	5.000448
64.73437	59.01181
64.97177
64.22879
64.74886	18.60669
64.70469	21.49335	11.4761
64.72054	20.07628	1.387436	20.07482
64.32057	35.08113	12.87065
34.79714	64.2749
36.35339	64.75903
35.58009	64.88897	7.959654
35.49289	64.5979	28.03423	26.95681
36.09393	64.37668	29.86172	6.903904	5.713715
36.5193	64.8625	18.61681	19.16875
36.62859	64.50627	10.18641
35.07567	64.32146	16.08532
35.4364	64.91898	32.61705	1.832783
35.25125	65.68233	3.33709
35.92096	3.225243	7.627261	33.80132
35.16241	64.38135
35.89231	64.94293	27.81812	7.927412	25.58323
35.67593	65.00843
35.90337	64.76732	24.83902
36.4381	64.90677	27.98421	9.714251
36.45052	64.71872	28.8041	1.455785
35.64661	64.58324	8.681563	11.75059	21.62103
36.14079	64.87031	53.3027	50.6262	29.26289
35.24496	64.76441
34.75656	64.64873	26.71703
36.54619	64.52431
34.84752	26.96604	64.70122	5.689631	1.265217
36.36262	64.72596	30.13559	24.65642	26.08723
36.39082	64.89254	27.24441	3.815627
35.44334	64.72135	28.02017
36.49154	64.60711	19.56213
35.87328	64.86028	27.31207	49.31869	60.82335
36.04857	64.51462	27.38091	7.352445	35.4353
64.63311	41.61918
65.0592
64.51569
64.82016
64.74328
16.3429	45.59092
18.19231	64.70576	12.98931	17.75702	5.47096
23.42599	64.57284
12.8944	65.00963	10.35106	64.81583	8.989098
21.07481	64.89057	12.17639	20.99485
13.98143	64.70591	22.79558
6.019866	64.6696
3.867751	64.82162
19.20393
64.70682	65.55013
64.53682
64.83599
64.70701
64.89036	3.866028
64.82817
65.07111	10.26757
39.74016
64.88978
64.70321	62.86811	36.48063
64.5652	63.90004
64.88464
65.1875	58.64313	64.98373	41.85744
65.45979	31.48217
64.44884	24.31539
32.75785	64.82438	28.45697
31.54036	64.62643	17.60349
30.90718	65.53547	14.94694
34.7181	64.12521	59.35326	50.34648	23.30901	11.47312
34.25125	64.36774	61.97087	50.26764	4.828019	48.91468	11.90816
64.85502	35.29203	55.13462	13.41335	25.81699
64.73346	36.13586	8.944126	31.28799	4.235158
64.88002	35.52547	14.97391
36.85333	64.59009	4.359662
33.11327	64.71388
36.40583	64.6212	19.12558	4.29369
36.24577	64.70861
34.61709	64.44104	29.09215	14.4604	1.595158
35.87879	64.72319	13.97865
36.24876	64.72472	14.63047	18.69828	20.5699
32.0907	65.23427	8.611952	2.615185	28.51494
19.49195	64.82671	12.61645
65.04193	23.30683
64.34538	13.27078	5.352346
64.89795	5.188404
64.72557	64.51194
64.86726
64.95162	36.94912
64.95616	24.66939	41.00443
64.84159	33.62994	10.72947
64.61301	35.11318
64.82615	36.12172	28.29626	6.574617	1.41716
64.90248	21.94923	11.79764
64.84618	29.85932	14.34199
64.94132	23.20631
64.89795	21.10309	15.73527
64.72513
64.8585	3.177829
64.62728	13.69001
64.80138	29.74631	18.96374
64.94805	22.32876	7.46495	3.093802
64.8305
65.00732
64.91666	18.61466
65.08806	35.1221	10.56577	10.04144
26.74509
65.17318	65.74388

64.82558
64.92717
38.01223
64.98607	54.46229
64.78379	35.31026	31.38518	9.91157
33.32995	1.886786	59.88465	50.4334	53.06285
36.40346	64.41944
36.4843	64.63686	28.61492	16.15379	25.53341
32.71867	64.97701
64.91017	35.29361	14.13836
64.98131	3.02536
64.84835	6.775539
4.752793
64.81744	9.069951	5.82383
64.91367	3.79322	29.32107
64.60057	34.11372
64.41596	28.2083	27.42277
64.11449	32.55926	2.190108	29.93384	64.65482
64.64923	33.53922
35.93402	27.8177
36.30711	64.94172	29.03338
36.32211	64.60178	27.0521
39.57575	2.907026	64.9074
64.66959	36.16568	23.47234	36.12518
64.8775	36.36401
64.8775	35.96746	50.4138	58.66484	55.23269
35.68721	14.64955	38.19544
35.52593	64.34691	7.255744
35.93092	64.83195	14.49447
65.11941	1.115106
64.81925	1.821481
64.76673
64.82824	5.529578	16.64106
64.91632	4.092321
64.48648
64.61003
64.78782

64.25806
64.4467
64.9203
64.81894	60.70461
64.47974	28.11341	13.94775
64.63336	23.78562	11.51698	18.26754
64.91309
64.81728
64.5927
64.96314
65.17982
64.66416
64.81802
64.94062	2.226517
16.75919	64.41031	11.14249
18.69932	64.88068
64.91134
64.88849
64.7563
64.62193
64.82435
64.91537
64.88157
64.90847
64.73193
64.83758
64.83844
64.86885	35.92425	27.14831
35.81645	64.70263	27.66844
37.13183	3.748686	64.70461
35.85185	64.41307
34.37858	64.35939
36.20356	64.40586	17.62068
32.99307	64.87346	15.13255
35.709	64.58195
33.6036	65.0019	64.26721
64.71514
64.98499
64.72522	42.36357	35.61004
64.88389	36.15337
64.53029	61.043
65.15659	65.82942
64.82747
64.73973
64.74807	18.40163	14.85564
64.9405	20.98491	59.90971	19.07118
7.06885

64.96701	33.23733	6.311683
34.79269	28.35179	63.76101	13.12113
28.87631	64.71724	62.14078	22.79421	10.59727	0.5404495
22.95038	64.85063
64.52194	20.85832
64.58179	24.25986	6.014317
64.67054	24.65281
64.62508	25.6227	57.75753	25.58057	53.88571
64.74405

32.97306	62.1957	57.9861	64.72124
35.77379	64.75103	27.49216
36.31273	64.7924
65.07996	23.43483	64.49217	23.38735
64.9465	17.1822	9.181896
64.87995
64.75034	1.719554
64.8922
65.18474
64.99367	58.34095
56.331	35.89946	2.64912	24.29902	16.23938	27.23158
35.71969	27.37617	23.30857
33.68644
33.99773	64.78	7.952797
64.36401	55.86589
65.01711	27.14109	64.97608
64.42184	36.07838	14.76263	11.60275	35.27654
35.95758	64.71342	11.5249	26.34775
35.11211	64.85832
33.49554	64.70507	28.01903	32.82853	18.17361
32.87314	64.89491	9.312956	9.134981	29.86531
64.95012	0.6894683	65.65676
64.95112	2.591177
64.84104	13.48194
64.66199	43.88194
64.86135	34.53933	21.26175
64.67171	36.04583	65.38039	33.92155
64.91399	24.99413
64.85084	31.45783	2.54429
64.85084	34.57359
64.86364	36.24917	28.77131	29.8353	19.62979
64.37824	35.09574
64.86837	36.37433	21.85098	0.5755819
65.55744	35.78991	20.17824	16.58247
35.45418	64.34838	2.054734	14.98294
34.83879	64.11982	26.19464	33.69049
36.30973	64.70366
36.3953	64.36119	7.012727	25.23947	9.489988
35.72514	64.81967	27.09579	11.25596	25.61164	27.35401
36.52325	64.81967	15.74331
34.89314	64.71677
36.36355	64.44511	2.184407	3.635692
35.46906	64.73108	10.97936
33.34697	64.8067	19.71309	18.84663	20.96484
36.30654	64.91305	8.838304
35.73699	29.56281	65.03869
36.2674	64.7732	27.44906	24.78628
36.41505	64.70453	19.71478	0.5491822
35.09758	64.91756	29.14892
36.04492	64.39248	28.22302	31.98375	7.3558
36.61358	64.95416	9.508307	0.1802494
36.02157	64.84689
36.2778	65.22661	64.84306	35.29572
35.36039	65.26725
64.82999
56.05136
50.08086
64.76418
64.9623	61.25936	64.24798
65.07058
64.35768
64.8552	55.77568	65.85273
64.86215
64.93224
65.00088	2.686561
65.0636	41.50461	16.47224
64.44666	30.95955
64.66635	35.20805	27.2109	21.23308	53.21029
65.09824	35.84868	34.31904	28.31083
64.59906	35.96297	17.63063
64.57157	35.43403	17.20507
64.84478	36.4648	15.69431
64.66823	35.80031
64.80704	36.58862
64.86768	53.12575	51.56174
64.41098
64.36751	25.32801
64.3862	35.83691
36.16441	64.72076	8.537969	12.42113
33.79094	64.92208	30.9573
36.16276	64.8747
35.69453	64.8747	29.88236
64.86553	14.16647
64.37549	3.08797
64.90639	3.107249
64.63978	2.552783
64.75609
64.6209	64.44197
64.68173	65.18179
64.84062
64.42041	65.44425
64.84082	12.1832	4.76272	8.681189
64.75852	23.58312	20.04393
64.90379	24.53916	13.16464
64.60552	35.44985
64.17328	35.48264	22.6163
64.84455	35.55481	10.10269	33.40288
64.81085	36.11304	26.57838	29.30067
64.82182	18.6165
64.8272	19.2646
64.8272	20.46281
65.00499	41.08674	17.80723	52.2509
64.83801	36.43193	4.597608
64.55703	36.38757	28.35517	17.89982
