SurvivalProbabilities
0.0395346
0.03117363	0.853326	0.7537314
0.01641665	0.8196131
0.03028178	0.7688419	0.8963267
0.03863967	0.03547008	0.8748152	0.4563744
0.03108833	0.2434113	0.8163125
0.051255	0.07289806	0.6386959
0.0501366	0.1616405	0.9931804	0.7290195	0.9648393
0.06625474	0.07212018
0.05304409	0.08969061	0.9502626	0.6346397
0.1751574	0.1447501	0.316274	0.04340086	0.6860663	0.7389601
0.04682385	0.08180854	0.8999289
0.06542314	0.2032632	0.4909874	0.2407949	0.5575382	0.8629814
0.02378981	0.05679302	0.9738852	0.2852463
0.02744883	0.2294203	0.9227367	0.839138	0.8494784	0.8134277
0.01653267	0.1347157	0.0159874	0.7346833
0.02902343	0.05373879	0.9885168
0.02502716	0.1390765	0.8905521	0.5505306
0.0555323	0.08313319	0.2567885	0.644736
0.1303914	0.1382376	0.361851	0.8386468	0.6928448	0.561606	0.864286
0.05194097	0.1187494	0.0959045
0.05104116	0.09566138	0.4776222
0.04372673	0.1874472
0.03236801	0.06117298	0.1360445	0.8923444
0.03236801	0.03336069
0.03509021	0.02596176	0.9997157	0.4562279
0.03447948	0.03003619
0.02869453	0.1365149	0.8340779	0.970762	0.8800308	0.2185893
0.0166314	0.03708007
0.01130151	0.1606966	0.8365406	0.9643752
0.004501545	0.1208616
0.004501545	0.1999024
0.007744428	0.4834066	0.1813987	0.5770215	0.2545825
0.02025722	0.4706991
0.03807473	0.5273956
0.0525406	0.8441178	0.5474267	0.6008367	0.7745014
0.03048617	0.9073266
0.0277335	0.4735643
0.02531506	0.4586698	0.8264023
0.02418619	0.101979	0.8765965
0.03091999	0.09572954
0.0294626	0.06546419	0.4908314
0.05403256	0.1671649	0.9852465	0.5902608	0.8173942
0.01189405	0.02242525	0.9997313
0.02662852	0.09332141	0.6504737
0.0395108	0.3393013
0.04792729
0.03971513	0.6132142
0.06807149
0.1347908	0.5648333	0.2791928	0.8158142
0.02425528	0.986661	0.9602274
0.02742032	0.462581
0.01831046
0.04286997	0.4942676	0.562345	0.4260575
0.02004459	0.9403671
0.02004459	0.9733736
0.05721938	0.7951746
0.04380118	0.2744884
0.05354067	0.6277126
0.03533315	0.9877766	0.2488687
0.05747554	0.569022
0.03872487	0.7396082	0.6674366
0.0568189	0.664018
0.02937016	0.1327961
0.02250441	0.06991701
0.02727125	0.1274345	0.4812146	0.674136
0.03617777	0.02856538	0.4981414
0.03395364	0.7755105
0.06328709	0.6289657	0.4580018	0.817861
0.07977065
0.05910457	0.9797756	0.3387958	0.3797168
0.08021732	0.2431228	0.388524	0.3002359
0.05134287	0.7802071	0.8052296
0.09645926
0.04831072	0.9636543
0.07710122	0.3883509	0.20933
0.05294035
0.1576449	0.9436763
0.1996671	0.243702	0.3685543	0.6592247	0.7323051
0.1467923	0.2916429	0.1481015	0.3801076	0.6002714	0.3811127	0.9239997
0.123042	0.1257057
0.3942205	0.1052446	0.4121182	0.828491
0.01689556	0.4334355	0.4808402
0.03280714	0.2115387
0.02738706
0.104912	0.7705366
0.07411552
0.04656751	0.7803817	0.8196044
0.03622577
0.08516553	0.6183181	0.7399327
0.03024809
0.02079431	0.1544013	0.4838881	0.9210709
0.01567486
0.02149036	0.5561047
0.0387499	0.1955616
0.05261972
0.07951994	0.5609508
0.01028631	0.8051529	0.6859963
0.01608828
0.08799232	0.819399
0.1149104	0.8314743	0.6755391
0.03376835	0.7041749	0.3395861	0.4640679
0.03283962
0.07272636	0.2580619	0.7866213
0.04149886
0.03635034
0.04040699
0.05175374	0.3609412	0.4936194	0.7781197	0.9407127	0.9858233
0.05893416	0.0411756	0.5585332
0.08782057	0.1598989	0.5262184
0.03881624	0.8518259
0.02309176	0.2906886
0.07085772	0.655344	0.389425
0.04434826
0.01123351	0.5158627	0.4260161	0.2738209
0.01123351	0.0646539	0.7103516
0.02308856	0.04511538	0.9294007	0.6491579	0.5441664
0.07433913	0.1357085
0.05515138	0.1799879	0.9745595	0.9903084
0.02636768	0.07172824
0.02843904	0.03510938	0.8635419
0.06937529	0.1124131	0.7784337	0.3189943
0.03097692	0.0726538	0.5761534
0.03930735	0.09454841	0.8758474	0.507713	0.5735465
0.02943049	0.09913907	0.1047595	0.7918545
0.06359393	0.1654702	0.4728984	0.7693119	0.6887719
0.08806291	0.07045101	0.4904095	0.2447827	0.5044817	0.3710421
0.04208984	0.9692113	0.5596006	0.6439965
0.05414216	0.6229397	0.3970953	0.8878481
0.03593003	0.6884912
0.07408145	0.2423237
0.05836804	0.3300498	0.07500213
0.1501687	0.6194862	0.5530818	0.2693427
0.09135329	0.1406772	0.4251797	0.2312272	0.9991781
0.4193317	0.1756903	0.1327006
0.08385094	0.1067166
0.02910117	0.2845009	0.8198483
0.04856998	0.8947119
0.02784761	0.0551373
0.04627056	0.20137
0.07561978	0.2202804	0.1761285
0.02874813	0.06558211
0.06468076	0.1190472	0.7426954	0.6750523
0.03368104	0.08459921	0.8427242
0.01860771	0.1047197	0.7931712	0.7680065
0.0236947	0.1375184	0.6245753
0.0337636	0.1150068	0.7306999	0.6328446
0.03200254	0.1178063	0.221099
0.02437224	0.1504354
0.03959539	0.1078199
0.03942136	0.1672938	0.8898253	0.9782103
0.02725824	0.1090437	0.5988578	0.1626475
0.02611307	0.06834837	0.2950939	0.7908017
0.03707419	0.06837985
0.04052416	0.04246686	0.1123532	0.8428924	0.7785842
0.05415275	0.1055489	0.5301249	0.07194303
0.04866618	0.04108929	0.7724146
0.0624658	0.0845487	0.4365387	0.6765638	0.5087337
0.07996587	0.1977111	0.8691899	0.9816691	0.5118612	0.7584483	0.6063173
0.0612262	0.1136937
0.04169357	0.1126284	0.453244	0.5023566	0.6828827
0.02622312	0.07191339
0.04645619	0.1326276
0.02819922	0.1727443	0.5022828	0.629306
0.03136577	0.1255334	0.3632171
0.08974832	0.2480568	0.2810687	0.3556963	0.6851546	0.4801477	0.9515467
0.1218902	0.1956878	0.2236767	0.2435199	0.7227444
0.2724088	0.2802255	0.704967
0.2518613	0.08345324	0.7901145
0.07406088	0.05626778	0.3496096	0.4199004
0.121593	0.9217336
0.05256928	0.2597196
0.09492868	0.1048183	0.2352021
0.1155477	0.5187137	0.1058068	0.4234502	0.6177352
0.332638	0.2598843	0.2281473	0.5767126
0.05738296	0.1109227	0.1281566
0.03223981	0.07372384
0.05078454	0.1644425	0.8624619
0.05842912	0.1772705	0.6806968
0.08195103	0.3139924	0.5274233
0.08698587	0.1996623	0.5222812	0.6896176	0.9251929
0.06365428	0.3168973	0.4565483	0.6834106	0.586825
0.05181406	0.03573136	0.247139	0.7240872	0.748316	0.7600088
0.03880259	0.03285128	0.718555
0.02447662	0.07063973	0.492718
0.02193344	0.1011017	0.5978485
0.03907816	0.01648293	0.9332202	0.8827728	0.8502138	0.4989486
0.02466338	0.0705397	0.3019261
0.04940682	0.243071
0.0620801	0.2079368	0.3033414
0.07805855	0.1534066	0.7811523	0.7185238
0.116138	0.4031071	0.8785464	0.9902885
0.04640864	0.06462322	0.606216
0.1156081	0.430524	0.311373	0.960041
0.20981	0.3703717	0.1731646	0.7486525	0.3662681	0.4240592
0.07014383	0.03092215	0.5366369	0.193464
0.06763924	0.04871749	0.3387874	0.3947562
0.03386953	0.1570637	0.5297224
0.03065301	0.1392131	0.7637203	0.5372907
0.01665509	0.1216176
0.02109222	0.08919061	0.8439595	0.8797191	0.5427515
0.02406784	0.09429455	0.80518	0.9547915
0.01940579	0.03299944	0.7951191
0.02717321	0.06956867	0.7117992	0.6582769	0.5984477
0.02667491	0.1666977	0.8866753	0.9535669
0.05098054	0.1871558	0.5400555
0.05205692	0.1695652	0.3272035	0.8447179	0.4557038
0.04726026	0.06461632
0.06103421	0.1165157	0.9691021
0.09264557	0.2174702	0.7277466	0.9520908
0.06212079	0.3716532
0.04296482	0.9645546
0.05642278	0.2467428	0.8480904
0.03676184
0.08768842	0.834772	0.420825	0.9720971
0.03023335	0.7877603
0.2620052	0.1463216	0.6975335
0.1925038	0.4004365	0.161746	0.8235882
0.07683052	0.2383648
0.03038501	0.1060133
0.05257866
0.09840751	0.3670229	0.5287647
0.02415747	0.9678171
0.02334522	0.2790592	0.976468	0.7856002
0.01950064
0.06906825	0.1418575	0.6273879
0.06639253	0.1375752
0.03175139	0.05398144	0.9192609	0.6846021
0.05801471	0.2656352
0.04848303	0.1252554
0.02016957	0.09318149	0.849751
0.0202025	0.1128949	0.658033	0.8489243
0.0214002	0.07291515	0.2476702	0.5951174
0.03154457	0.1206024	0.1806866
0.01515158	0.1043758	0.6177023	0.7899306	0.1957664
0.01308722	0.1014416	0.7778642
0.0185559	0.03483679
0.03391389	0.2337383	0.2648363
0.03391389	0.07075651	0.881725
0.125465	0.1270097	0.6711109
0.1153001	0.06388227	0.2223873
0.07030483	0.0233087	0.4424749
0.01424752	0.09984354
0.02323947	0.08936557
0.03520708	0.1111235	0.3162433
0.02559309	0.406906
0.02387302	0.1357322	0.4198834	0.7387098
0.03106515	0.1612899
0.03299413	0.04268391
0.06984414	0.1723736	0.6029585	0.9181858	0.9719578
0.03109284	0.03375769	0.6420506
0.04378583	0.3320094	0.2038961	0.6546549	0.9945089	0.628613
0.02126427	0.361203	0.3252335	0.8765022
0.04566145	0.04391963	0.2932047	0.6204165
0.07899716	0.04365257	0.5624563	0.3214989	0.9558438	0.9955689	0.3243261
0.2030687	0.1869692	0.3355828
0.2577373	0.1186606	0.3116394
0.1038166	0.04353131	0.2624148
0.03975493	0.1015423	0.9637919
0.02741679	0.26278	0.4175483
0.0273651	0.674843	0.2607848
0.03149155	0.5267604	0.6830968
0.04346494	0.6356958
0.0793343	0.2747736	0.1514437
0.02792605	0.2092064
0.03626727	0.1877148	0.6126784	0.660214	0.9029242	0.5750201	0.660913
0.04647359	0.1609489	0.1300561
0.04018683	0.02633207	0.9946706
0.01778039	0.01947541
0.06613406	0.06858457	0.835232	0.8901639
0.02035318	0.146845
0.02405373	0.5520393	0.2139643
0.0304657
0.09032686	0.1931436	0.6780142
0.03653656
0.01920823	0.2715091	0.9987422	0.9859305	0.7896615
0.01324206	0.9223384
0.01512713	0.1382975
0.0232355	0.04542472
0.01547107	0.1555664	0.9259045	0.8024961
0.01580322	0.04562475
0.0172977	0.1000957
0.05045101	0.0586497	0.5265876
0.0572655	0.262984
0.042779	0.3457549	0.5059315	0.923979	0.1595449
0.03631063	0.03311793
0.019656	0.1777362	0.8567014	0.9920349	0.4134145	0.7566835
0.009351238	0.02109999	0.6702577	0.9273077
0.007253009	0.0561708	0.8202034	0.9416509
0.008692118	0.07882375
0.008246855	0.04511441	0.2953002	0.6294976	0.9388214	0.8527836	0.8614367
0.01803734	0.06575127	0.4553794
0.02463903	0.06269444	0.2385467	0.7121215
0.03641365	0.2661411	0.8877327
0.02271989	0.1700006	0.1167588
0.03533915	0.8611158	0.2960751
0.02824535	0.1689375
0.06086415	0.8026592	0.8597891
0.04942139	0.3682601	0.8878646
0.04300515	0.3692099	0.5967956
0.04085177	0.04639428	0.7433036
0.04774116	0.3365282
0.03273347
0.07920063	0.2765721	0.5935612	0.6692571
0.03952061	0.09044265
0.05365389	0.1286561
0.06933157	0.1857876
0.1038622
0.03806925	0.2194781
0.04497268	0.1017056	0.3239593	0.9668499
0.06349142	0.42311	0.2613576	0.88578
0.02609811	0.2915153
0.1154049	0.1176299
0.1179401	0.1764865	0.5177716	0.7386366	0.9971386
0.05200168	0.2361184	0.9492157	0.4289141	0.04501793	0.8633956
0.02629321	0.1447354
0.06669704	0.05239938	0.5466461
0.0603121	0.06838763	0.4123961	0.8995821	0.8076001	0.6020086
0.0352574	0.04900874
0.0352574	0.7238652	0.8941979	0.4344633
0.03189698	0.2255839
0.05537681	0.4245746
0.01297746	0.07527211
0.004119212	0.09336108	0.9165683	0.5848309
0.0199878	0.1693672	0.3291555
0.03518828	0.1527806
0.03518828	0.1675613	0.4485795
0.04562654	0.0408248
0.03966841	0.0745783
0.02052152	0.04485721	0.3070721	0.987485
0.03159699	0.8941017	0.310504	0.879084	0.8624757
0.03804537	0.4274292	0.3758637	0.566252
0.1210935	0.06985685	0.8351893
0.07870627	0.07592271	0.5914955	0.9278907
0.04851949	0.1153296	0.5536567
0.1157316	0.3274759	0.226987	0.9582133
0.02621809	0.1029416
0.01702811	0.08209381	0.7814634	0.1883496	0.9647156
0.01702811	0.04246481
0.02906586	0.06293464	0.8006634	0.8082364
0.03748674	0.08313284
0.05675542	0.1037736	0.2029388
0.04300801	0.6020375
0.1010543	0.4827687	0.6292102	0.6626552	0.6992379
0.08641707	0.4482706	0.6198614
0.05362241	0.9316724
0.03471714	0.08412703	0.7975246	0.4318602
0.08608624	0.5489809	0.4426831	0.592357	0.5594992	0.9172168
0.06996274	0.07965598	0.9942759
0.06098136	0.2419214	0.548123
0.02170124	0.5502316
0.05645645	0.6465542	0.1929515	0.6149183
0.05620288
0.01914911	0.6204444
0.0228773	0.8005579
0.02263823	0.2254311
0.0455394	0.4536563	0.7598039
0.04659267	0.9078066	0.9124227	0.5790453
0.02297374	0.2384843
0.03999964	0.2181286
0.123953	0.09606181	0.592965
0.07460877	0.04078588	0.8836421	0.842039
0.07600242	0.08020505
0.1221855	0.3047054
0.04720661	0.1297598	0.6853843
0.1147602	0.137837	0.7919371	0.4021684
0.06144826	0.5066883	0.6650264
0.02383122	0.05610001
0.03589276	0.1639571	0.4387494
0.03025978	0.1254357
0.02428825	0.3004783
0.04227025	0.3719221	0.6026533
0.0983922	0.4392971
0.1525586	0.5181635	0.5372097	0.8676265
0.05473614
0.1551266	0.1541021	0.7061184	0.4361205
0.07473008	0.3709638	0.2390037
0.02811396
0.01685131	0.1759967	0.9640352
0.01681705
0.07105871
0.02688738
0.04760686	0.4016489
0.04760686	0.4903337	0.1878631	0.07128896
0.06575484	0.9157319
0.04566228	0.09087709	0.8067509
0.03641935	0.05493295	0.8152953
0.03621025	0.1281944
0.01344886	0.06030231	0.324388	0.8883885	0.8889023	0.8000821
0.01122066	0.04739188	0.2148545
0.02031825	0.05467672
0.06060028	0.07871727
0.03611786	0.4435843	0.4916927	0.8671884	0.3387902	0.7400103
0.112358	0.4128102
0.06011205	0.08334318	0.5958312
0.05924944
0.07031636	0.5171341	0.4276292
0.05190629	0.4650178	0.6536199	0.8616825
0.08155676	0.2886227	0.5846519	0.8276322	0.5917271
0.3873817	0.05139453	0.75868
0.3232526	0.1549406	0.5369435
0.1990282	0.08736726
0.2623891	0.1084517	0.9293795
0.2329635	0.06929723	0.725343	0.9458694
0.0515305	0.6725445	0.8543348
0.1021712	0.5244001
0.08719208	0.3732221	0.4652219	0.4585907
0.07847168	0.4841175	0.4180414	0.2129487
0.1493886	0.1292303
0.1306053	0.170254	0.532381
0.279516	0.2338587	0.319607	0.6409128
0.09973281
0.09576087	0.224401	0.4017712	0.9521353	0.3062011
0.2647213	0.09003829	0.6602345
0.0599467	0.6175752
0.03265675	0.9559143	0.9661901	0.3752717
0.05900606	0.6176882
0.07594611	0.3867487	0.3309898
0.1506665	0.1142948
0.4218991	0.1527473	0.8280394
0.1072448	0.2868025
0.199232	0.07404967	0.8685576
0.3249711	0.1362171	0.9434492
0.0433986	0.620283	0.5431707
0.06225494	0.8072507	0.5761352
0.01987626
0.02277818	0.2530882	0.5118977	0.9472421
0.03114961	0.8369946	0.6211116
0.05033326	0.6110707	0.5045011	0.8545032
0.05970613
0.02032619	0.6127525
0.08773067	0.3400653	0.3296847	0.8915113
0.03710876	0.207364
0.04265722	0.5937122
0.0334899
0.02420963	0.4200855
0.06074057	0.3634211
0.04453676	0.2424405	0.5545471
0.06823696	0.4556338
0.01705087
0.01641693	0.8734537
0.02152504	0.538632
0.0172509	0.4631078
0.02724181	0.08597684	0.1029047	0.6831347
0.02623446	0.2383377	0.7432851	0.9060763	0.9153163
0.03521234	0.05943465	0.5072303	0.9100487
0.0152412	0.1999424	0.5791664	0.9876127
0.02494336	0.0408189	0.9737673	0.6969155
0.01632426	0.3010996	0.730889	0.5668821
0.03993887	0.01438033	0.7984857
0.01701328	0.09293691
0.01632973	0.08494458	0.1399575	0.4318262
0.03287431	0.05414981	0.2062082	0.3597554	0.3073117	0.6072331
0.02742868	0.06163416	0.8571129	0.4665625
0.03542034	0.1401228	0.3775087
0.05617837	0.1202636	0.5139693
0.02870976	0.1358289	0.5292711
0.01878719	0.0589116	0.9231808	0.9548529
0.02774487	0.6925486
0.07485281	0.0922352	0.7095704
0.0391773
0.1277774	0.8705783
0.04439222
0.03521764
0.02021294
0.03921698	0.981016	0.3150515
0.02736472
0.09215257	0.1095942
0.09165191	0.2872603	0.7604628
0.1191399	0.157742	0.5130646
0.05544642	0.733554	0.8027529	0.6288692
0.1055775	0.2025203	0.2088128
0.0650548	0.09328835
0.07138718	0.4856163	0.298677
0.07244223	0.3156383	0.2917004	0.3081979	0.8676344
0.07614714	0.1407417	0.6439598	0.6672708	0.7576947
0.03458636	0.1236661
0.02992164	0.1177108
0.05602169	0.2681381	0.9024473
0.05893971	0.2580665
0.1028004	0.9239753	0.8542857
0.06464803	0.6776865
0.05285786
0.02670087
0.03508779	0.2445543
0.03287807	0.1175249
0.03444682	0.04337483
0.062976	0.1476369	0.8099675	0.8383731	0.6758299
0.05208638	0.05857139	0.8986342	0.9234309
0.03867185	0.1628174
0.05558144	0.1845919	0.7146451
0.04131927	0.05203878	0.07877336	0.6412796	0.3100894
0.1295158	0.1391461
0.1521146	0.0774994
0.1572295	0.1029504	0.4410481
0.1356124	0.09243906	0.2221176
0.2224685	0.05581748	0.1042907
0.3246261	0.1244699	0.06887444	0.7063608
0.626004	0.3630112	0.1764634	0.7596551	0.5256982	0.4904943
0.2730659	0.05357522	0.7286204
0.1872741	0.06787992	0.6664912	0.694311
0.3920232	0.12487	0.3968687	0.9302789
0.1611593	0.07601282	0.6242801
0.1358025	0.09774641	0.3161419
0.1501862	0.04755976	0.4679586
0.05324083	0.033894	0.699392
0.02934688	0.04429446
0.09887649	0.03394508	0.6748374	0.6107523	0.9409875	0.3041325
0.01700884
0.0773358
0.1027971	0.136039	0.32162
0.08562401	0.7059985	0.5394957
0.04319692	0.8029359	0.9877989
0.02210967
0.0834091	0.3815697
0.04371379	0.6143783
0.1194584	0.2756886	0.5197448
0.03216209
0.041502	0.303371
0.05192247	0.8839258
0.1110016	0.1911673	0.9390343	0.7819828
0.04146304	0.02741124	0.9862402	0.1281417
0.05548715	0.07155335	0.8715856
0.06126497	0.3369925	0.9959972	0.7171654
0.03425609	0.2790924	0.5949313
0.04423148	0.2566259	0.5497106
0.05258447	0.9122619	0.2382868
0.07556836	0.1615924	0.0199854	0.9206236	0.9332893
0.0808658	0.2284438
0.03829112	0.08989937	0.2092966
0.05016084	0.2225805	0.6762806	0.7369756
0.0771708	0.09509331
0.03543927	0.2413914	0.8124024
0.06539638
0.07264803	0.9725639	0.2748181	0.8191443	0.6705582
0.03542079	0.2781406	0.9149355	0.3239836
0.05175974	0.1907233	0.9194345
0.115431	0.3278081
0.03798324	0.7377966
0.02962277
0.008774144
0.04550694	0.8225894	0.0923134	0.8431929	0.3388785
0.03186757	0.4843555
0.02526876	0.507349
0.02284126	0.921569
0.008973124	0.1018949	0.2809128	0.9323119
0.01320721	0.776842	0.5330417	0.9806812
0.01483356	0.323736	0.3065809
0.01282388
0.02821088
0.01810777
0.03051864	0.9272032
0.06338499
0.06097163	0.4914124
0.03409978	0.1209442	0.3296981	0.5777257
0.0374884	0.05725195	0.8082114	0.437163	0.73101
0.05836599	0.03186233	0.8211635
0.02705344	0.1201241	0.01775804	0.7534813
0.03702583	0.1049042	0.751416
0.05727503	0.7285022	0.6598413
0.05988536	0.2596582	0.8818115	0.6486292
0.1387657	0.338348
0.112081
0.02942913	0.976348
0.02380809
0.05645899
0.03086787	0.821991
0.05171446	0.4541784	0.2735259
0.02153204	0.05542736	0.6549457
0.05272112	0.2364604	0.8657489	0.9053194
0.04051639	0.1229765	0.9519261	0.8000433
0.02126365	0.06579294	0.8720805
0.01942401	0.07141545	0.6614836
0.03118377	0.1873868
0.02749399	0.04670133
0.0259153	0.06314726	0.5714546
0.05098517	0.2255899	0.693053
0.05442798	0.464723	0.5948979	0.4911783	0.4021574
0.04832027	0.1514442	0.01098358
0.02626467	0.1516333	0.2270618	0.01526856
0.04340818
0.05738198
0.04409853
0.01848439	0.06801023
0.04089763	0.5230157	0.1034583
0.02117	0.3091698	0.2840453
0.02117
0.08037341	0.04751904	0.8015914	0.7879257
0.1337971
0.02873241
0.05701901	0.7161252
0.04016369	0.845452	0.4815016
0.0398416	0.7544629
0.04153629	0.1305867
0.0373022	0.8834559
0.04564174	0.7050307
0.03752442	0.987841	0.6730342
0.04422424	0.4265262	0.4849729
0.09570106	0.3307605
0.03064869
0.02928915
0.0284556	0.8687796
0.04036067	0.8905937	0.4461072
0.1125161	0.6682276	0.768227	0.7277842	0.5111381
0.1705171	0.279585	0.341093
0.2522338	0.09723534
0.0691634
0.04609355	0.5932663
0.08959391	0.9155982	0.6746958
0.1100603	0.1278885	0.7831561	0.8983157
0.07040892	0.08007979	0.1500867	0.9608234
0.04744464	0.1038702	0.452205	0.8516284
0.04541734	0.2807209	0.4020008
0.06337292	0.07031751
0.02384954	0.5120359	0.9413724	0.3338273
0.01519667	0.1444754	0.7067522	0.9060356
0.01537286	0.09328388	0.8005598
0.09299378	0.2726765
0.0336155	0.391883	0.3236922
0.02238642	0.6357245
0.04865696	0.5775182	0.6917487	0.4440835
0.06198074	0.3156519	0.8118651	0.5077526
0.06996917	0.04998095	0.3656443	0.5195456
0.04829304	0.06952721	0.4305477
0.03132309	0.08512255	0.7687863
0.4720063	0.1394572	0.2513795	0.6773405	0.9084172
0.3893103	0.1586596
0.04957565	0.1887011
0.1175087	0.3863467	0.53851	0.3056912
0.05358817	0.0758331
0.02458329	0.01474442
0.04897432	0.03060683	0.7560704
0.05836129	0.02189846	0.5366584	0.9778652	0.8160889
0.04342997	0.1234886	0.8357382
0.01702414	0.1778571	0.4273427	0.4252306
0.0172806	0.08538567	0.7837709
0.0157739	0.2320646	0.09027029	0.4582175	0.7926041	0.7095111
0.01727813	0.09264336	0.5582423
0.04718714	0.1782951
0.05951024	0.04391369	0.7264596	0.1746632	0.1041599
0.05189199	0.4040726
0.02043488	0.03902472	0.711034
0.02996682	0.1066028
0.1138635	0.2357955
0.08249688	0.1417729	0.6335143	0.6208561
0.02521096	0.2432673	0.2099101
0.03300478	0.2720747
0.02564304	0.8817689
0.05016839	0.7656741	0.4930929
0.02478088	0.1920069	0.299851	0.6752122	0.7974529
0.01726012	0.03622658	0.763154	0.7818115	0.4280701
0.04930007	0.1473591	0.2247788	0.5998918
0.03245591	0.8492802
0.01997152	0.1016674
0.06187877	0.1188128
0.1258123	0.5286866
0.06704246	0.1790318	0.5111891	0.5815001
0.08061656	0.2803849	0.7435668	0.9636827	0.6384731	0.6113797
0.06718153	0.1219722
0.02815289	0.2007948	0.9044376
0.0679396	0.4072346	0.8280423
0.05124881	0.7344867
0.02506194	0.6358695
0.01805821
0.04000878	0.5953736	0.5136058
0.04175165	0.9181455
0.02680435	0.3576604	0.6125625
0.09818396	0.1574916	0.8772245	0.844006
0.06302521	0.4619875	0.9971903	0.1607075	0.7194616
0.06159176	0.7897173	0.9143228
0.02444429
0.04768196	0.9253507
0.01822081
0.0348327	0.5036258
0.04749576	0.6404035
0.07155862	0.3641645
0.2386003	0.3108183	0.8114808
0.09948359	0.3175041	0.7617173	0.9026605
0.04783001	0.1375317	0.08900993	0.3869194
0.04961966	0.03115786	0.5008138
0.01232721	0.05279083	0.2638607
0.01241087	0.05968971
0.007038367	0.08363806	0.7595734
0.02226536	0.04616289	0.7686367	0.5152094	0.6686808
0.05548423	0.1439367	0.2296475	0.6819749	0.5185587
0.0761353	0.1098329
0.07384441	0.09198021	0.3325896	0.7457387	0.9485547	0.4914964
0.1887311	0.06361128	0.1640069	0.8066215
0.1648385	0.04967819	0.1461226	0.6058159
0.2170927	0.2099068	0.1504148	0.3590442	0.8407181
0.4972577	0.09577447	0.05861326	0.4802167	0.7285425
0.09714383	0.0802765	0.5862556	0.9799497
0.09652326	0.029391	0.4413237	0.5154239
0.1604176	0.04368463
0.2829012	0.05777338	0.872471	0.8783191	0.9589501	0.4643863	0.2949922
0.1387607	0.06652714
0.2513814	0.07018584	0.9783209	0.379021
0.1287039	0.03954918	0.7753358
0.1272817	0.08408904	0.8107851	0.9444389
0.2022794	0.04787061
0.09779676	0.02525479	0.6374746	0.9393595
0.122128	0.08316059	0.9401274	0.6835341
0.04579261	0.03155121	0.8313339
0.06305104	0.06914108	0.2175187	0.5859592	0.5043547
0.07248372	0.05145836	0.5759268	0.8694063
0.4754923	0.0445993	0.2307883	0.8442966	0.8590976
0.03082043	0.5012378
0.04936697	0.8658574	0.3421277
0.1103206	0.5631786	0.5045688
0.07157971	0.05664818
0.03116065
0.03074851	0.04682862
0.01292923
0.06200498	0.9865335
0.07151327	0.3231394
0.02350881	0.6647048	0.9507934
0.02972151	0.9262139
0.05612807	0.5448096
0.0608063	0.08928914
0.09442283	0.5963569	0.924286
0.03257295	0.1198642
0.06705503	0.2895295	0.6089231	0.8930738	0.7084046
0.06548474	0.1152682	0.9087598	0.5356101
0.02296107	0.3051102	0.1300429
0.0155338	0.1046152	0.398299
0.03394413	0.429666	0.5505272	0.7480436
0.02158552	0.05869446	0.9815119
0.05170277	0.05026905
0.04896263	0.09830682
0.04467458	0.08120507
0.02524733	0.1469758	0.5351573
0.01821698	0.3025968
0.03201114	0.7505187
0.05112192	0.1592758
0.07352646	0.4821692	0.6718972
0.04318935	0.05398973
0.03757368	0.1037093	0.6124168
0.09794625	0.4609467
0.02970179	0.8789457
0.0569243	0.7908373
0.06156203	0.7049759
0.1581954	0.1440983	0.1098481
0.1677544	0.254762	0.09235979	0.8064642
0.1438649	0.251181	0.1843027	0.7899135	0.3335143
0.1790621	0.2969377	0.113087
0.1162556	0.1922084	0.3042786	0.8622982	0.5812092	0.8660093
0.03467031	0.4099559	0.4193537	0.6077936	0.9362716
0.03420352	0.5292301	0.4930453	0.4111042
0.02187319	0.1383498	0.256186	0.9416493
0.03238148	0.05527975	0.3021236	0.5001212
0.04711766	0.4065939	0.594173	0.3712098	0.3652325
0.03075479	0.8118336
0.1019951	0.6264036	0.7989167
0.1368446	0.1599775	0.3146631	0.7229215	0.5882069	0.6602145	0.7765923
0.1079647	0.4943381
0.05113521	0.4001221
0.05857929	0.1504276
0.01542257
0.03833038	0.8428626	0.6280617
0.02889534
0.05185444	0.10328	0.4133364
0.0496007	0.959467	0.6727181
0.03820656	0.8426281	0.3445958
0.03310623
0.0257404	0.6545717	0.8524394
0.02337282	0.8435458
0.01127927	0.5823263
0.01466333	0.9308254
0.02847243
0.04331574	0.09242266	0.6824703
0.02807024	0.117508
0.01804896	0.1028549	0.3421205
0.01435947	0.3558222
0.01003276	0.0999765
0.0301289	0.2813007	0.9171263	0.8358195	0.6613487
0.006853514	0.6308702	0.9751201
0.006853514	0.6668501
0.01044385	0.5803837	0.9532245	0.621934
0.007291655
0.03244476	0.8873267
0.03211216
0.02388255	0.4926368	0.6873189	0.7761059	0.9524761	0.6184572	0.4642666	0.6375198
0.0198746	0.6316457	0.7955726
0.03462601	0.9806884	0.8120975
0.01785358	0.3835166
0.01148576	0.2724701	0.7032678
0.0321166
0.0167187
0.0167187
0.01363978
0.02409025	0.7529344
0.03950781
0.02978232	0.7847403
0.05071648	0.6469645	0.9701754
0.02109366
0.02735318	0.5873478
0.06109258
0.07111617
0.05467312
0.08305159	0.8940739
0.07097199	0.5405766
0.1539202	0.7970407	0.2589026	0.03662263	0.6475062
0.192065	0.2204719	0.3976972	0.6719788	0.5663357
0.3005817	0.05729083	0.3551575
0.1677925	0.2541657	0.3348693	0.3995067
0.07758703	0.4109613	0.920632
0.1087024	0.474662
0.09838486	0.449124	0.09630092
0.02811299	0.08298875	0.9810521	0.6285787	0.6376413	0.4641809
0.03083329	0.1470264	0.5512292
0.05163797	0.3196107
0.06834688	0.7094063	0.4999839	0.8166556
0.1199234	0.1798742
0.04667454	0.1472506	0.3940185	0.7739997	0.4070731
0.04354718	0.3320782	0.5210071
0.03533023	0.1673908	0.3980255	0.592634
0.04663555	0.06197829	0.9262746	0.7484105
0.05430688	0.01917039
0.04869696	0.09827873
0.01583493	0.07643056	0.6978913
0.01481578	0.091854
0.06200186
0.1150125	0.3550117	0.92545	0.6934013
0.1870442	0.08996207	0.2610358
0.02393269	0.862218
0.03499144	0.7321583
0.05087315	0.2566179	0.700351	0.8255938
0.04728001	0.1581347	0.7694094	0.8628972
0.05125423	0.1113574	0.4563458	0.3311223	0.6478292
0.02569559	0.09318672	0.349107
0.02816615	0.1504136
0.05913671	0.05639578	0.8564523	0.7137184
0.0489182	0.07555596	0.9416436
0.03910605	0.1700848	0.8817033	0.323243
0.07335041	0.07173347	0.5587447	0.2806361	0.6532929
0.03879529	0.1061243
0.03543524	0.1093766
0.03092228	0.1303255
0.03061581	0.09644034	0.8449501	0.917121	0.4811905
0.0527491	0.1228003
0.01289961	0.5163444	0.54998
0.03279515	0.2004473
0.06365447	0.1390063	0.6296366	0.9953363
0.02518162	0.1950983	0.24886	0.5935801
0.01089132	0.03562381
0.01089132	0.05968229	0.2613166
0.01089132	0.1584898
0.02339629	0.1622093	0.7868236
0.0457481	0.08710703	0.629212	0.8278556
0.02024111	0.3303343	0.5739716
0.0265095	0.2808791	0.6874731	0.6677494
0.0265095	0.7525234
0.04229606	0.1378609
0.02259881	0.07614674	0.365748
0.02259881	0.08939121	0.903323
0.01624647	0.1025914	0.9854278	0.9868099	0.3717812
0.01624647	0.06474764	0.3560661
0.01624647	0.04002828	0.2789626	0.5795696
0.02641747	0.1095347
0.04235046	0.1907508	0.5448028	0.3908176
0.0249127	0.2915761	0.05445613	0.9645764
0.02740387	0.07503038	0.3976998	0.9849516
0.03496987	0.08512803	0.6952337	0.8390485
0.04667459	0.4849169	0.3013372
0.05039974	0.3330855
0.03276243	0.3129279
0.05418849	0.7480452
0.02542138	0.1107972
0.04536444	0.2979206	0.8244904
0.03914718	0.5656708	0.8013095	0.8538813	0.7954513
0.04773935	0.03913474	0.8386272	0.6845035
0.03489485	0.09871856	0.4835197	0.9874778	0.7140336	0.9663407
0.04162305	0.01898224
0.02906394	0.280476	0.7769014
0.05401945	0.5615469	0.9331155	0.4687651
0.03990934	0.5872709
0.03691372
0.03988293
0.05523173	0.2203208	0.609064	0.5628576	0.9011688
0.04641233	0.08080625
0.03325158	0.1371181	0.8412646	0.9767981
0.05660665	0.1393386	0.6879405	0.956976
0.2704431	0.2904446	0.07597202	0.778149	0.404612
0.3803461	0.05684976	0.1213717
0.04731719	0.9288755
0.02080528
0.02178699
0.01451113	0.2066284	0.572489
0.04834303	0.7471486	0.3525392
0.04432811	0.5670681	0.6887653
0.3481534	0.3591575	0.8484155	0.5139285
0.09301463	0.413423	0.9619486
0.06612196	0.25058
0.1622818	0.2482271
0.1683901	0.4500003	0.6338587
0.3962095	0.7119274	0.9493742	0.1173207
0.1856822	0.4958417	0.788763
0.217403	0.8071331
0.07112706	0.8356808
0.8714773	0.5239828
0.1940765	0.8512024	0.89029
0.1703694
0.938098
0.6923081	0.8546534

0.4425046	0.9052544	0.5966126
0.1980165	0.6662845
0.5561145	0.8961498	0.8548011	0.8251348
0.1069222	0.9265955
0.1189603	0.68297	0.9764138
0.4101432
0.4832934	0.4356962
0.3768543
0.103574
0.1877508	0.2813827
0.06195329	0.9229227
0.4178344	0.5920113
0.1890338	0.3699274
0.1733496	0.9329657	0.838964
0.1262396	0.4742479	0.4043506
0.1489887	0.8766519
0.1698472	0.6568392
0.4029008

0.575725	0.7785719



0.4742738	0.6892625
0.179234	0.4886647	0.9896502	0.7105542	0.9330596
0.03822744	0.6965553
0.0370825
0.03108183	0.6705388
0.02067528	0.9622208
0.02345866	0.8656965	0.6652725
0.02662294	0.9852534
0.034321	0.9152835
0.06724754	0.6948682	0.488002
0.1700936	0.4375843	0.7802883	0.4143226
0.1911586	0.4341181	0.8354528
0.06916972	0.8853389	0.6642049
0.0365516
0.02671421
0.02736181
0.0341127	0.327402
0.0449847	0.5471585	0.9399916	0.5509909
0.03204998
0.1148974	0.9331758
0.08057197	0.4010651	0.8434215
0.02613323	0.1479292	0.6202275
0.05414572	0.1432107	0.409751	0.746942
0.05093182	0.4238218	0.8117042	0.491883	0.4186027
0.06207764	0.06576591	0.2189292	0.0793064
0.02240659	0.04541318
0.02282609	0.2494572	0.4028438
0.01600826	0.2449843
0.05367013	0.7143548
0.02491471	0.3280978
0.02309171	0.406322
0.01983561	0.958299
0.03386199	0.6864317
0.02203091	0.2912345	0.8386764
0.01619952	0.9468507
0.0135592	0.3382554
0.01330383	0.5566063
0.03277519
0.01726368
0.07857773	0.127391	0.4687245	0.6936168	0.659533
0.04675516	0.6972455
0.07001115	0.9146099	0.7004458	0.3827382
0.02630549	0.0732492
0.02848206	0.1524325
0.04311304	0.1043151	0.7837395
0.05026034	0.3637856	0.7877153
0.06823933	0.7142423
0.07120686	0.05668945
0.03727772	0.3581541
0.04774344
0.03330181	0.3310243	0.4499222
0.03151985	0.9123394
0.07391454
0.08197223	0.4705558	0.894503
0.02284435
0.01664148	0.7581849
0.02623243	0.1602555	0.3107549	0.6959063
0.03114014	0.0661394
0.03001806	0.1047037	0.9095988
0.02953447	0.06796905
0.03708721	0.1799029	0.4209745	0.7201656	0.3115558
0.06414637	0.167048	0.9914783
0.05465658	0.1184784	0.03102723	0.5247871
0.07237313	0.2198953
0.05030937	0.228142	0.8439354
0.07780497	0.1028964
0.06991109	0.1486292	0.3843659	0.7013941	0.2504908	0.8489206
0.07061694	0.7862942	0.5055991	0.471204	0.3998192
0.06651671	0.3024462	0.8705905	0.7529799
0.06788927	0.9794735	0.5198248	0.9181252
0.05012675	0.1782796	0.6884188
0.04888921	0.9495648
0.07200112
0.09164931	0.3071838	0.1489942	0.38031
0.02735454
0.062522
0.02709848	0.0764429
0.03044822	0.04346599	0.4656822
0.04553676	0.2074769
0.2359792	0.5110712	0.1271472	0.9940272
0.1268291	0.07214564
0.04188946	0.1103481	0.6910983	0.8213293
0.0423443	0.1750325
0.04917699	0.1768286	0.2691738
0.05302585	0.165271	0.5626688	0.4431649
0.08410191
0.0159587	0.2387907	0.6203065	0.8228326
0.02705926	0.2674492	0.6447326
0.0180135	0.9912411
0.09778233	0.4317662
0.01693828	0.7437507
0.01789322	0.8168517
0.02405496
0.01234108
0.02638444	0.9157636	0.7075199
0.01960973	0.9239026
0.03609603	0.9511129
0.03327227
0.01016206	0.6649024
0.01508695	0.7862316
0.03341846	0.8028294
0.03662866	0.5967803	0.39382
0.02742339	0.5142542
0.03449257
0.0283783
0.03182306	0.6222407
0.03243161	0.7067739
0.01778139	0.2985256
0.01871453	0.02391048	0.3811607	0.3832375
0.01618091	0.0180063
0.02564192	0.03317413	0.6602983	0.5413173	0.8660931
0.03425476	0.1519543
0.0183194	0.1346307	0.4268598	0.9673096
0.043229	0.1007008	0.4950239
0.04282256	0.07141762	0.585903
0.02678832	0.0757269	0.3332091	0.1608391
0.03628347	0.4554488	0.8524798
0.02149204	0.04574186	0.8035241
0.06161135	0.3397758	0.1563316	0.7301704
0.02485312	0.08223358	0.7761367
0.01375157	0.3689342
0.0192507	0.1448235	0.3177171
0.01912605	0.1524994	0.9729999	0.1309288
0.01367733	0.2383023	0.4297832	0.7289869
0.01367733	0.03908306	0.6132003
0.02488996	0.2190853
0.02300341	0.09069367	0.9515873	0.8523392
0.01619079	0.08157451
0.03488307	0.03209573	0.4345465
0.04440679	0.8341183	0.4052516
0.02785772	0.2165025	0.727828	0.7997693
0.07354176	0.1651065	0.4123826	0.8561485
0.04012634	0.08053321
0.05552362	0.2103121	0.4458481	0.4645281
0.05827853	0.2120576	0.2664909	0.974985
0.01513419	0.1609284
0.01258664	0.4067337
0.0127991	0.1246309	0.8910825
0.02618735	0.03651511	0.7505734	0.9650851	0.5685744
0.0540461	0.0725644	0.5690695	0.5260021
0.05541323	0.03424149	0.7021153
0.04548558	0.159054
0.03683686	0.1360818	0.9512725	0.5986807	0.4506259
0.106996	0.08751844	0.3948022	0.5089526
0.1087458	0.2185777	0.2561736
0.1120074	0.06953788	0.5995815
0.07121534	0.07035321
0.01921752	0.2656963	0.2404189	0.5540166
0.0494277	0.02639074	0.4256123	0.9086169
0.06376971	0.5195827	0.8827297
0.05888811
0.04589914	0.4241198	0.7315409
0.03449788	0.8078191
0.02045126	0.9001729	0.8726697
0.01241598
0.008577478
0.01880487	0.6804121
0.02902706	0.7119946	0.4798607	0.8768846
0.07093156	0.7463437
0.03423216	0.6746193	0.5241761
0.07252788	0.2276341
0.07470556	0.07290056
0.06803393	0.1420463	0.4015849
0.1270767	0.6461351
0.07395305	0.2585214	0.7126815
0.04307883	0.5659399
0.01529876	0.06709604
0.01656685	0.0360837	0.8472823	0.74369
0.02563567	0.1252802	0.8627554	0.3827396	0.7464772	0.9669827
0.05413475	0.09182553	0.3561325	0.5214196
0.03441319	0.3207044	0.9558812	0.7893027
0.04013139	0.1961573	0.2372255
0.02904276	0.2269233	0.7846316	0.1858735
0.1865642	0.1067541	0.8236098	0.8978759	0.786734	0.7499548	0.4471272
0.06663271	0.1258213	0.8509217
0.1256677	0.1363416
0.04220228	0.2879179
0.08317371	0.4548628	0.4038916	0.7778749
0.04850032
0.039764	0.9468834	0.9405257
0.09930324	0.9445651	0.6705698	0.2895581
0.1277058	0.9896138
0.09326666	0.5115411	0.6060435	0.796939
0.08748336
0.03648185	0.7962227	0.9208222	0.8771135
0.05878526	0.4532649	0.5397059
0.02989316
0.03081391	0.8341787	0.8598151
0.09147167	0.5787398	0.2996463	0.7011047	0.9976456
0.02593244	0.1201782	0.4807915
0.03115309	0.1775195
0.0668155	0.08975128
0.0173149	0.04554596
0.03704269	0.5091894	0.3321633
0.05513825
0.03996013
0.0301318	0.3447785
0.03184134	0.7211183	0.9903447	0.6324041
0.03366869	0.5537898	0.8475603
0.04155741	0.9167586
0.07329106	0.9963449	0.5266076	0.4500285
0.05985874	0.04261078	0.5768464
0.01346544	0.07801164	0.4513764	0.4456584	0.4679674	0.1121621	0.5099879
0.01935101	0.389727	0.2318361	0.5569983
0.01935101	0.8596254
0.03312458
0.05784851	0.712317	0.126723
0.1577563	0.6969312
0.07285598	0.4036009	0.8278962
0.05444044
0.03376941
0.0345827	0.9249275
0.04113554
0.05145415
0.09538964	0.9368444	0.7229873	0.5740873	0.7109712
0.1324971	0.8936494
0.06052005	0.1065119	0.8427426	0.9508891
0.02872494	0.3307142	0.4452105
0.0327003	0.9458938	0.5100173
0.02907779
0.04786615	0.5141206	0.925	0.9220696
0.03067371	0.5225767	0.2231852
0.03402478	0.6924295
0.03233327
0.03240033	0.761667	0.6780751	0.557465
0.1059927	0.1575848
0.01914491
0.01702476	0.3558585	0.839185
0.02570212	0.3523473	0.4005845
0.01569714	0.06216606	0.7733772
0.02051318	0.8398342
0.02596337	0.7336194	0.8380479	0.8598898
0.03218985	0.2028162	0.8419155	0.9250661
0.03807256	0.5797694	0.6711697	0.636772
0.01875735
0.0215364	0.2020965	0.9936239
0.03111642	0.1064777	0.379573
0.08471577	0.5532853	0.3311691	0.7320783
0.3422664	0.07612916	0.5924369
0.05623707	0.9589145
0.05107452	0.4993448
0.05217008	0.1112485
0.02784218	0.1495546	0.9655369
0.03076897	0.4542121
0.03498357	0.05034468	0.6765799	0.8331199
0.02422622	0.2933654	0.9646454	0.3303837	0.01152138	0.9097976
0.03296142	0.3737377
0.03699829	0.7058657	0.7004593	0.8549039
0.03516651
0.01665318
0.04112333	0.2437168	0.5300109
0.02350649	0.6576635	0.6796722	0.6419345
0.01196348	0.8822049
0.01478405	0.9679398
0.03472728	0.9325325
0.04483693	0.5302471
0.06028691
0.06418204	0.792302	0.8269264	0.7475923	0.9476793
0.02317294	0.7421724
0.01834518
0.06057275	0.2276265
0.02571686
0.05575083	0.7208215
0.04051059	0.8263812
0.1357178	0.8241131
0.01038432
0.02170584	0.4834467	0.4494807
0.03735166
0.0665386	0.5401498	0.8357388
0.01149535	0.09493359	0.6271421
0.007922707
0.01308497
0.07463518
0.05360319	0.2641863	0.3963312	0.7299893
0.04757215	0.4449551	0.7985935	0.667058	0.6225746
0.0504948	0.7054579
0.01484951
0.01417788	0.6411356	0.5273578
0.03144869	0.5249462	0.4810295	0.539981	0.9323144
0.0147994
0.04748466
0.01693298
0.01728148	0.1012166
0.06326555	0.2510269	0.8784053
0.0268547	0.1141902	0.7494101	0.6141004	0.4721522
0.03681218	0.07098041	0.7246473	0.8913691	0.2099831
0.03318646	0.2422761	0.5029585
0.04348754	0.07191948
0.03407963	0.3685592	0.991685
0.02565808	0.0951459	0.9562805
0.01680715	0.04999403	0.5717356	0.7515907	0.5644686
0.00985904	0.09078199	0.9932616
0.01540979	0.2542222	0.311164	0.4940361	0.6493206
0.01945317	0.2271283	0.1449966
0.02113422	0.043384
0.02241593	0.1828308	0.1350802	0.1528522
0.0679996	0.2162936
0.03646412	0.5644601	0.9230576	0.6354119
0.02866025	0.8777729	0.2380282
0.013311
0.0142902	0.7382954
0.01913348	0.9947628
0.02039094	0.2227095	0.8468931
0.03510932	0.2164108	0.6618303
0.04159541
0.04262105	0.594929
0.04532964
0.03386266
0.02398204
0.0273757	0.9397991
0.01813486	0.9194067
0.02424814	0.9421024
0.0580102	0.4052195	0.2297138	0.6245727	0.750407
0.04520848	0.1212521	0.5648508	0.1739099	0.6829457
0.02649617	0.09611473	0.3175766	0.8184281
0.07233953	0.05480051	0.8732668
0.03721881	0.3676862
0.05157547
0.02049824	0.3191957
0.02325735	0.8223866
0.03144242	0.8592898
0.03625515
0.05236437	0.4310045	0.2838053
0.02275516	0.1379813
0.06724141	0.5485076	0.7724664	0.03301571	0.6413015
0.07563294	0.608894	0.6226913
0.02623017
0.05399093	0.3185231	0.9096151
0.03480545	0.6654874	0.6067494
0.02474064	0.7583538
0.03925222
0.05013262	0.5398189
0.02764603	0.913133
0.01974318	0.5062951
0.04017632	0.2843046	0.8055726
0.0248824	0.04183491	0.5103522
0.01401486	0.1710185
0.05720081	0.09860456	0.9188147
0.06612547	0.293676	0.2631634	0.48134	0.67621
0.03344452	0.1402313	0.5746312
0.02894675	0.1159924	0.58392
0.07724896	0.9570624
0.1027826	0.3087627	0.8757114
0.04390993	0.1417956
0.09024464	0.3096249	0.9462646	0.5958595	0.8586166
0.1248227	0.8104402	0.8104181	0.9258626
0.0801291	0.1070103	0.4867559	0.5231621
0.04269838	0.1463301	0.5488801
0.05001057
0.07238792	0.1534289	0.4809038
0.07312637	0.0284603	0.5878047	0.5376758
0.02370872	0.09856867	0.9464354
0.04485453	0.08407133	0.8098759
0.03741616	0.02962953
0.04013705	0.06380144	0.3141328
0.05225796	0.1451481
0.04880608	0.2070309
0.03286587	0.4269866
0.04227956	0.1486405	0.3209447
0.035578	0.06045798	0.7040598	0.9439817
0.01731471	0.03011714	0.8041105
0.01741426	0.2607646
0.0245185	0.1871418
0.01656017	0.1702886	0.7969393
0.05204639	0.1520354
0.03384552	0.03429483
0.0149153	0.06003974	0.9225499	0.4310834
0.0149153	0.03199205
0.01547098	0.03733449	0.6177915	0.6525048
0.03201729	0.06123888
0.05695653	0.08476624	0.7680995
0.03581545	0.1659807
0.03934164	0.101105
0.03703903	0.3181134	0.6333563
0.04046278	0.2276459	0.8409036	0.56111	0.8256185
0.04008448	0.2573159	0.6702912	0.960576	0.8534724
0.07401081	0.1514223	0.5987716
0.03106379	0.6597171	0.2443206
0.07585974
0.06276705
0.180807	0.3484268
0.1628039	0.17385
0.5229436	0.08814818
0.1674463	0.1257462	0.3734507	0.9263054
0.2259112	0.2141347	0.2606962
0.1196074	0.3076896	0.8019891	0.7096973
0.05514905	0.2674184	0.864541
0.04332768
0.03987361	0.2147613	0.1152966
0.0925445
0.1250588	0.1885705	0.5124995
0.04977862	0.4928928	0.82777
0.01883623
0.05181842
0.04767533	0.5511091	0.7092607	0.8174385	0.8857817
0.04391545	0.1294791	0.6092535
0.0499586
0.1332978	0.4239992
0.0353765	0.2153338	0.2342324	0.4582535
0.06153082	0.256611	0.6502407	0.9905037
0.3955164	0.1056309
0.05532443	0.4673428
0.07572599	0.3314891	0.2263999	0.1889325	0.6228181
0.1235657	0.3619055
0.2955976	0.07734984	0.4912882	0.3104908	0.8714129
0.1953017	0.6932158
0.08568033	0.5344178
0.2394963	0.3524856	0.6682889
0.07695016	0.2123336	0.6401479	0.7277778
0.03747465	0.7046834
0.0246697
0.04726301
0.01587819	0.9229082	0.607154
0.05393479	0.8251258
0.01531293
0.01674235
0.0669597	0.3029472
0.04281887
0.02266506
0.02779149
0.02335931
0.05211758	0.3880742	0.4678325
0.03682073
0.04007186	0.1756798
0.02308695	0.07488858	0.9385552
0.04877875
0.1093975	0.7999816	0.3512324
0.7286675
0.307644	0.4722298
0.3943372	0.6988316
0.868532	0.4603557
0.418095	0.8138463
0.08734438	0.9636046
0.08252711
0.4901039	0.9679795
0.2056476
0.09425914	0.3647327	0.8167044	0.9064094	0.5719186	0.4910308
0.123029	0.05058372	0.8531537
0.01162337	0.1688833	0.4597237
0.01070462	0.2453181	0.9107091	0.979591	0.8980303
0.01410115	0.1450273
0.01259473	0.05727194	0.3202234	0.810691
0.04945032	0.1701356
0.06485286	0.1041649	0.9460832
0.03375444	0.09763726
0.09360845	0.6512747	0.7831134
0.05816086	0.2095745
0.04462345	0.2636671	0.7197758	0.9628389
0.09960956	0.03205948	0.7287157
0.07571693	0.7986289
0.04155924	0.1059299	0.9616892
0.0557442	0.1253493	0.90826
0.09418231	0.2624935	0.9225308
0.02878231	0.2242282	0.2676596	0.1905638	0.3695685
0.03248259	0.1978693	0.5446019	0.7612168	0.9048101
0.02347601	0.03977412
0.03011171	0.04882841	0.6788106	0.8973399
0.01528731	0.1507533	0.3690071	0.572708
0.06168857	0.08414126
0.05334731	0.3240295	0.7401267	0.1827823	0.6549475
0.03838586	0.0408416	0.8431936	0.8495266
0.01582629	0.1291207	0.5711552
0.0154018	0.03779828	0.1495621	0.3271938	0.9303172
0.01663352	0.02831354	0.05116006
0.07141198	0.03046606	0.4169773	0.5273466	0.8680122	0.8452789
0.06212605	0.1149016
0.05916831	0.08395587	0.2752425
0.3599417	0.1138872	0.1208621	0.8475472	0.316309	0.4673086	0.9704838
0.03805974	0.03692771	0.8647266
0.2062973	0.03425912	0.6536642
0.04325065	0.04146117	0.7257241	0.8721193
0.136549	0.03098541	0.4379991	0.6612575	0.7656177
0.1162052	0.01531948	0.4197572	0.3067734	0.6048511
0.0727907	0.01951026	0.1538434	0.7484106	0.6095957
0.09519223	0.04084587	0.7055333	0.3963805
0.08251091	0.04727716
0.591419	0.03327485	0.5452103	0.342962
0.08119661	0.04155018
0.0920165	0.5372178	0.5871615	0.5837854
0.09622783	0.3650316	0.9150891
0.03456978
0.07523406	0.7501721	0.4903522	0.8237825	0.2160183	0.4211527
0.03827615	0.06754327	0.6527038
0.03347607	0.1800587
0.03733353	0.2515807
0.02926328	0.2118797	0.2485923	0.2840988	0.6766519
0.03749691	0.07056143	0.6490097	0.8066088	0.892586	0.7603985
0.03588443	0.1624436	0.3433008	0.8878072
0.0403128	0.2182853
0.04548999	0.25853	0.5802574	0.9648454
0.04641822	0.204183	0.6776356
0.08993048	0.05811898	0.5848884
0.03257486	0.09575958	0.5270613
0.03196154	0.05339345
0.04404876	0.06854698	0.8544201	0.4934118
0.0543208	0.1245656	0.421063	0.4722398
0.0566705	0.1462531	0.6523384
0.04714745	0.2118876	0.7395542	0.9856696	0.8276451	0.8824224	0.8789374
0.05544829	0.1108989
0.02933121	0.1130971	0.9588635
0.01721079	0.3414414	0.7807083	0.8893629
0.01890832	0.0962534
0.05367515	0.1225323	0.8226777
0.1185719	0.1381697	0.4682407	0.6412159	0.515529
0.05277413	0.09975641	0.8376404
0.0946666	0.2303172	0.4266195
0.05502484	0.4096726	0.8635844
0.05458953	0.167543
0.05900667	0.3618881	0.5991867	0.4154118
0.08727323	0.3660276	0.9681012
0.1089053	0.1497154	0.4284451	0.8316821
0.09535141	0.2554482
0.08041214	0.5466634	0.9567967	0.942236	0.8385624
0.07542084	0.960715	0.7415588
0.04697788	0.6724111
0.05360609
0.05821289	0.4129111	0.8321208	0.6747422
0.0378923	0.2568912	0.7734957	0.5836058	0.819775
0.05220625	0.2096397	0.3790222	0.7055858
0.06148948	0.1960637	0.2798429
0.07073963	0.1226998	0.6113537	0.1089284
0.09413105	0.0812439	0.5562722
0.04002915	0.3905073	0.9632533
0.05119448	0.3030775	0.7605077
0.04193819	0.3459295	0.002550606
0.01600742
0.03510697
0.05589889
0.07485274
0.111767	0.7908193	0.7224338
0.01577385
0.04282903	0.3778964
0.07648212	0.3815943	0.02236912
0.1011576	0.2559916	0.8099346
0.03386855	0.7011066
0.03115503	0.4261999
0.02113604	0.5587234
0.05828097	0.8619458	0.3980363	0.5021386
0.1034032	0.2729999
0.1383314	0.1812424
0.03654619	0.3671238	0.2704998
0.06540699	0.5755079	0.2908911
0.04926564	0.4161354	0.8731858	0.8157695
0.01913744	0.02301473	0.9694312
0.03074273	0.1152144	0.4849133
0.03662604	0.1863997	0.562087	0.634789	0.6979288
0.0366702	0.3739671	0.5152819	0.5199896	0.4871388	0.6709912	0.2984883
0.04291715	0.171341
0.04860285	0.5502997	0.941775
0.1965038	0.4996445	0.05137138	0.9699669	0.2748747
0.2116775	0.1583408	0.2205645
0.2020786	0.2708158	0.1780925	0.8438969
0.3228021	0.09758801	0.03263487	0.5746368
0.1838383	0.2341277	0.3758042
0.07295151
0.08204938	0.190446	0.5874622	0.6260052
0.077584	0.2516648	0.7069796
0.05836078	0.290569	0.9726284
0.0335279	0.2251187	0.5994182	0.3114042	0.8447547
0.08781241	0.3083063	0.951374
0.04068305	0.05869204
0.03155183	0.08434821	0.8302655	0.6231839	0.7439652	0.5932172
0.01155978	0.2531711	0.9813427	0.5745287
0.02811299	0.06794026
0.03502726	0.3196814
0.03521652	0.5102818	0.5542865	0.4945041	0.9960097
0.1642598	0.548874	0.1949722
0.09094189	0.2951219	0.5633383
0.03151247	0.6792682
0.03380648
0.04850411	0.6005232
0.06583162	0.9079851
0.02264432	0.4758805	0.9640034
0.03726531
0.03818482	0.9009674
0.03418802	0.04704323
0.006955993
0.008135557	0.9017729	0.3727588
0.02651231
0.01397289
0.08863684	0.8329202
0.03382477	0.9170867
0.01398619
0.02519085	0.5129461	0.6003638
0.01327591	0.908533
0.01217068	0.3153602
0.04978918	0.3024651	0.9217743	0.817508	0.5039546
0.02672808	0.8078031	0.9443683
0.04763664	0.3677119
0.04007844	0.1590543	0.9633757	0.6655889	0.864954
0.05125804	0.8154841
0.03535246	0.7869528
0.03912705	0.1361466
0.05398001	0.2311709	0.8768078
0.111231	0.1393844	0.6374427	0.5121469	0.7237987
0.07327375	0.2561485
0.05682843	0.2951016	0.6233008
0.08461089
0.07944682	0.1873885
0.04314875	0.1726546	0.7301091
0.047422	0.1458404	0.8014946	0.883841
0.02735303	0.06999388
0.05321842	0.09913311	0.524018
0.02082522	0.1592307
0.02964173	0.4675764	0.1796976	0.4801662
0.05411155	0.4732417	0.2403729
0.03470922	0.1788207	0.4318788	0.81052
0.01952812	0.198949	0.4943578	0.4669613	0.6607381
0.01952812	0.1933601	0.6098278
0.04808532	0.1254623	0.3320929	0.8370934	0.9060844
0.05745659	0.273394
0.1053176
0.09125985	0.780256	0.6532468
0.05546001	0.0424166	0.9712156	0.880638
0.03317897
0.03512231	0.3672384	0.2873932
0.04375702	0.8919989	0.594772	0.8241295	0.5286627
0.05715862	0.3409639	0.6504738	0.3527952
0.05518617	0.753599
0.08265803	0.4246349	0.4811969
0.04350098
0.06066575	0.3901891	0.3603958	0.7661634	0.8113026
0.07435245	0.3886531
0.0416777
0.05219618	0.4005901
0.03540441
0.02137905
0.02956549
0.07312437	0.8428741	0.9390698
0.04432676	0.3815924
0.02176931
0.02499438
0.03167189	0.9301658
0.0320401	0.6312085
0.03137704
0.02834696	0.4514082	0.2554854
0.04466386	0.173196	0.6250931	0.9421237
0.03827949	0.8635564
0.06641169
0.03609169	0.8457054
0.0201393	0.9493232
0.02646585
0.06395911	0.6211816
0.0222076	0.04349288	0.8522861	0.6008514
0.0634532	0.6152538	0.761278
0.04601885	0.06659924	0.5162649	0.7930629
0.03741756	0.1028617	0.7812922	0.5917094	0.7143257
0.02874038	0.03784856	0.0750305
0.02359153	0.1076727	0.2654833	0.4931918	0.7687174
0.03993916	0.04543689	0.5629493	0.8595962
0.03059933	0.1400338	0.6981838
0.03797322	0.1491023	0.4357481
0.03516703	0.2495586
0.03009921	0.481775	0.3493736
0.0663811	0.2474285	0.5679884	0.1694716
0.05445244	0.1285595	0.7898521
0.04066303	0.07804113	0.9754067	0.007602182	0.9173767
0.04532864	0.453658
0.01521404	0.1029363
0.04969302	0.7581539
0.01765797	0.8391171
0.03946786	0.8308716	0.9020299
0.06736267	0.925526
0.06748599	0.4025952
0.0432229
0.03349707	0.6018559	0.7541133
0.0596444	0.5705435
0.07559111	0.3385484
0.06048147	0.3648218	0.4276044
0.305811	0.2743914	0.2543218	0.5361257
0.1564156	0.2176667	0.8874245	0.706832	0.7333362
0.1238132	0.6623457	0.05995588	0.5436125
0.2929363	0.2269929	0.1847985	0.706136	0.2071577
0.1597862	0.2391272	0.2469182	0.2151198	0.4983588
0.0749565	0.1983769	0.6066888
0.05437464	0.5467876	0.6389613	0.2439384
0.07796683
0.032291	0.6381202
0.02941081	0.5624951	0.5557018	0.7742321
0.04917257
0.01467775	0.8561024
0.03158749	0.9026896
0.02404683
0.04562329
0.05640977
0.01659344	0.6059008
0.02382321	0.536796
0.01265448	0.8215121	0.7787025	0.6891983
0.04948752	0.1293813
0.1866819	0.2495979
0.1067703
0.09183794	0.7009348
0.06649661	0.585756	0.7488653
0.06541574	0.6921821	0.9618084	0.7894704
0.07992685
0.06344722	0.6725817
0.04046164	0.2965409
0.05475287	0.9960728
0.01635874
0.02888571	0.9616108
0.06347088	0.2909919
0.1098581	0.8256863
0.04167225	0.9734407
0.08543824
0.04405029	0.4720741	0.2546825
0.02792629	0.3455952	0.7424875
0.0498856
0.04461833	0.09884615	0.30142	0.9084959	0.8953479
0.0441765	0.1591323
0.03078545	0.2564114	0.6648806	0.3138905	0.9491784
0.0255715	0.06338746	0.2705674
0.05097096	0.1367748	0.5546317	0.8787981	0.9624319
0.01683078	0.07044575
0.0251196	0.149927
0.02547209	0.6841035
0.05671196	0.9244099
0.02328944
0.01084729	0.731465
0.005985983	0.7479484
0.0275064
0.03638828	0.4965477
0.02204085	0.9899939
0.03806482	0.7687231	0.7926165
0.01532249
0.01532249
0.01854395	0.3073126
0.02940585
0.0466558	0.5717181	0.1486514
0.03367922	0.4064533
0.1201677	0.7999195
0.07300806	0.4619477
0.0586276	0.1324265	0.6046146
0.0594453	0.1061632	0.4846186
0.01963266	0.05296374	0.474981
0.01736317	0.09591574	0.7172724
0.01427518	0.09639266	0.8186419
0.02100587	0.2830076	0.4308743
0.02600171	0.4927872
0.03105669	0.05439326	0.6537458	0.9737355
0.06728394	0.1258107	0.6676035	0.7706949	0.8821221	0.9680661
0.07708723	0.08168729	0.9578756	0.2124376
0.05257826	0.1775024
0.02116134	0.03607061
0.1109121	0.07392865	0.8818314	0.5554177	0.7310591
0.1993267	0.1261886	0.2807747	0.6742047	0.6838637	0.9938523	0.7257149
0.07349605	0.1116693	0.5108494	0.09183996	0.9121254	0.9523119
0.03206758	0.3628964	0.1487004	0.7326017	0.9270703
0.06010546	0.08794241	0.8462364
0.02754189	0.2167273	0.9160789
0.03941716	0.9095524	0.8422385
0.05356295
0.04122084	0.735187	0.4555857
0.03940687	0.6716516	0.6340225	0.9626383	0.6850261
0.06232389	0.5587212	0.9042326
0.03820777	0.2319763	0.7126381	0.432611	0.5181214
0.01759911	0.2269168	0.2710377
0.01956649	0.02388279	0.765203
0.1036791	0.336387
0.04123326	0.3901752	0.3775174	0.4067066
0.04257685	0.8272478	0.7184158	0.3813255	0.3171114	0.3573792
0.05627218	0.2720233	0.7233774
0.08081339	0.1787623	0.8326684
0.08660098	0.4180097	0.3431837	0.6908504
0.06311573	0.04421596	0.9012444	0.7451775
0.04455974	0.2842649	0.4851458	0.3424596
0.04230675	0.125299	0.2954709
0.03004717	0.1146786	0.8453884
0.03873381	0.4674522	0.6038805	0.9968386	0.631378	0.6709576
0.02629144	0.06342457	0.4892796
0.0243301	0.1777476	0.8722055	0.7118783
0.01267768	0.3138477
0.0115003	0.04114319	0.677569
0.04413597	0.615818
0.02213864
0.0236804
0.02476012
0.02437571	0.6717533	0.9679677	0.2036425
0.01914917
0.04216242	0.552662	0.7750925
0.2026801	0.7333467	0.5546815	0.9208219
0.229703	0.2256287
0.04566747
0.03635394
0.03094718	0.7194707
0.03243273
0.01595693
0.02141352	0.8499281	0.998726
0.02323628
0.03694184	0.5302695
0.074716	0.7846345
0.0755334	0.7181363	0.8672481
0.04160871
0.019556	0.8753544
0.01825645	0.8672208
0.014657
0.03248033
0.08595028	0.43456	0.7870609
0.07542318	0.591118
0.04603363	0.9533132	0.6096806
0.05122574	0.9956253
0.03662896	0.06851004	0.7004189
0.02776196	0.1508859	0.6304436	0.5000071
0.02582236	0.024326
0.03207518	0.03982575	0.4878381	0.6973756	0.995218
0.06962793	0.05810068
0.04288441	0.06793176	0.6280465
0.01616671	0.04018628	0.698182	0.8750615
0.01520686	0.13604	0.294383
0.02390761	0.02754481	0.7973634
0.02402901	0.1260582	0.742835	0.3529483	0.7712502	0.5553528
0.02584398	0.02345437	0.7977352
0.09475831	0.2528216	0.796637	0.8341592
0.01570636	0.04425088
0.2338964	0.2301336	0.5976656	0.8411996
0.4318024	0.1474712	0.9519427	0.1727448	0.09817222	0.5800732	0.2768042
0.2881451	0.1603018	0.08527548
0.4286367	0.1090863	0.2306221	0.7966141
0.1375257	0.1501713	0.2062945	0.1576911
0.1151556	0.1402832	0.4870957
0.07792782	0.04582828	0.4188525
0.04776793	0.1364466	0.4396893
0.04882125	0.3176907	0.5711788
0.05804339	0.1864457	0.4047477	0.4840946
0.1032815	0.1411809	0.8337748
0.08664685	0.3194266
0.1050715	0.3865053	0.8045516	0.6919094
0.09594869	0.2435258	0.7739561
0.09568143	0.3546224	0.5177756	0.5583714
0.1833808	0.4119416	0.1150336	0.7669179
0.3152139	0.2387755	0.5515214
0.243463	0.2599997	0.2129872
0.1146901	0.411486	0.7248908
0.09844227	0.5669473	0.7639426
0.1946142	0.6553475
0.05044827	0.3130263	0.2511578	0.4241015
0.0208002
0.08192022	0.5329889
0.04504977	0.727417
0.09606783	0.8761997
0.04376055	0.8791817
0.03175592	0.7838996	0.9678987
0.07504521	0.5975123
0.06977888	0.6450527	0.4559842	0.6110884
0.02353198	0.4379114	0.2447822
0.04001277	0.2908419
0.053436	0.09416801	0.7815615	0.8318409
0.04008898	0.08844608	0.3835066	0.6975373	0.1195342	0.5649192	0.4287899
0.03798309	0.06413579	0.967107	0.8879073
0.03395418	0.09491601
0.05673684	0.06984208
0.05529523	0.188699	0.7433373
0.05682669	0.1788645	0.3617585	0.7449148	0.7330272
0.0433105	0.08541475	0.2243683
0.01866704	0.4270818
0.02717807	0.5955168	0.9743496
0.07917006	0.860754	0.3527169
0.03414555	0.1024345	0.6869389
0.02266358	0.09325292
0.01993641	0.1100987	0.6551835	0.7602191
0.04115814	0.1247782
0.02662847	0.2167489	0.8202826
0.09326612	0.07363895	0.600288
0.01998277	0.411584
0.04339298	0.2907816	0.8089735
0.0401013	0.2839993	0.5452152
0.02303214	0.1389085
0.02835482	0.2457847	0.756104	0.07731354
0.05384769	0.5026408	0.7771156
0.07425775
0.1368968	0.3680386	0.5858929	0.6363936
0.1165424	0.2121841	0.817898
0.1772653	0.1424086	0.2398571	0.488722	0.5281486
0.1443695	0.2606054	0.2564046	0.972524	0.9362707	0.2291019	0.7688867
0.3300723	0.0589338	0.1334749	0.9268317
0.1525296	0.06898785	0.2935676
0.213442	0.09712299	0.8695233	0.6768227	0.1454763
0.02330202	0.8411011
0.1138505	0.4512783
0.04482161	0.3302395	0.9300757	0.8409001
0.04271769	0.7918875
0.02212013	0.3790262
0.02300247
0.02343905	0.1565949
0.07844328	0.07559029	0.2967866	0.2422266
0.2279723	0.2857665	0.4174256	0.8202044
0.0434544	0.03009151	0.7229363
0.04767094	0.2254454
0.02741734	0.1911347
0.05155094	0.4329489
0.03817327
0.05289809	0.09415978	0.1163239
0.1286477	0.3490599
0.08257562	0.6930909	0.9199293	0.959091	0.5599042
0.07990125	0.3180776	0.2118657
0.07455547
0.05968475
0.04060049	0.8515111
0.1184939	0.7242233
0.05496519	0.7851312
0.05269718
0.03396528
0.06574549	0.1290458	0.7354061	0.3609676
0.07872199	0.1578937	0.8234852	0.4988894
0.02361077	0.1216556
0.03708983	0.09292948	0.9189386
0.05663811	0.07518973	0.8804631
0.02992481	0.4659915	0.7389665
0.1351357	0.2521177	0.4701151
0.06493184	0.1064081
0.04587317	0.06953002
0.01479045	0.04790295
0.01164086	0.0373225	0.3663632
0.07951403	0.07440574	0.8865679	0.9373469
0.05721218	0.0431873
0.07495514	0.2716003	0.3983251	0.06446831	0.6632057
0.2634094	0.1796852	0.1210148	0.4577847
0.09414697	0.04426958	0.8971016
0.3177098	0.04942289	0.406406	0.949806
0.1396527	0.02565823	0.2450404	0.717364
0.04876084	0.01779728	0.4657746	0.5428988
0.05041618	0.01779728
0.06883843	0.03102068	0.7448435
0.1117926	0.02225851	0.9224037	0.6959883
0.06572712	0.02495463	0.9881804	0.2744099
0.09723628	0.04432482	0.4423298
0.1084169	0.1503204	0.1921727
0.4121383	0.1096333	0.6614416
0.1518411	0.2791281	0.6288497	0.466964	0.468938
0.09199753	0.1829884	0.371574	0.4414708	0.501741	0.9686274
0.07900756	0.03601142	0.3348686	0.7391369
0.3227721	0.08865788	0.1195858	0.1176204
0.116619	0.04656174	0.2865572	0.6478445
0.03130476	0.05035749	0.8103372	0.4901361
0.1600896	0.03860818	0.8259518
0.4430155	0.02492386	0.923028	0.1544854
0.02550281	0.9182795
0.03512837
0.03403818	0.2969371	0.4366677
0.06274724	0.5298644
0.01847666	0.5026795	0.9849546
0.01594917
0.03790518	0.4648756
0.08183334	0.541995	0.4862317
0.0514054	0.4192873	0.8606569
0.06943084	0.5744734	0.7110816
0.5442173	0.1507058
0.1898988	0.7787615	0.9864399	0.7057047
0.0848835	0.1643896	0.6873905	0.6789424	0.5864565
0.07658313	0.9085172	0.2673211
0.08429199	0.6784895	0.5284557
0.07990409	0.2080405	0.02245587	0.2121376
0.06397065	0.1195801	0.2421469	0.2804886	0.6868342
0.1026297	0.1241546
0.09130086	0.8183909	0.7239191
0.07142698	0.1059065	0.6046108	0.4906539
0.04445456	0.1158293	0.3424475
0.1218015	0.2328523	0.831973
0.04369614	0.1654638
0.06262351	0.1285194	0.7135665	0.7925705
0.06909876	0.4477662	0.6325383
0.03463863	0.1923786
0.03873398	0.0621008	0.4934319	0.7569295
0.04201273	0.1821942	0.4965053
0.07265217	0.04763783	0.2049428	0.7705034
0.08568384	0.07274602	0.3651547
0.1515485	0.2484529	0.5324826	0.9407633	0.7243282
0.1910114	0.3559405	0.8252825	0.5852747	0.6572278
0.09568688	0.2083556	0.6766584
0.289312	0.9720172
0.1979263	0.5893791
0.1089796	0.03426266	0.4270579	0.7095127
0.06240398	0.1332437	0.7131686
0.05047239	0.1322847	0.645998	0.9833515	0.6581245
0.03421036	0.1724632	0.4236573
0.04900736	0.0378891	0.3477191
0.0457087	0.1526827	0.2136463	0.9432254
0.02637845	0.09444582	0.666752
0.1014484	0.265231
0.1145162	0.8414143	0.876764
0.01779113
0.02449196	0.2387064	0.5942884	0.9417867	0.869181
0.02373947	0.6621858	0.6641468
0.02245144	0.1280431	0.687243	0.7831089
0.04536412	0.2341782	0.7568292	0.7974066
0.01365803	0.8092103	0.1896467
0.02870788	0.5654236
0.04954436
0.122995	0.4044143	0.3420311
0.03688536	0.9528543	0.1358825
0.03898725	0.03871402	0.3886005
0.07012517	0.2952691	0.9072618	0.9145947
0.03708829	0.1397173
0.04650181	0.118887
0.08166318	0.4510485	0.2595963	0.6586282	0.7106249
0.06235198	0.3637141	0.8718473
0.0564216	0.9557605
0.05162846
0.06485979	0.4324389
0.02153368	0.7289544	0.9820426
0.03746369	0.9899179
0.02790477	0.9445303
0.03588637	0.8413196	0.4049768
0.02826634	0.02344304
0.02621487	0.9081959
0.06940186	0.4560614
0.03572305	0.6931998	0.6405865	0.5685303
0.0150997	0.5871965	0.9317917
0.02126965
0.02585898
0.03524192	0.6697347
0.03524192
0.02515657	0.9512854
0.03344071	0.8326975
0.0184017	0.9873771	0.8791268
0.03053611
0.1054953	0.1966869	0.004940628
0.2339786	0.1584585
0.116248	0.3950223	0.4081053
0.04106961
0.02588661	0.2802519
0.03841973	0.6045675	0.4498706	0.9689066	0.2003408
0.02559249	0.5534513	0.7204791
0.07235825	0.1527207	0.5344665	0.9460292
0.07802413	0.6088196	0.7979854	0.8387177	0.2481719
0.1523527	0.463407	0.8088488
0.08953193	0.3468832	0.1120063	0.7795142	0.645714
0.1223019	0.3816342	0.774811
0.0490887	0.05469091
0.07597379	0.1471331
0.09225051	0.2135622	0.9473735
0.05578914	0.05734857
0.05415966	0.179202	0.1798482
0.06078292	0.2142705	0.5846409
0.03734705	0.5026669
0.04168452	0.9406777
0.04877103	0.9843152
0.02644196	0.8624498
0.02081393
0.02608481	0.9344892	0.3560432
0.04795674
0.02910868	0.5770187
0.05114523	0.1739161
0.07555028	0.1930595	0.7133772
0.1452383	0.06380702
0.03743774	0.6101248	0.6716379
0.04066511	0.3903095
0.03370469	0.0695578	0.832743
0.01582439	0.414334	0.7612224
0.02853349
0.009958878	0.260941
0.02099052	0.1022141	0.9366348	0.7850646
0.01473763	0.1814403	0.5180154	0.1958638
0.01473763	0.08095421	0.2076489	0.6658646	0.9382828	0.8435219
0.01473763	0.06190275	0.4147367
0.02017032	0.142045	0.1903428
0.01214923	0.04658638	0.4641646	0.3744057	0.7665926
0.01214923	0.1191688	0.2762548
0.01062588	0.1746154
0.02257311	0.1969139	0.8658847
0.02620363	0.2373257
0.02271894	0.07413963	0.596185
0.02548642	0.1329823
0.0205137	0.7061511
0.02071916	0.5424164
0.03768385	0.5482888	0.803447
0.01788573	0.1028996	0.5033982
0.04219726	0.2729011
0.03336459	0.0518013	0.4613318
0.03511235	0.04373124
0.04730489	0.2586991
0.02349684
0.02671005	0.259863
