clade	species	ts	te
0.0	1.0	27.373115799603532	26.202570807063562
0.0	2.0	3.2128389162728452	1.7420974273206098
0.0	3.0	1.2720897939073119	1.0762606128760877
0.0	4.0	2.3973301266522014	2.19859120838123
0.0	5.0	4.3939024299143918	0.0
0.0	6.0	4.3659640449154198	0.31193983835766964
0.0	7.0	2.2623225269002947	0.82540788642994645
0.0	8.0	7.5783523319075341	5.216395164917464
0.0	9.0	14.905912376755079	14.373503445204978
0.0	10.0	11.389242681024522	5.1065839304603937
0.0	11.0	7.0622425041466927	6.0046637990022154
0.0	12.0	9.670603248600198	4.7368241450208712
0.0	13.0	31.019630604302716	29.958704543831235
0.0	14.0	22.922769287901467	20.746898185213745
0.0	15.0	16.785342731965883	13.317673350710225
0.0	16.0	22.407830263842964	6.2287270623912434
0.0	17.0	16.250651672131703	13.338184489375511
0.0	18.0	15.478681314939969	15.008210184624369
0.0	19.0	15.527743117488139	10.420864266393821
0.0	20.0	20.785991986756102	5.2047017755001708
0.0	21.0	17.743377442333383	17.310242754362974
0.0	22.0	17.151343095816657	15.033522293785136
0.0	23.0	18.327210272869852	14.594697764651471
0.0	24.0	20.330771116270864	19.862163373122129
0.0	25.0	16.545372088533377	15.34242999230902
0.0	26.0	18.822148422634015	18.375621230434341
0.0	27.0	22.355076023207062	16.675901644055987
0.0	28.0	18.23026899424049	16.775938640939227
0.0	29.0	14.415622863267513	13.951573613311005
0.0	30.0	15.217511083316616	9.1762582686255136
0.0	31.0	17.27838778748681	10.881602838098276
0.0	32.0	16.287180623951212	11.73843466459404
0.0	33.0	7.4160546855926102	2.6996085159412795
0.0	34.0	11.572619060705529	5.2740502629891362
0.0	35.0	5.5490528030962007	2.6421178133705818
0.0	36.0	4.4250477682967722	3.6397701979835131
0.0	37.0	7.4033692254339041	5.1411338295656703
0.0	38.0	13.590118720222744	3.6988990050787383
0.0	39.0	1.8861944115704921	1.1157526839866452
0.0	40.0	8.2769720204254895	6.720298737801123
0.0	41.0	9.2397291573559297	8.1809091983745112
0.0	42.0	2.7372784055877526	2.4974281157587463
0.0	43.0	2.0216686712637864	0.0
0.0	44.0	3.6270402544593296	0.7124307334708081
0.0	45.0	1.8436367899884401	1.1305428886880391
0.0	46.0	0.94899537861947336	0.0
0.0	47.0	6.9186951695643657	4.0111518870401399
0.0	48.0	17.545114288021434	15.793735859590734
0.0	49.0	2.0231694975555379	1.7458331551782196
0.0	50.0	36.186949749586852	35.367818797922219
0.0	51.0	15.120841473575252	9.1781115051969646
0.0	52.0	1.2615048106854836	0.69318825909605064
0.0	53.0	33.101265214241025	29.801158779286641
0.0	54.0	11.880007891623201	11.370893906302848
0.0	55.0	13.606118299180668	13.113154063573937
0.0	56.0	24.592934791698635	13.513474672814896
0.0	57.0	13.321775146622421	6.9237952860051637
0.0	58.0	12.779584945828454	12.267848112417676
0.0	59.0	12.510505725883428	12.01610898045846
0.0	60.0	9.2355081784135624	7.6114294755582215
0.0	61.0	17.255652748662779	11.275862950863237
0.0	62.0	10.839267031863692	10.352039905416726
0.0	63.0	17.26945001013112	11.008436711044936
0.0	64.0	1.6757811940752971	0.0
0.0	65.0	0.086935704909525818	0.0
0.0	66.0	1.724579791805968	0.0031256918381365301
0.0	67.0	33.822010123476076	33.072710399723547
0.0	68.0	29.934580338058208	28.749654629104647
0.0	69.0	30.827906677516154	23.410418836028533
0.0	70.0	21.017485282415144	19.869381057326663
0.0	71.0	23.419119403239836	17.700615770246152
0.0	72.0	23.02906497807929	19.821330637471128
0.0	73.0	22.997730921268737	21.03233197406486
0.0	74.0	23.487720769038543	21.43594716807608
0.0	75.0	23.259282747412772	20.907458675825961
0.0	76.0	20.302347688317184	17.617740739603729
0.0	77.0	33.450491363692265	31.370981368528859
0.0	78.0	33.481400564569654	29.313256759628246
0.0	79.0	23.165324348596922	21.68248318949059
0.0	80.0	20.078446389499668	18.231567939431134
0.0	81.0	17.166805083054978	16.295254623757263
0.0	82.0	20.303963107222444	16.79974950288139
0.0	83.0	19.322744281224708	13.365987262547094
0.0	84.0	20.717049122641473	15.684560129178177
0.0	85.0	21.528437621440144	12.534125354576361
0.0	86.0	16.734486165918714	13.456052709436102
0.0	87.0	16.660249679134839	15.075798261819292
0.0	88.0	20.273199123712253	17.830536067630277
0.0	89.0	19.922701394234252	9.742918890796334
0.0	90.0	19.865509889663663	9.1268285698971425
0.0	91.0	22.410445090985874	19.748152788466683
0.0	92.0	17.886285679063452	15.019748177559514
0.0	93.0	11.887540168580452	5.8647624620289012
0.0	94.0	18.413472120887366	9.8602826945896158
0.0	95.0	9.5740868308517992	8.9326188754697
0.0	96.0	14.473403908197731	11.240783695949442
0.0	97.0	15.471155006580217	12.782762826727859
0.0	98.0	16.182734720313807	15.257752497288983
0.0	99.0	34.303140894331577	27.266033374106225
0.0	100.0	12.818091411937075	11.147565047723656
0.0	101.0	13.209749147831644	4.7900331731242849
0.0	102.0	9.6751263646409846	8.9749753648172117
0.0	103.0	9.7650864262063308	3.5688270936331157
0.0	104.0	6.884263867350441	5.2675904164038467
0.0	105.0	6.9625622773373381	5.0478647571974387
0.0	106.0	11.046049972891735	5.0922162544317651
0.0	107.0	11.202739754005467	5.3863581628412511
0.0	108.0	8.9998768268300608	7.4887805466202995
0.0	109.0	14.359635864184774	13.302387527714968
0.0	110.0	14.522419464711488	11.814287395224156
0.0	111.0	30.951904159082797	30.154202702375052
0.0	112.0	0.081176622500973475	0.0036414365145954405
0.0	113.0	5.4661079179370011	0.0
0.0	114.0	29.074419248355802	27.969517588337474
0.0	115.0	33.603827053338819	20.250111547128739
0.0	116.0	33.666566638446483	28.517671471152134
0.0	117.0	8.5932120971328896	8.1097621946269101
0.0	118.0	0.22139556351826761	0.0
0.0	119.0	0.16272286436499525	0.0
0.0	120.0	0.085773083378202775	0.0
0.0	121.0	2.4765266826495513	0.0
0.0	122.0	0.098355260232711045	0.0
0.0	123.0	4.2161951256623329	0.0098097968033020646
0.0	124.0	4.0369833831120818	0.010761403743183318
0.0	125.0	1.9199979661517201	1.7985043535002794
0.0	126.0	4.3499988750614733	3.3826176596752275
0.0	127.0	4.6154260963727198	4.2610014966545586
0.0	128.0	9.0802789209509669	5.0687473684096078
0.0	129.0	12.643820147742883	12.203059501356439
0.0	130.0	8.0015215135779609	7.4465029479419611
0.0	131.0	14.814017041465044	14.223798555171086
0.0	132.0	15.195933684186718	14.676905087440042
0.0	133.0	2.0099459943994136	0.0
0.0	134.0	1.503587498585915	1.1431676302073885
0.0	135.0	2.2442354518447365	0.015652511157828067
0.0	136.0	1.6491780125481346	1.5248457823858101
0.0	137.0	0.88462448846146735	0.028094369329140931
0.0	138.0	24.985229360355426	23.586861981842979
0.0	139.0	35.588594401625194	29.950243832863436
0.0	140.0	2.0125556760704661	1.8899667386585979
0.0	141.0	2.8058949073801105	0.0
0.0	142.0	18.992278925967486	18.525499229304639
0.0	143.0	11.564781479272247	8.2039124700188406
0.0	144.0	20.365614542191182	15.481755036396123
0.0	145.0	20.275344041853199	17.667837110386284
0.0	146.0	9.278741178998283	5.7735702919025549
0.0	147.0	5.4985174439324078	2.2156916384553509
0.0	148.0	2.195798447340461	2.0130495216680804
0.0	149.0	4.3290962681590637	3.7078635302330389
0.0	150.0	5.131897461736795	2.0206271794047432
0.0	151.0	2.7231707305953883	1.9059716056240439
0.0	152.0	9.0739722634036859	6.1908497854540014
0.0	153.0	13.931500452545064	5.2109652378410702
0.0	154.0	12.871016274615208	8.9552400801310643
0.0	155.0	11.038557233647333	8.9051157874163014
0.0	156.0	13.586322917372364	9.9794895491364528
0.0	157.0	0.085580107289897747	0.0
0.0	158.0	19.97541126799705	19.460003359022959
0.0	159.0	16.515617061538329	16.052829345584254
0.0	160.0	17.965883419683884	11.929171664255117
0.0	161.0	0.81256773950025962	0.0
0.0	162.0	5.0790989427075601	2.0441985429086911
0.0	163.0	14.387483490737061	13.86397723159344
0.0	164.0	13.68582220269265	9.5783420858123502
0.0	165.0	14.569896445863971	13.702392333510698
0.0	166.0	9.7819431987569612	4.2000920051930937
0.0	167.0	22.325394884245963	19.916893276080017
0.0	168.0	8.0621425653239029	6.4673625120631542
0.0	169.0	6.6014641184101039	5.3667143212951549
0.0	170.0	7.3106247392029253	5.1825717616584583
0.0	171.0	5.137916484213112	1.9825952708940289
0.0	172.0	3.9621558948895159	3.5797309796644501
0.0	173.0	17.427519342051365	1.9563728868129719
0.0	174.0	19.548245688821993	10.115675363471253
0.0	175.0	9.8426902873187938	4.7275825243691667
0.0	176.0	8.5400398285477088	5.2279981182877888
0.0	177.0	20.400055087343137	4.7364497007964257
0.0	178.0	20.066815657696324	4.9053993238925733
0.0	179.0	2.7223501500937215	1.9462047093595747
0.0	180.0	12.183891390845336	11.705491559101185
0.0	181.0	6.9511121446002289	2.9182404067477847
0.0	182.0	1.1056539178436047	0.028625192751291752
0.0	183.0	21.574024284365098	20.991712323594186
0.0	184.0	18.938773805860524	18.422591752690597
0.0	185.0	16.094845633728717	9.2928298986892557
0.0	186.0	18.057306813706006	14.455575871660281
0.0	187.0	15.929001602231439	9.8615941241275209
0.0	188.0	37.292539686402662	34.629754045760556
0.0	189.0	35.059062653691321	34.503250816662195
0.0	190.0	34.679322338851094	34.072603143770294
0.0	191.0	15.213975072148175	14.571308767014903
0.0	192.0	19.158329965325187	18.192090729948738
0.0	193.0	20.373112026558509	14.549112746150952
0.0	194.0	4.9197303300020749	1.7289079883961989
0.0	195.0	4.1032903616042065	3.7472238438061023
0.0	196.0	2.3703628061320372	2.2388626738878212
0.0	197.0	7.4217967380018477	2.59628111255928
0.0	198.0	25.158821400292712	24.194520940873726
0.0	199.0	3.2797893496025421	1.834382812313281
0.0	200.0	2.3974581139772986	0.0
0.0	201.0	3.5912431856141005	0.0
0.0	202.0	1.6668565344966226	1.3984255294784065
0.0	203.0	2.8336263296516959	0.0
0.0	204.0	2.192892331919547	1.126552599798825
0.0	205.0	3.0334034769735214	0.035131127565379165
0.0	206.0	3.6576219670631778	0.019431859810823196
0.0	207.0	1.2533414863403594	1.007306309280056
0.0	208.0	3.469487396148903	0.0
0.0	209.0	4.0786199620121248	1.8725242193544021
0.0	210.0	1.0991817774139432	0.85731946807701331
0.0	211.0	1.0728633646220314	0.96540872161684899
0.0	212.0	4.7195786533706849	1.2700593966027565
0.0	213.0	1.5408333318398511	1.151385040030426
0.0	214.0	2.5592925184965742	0.010189546239757855
0.0	215.0	11.515207551073336	0.23413642357800385
0.0	216.0	3.7325490229299949	0.015196038500178061
0.0	217.0	2.7878100117287352	1.1742432873412707
0.0	218.0	0.48156451993013466	0.0
0.0	219.0	10.414884987223132	2.4160303301050083
0.0	220.0	3.028593782719518	2.6180738380597499
0.0	221.0	4.4968984808194028	0.0
0.0	222.0	9.287054104390748	0.03015181644761852
0.0	223.0	2.6672136871696441	1.9970142690105883
0.0	224.0	3.2018835294661243	0.0
0.0	225.0	5.2915755121968315	0.0
0.0	226.0	4.0487559777548885	3.2071945011185852
0.0	227.0	1.5786241516187913	0.02957291486504908
0.0	228.0	2.3472012980782968	2.0368016481681268
0.0	229.0	1.6893140359769641	0.87597255848021993
0.0	230.0	1.5349589583607761	1.4211173200986389
0.0	231.0	4.5100900213635571	0.0
0.0	232.0	2.3910804053857082	1.9960600989598971
0.0	233.0	3.6158422786093039	2.0557074979912953
0.0	234.0	2.8127322002838593	1.9894159595953729
0.0	235.0	2.5976572132187736	2.3935917041745238
0.0	236.0	2.1570557422321897	0.12265620271962945
0.0	237.0	0.61543841129149757	0.2710712915141204
0.0	238.0	5.4388707280136197	0.0
0.0	239.0	3.7754875132917114	0.0
0.0	240.0	16.147891486852714	7.1486634261261086
0.0	241.0	8.7327166406135621	5.2247880071220054
0.0	242.0	14.934286684085846	6.9159998777620384
0.0	243.0	14.559391285903358	6.8194205310265534
0.0	244.0	1.7878223668209043	0.0
0.0	245.0	23.245270294275855	19.831099229425302
0.0	246.0	26.162790536447204	23.361014090846108
0.0	247.0	3.8683449525231857	2.6372702647780155
0.0	248.0	9.7589098508525947	1.7453727745863765
0.0	249.0	0.20978498057960904	0.0
0.0	250.0	7.8832994869425388	7.3671190373174165
0.0	251.0	7.801020409562188	7.3470925634753312
0.0	252.0	44.375948200477005	43.806821563509551
0.0	253.0	10.191919133948534	9.6849535823267114
0.0	254.0	30.185800149558393	22.70428997187523
0.0	255.0	7.4599444582914289	4.8766140567438674
0.0	256.0	9.2368928919887257	5.1795180909471092
0.0	257.0	3.7700744099702748	3.3560274701471875
0.0	258.0	4.2593380274734587	0.63417687227971897
0.0	259.0	1.8959210021558268	1.4070163299555862
0.0	260.0	2.2640898126691296	0.19837029343081633
0.0	261.0	5.1694494836222269	1.019261744084671
0.0	262.0	1.0606275642998839	0.0
0.0	263.0	4.6162635828305909	3.2016619925223013
0.0	264.0	9.8674059258480202	9.2805751482850543
0.0	265.0	5.2511354498305058	0.0
0.0	266.0	1.3287959068601944	0.0
0.0	267.0	0.17846201385925903	0.010725767352525502
0.0	268.0	9.2071751736152532	7.6898509372479307
0.0	269.0	0.16088365013357969	0.0
0.0	270.0	2.1420061591276514	0.0
0.0	271.0	30.22635442503196	15.640126762606199
0.0	272.0	31.033272241965058	20.184973061314537
0.0	273.0	22.904467668608984	19.62669023017035
0.0	274.0	16.617765427395444	16.103398479897617
0.0	275.0	1.3764892569064837	0.71254441020533954
0.0	276.0	5.0809559977286227	0.0
0.0	277.0	2.8292149402006594	2.5652374939073979
0.0	278.0	2.35470904110388	1.818762267943326
0.0	279.0	10.163040886736706	7.1749679136089162
0.0	280.0	2.533645999318642	2.0582038300975687
0.0	281.0	6.2228884138157285	5.4785363708706152
0.0	282.0	0.39773597405096045	0.089457801163214848
0.0	283.0	1.2191636241172581	0.12976191206972049
0.0	284.0	1.7304593102783776	0.086130794271827904
0.0	285.0	1.7047438859283504	1.3816558305568638
0.0	286.0	3.7162567162371776	1.1987464088287139
0.0	287.0	15.320822032128438	7.6060291847418897
0.0	288.0	0.084082611502128854	0.0
0.0	289.0	0.045077477933748777	0.0010434065560389603
0.0	290.0	2.2870238977310722	2.1729694227882317
0.0	291.0	1.82931810745896	0.0
0.0	292.0	1.2833601286160154	0.11433211869159395
0.0	293.0	1.8324990852860967	0.0011215179637551012
0.0	294.0	0.52542242061247313	0.37887128786403373
0.0	295.0	1.8811248240435721	0.081840074320504233
0.0	296.0	1.3700605980129985	0.85985755253562091
0.0	297.0	28.240290348936629	13.931019826971275
0.0	298.0	18.873426242501623	16.748568521427654
0.0	299.0	18.645467624330209	8.9876668209280393
0.0	300.0	24.525395545983155	23.74808836787491
0.0	301.0	31.252721903255335	20.698065192014305
0.0	302.0	27.509755126580398	20.752980656179986
0.0	303.0	30.822943251356261	21.625357186958436
0.0	304.0	18.658300741466132	15.785687924875642
0.0	305.0	13.627494117164739	7.7178203529342344
0.0	306.0	15.995027980783069	13.331714910842331
0.0	307.0	20.421151481161818	14.476931900522365
0.0	308.0	16.037049362742739	13.616943103604724
0.0	309.0	12.996472012611656	10.954696337450772
0.0	310.0	16.142954379950115	15.647943498503247
0.0	311.0	20.239064471947756	19.6926583936655
0.0	312.0	34.015550350063741	19.969737699438316
0.0	313.0	20.74598893060497	16.258858543278158
0.0	314.0	20.321316227392195	16.379111779942857
0.0	315.0	20.701563351910352	14.664120544429359
0.0	316.0	23.127786170110269	18.928725810197705
0.0	317.0	17.999773562368649	12.390752181007819
0.0	318.0	28.534172471168098	27.658060254627003
0.0	319.0	15.218789160081858	12.402392157570304
0.0	320.0	22.567376377976647	17.79407291072307
0.0	321.0	22.730069068559075	16.742246565746878
0.0	322.0	19.705431925241886	13.629601001300378
0.0	323.0	20.129166817570443	18.499117190633779
0.0	324.0	3.1558286978694983	0.0
0.0	325.0	23.774182995555279	23.057493240291716
0.0	326.0	33.776792113021003	24.451641820164859
0.0	327.0	1.6952868690242053	0.019910915889521215
0.0	328.0	8.4004160883851906	7.9206998041305026
0.0	329.0	9.1451479721030413	8.5798575340544563
0.0	330.0	7.1478053386055862	6.6514932093569561
0.0	331.0	3.2202904347908929	0.50327773412267807
0.0	332.0	0.69161364545744231	0.093631570774818401
0.0	333.0	0.0909895885739095	0.0
0.0	334.0	36.971431632896326	34.119672636491373
0.0	335.0	25.045742254991069	21.92038678901611
0.0	336.0	25.084087827938934	24.171588214038621
0.0	337.0	20.57609856095187	15.83969029914708
0.0	338.0	23.446163852660305	7.3668274328099699
0.0	339.0	24.299616045114281	16.349417227131578
0.0	340.0	23.914570182414543	23.037972829204914
0.0	341.0	24.226395095238541	22.274673068887537
0.0	342.0	33.706230499662567	32.97046226347161
0.0	343.0	34.185650827481851	32.814662233647937
0.0	344.0	40.757935834521746	36.652883447339214
0.0	345.0	27.149683692302052	26.220227251711538
0.0	346.0	16.782331653910099	16.319790409698726
0.0	347.0	34.232811919833182	32.859089594347758
0.0	348.0	20.78994010949565	20.326042345893619
0.0	349.0	25.29463750315373	21.340424037722936
0.0	350.0	25.780623017612246	24.995629033644899
0.0	351.0	19.122720708661713	18.568597339131394
0.0	352.0	20.308464899584372	15.647559795594779
0.0	353.0	20.532420114099939	16.370637266099216
0.0	354.0	25.278666267180757	11.076545359239054
0.0	355.0	14.543444898018031	11.877233556122684
0.0	356.0	13.366223147204531	12.83661904211295
0.0	357.0	22.012455470700797	15.262374108647672
0.0	358.0	13.765475674294677	13.298412368818575
0.0	359.0	27.282585252327028	26.592460900357025
0.0	360.0	21.831692219130659	21.330327360527125
0.0	361.0	36.975503486582539	32.371138259632879
0.0	362.0	11.442779317451372	5.2542504680479816
0.0	363.0	11.390774211237117	5.4066133091614725
0.0	364.0	10.839521922789254	8.7083846009419084
0.0	365.0	10.606655095199001	9.5735256312138794
0.0	366.0	11.42076195318311	9.2848991019051628
0.0	367.0	10.584489737141121	9.2411601811413906
0.0	368.0	11.466882078385254	8.3596190257044185
0.0	369.0	8.8643017673226829	7.9553117110152334
0.0	370.0	17.176481387288533	9.8514305572494578
0.0	371.0	5.3899296174475273	1.8742062787576506
0.0	372.0	8.473076309562602	0.88432157916895993
0.0	373.0	4.1474707474062242	3.7547883946842839
0.0	374.0	5.0044314237567269	2.0547826111518881
0.0	375.0	4.3687435825767498	1.7930896484674477
0.0	376.0	3.9582358745589654	0.76772981727012735
0.0	377.0	7.6142834466076099	2.5513229718454786
0.0	378.0	19.107222170017508	18.663760419224765
0.0	379.0	5.7453728499593835	5.0778661287783819
0.0	380.0	33.787995004776057	33.049328228119599
0.0	381.0	0.72571892043617847	0.01872238540831515
0.0	382.0	2.7061603178556486	2.4459785229250159
0.0	383.0	0.23524918834536152	0.13273705648339082
0.0	384.0	6.9711169135288582	2.9801368582465932
0.0	385.0	3.9623950698075334	2.6227770239608241
0.0	386.0	32.322677518694043	22.107563344635825
0.0	387.0	29.514260402620927	28.461097650197789
0.0	388.0	20.048939178810048	17.62090381393736
0.0	389.0	17.938346744270252	17.450483699905096
0.0	390.0	16.685164639642323	16.170957652252135
0.0	391.0	14.886632630233043	14.368219005039487
0.0	392.0	0.10931156667768049	0.0
0.0	393.0	2.7302636139098273	1.8872662713358572
0.0	394.0	6.9407390831206417	6.3452525668144171
0.0	395.0	16.8392838771864	16.387434899183276
0.0	396.0	20.086250466914876	14.362355075397527
0.0	397.0	22.682951451882104	22.081266643430354
0.0	398.0	23.004840099799406	21.176172543682373
0.0	399.0	27.412098960818444	26.598342254892863
0.0	400.0	0.28457689603824787	0.0
0.0	401.0	0.80360091275212364	0.1129948821138495
0.0	402.0	3.1679444319240204	2.2860719706106138
0.0	403.0	3.6506298858360435	0.65826199385102369
0.0	404.0	2.7791496217232488	0.036620654479892455
0.0	405.0	10.55656565391601	2.5739725516366248
0.0	406.0	8.5299726509258846	7.5246616027084645
0.0	407.0	5.2956035756692961	2.9038630479910323
0.0	408.0	5.1195486273929758	2.7893537026687532
0.0	409.0	11.097328053397188	2.7795200200077064
0.0	410.0	8.4044671171487799	7.0072617109308455
0.0	411.0	3.6316104676068988	0.96577223867813067
0.0	412.0	3.65360708332673	2.9810599522139496
0.0	413.0	12.976184256865579	3.9709913179322061
0.0	414.0	24.902273925039193	23.989010144695516
0.0	415.0	31.174184091305815	20.422153065067363
0.0	416.0	30.981957772745226	20.380399190932415
0.0	417.0	29.788376461296583	20.931995661542675
0.0	418.0	53.20464318879673	52.700935917115885
0.0	419.0	11.260941069466078	8.7587949738006774
0.0	420.0	14.135664456695933	11.758047480822567
0.0	421.0	12.175487091886637	5.1517736819588897
0.0	422.0	15.484630090747062	15.008020695244287
0.0	423.0	9.9093515184625662	9.4348051154824972
0.0	424.0	23.350641521671676	4.8044460794748272
0.0	425.0	19.895296599037206	4.9525196054619443
0.0	426.0	1.8834958225514313	0.0
0.0	427.0	6.6461136106786203	5.4365388351819544
0.0	428.0	18.197654097560051	16.657535531816475
0.0	429.0	4.417376369433514	3.4864208780530355
0.0	430.0	8.249777276422817	6.802291364947342
0.0	431.0	20.549064803472554	3.8756546360044686
0.0	432.0	7.1767842402499991	6.0949156329644119
0.0	433.0	7.334488144555749	5.3448693103890887
0.0	434.0	2.6672581775319633	2.1927496297767748
0.0	435.0	3.6346386240771422	1.9193862216622362
0.0	436.0	6.819284517403517	5.5066933062846362
0.0	437.0	5.5205881013475171	2.3308830209907625
0.0	438.0	12.221179239058594	11.682782542142652
0.0	439.0	5.3753382693693927	2.5642485716998071
0.0	440.0	4.4506517885223094	0.00088394285253462848
0.0	441.0	1.4307043293256494	1.3118596259194641
0.0	442.0	19.589367932292994	13.500670607378856
0.0	443.0	19.364734291703488	18.853666131147762
0.0	444.0	33.422736388652424	31.756109380541986
0.0	445.0	36.024818067030559	32.868002539732046
0.0	446.0	9.6935310345717838	8.7154484090041713
0.0	447.0	11.336097496138805	5.400776103537452
0.0	448.0	0.38346303011281446	0.0007785046403029777
0.0	449.0	1.7350519276752683	0.0
0.0	450.0	6.4778831149081135	4.065242642022203
0.0	451.0	0.062539758916180854	0.010848862971231011
0.0	452.0	0.85353225314327896	0.5212155184024444
0.0	453.0	5.1003000713460374	2.0095415117584299
0.0	454.0	3.4103197759374266	0.0
0.0	455.0	3.4131889590860118	2.6029584590094377
0.0	456.0	2.1490450576260884	0.0046471267638315905
0.0	457.0	4.2934216714304121	3.3516904765093631
0.0	458.0	1.7478330966337363	1.4456167715787813
0.0	459.0	2.115295445386121	0.0
0.0	460.0	5.5673518641848023	2.7264227007784614
0.0	461.0	2.8417371906620281	2.2282428241000387
0.0	462.0	10.293821665663685	2.126486701826122
0.0	463.0	3.7270686313302952	0.0
0.0	464.0	7.3076506096543934	5.8690370614615164
0.0	465.0	1.2507505705394451	1.003088858675562
0.0	466.0	1.5046223526793192	0.55732471610118517
0.0	467.0	18.067581082877009	9.017800891712243
0.0	468.0	4.4146015595479131	3.6897326849127654
0.0	469.0	1.4004736401570352	1.2788266728083184
0.0	470.0	4.600317882253532	2.7187598533826676
0.0	471.0	0.091907827379304086	0.0
0.0	472.0	24.032003154365192	21.063381645116436
0.0	473.0	12.691154553834854	11.128349604927244
0.0	474.0	7.2928459581189715	6.2755653352815006
0.0	475.0	0.093142962769799095	0.0
0.0	476.0	0.048099483078730028	0.0
0.0	477.0	0.086259459838897296	0.0
0.0	478.0	4.7711641791653463	0.0
0.0	479.0	7.4726237467355903	3.7895585238169716
0.0	480.0	2.3402703375495202	0.0
0.0	481.0	20.577177501810706	16.077568687178402
0.0	482.0	49.080785319181004	43.555227563605683
0.0	483.0	12.680703190384595	10.86211767248165
0.0	484.0	20.21019475052822	18.451245079273569
0.0	485.0	6.937916520214622	6.5087604186936758
0.0	486.0	29.289251942977458	26.357813098432597
0.0	487.0	12.709845750129528	10.908595038871958
0.0	488.0	18.119460011458489	9.3534255588620585
0.0	489.0	10.815627188956114	3.4318827734314157
0.0	490.0	15.863678324726733	3.7083350080284685
0.0	491.0	34.648901719953606	34.047248758383702
0.0	492.0	2.2126707952978948	0.0
0.0	493.0	0.5220529360081424	0.4113871459481222
0.0	494.0	11.303612249939915	7.4849813898064355
0.0	495.0	5.7766488516682291	5.3004596034793394
0.0	496.0	1.4330219741058619	0.0
0.0	497.0	23.235675088174517	20.743301816501354
0.0	498.0	22.589964704183654	19.8239111281808
0.0	499.0	22.483175216732693	13.963490592071413
0.0	500.0	11.210168074702462	10.582724445260533
0.0	501.0	15.48229751824462	13.051538133159411
0.0	502.0	29.00369313241643	28.043717556992725
0.0	503.0	46.205250336302029	45.737687111424407
0.0	504.0	23.552991224328881	17.043751990723383
0.0	505.0	21.772872841544132	18.405674636155897
0.0	506.0	1.7515882972834631	0.0
0.0	507.0	2.4715205728727478	0.0
0.0	508.0	3.4363196428013492	2.8435103720622465
0.0	509.0	3.9563036869383681	1.9567384310702491
0.0	510.0	13.595438441142361	13.200697125590981
0.0	511.0	20.22847792130127	17.769112268754057
0.0	512.0	17.11138190730172	10.869738094892007
0.0	513.0	19.856289727221203	19.322736529857636
0.0	514.0	17.24692670412529	14.878165211353238
0.0	515.0	20.627828997267176	9.5940964624973279
0.0	516.0	14.999306948576629	14.277157989130306
0.0	517.0	19.979717882474084	10.993368531887754
0.0	518.0	3.8121664346214166	1.7844766736921214
0.0	519.0	6.0267779107574011	5.2580839891928175
0.0	520.0	23.378659224485258	11.094326242391681
0.0	521.0	1.7005186072420402	0.87236619448535402
0.0	522.0	1.9108279780589483	1.7282059928278977
0.0	523.0	17.41092977645954	11.364736638317943
0.0	524.0	5.1227516577618957	0.0
0.0	525.0	1.7544936940975622	0.93893518408113086
0.0	526.0	1.0776305919273428	0.10359386132135959
0.0	527.0	3.9962511640690508	0.9382931225871981
0.0	528.0	1.8938874973089743	1.7761706043230832
0.0	529.0	1.9236180424814011	0.0
0.0	530.0	1.9599517087486766	0.0
0.0	531.0	0.43506913382323709	0.0
0.0	532.0	21.692516304737222	16.600243436132217
0.0	533.0	8.7456092937975853	8.2795200559763469
0.0	534.0	23.45940187512991	19.819408916480796
0.0	535.0	22.866404610817622	21.385830254409864
0.0	536.0	22.25709221782374	21.748733756544301
0.0	537.0	33.976528371700631	33.010156378201422
0.0	538.0	39.523902185126907	30.081213229825504
0.0	539.0	4.0547595997855579	3.1976089075780663
0.0	540.0	12.447568695539758	11.937878514688743
0.0	541.0	0.17877159882248433	0.0
0.0	542.0	9.5436877698907487	3.6095835474895162
0.0	543.0	3.6406479052970226	2.6765162873098549
0.0	544.0	7.0973091571976354	0.36305562924391543
0.0	545.0	3.1501613252989884	2.8219331299259762
0.0	546.0	3.3898043042272774	3.0142252342372382
0.0	547.0	7.5199311555807897	6.8940005790997745
0.0	548.0	1.7267287309900807	1.4885342189564121
0.0	549.0	4.6859702125318563	2.9775283060684141
0.0	550.0	2.3221719712988689	2.1743412570746665
0.0	551.0	1.944861600979769	0.3711316707285594
0.0	552.0	5.3319422211735006	1.8672851613120414
0.0	553.0	2.6821338699222146	2.4331215918130376
0.0	554.0	3.2582551854720165	2.1324014354238665
0.0	555.0	1.9108981832392407	0.018427495805432577
0.0	556.0	1.695640244017554	1.1547540076073248
0.0	557.0	0.75598277096174504	0.64077754849270452
0.0	558.0	17.59827393336672	15.071466872829028
0.0	559.0	20.836433674396272	11.774059651072619
0.0	560.0	18.268238562227779	16.099106932880918
0.0	561.0	30.515462865453202	21.134385623895604
0.0	562.0	37.584991513028051	33.611381688239227
0.0	563.0	33.954210460695954	33.358967484925607
0.0	564.0	34.28165222918868	32.679486132930073
0.0	565.0	33.3347846276152	32.578818558219091
0.0	566.0	5.9747161068501251	5.0576772829156891
0.0	567.0	5.3004606646313004	2.7101290459927334
0.0	568.0	13.49194288076743	12.978417207007451
0.0	569.0	3.7042294440858967	0.0
0.0	570.0	1.9866539087221349	1.769961204249864
0.0	571.0	10.45755205265074	8.7223778798898302
0.0	572.0	1.9874694604428564	1.4099312193987761
0.0	573.0	10.184097460044608	6.812916131822182
0.0	574.0	6.7335602157297441	4.8960555245689994
0.0	575.0	4.6476475706508396	2.9199831454015364
0.0	576.0	6.0370556767995103	4.9527972407521306
0.0	577.0	3.3913153034397063	2.8953914353034942
0.0	578.0	15.745555381496272	5.0743883509759291
0.0	579.0	11.016547023100816	5.0787859681706991
0.0	580.0	7.1582941779769147	5.0697295595022576
0.0	581.0	5.3986930275781999	1.9111974745787086
0.0	582.0	9.8010980193592339	5.1838016032922223
0.0	583.0	10.514894957988663	7.9945086558663325
0.0	584.0	10.990273746384101	4.6960413368867391
0.0	585.0	7.404346073856467	6.7941922730334543
0.0	586.0	14.794948456126601	0.0
0.0	587.0	18.285028372124327	17.292338057610856
0.0	588.0	18.176702043038208	16.85492794282337
0.0	589.0	6.4835008690922624	0.0
0.0	590.0	3.4690296406129151	1.8979273826844043
0.0	591.0	62.355197901145743	61.280702074743907
0.0	592.0	18.351073895594634	17.107205749234172
0.0	593.0	23.09673135984805	16.702142380549255
0.0	594.0	12.851666528322315	10.865748438598349
0.0	595.0	7.1996151833488913	3.9739460971665919
0.0	596.0	10.693720360526099	7.3274173407525884
0.0	597.0	8.1843675087725707	6.4371974955680784
0.0	598.0	9.4587208743367253	5.2428887862456914
0.0	599.0	11.444118657116114	5.6361817137325252
0.0	600.0	11.372831153763148	5.421803617380359
0.0	601.0	11.299973791659999	9.8331811619356522
0.0	602.0	14.882785072036665	5.0468510106414648
0.0	603.0	2.3347141081026854	0.0
0.0	604.0	7.6113051259598175	1.9094335290225564
0.0	605.0	12.038935265449831	3.4266181584519457
0.0	606.0	9.1986335228215879	7.5678239566639576
0.0	607.0	11.14488647245155	5.6521189596841337
0.0	608.0	9.8374876500832844	5.2916969760588373
0.0	609.0	8.4706050404083371	5.2159782660897971
0.0	610.0	10.003444242075682	9.5711141843139007
0.0	611.0	9.1421556663173664	5.7770036011281301
0.0	612.0	9.1968049926616313	5.1536717917855128
0.0	613.0	12.816757042871929	8.7445505780150832
0.0	614.0	7.8366467237749298	5.5356946728911973
0.0	615.0	17.175318759449134	12.66019261964688
0.0	616.0	18.339782355948927	16.084255695432599
0.0	617.0	12.496778796830506	11.084876481046987
0.0	618.0	17.812609430491662	10.861605255831787
0.0	619.0	9.7594913050569989	9.2524658864213407
0.0	620.0	17.372495559146369	10.959950131217422
0.0	621.0	13.597129085456034	5.1438764228143201
0.0	622.0	0.071131334955430559	0.02136084616480817
0.0	623.0	12.431920020029667	10.933749408261709
0.0	624.0	15.247603599321401	14.793083870396138
0.0	625.0	14.056428613535397	13.381670094282736
0.0	626.0	9.4309987089105451	9.0045891751786122
0.0	627.0	19.115760710582506	16.556293547281594
0.0	628.0	20.785583786199364	8.8814338368785304
0.0	629.0	20.16054229825	18.963757831379276
0.0	630.0	21.658487897867719	21.213712643625254
0.0	631.0	15.175232459476261	14.704358139164754
0.0	632.0	20.313210581851624	17.81932682558023
0.0	633.0	17.224467725123411	10.170196947083802
0.0	634.0	15.855422750169406	15.255969369509645
0.0	635.0	1.633505025247564	0.0
0.0	636.0	0.17403440721963614	0.0
0.0	637.0	0.20052788140129998	0.0
0.0	638.0	3.1738334866170392	2.828311545029925
0.0	639.0	1.69452559843642	0.0
0.0	640.0	5.4309720747556574	0.0
0.0	641.0	18.884867573015548	13.258155549705373
0.0	642.0	15.158722722707839	14.713425456239106
0.0	643.0	10.664278547421002	10.139166884210809
0.0	644.0	15.309249334684635	11.176094339700155
0.0	645.0	23.20296701078243	18.030592796655004
0.0	646.0	16.224598643148429	10.745576185507312
0.0	647.0	10.191770757322542	9.6718389728403995
0.0	648.0	12.940169033086812	12.418891684047619
0.0	649.0	22.189895880213818	5.8482938112240825
0.0	650.0	12.083398861428913	8.9177411320466131
0.0	651.0	26.421208965392591	25.242481416560082
0.0	652.0	29.675419819352243	20.309329906620871
0.0	653.0	25.476124542530361	20.281965569160228
0.0	654.0	24.503015035970542	13.248761888613544
0.0	655.0	14.01745574628907	9.5454148393944145
0.0	656.0	26.242320678089289	25.26960339446201
0.0	657.0	11.042408049841734	10.463815221724468
0.0	658.0	23.314969570309866	5.2388215628970771
0.0	659.0	31.264466041974838	16.711054059213513
0.0	660.0	0.041171316945223808	0.0025166570999185706
0.0	661.0	17.385964340281493	9.7267539333446145
0.0	662.0	19.741721659868414	11.882139471258158
0.0	663.0	18.327785575313339	17.265951569529864
0.0	664.0	18.334363126725151	10.92996666069315
0.0	665.0	31.384079400187641	11.333740046041068
0.0	666.0	16.857324039198414	16.426934736939007
0.0	667.0	20.660062777423043	20.164335248806889
0.0	668.0	12.341390845750393	9.449251083075346
0.0	669.0	11.214549345320922	2.6511331850755817
0.0	670.0	2.383419313218536	0.0
0.0	671.0	7.4795902155679128	3.7662376408215739
0.0	672.0	4.9406116641613416	0.0
0.0	673.0	0.61749432316090069	0.0
0.0	674.0	12.087647950156002	11.241701586231143
0.0	675.0	16.428085212318724	15.286397667686746
0.0	676.0	6.1994706181427599	4.1146008317182066
0.0	677.0	8.6695066655491431	5.2528343143194318
0.0	678.0	3.5775623536446832	1.9873658171989419
0.0	679.0	2.130635935577287	2.0074644681646063
0.0	680.0	0.56192779304049389	0.44789477673379557
0.0	681.0	3.8120539873589108	1.7489838582110744
0.0	682.0	10.992041868534725	10.335238208168866
0.0	683.0	6.9499524385649067	5.4063330874176323
0.0	684.0	2.0553464410135982	1.9332829102793079
0.0	685.0	2.1431702231744891	0.0
0.0	686.0	2.6662504669174991	0.0
0.0	687.0	1.2926801554595599	1.1092318020333121
0.0	688.0	2.0213640818838616	0.73079271200530072
0.0	689.0	1.8171097055999064	1.1080891545720986
0.0	690.0	1.064106183664691	0.1640350507963757
0.0	691.0	4.2466457477214901	3.2699445636837976
0.0	692.0	0.79348112837480422	0.0
0.0	693.0	0.83012507273158387	0.72762806572717731
0.0	694.0	11.130363254583212	4.8429948004215406
0.0	695.0	1.3529558629305256	0.73569600681843461
0.0	696.0	1.6573089735700037	0.32060353608740461
0.0	697.0	0.65213299857029527	0.32260837897208261
0.0	698.0	1.5031601531079271	0.062480452871486937
0.0	699.0	2.4747519867972358	0.0
0.0	700.0	46.204504800467355	38.258032366236243
0.0	701.0	9.702018449589751	6.0355552917034894
0.0	702.0	8.9366290034388278	5.1722217203738099
0.0	703.0	7.8175962458941264	5.13176704340363
0.0	704.0	3.7524113012094156	0.19754841812106333
0.0	705.0	1.1241052013766215	0.0
0.0	706.0	5.699418746915236	0.15915372960570409
0.0	707.0	7.654992809314086	7.1516681599442764
0.0	708.0	3.5657932154852445	0.0
0.0	709.0	2.8464226168470788	0.0
0.0	710.0	8.9118081014517649	5.672872555594485
0.0	711.0	4.9122549121382262	0.0
0.0	712.0	3.0076134414276843	1.2154877604991798
0.0	713.0	1.8094231220034609	0.1657764573699953
0.0	714.0	3.6490105570927902	2.6436897415442147
0.0	715.0	11.417227266515285	10.440847024063324
0.0	716.0	11.43939855534988	2.5663197071048587
0.0	717.0	10.523224796037784	5.9683853057614931
0.0	718.0	8.0242370388904067	7.2888578438740952
0.0	719.0	7.7632654734780262	5.8201579925105316
0.0	720.0	6.7254425505286752	5.9816598489260429
0.0	721.0	5.6901817557982683	3.149797089193501
0.0	722.0	5.3394896836442651	2.632562536728654
0.0	723.0	6.9661036211326541	6.4426875640717869
0.0	724.0	6.605852741337551	6.1088120685454443
0.0	725.0	11.08081679481862	9.8308281581422108
0.0	726.0	1.4157753721580997	1.1087033435378646
0.0	727.0	13.582954059277322	12.92711657490022
0.0	728.0	17.271192641137599	13.787236491005237
0.0	729.0	11.452420176850659	8.668958679671606
0.0	730.0	11.356605271177314	8.6268775413688896
0.0	731.0	22.731644504301844	22.021921418098874
0.0	732.0	29.595368853356707	20.835097333787719
0.0	733.0	9.8393794491348796	9.2711526945020601
0.0	734.0	11.436989545461026	5.0929227414942035
0.0	735.0	8.5067328591563598	6.8100390683285141
0.0	736.0	18.350842747285512	9.9789666436278637
0.0	737.0	17.932792060968179	15.879522954695796
0.0	738.0	13.150231546192011	12.660014675423314
0.0	739.0	15.912558644020249	15.188512819127778
0.0	740.0	16.984562594527095	10.85595906120173
0.0	741.0	16.992927215695552	1.791401645471381
0.0	742.0	1.3196273938506939	0.0
0.0	743.0	2.4871739525612484	0.0
0.0	744.0	2.3963317637385368	2.2512156032285846
0.0	745.0	15.476976681996712	14.919050529564927
0.0	746.0	11.206308349269209	8.5650413848758671
0.0	747.0	13.967533299740079	13.460103569402259
0.0	748.0	15.572273167555664	15.088284677419317
0.0	749.0	20.271053349642525	16.917120793067561
0.0	750.0	5.9425100623381066	4.8489452920040117
0.0	751.0	2.4847689236892729	0.0
0.0	752.0	9.916084448772251	8.6788629930053816
0.0	753.0	18.316937809169115	9.188997556244578
0.0	754.0	15.792123572336127	15.310542003085558
0.0	755.0	18.184453186636219	16.831297522362256
0.0	756.0	16.935098071896391	8.140958776894978
0.0	757.0	1.1316075702777091	0.048755184486444628
0.0	758.0	11.177221680695716	10.715008865328446
0.0	759.0	4.2155695563584645	2.1623485250362369
0.0	760.0	8.4322645927523148	7.3279002312778472
0.0	761.0	0.63723487323405437	0.0
0.0	762.0	8.8058235866708987	4.6254749098193351
0.0	763.0	7.1428628116844664	6.6276958266379431
0.0	764.0	9.0094975583567276	8.4640254002105948
0.0	765.0	28.249234414455859	23.325345563348034
0.0	766.0	1.5287659660605253	1.179897686195041
0.0	767.0	12.204063720511057	11.712468756574022
0.0	768.0	1.0412563158649761	0.065344994044841398
0.0	769.0	25.215483327122911	20.175360739023734
0.0	770.0	25.157055709857413	24.354193674064007
0.0	771.0	24.654353835156844	23.925751739537553
0.0	772.0	5.1752702191730924	0.29438216356338193
0.0	773.0	4.7305948685277661	1.2308759573072572
0.0	774.0	0.86761804610150206	0.69196521317974247
0.0	775.0	9.2652543599645991	2.5113546495977421
0.0	776.0	0.93971925983463656	0.70095942047911319
0.0	777.0	5.2919620470954776	0.71359817919372548
0.0	778.0	2.7685788297687188	0.074031108345002608
0.0	779.0	3.4191081880692931	0.5346571722047847
0.0	780.0	3.4637728880912451	2.8607898297315701
0.0	781.0	17.071077060017	5.6380879775430239
0.0	782.0	2.5983326152593857	1.1517722043194434
0.0	783.0	3.5101871864508589	3.0888797348891273
0.0	784.0	5.2041666686246959	4.5855251013723919
0.0	785.0	1.7876808381978841	0.24520790428710007
0.0	786.0	1.6345294687351619	1.5158034909767983
0.0	787.0	1.8270553106228027	0.0
0.0	788.0	2.487667731348937	0.0
0.0	789.0	2.6832753529340141	2.1263535213958966
0.0	790.0	3.585012655115007	1.9290916664414735
0.0	791.0	13.740588510930099	11.388419365836173
0.0	792.0	14.790845822851237	14.29663054335238
0.0	793.0	7.3443634416964834	4.9751660921138354
0.0	794.0	5.7076473945745336	0.0
0.0	795.0	4.8536219455601284	3.121363796904193
0.0	796.0	1.6089040020300376	0.14221610085931904
0.0	797.0	11.911743848374067	8.6343879006900384
0.0	798.0	7.3900948662793793	5.6875020156552916
0.0	799.0	9.5075057731352377	5.2095369742466016
0.0	800.0	1.5212488010826064	0.0
0.0	801.0	1.0604237321403043	0.57129737246293866
0.0	802.0	0.17959343756167206	0.0
0.0	803.0	3.8417199802507067	0.0
0.0	804.0	2.2726165388905359	2.1468613888912564
0.0	805.0	30.753427795946749	22.429710362901069
0.0	806.0	29.932569391751628	21.593606977720004
0.0	807.0	33.937430980392769	23.218350036982677
0.0	808.0	11.517255166544748	9.1852547290092126
0.0	809.0	47.162767802637276	46.276604365755645
0.0	810.0	7.0659808296475504	5.9494746411900952
0.0	811.0	10.046718020379942	9.090411434348038
0.0	812.0	8.1465389317621888	5.7004125794458265
0.0	813.0	9.4870794688505313	8.6473090049309995
0.0	814.0	1.8647117616110966	1.6704441327455539
0.0	815.0	10.74437435193275	5.1204382525966325
0.0	816.0	12.671417481344314	11.090458359996928
0.0	817.0	10.550936124479326	9.9503657533549639
0.0	818.0	11.146620460574614	5.0657222063820848
0.0	819.0	9.5266123810682135	9.0470702843224657
0.0	820.0	12.914184868034289	5.8295814346453403
0.0	821.0	19.741222987960342	4.9645283988347808
0.0	822.0	20.725802622473367	14.102133459611812
0.0	823.0	38.201348060181978	37.456705979642599
0.0	824.0	44.020110155518722	43.498858336979758
0.0	825.0	34.235901500892439	33.542558870100052
0.0	826.0	57.381793792172871	48.465703416412147
0.0	827.0	56.490851024995401	46.572403859936372
0.0	828.0	45.940864005242467	42.768670355221786
0.0	829.0	45.692345236720925	43.018480588356461
0.0	830.0	56.71317789305953	46.601797727960928
0.0	831.0	43.868570648078396	37.028769140602812
0.0	832.0	41.678495815871997	41.125397409626146
0.0	833.0	50.732216482818401	46.07159652307417
0.0	834.0	56.706340827260036	48.311093112949862
0.0	835.0	56.129938025087512	54.98190816192696
0.0	836.0	21.542702936634612	6.2323932828930397
0.0	837.0	39.312298273055539	38.734209760448607
0.0	838.0	47.9609243819393	46.27804794258433
0.0	839.0	46.31195941612075	40.856208027046776
0.0	840.0	43.089343823646679	40.12364288754037
0.0	841.0	9.0683338084065568	6.718693048495231
0.0	842.0	12.861816439607383	9.2360566072731629
0.0	843.0	20.041790157030956	19.296256640641172
0.0	844.0	15.902383853334683	14.319477415758454
0.0	845.0	13.345726505876302	12.855268591035806
0.0	846.0	17.215672000764744	15.727578077396759
0.0	847.0	14.662978180755768	8.5748304013679171
0.0	848.0	16.569870586477947	16.080470170746782
0.0	849.0	17.71172574818911	17.312675676003753
0.0	850.0	18.891210723954693	18.402566533411495
0.0	851.0	15.587605251232979	11.178235567975475
0.0	852.0	15.193698151284853	10.36489487831788
0.0	853.0	28.383745758979131	27.443521013885285
0.0	854.0	4.9947700784774662	0.029166970134748144
0.0	855.0	4.6169995274475637	0.025231933134412396
0.0	856.0	0.24073966091955676	0.0
0.0	857.0	2.4607940181992349	0.0
0.0	858.0	21.530593285014753	16.770922501015701
0.0	859.0	13.913540700275794	8.1869412794647616
0.0	860.0	2.0200461464928074	0.0
0.0	861.0	12.507938771194743	8.3426480345722247
0.0	862.0	15.577818932835566	15.120916270798626
0.0	863.0	3.8954848403071294	0.85033761626830318
0.0	864.0	1.8852516102016594	1.7459560680435764
0.0	865.0	1.075154257531415	0.0
0.0	866.0	2.0510863212887385	1.855801742273735
0.0	867.0	0.054648436466767987	0.0
0.0	868.0	2.6711113716660346	0.0
0.0	869.0	2.2583180700761987	0.0
0.0	870.0	1.7717514207625626	1.2576726466027921
0.0	871.0	1.7071304224100845	0.0
0.0	872.0	0.70457104052178121	0.0010505669107463971
0.0	873.0	0.72805438041533299	0.26039591024266262
0.0	874.0	3.0521796890600292	0.0
0.0	875.0	1.1685643284186533	1.0567076126739776
0.0	876.0	12.729848885966186	11.774728248001352
0.0	877.0	8.4382496389888715	6.706948859732857
0.0	878.0	8.3191196507854759	7.2833232048957663
0.0	879.0	4.1446664137533649	3.7822372852466382
0.0	880.0	1.5214577307317878	0.0
0.0	881.0	1.9294304226517593	0.0
0.0	882.0	1.2452173198211218	0.0
0.0	883.0	10.962693522797121	5.0989163595871023
0.0	884.0	4.1699194445148358	2.167644832251955
0.0	885.0	4.0440210812268207	3.2752465435129379
0.0	886.0	2.7107784143722475	2.2143532270942492
0.0	887.0	4.464933008501907	0.0
0.0	888.0	0.13072257407446106	0.056995700044991278
0.0	889.0	9.5438650296981482	2.1273436112929813
0.0	890.0	0.16652062504435938	0.0
0.0	891.0	1.3584764523479507	0.0013975395968115754
0.0	892.0	0.38170321130010942	0.092915233267042679
0.0	893.0	1.8354373709170424	0.0
0.0	894.0	35.529931464381775	34.177377812217223
0.0	895.0	10.66161518005732	10.115091244100551
0.0	896.0	16.812950885155011	14.901927359623345
0.0	897.0	16.874559349375307	14.06638109513203
0.0	898.0	8.0816445621715989	6.7135680385423546
0.0	899.0	0.092311263251810924	0.0
0.0	900.0	2.7620714124329839	2.532873113794889
0.0	901.0	1.3014131530766502	1.2237615175665961
0.0	902.0	15.997868587202346	15.583481302611418
0.0	903.0	1.8451919218983439	0.0
0.0	904.0	0.086564548141256289	0.0
0.0	905.0	3.4333130942464498	0.00064601735378325598
0.0	906.0	0.10044308867020163	0.0
0.0	907.0	0.074582296835279172	0.025137125668244692
0.0	908.0	16.145110607628649	15.745261812171192
0.0	909.0	43.11832641745282	42.495492184622385
0.0	910.0	0.8472244925511071	0.73224949400759465
0.0	911.0	10.852431214278253	7.4997578221019845
0.0	912.0	7.3279042223426405	6.7766779206392309
0.0	913.0	13.843146965362729	12.323607151863696
0.0	914.0	22.807565373961317	6.789934036608356
0.0	915.0	35.553435027371634	30.85390585121921
0.0	916.0	37.257293271175179	7.9249614860833146
0.0	917.0	22.849602323766383	22.286758881097143
0.0	918.0	3.3835278261039883	1.8628797682578604
0.0	919.0	2.6316651037928933	2.177845408205497
0.0	920.0	6.6643983871165764	2.6003282352037402
0.0	921.0	3.3778811448388506	2.5570217892074738
0.0	922.0	3.6753883683479391	1.8784269688997435
0.0	923.0	2.7813867673896469	0.0
0.0	924.0	3.3422655555661467	0.13986845430196929
0.0	925.0	4.1479338322631989	3.3210621981637996
0.0	926.0	5.4548062672530726	1.869865871940398
0.0	927.0	1.4721000684273864	1.3551096152362383
0.0	928.0	5.6374983713121347	0.0
0.0	929.0	20.064664355522495	19.539746139116289
0.0	930.0	2.5133612563313354	0.0
0.0	931.0	22.327022892777592	0.10320111100867728
0.0	932.0	17.363707647555294	11.764783132688997
0.0	933.0	1.4431380855029003	1.3091018131118037
0.0	934.0	22.199896509965836	16.872198878197469
0.0	935.0	20.662297577398306	13.719222786898358
0.0	936.0	19.219694249887489	16.004101829834614
0.0	937.0	33.816401366048517	31.448544412951751
0.0	938.0	20.196494731415928	16.132688809142927
0.0	939.0	33.099880592557675	25.180282544507978
0.0	940.0	29.937511369495166	29.118795555908292
0.0	941.0	1.7388521780989001	0.4518074743202482
0.0	942.0	0.20620415714021317	0.0
0.0	943.0	8.1171789111471657	7.6164599672274553
0.0	944.0	29.130471605914856	20.303671731424121
0.0	945.0	34.046727473049579	33.011114675849804
0.0	946.0	1.8304027858550369	0.0
0.0	947.0	33.71081200332852	30.723477666702866
0.0	948.0	5.2282113209035188	2.1134526480827294
0.0	949.0	3.9803087380277762	0.045938155095018127
0.0	950.0	33.097200683841336	26.506883671675077
0.0	951.0	12.446751988033002	11.999168209091781
0.0	952.0	13.788259107636369	9.635331001554432
0.0	953.0	18.425024183131658	17.906916146809746
0.0	954.0	2.7378603557358119	0.00081793711731066739
0.0	955.0	2.0263300489972806	0.0
0.0	956.0	50.227644901965654	49.648904551051025
0.0	957.0	31.324163825205805	25.482024851412714
0.0	958.0	24.433324229492698	19.869036537626513
0.0	959.0	20.355027153275604	15.499369147084892
0.0	960.0	23.517248209989567	15.858302343616119
0.0	961.0	22.167590144250134	20.717336953690246
0.0	962.0	26.806992531175037	25.816130784536945
0.0	963.0	36.809525739057001	19.582123472647613
0.0	964.0	12.698311684976137	11.405095436073683
0.0	965.0	25.824985332972922	25.064739515251222
0.0	966.0	15.962848472538921	15.436000800207911
0.0	967.0	7.1414196523671221	6.608179400681494
0.0	968.0	8.4794203436406992	3.9663507282990156
0.0	969.0	8.9428818885501116	7.8664057478433458
0.0	970.0	2.018518819293933	0.87756993138018635
0.0	971.0	2.9385898596818802	1.5539956155456576
0.0	972.0	7.6336665075088792	3.3698512621575691
0.0	973.0	9.9068248755172519	5.7151031521841835
0.0	974.0	4.8658085694626942	0.022225372028030221
0.0	975.0	5.4498350440647005	0.0
0.0	976.0	1.7724634707889857	0.10139220386292591
0.0	977.0	2.936047066184825	0.0
0.0	978.0	2.7741329604539646	2.0049514141273654
0.0	979.0	5.1428192664133565	0.0
0.0	980.0	4.4217158355215513	3.4850691117375452
0.0	981.0	2.0061781129700673	0.035358093973493064
0.0	982.0	2.256579474825267	0.0
0.0	983.0	65.422828034050113	58.027890678814835
0.0	984.0	65.713359710823781	62.529789263262515
0.0	985.0	65.375451301600307	61.978129525600693
0.0	986.0	20.465018599537949	5.6643100465014937
0.0	987.0	20.339639896380845	14.095157513425052
0.0	988.0	30.036731545336838	27.447994328986045
0.0	989.0	34.165393603638279	32.844859487441433
0.0	990.0	32.890362627828651	23.331573977195763
0.0	991.0	1.8493927106624057	0.0
0.0	992.0	8.7046307255958677	7.9611200639830262
0.0	993.0	27.269219048161574	20.692820064902598
0.0	994.0	24.603925125081137	20.078853715957571
0.0	995.0	29.021649244704619	20.216578178055695
0.0	996.0	22.400657681260356	21.834635977640772
0.0	997.0	7.0066257908038114	0.0
0.0	998.0	4.3930723885055416	1.8831964174886064
0.0	999.0	5.2825204905432601	4.866748606127981
0.0	1000.0	5.0887279595720782	2.4014397072233447
0.0	1001.0	3.4787992650381194	3.0578151774671167
0.0	1002.0	3.5065222562081866	1.9373898310052637
0.0	1003.0	11.512998340057763	3.9760881824783887
0.0	1004.0	17.641999108842317	9.6218902753425652
0.0	1005.0	16.514152233422163	16.002516608352085
0.0	1006.0	8.7804850613050345	8.0976998275235967
0.0	1007.0	9.395528363965802	5.121140682448603
0.0	1008.0	9.8141476449497613	5.4181147602263868
0.0	1009.0	8.4203719362627911	5.9527213110910058
0.0	1010.0	4.3377189991277598	3.3161586084195704
0.0	1011.0	0.85233042808242476	0.44233222413291268
0.0	1012.0	3.6349609726038206	2.6359214231677934
0.0	1013.0	11.241515337923813	10.726114046795809
0.0	1014.0	14.237909535990523	13.780091485543128
0.0	1015.0	15.05135731427621	5.0648942852438079
0.0	1016.0	8.9214539582471613	5.2104620542248998
0.0	1017.0	8.9781843790093951	5.0315621138913649
0.0	1018.0	8.1638850046115969	7.4048132567327167
0.0	1019.0	13.927139844041511	7.2655545333363794
0.0	1020.0	20.45964949775086	6.0637150557960586
0.0	1021.0	37.379285071675397	32.81910123611123
0.0	1022.0	37.354738153565464	32.787691129327165
0.0	1023.0	36.724626355710569	36.10416271294222
0.0	1024.0	35.375196321338279	34.204711843210795
0.0	1025.0	36.836967829039068	33.861649317580131
0.0	1026.0	35.824803788089397	35.250704145972165
0.0	1027.0	47.783439353024463	46.978727260952844
0.0	1028.0	1.8063732032150028	0.60034532166102894
0.0	1029.0	6.4761601730726079	6.0050281346041725
0.0	1030.0	1.3827054137417196	0.0
0.0	1031.0	16.099432066236897	14.662281056643366
0.0	1032.0	16.5638997838489	15.463794196564027
0.0	1033.0	2.2286689895251475	1.8726326310741328
0.0	1034.0	3.6714156710264372	2.8200468488132269
0.0	1035.0	9.7417188800473777	5.0763946239478166
0.0	1036.0	10.049547254593891	9.3936794127752723
0.0	1037.0	9.8830633274067203	5.2708908229911451
0.0	1038.0	16.367414728156422	10.964993200249612
0.0	1039.0	12.168536893430673	11.606915924998118
0.0	1040.0	9.4428280142817922	6.9741963288616331
0.0	1041.0	12.437202586069416	11.771518029803461
0.0	1042.0	15.05569741239958	9.8030264694542115
0.0	1043.0	14.234194526167686	11.019649109062074
0.0	1044.0	30.142921392552836	24.12848727678772
0.0	1045.0	22.409359201519042	21.94527953481089
0.0	1046.0	25.341895879603538	20.697449727810156
0.0	1047.0	31.589272079373387	22.706350962960467
0.0	1048.0	24.466377499708369	15.863596759128821
0.0	1049.0	17.048233771136761	16.501695650719242
0.0	1050.0	20.383551285765321	15.664386436053725
0.0	1051.0	31.226260938441911	18.065398051111956
0.0	1052.0	21.803162854239158	21.298013700752868
0.0	1053.0	28.415330526585443	24.216371769032154
0.0	1054.0	18.502986780807301	17.982258840677677
0.0	1055.0	17.920751741814797	15.211884850975414
0.0	1056.0	20.302857093409909	17.700612607285144
0.0	1057.0	20.329324377727442	17.722243613271456
0.0	1058.0	22.705952474891994	17.785831041876772
0.0	1059.0	16.479493329831495	15.996834431220137
0.0	1060.0	17.059469837284976	15.374827149932365
0.0	1061.0	21.964185461053159	20.132561379068907
0.0	1062.0	22.763156071773775	21.574016976582314
0.0	1063.0	27.240327195573201	26.461911363853734
0.0	1064.0	2.1505699743925115	0.0
0.0	1065.0	0.15318232318641625	0.0
0.0	1066.0	10.289018978348077	9.3149796879075595
0.0	1067.0	3.4838365023146944	2.8301834958972201
0.0	1068.0	12.509328211016941	10.111305806321806
0.0	1069.0	2.799768048106416	0.0
0.0	1070.0	13.564869988569601	3.3062657235140085
0.0	1071.0	3.2408158140950984	0.0
0.0	1072.0	21.812026733098925	20.533197910115653
0.0	1073.0	19.85305011127253	16.956727645186206
0.0	1074.0	6.8907924919666863	5.8576409364266508
0.0	1075.0	11.716442652114827	4.4130230442856346
0.0	1076.0	10.203953989984502	9.6942309799525699
0.0	1077.0	5.2204504423486648	2.7057574629188248
0.0	1078.0	22.039857342276278	19.830188530838758
0.0	1079.0	26.597898507774179	24.470142770620267
0.0	1080.0	25.04475942969346	23.445603769691857
0.0	1081.0	19.390528006223064	17.788900698713984
0.0	1082.0	22.498890343632734	20.272157448892038
0.0	1083.0	21.047944110405052	20.076849586078271
0.0	1084.0	23.437017793964472	21.4771777510595
0.0	1085.0	33.834317270591661	31.305531134098821
0.0	1086.0	22.590007255000764	21.039172012649459
0.0	1087.0	24.382217518992366	20.75310373522322
0.0	1088.0	23.300812517965262	18.450979383267345
0.0	1089.0	21.893754414502489	17.921597959161623
0.0	1090.0	20.030925568753922	16.565262223928801
0.0	1091.0	6.9362740202276507	4.923918836283411
0.0	1092.0	11.536296631582632	5.3435965579480875
0.0	1093.0	9.9104840787305335	5.1175860698604243
0.0	1094.0	10.331731910929106	4.729393059514126
0.0	1095.0	10.069430509870791	4.7012258481915641
0.0	1096.0	6.7909131563269876	2.8615044853786209
0.0	1097.0	7.4294356519109748	3.9857068966539497
0.0	1098.0	8.1625519022456583	5.4884104764915218
0.0	1099.0	11.2688325164582	9.7775952730599052
0.0	1100.0	9.6278206452662953	9.0565906291503655
0.0	1101.0	5.4625217631527052	0.11630735315181974
0.0	1102.0	18.462673342401356	13.868057992158388
0.0	1103.0	22.332264947169271	21.513786865642832
0.0	1104.0	10.299824201065874	7.4535969930992616
0.0	1105.0	12.833205206419777	12.406969425126078
0.0	1106.0	7.3597692623300208	5.452866438911629
0.0	1107.0	6.1836821915389093	3.7638615991880582
0.0	1108.0	4.723762273813211	3.0487314158895118
0.0	1109.0	14.570201240957676	14.064787252356467
0.0	1110.0	19.003885325340882	10.024057726198517
0.0	1111.0	7.8929256328530748	7.3542227376797724
0.0	1112.0	5.1290672348465192	4.6760159254085112
0.0	1113.0	5.8806830615012604	0.81390029681324361
0.0	1114.0	9.3347232803136642	5.5243424847350706
0.0	1115.0	11.84598475297579	5.1721105358483008
0.0	1116.0	6.6886878782327779	4.3893709520534117
0.0	1117.0	12.737661787542701	10.956024017255293
0.0	1118.0	17.745057879260152	16.058541754208214
0.0	1119.0	9.3054033753890231	5.0698113648728
0.0	1120.0	11.424979938780009	5.2128757117127167
0.0	1121.0	10.112122036083662	9.4538097987645369
0.0	1122.0	18.210962507904949	15.227044696749628
0.0	1123.0	17.192775571670005	10.969804645493189
0.0	1124.0	14.604962415759648	14.178663766928237
0.0	1125.0	20.357590239904198	15.347497384415345
0.0	1126.0	18.035931684394054	14.997199345333023
0.0	1127.0	15.265629975585933	9.3488351303534536
0.0	1128.0	15.971589454016939	11.652555971568377
0.0	1129.0	2.2440180403051397	2.016556086939743
0.0	1130.0	33.341444727361655	24.413156818425382
0.0	1131.0	27.492119790394092	26.472017474929288
0.0	1132.0	30.331750987649539	29.530591361423436
0.0	1133.0	7.4130156515120156	6.0351524294812924
0.0	1134.0	11.550631215036864	6.3179923260210709
0.0	1135.0	8.2572617744517647	7.7597479336976098
0.0	1136.0	14.050413928753333	11.298911336430814
0.0	1137.0	12.099964395251421	11.654980295534735
0.0	1138.0	18.039693469627849	11.369332575853941
0.0	1139.0	26.013729568124173	22.14679364598522
0.0	1140.0	23.518552383826634	14.954309451676858
0.0	1141.0	0.09195485456314717	0.0
0.0	1142.0	3.8145518094464261	3.4435398818502794
0.0	1143.0	12.712038422814766	12.21361240661661
0.0	1144.0	12.909458025536043	11.624389229268905
0.0	1145.0	16.343405083929476	6.5899760468512856
0.0	1146.0	7.2879523014613392	6.8299073028635267
0.0	1147.0	3.9312016395169773	1.7444945203142934
0.0	1148.0	2.5084080122533017	0.0
0.0	1149.0	1.2350667960767288	0.0
0.0	1150.0	6.7185998035949046	6.2033234646848481
0.0	1151.0	59.517038475175077	58.193192764363587
0.0	1152.0	13.361409911342509	11.349696326929967
0.0	1153.0	23.350384728610369	19.859187559133645
0.0	1154.0	14.92918318700783	14.406565022742358
0.0	1155.0	46.589850933046613	41.297802697123394
0.0	1156.0	50.381263112838795	40.378419326211684
0.0	1157.0	0.17756858267679207	0.0
0.0	1158.0	2.7473893580506621	0.0
0.0	1159.0	3.6691266576460193	2.1220410731667307
0.0	1160.0	44.78268258863816	44.241048277817498
0.0	1161.0	19.320152987426493	18.7218131083782
0.0	1162.0	35.018926169206615	34.490407650166631
0.0	1163.0	26.753681444099275	25.610558331166331
0.0	1164.0	23.488960929607412	22.811382121824515
0.0	1165.0	25.481150271508305	16.634041942001346
0.0	1166.0	26.352932630650336	20.968930542191874
0.0	1167.0	24.178424232915798	23.356083346548424
0.0	1168.0	11.630739126499138	8.1846319986948508
0.0	1169.0	5.9836404331885529	4.4051625582226634
0.0	1170.0	9.1415409397819261	5.9182193680406128
0.0	1171.0	14.633596497688494	5.0447352907276866
0.0	1172.0	6.9069799203071129	5.5276225146598517
0.0	1173.0	10.714308731818264	9.1619572862231387
0.0	1174.0	9.6927023360393836	7.3855072402462589
0.0	1175.0	8.4919258584541009	6.407287389881299
0.0	1176.0	9.7643008888991147	5.6184146984678689
0.0	1177.0	5.3960042586342674	3.7222572183570382
0.0	1178.0	9.7114181942864448	8.0227933796084212
0.0	1179.0	9.9335228478774091	8.8817026995706065
0.0	1180.0	20.515614020820991	19.951940710915807
0.0	1181.0	13.560956775268645	12.602643862824356
0.0	1182.0	14.870365024992529	9.9297879962770104
0.0	1183.0	8.4348366304430211	7.3483467215762044
0.0	1184.0	6.509748946932894	5.6163163918789136
0.0	1185.0	16.838630131598546	11.602067767969837
0.0	1186.0	17.316225839135257	9.4922643160144133
0.0	1187.0	12.553397443630907	11.615035007518497
0.0	1188.0	5.8572769336489863	5.2188149012230038
0.0	1189.0	16.901287914667762	15.043560456376014
0.0	1190.0	18.312234620998115	15.799678112593147
0.0	1191.0	1.3009227609592926	1.0774053439020188
0.0	1192.0	33.985210862228207	33.35185669303165
0.0	1193.0	16.244429048592583	14.137681048514597
0.0	1194.0	1.0492317481369702	0.92895482987561973
0.0	1195.0	8.2027159289259952	6.7873433655176854
0.0	1196.0	12.782559950082479	11.464981495092427
0.0	1197.0	17.365254919585499	5.0153903059293929
0.0	1198.0	8.6678261178856761	8.0100722967402955
0.0	1199.0	18.112354264390657	8.6872884001496669
0.0	1200.0	14.505819667220914	8.70829691401498
0.0	1201.0	9.1286376363939397	7.2061466147241466
0.0	1202.0	9.967317680038116	8.7331170540027898
0.0	1203.0	9.3218804565358528	8.8883795647668524
0.0	1204.0	0.20654039638849397	0.11429853259167368
0.0	1205.0	0.99979858990641923	0.89829852864028248
0.0	1206.0	2.8254285904421983	0.0137073817413898
0.0	1207.0	4.796622624691584	4.3832199202940663
0.0	1208.0	23.334567878551628	13.497925627050909
0.0	1209.0	12.654949084470148	12.188447958994105
0.0	1210.0	15.094508190640227	14.602443657748623
0.0	1211.0	16.042817671572031	14.281185503201698
0.0	1212.0	1.6022349419905748	0.88760306269978129
0.0	1213.0	1.5059344173394571	1.2843459340908183
0.0	1214.0	9.7421542667168346	9.313316417322131
0.0	1215.0	20.825890298262991	14.417495552208473
0.0	1216.0	15.973749006932952	13.70481890326576
0.0	1217.0	23.334328767749088	20.775553192597229
0.0	1218.0	13.331101434132561	12.210053654068
0.0	1219.0	15.519858043058917	12.699771290693549
0.0	1220.0	19.234158628282366	6.9252389833900239
0.0	1221.0	13.53059433622397	11.559103393899795
0.0	1222.0	17.183746739264166	11.295714988589538
0.0	1223.0	15.375500879076283	13.346031262933408
0.0	1224.0	7.6374895513371373	5.8754949779630312
0.0	1225.0	18.170955678638496	8.0879360629933501
0.0	1226.0	18.352754261146426	10.999574537439383
0.0	1227.0	16.019546729521196	14.627077617821296
0.0	1228.0	21.325038243830623	12.233404861552595
0.0	1229.0	19.572963786507547	13.576986755446464
0.0	1230.0	1.8819388917909952	0.0
0.0	1231.0	18.185405522162863	9.1703769982405667
0.0	1232.0	1.914227659227657	1.2004007425352137
0.0	1233.0	17.072946798569777	15.053016106172633
0.0	1234.0	19.868332415967995	7.3736063319153304
0.0	1235.0	19.379699405280451	11.021378864146403
0.0	1236.0	17.264356626916189	15.93500954746446
0.0	1237.0	10.683283110525645	10.137549854247647
0.0	1238.0	20.04011109764792	14.509208561327993
0.0	1239.0	18.630898235580698	18.100167625903072
0.0	1240.0	0.52274229232799763	0.0
0.0	1241.0	21.213544367058624	20.752815237869477
0.0	1242.0	5.0782161337344345	0.0
0.0	1243.0	3.591374608229768	1.9514801492806459
0.0	1244.0	0.18162043935211125	0.0
0.0	1245.0	0.18086592062810783	0.0
0.0	1246.0	0.087847958294786116	0.0
0.0	1247.0	33.606650193942734	32.681389250380207
0.0	1248.0	29.78942140504088	26.119047906533854
0.0	1249.0	17.068400754949412	10.882831359407598
0.0	1250.0	21.052109396419883	20.553261482286022
0.0	1251.0	9.890379330493408	9.1318159446378679
0.0	1252.0	7.1032563692718904	5.3747424224477545
0.0	1253.0	16.798482299940908	12.276435718925665
0.0	1254.0	11.087671344958926	10.361496450255238
0.0	1255.0	2.8248639399164008	0.65727986212907774
0.0	1256.0	11.991878483450291	11.537829078553106
0.0	1257.0	5.1455868572120673	0.32643684742382612
0.0	1258.0	17.825550181186177	11.050302051122459
0.0	1259.0	7.3828069083930963	5.2092324786798683
0.0	1260.0	18.297796979636122	15.638633012752098
0.0	1261.0	20.335029653103391	17.092818387514001
0.0	1262.0	10.96816211975014	10.03854970856475
0.0	1263.0	18.265463556603162	17.202823505939165
0.0	1264.0	22.480716753842465	19.203800028389217
0.0	1265.0	18.263846361838723	15.070929653782127
0.0	1266.0	9.8554804131919802	8.710554688134664
0.0	1267.0	17.72827750285991	10.852054455760411
0.0	1268.0	11.149833315614249	9.1918909328062632
0.0	1269.0	33.880183136130007	33.196521667345017
0.0	1270.0	28.329738476814306	23.330280183423
0.0	1271.0	13.476107376713461	12.923141498707089
0.0	1272.0	38.481378975545759	37.939956506745148
0.0	1273.0	10.989147779292015	8.9447142415966159
0.0	1274.0	11.108714180663918	9.1782771001688381
0.0	1275.0	9.2638158194139955	8.099539030071389
0.0	1276.0	10.458442644242455	5.2567963640357682
0.0	1277.0	9.8380876331626386	8.6108229676147712
0.0	1278.0	9.8217289124730893	6.220243398673694
0.0	1279.0	1.5727955994954883	0.70697171122496771
0.0	1280.0	9.1368520218254563	6.9631245309679839
0.0	1281.0	17.838006071820192	11.016979055151541
0.0	1282.0	19.192027317126179	15.572403087116188
0.0	1283.0	7.0398233999189674	1.8149116586804395
0.0	1284.0	8.2003554130709269	7.3196546418320549
0.0	1285.0	6.4173271622281511	5.6781267935788078
0.0	1286.0	11.461002344217468	8.4402923220958925
0.0	1287.0	7.706903451119409	7.2564696611249175
0.0	1288.0	8.6769306371295496	8.2136126229868456
0.0	1289.0	5.6450456728054812	2.5837186129107965
0.0	1290.0	8.5036549350017374	5.0570192459275702
0.0	1291.0	11.551213896126738	11.050605281415372
0.0	1292.0	6.8662042743851694	6.3429220953171805
0.0	1293.0	2.8571114974173297	1.9370917415171562
0.0	1294.0	1.7549732633941497	0.83692338751682105
0.0	1295.0	2.3760896812040002	0.010236802830922164
0.0	1296.0	4.9498914872831685	0.036513205681256496
0.0	1297.0	2.2579138412599664	0.0071637755886012769
0.0	1298.0	1.2448770138918597	1.1200498637258816
0.0	1299.0	4.8414162299315198	1.7547109451229823
0.0	1300.0	0.035367357514566072	0.0
0.0	1301.0	3.5762541095196521	3.2397960794752572
0.0	1302.0	4.900876906776821	0.0
0.0	1303.0	4.2250876992921498	2.6655589948672591
0.0	1304.0	9.1652977052640967	8.4180435620428096
0.0	1305.0	18.785412864179765	17.814345721848383
0.0	1306.0	22.671776734877124	19.752575001850008
0.0	1307.0	23.952407561822309	19.886591983287939
0.0	1308.0	30.024119244371612	29.115789472978371
0.0	1309.0	33.078947042365783	28.490719361308095
0.0	1310.0	16.95377084444144	16.39625669562405
0.0	1311.0	19.370972760742323	13.941865627840569
0.0	1312.0	10.55876598421735	10.049529151238074
0.0	1313.0	12.342519056921244	11.808245414043066
0.0	1314.0	14.871243359458257	14.290125264502247
0.0	1315.0	21.0545263407028	20.585208651846298
0.0	1316.0	20.343870706312646	13.6825300850972
0.0	1317.0	18.185049123680841	7.861164798769166
0.0	1318.0	21.894707653916324	8.863526772836881
0.0	1319.0	30.742669097510866	26.231379701608283
0.0	1320.0	1.9825915552433175	0.0
0.0	1321.0	20.592601009492249	18.883001923257332
0.0	1322.0	8.2091381032194963	7.7077980242751831
0.0	1323.0	4.5071252543726708	0.0
0.0	1324.0	9.2423691640559387	7.8774582780337647
0.0	1325.0	17.316432178684128	9.152169062059194
0.0	1326.0	32.192532070612941	21.415758399277273
0.0	1327.0	24.555544053670342	23.750585894323955
0.0	1328.0	24.988663451417199	24.197260646811873
0.0	1329.0	25.134431671668224	22.011221767877558
0.0	1330.0	27.429855018762979	26.356751838706622
0.0	1331.0	28.710691458625615	27.674486758541988
0.0	1332.0	16.02328082882411	14.224932268367354
0.0	1333.0	12.511795666160721	10.905697545615192
0.0	1334.0	14.885792614543179	12.176621304043506
0.0	1335.0	12.870942656384251	9.3866890071641738
0.0	1336.0	11.428935887470113	5.1442797120666217
0.0	1337.0	11.238850956703624	9.3895173251166426
0.0	1338.0	6.9901799034855792	5.7063046924818632
0.0	1339.0	10.556486602154248	6.7894888324946443
0.0	1340.0	4.5978600050155087	4.2792136221208548
0.0	1341.0	7.4570222748869366	2.5652732375362506
0.0	1342.0	7.521277902015032	4.3020793033804976
0.0	1343.0	17.275644759468069	15.222702726178747
0.0	1344.0	11.309890705507062	9.2479610638259508
0.0	1345.0	5.1270428346348114	1.8358243980853659
0.0	1346.0	1.4354178054646909	1.3223723992480949
0.0	1347.0	21.784016454702801	8.5351294314151716
0.0	1348.0	20.732354681600334	13.427267643181317
0.0	1349.0	15.151634134009552	12.383770011078264
0.0	1350.0	6.1013346096634304	2.5011675689968325
0.0	1351.0	3.7018036839437851	0.012043554737348739
0.0	1352.0	4.617454265543155	1.3046796364466386
0.0	1353.0	5.1127049264356952	0.89921230603263302
0.0	1354.0	17.30770696274411	9.1629685000242684
0.0	1355.0	19.22422060819866	15.088060131534318
0.0	1356.0	17.966723109099867	15.17809427757741
0.0	1357.0	9.8323982098148281	9.2392970059603936
0.0	1358.0	12.550913642163639	10.831575558891826
0.0	1359.0	9.1799779938891692	8.5675317141114515
0.0	1360.0	14.713853742187769	13.051483466190016
0.0	1361.0	14.911474510566574	11.007886790648991
0.0	1362.0	9.3900335611662022	7.5094694448280794
0.0	1363.0	22.04946250087071	16.541535588906765
0.0	1364.0	1.3285556190205088	1.2083677504733621
0.0	1365.0	2.7008689191124029	2.4645102951711593
0.0	1366.0	2.1733443023636427	0.0
0.0	1367.0	4.7616153923437787	4.4418359928177278
0.0	1368.0	4.369557682846489	2.3527571900445121
0.0	1369.0	0.92109387898620487	0.22130321786649906
0.0	1370.0	2.2890269461588519	2.1646142677130062
0.0	1371.0	9.3022940956647275	8.8745516391279686
0.0	1372.0	18.761193698273438	7.8192954272699673
0.0	1373.0	11.225126854306563	6.3874109051603147
0.0	1374.0	18.89250859712077	13.980763367428205
0.0	1375.0	16.8242154309056	11.037721907488388
0.0	1376.0	20.326177831283402	17.653984912725566
0.0	1377.0	16.959301226322033	15.738988684390062
0.0	1378.0	20.948518857215017	5.0311806649608988
0.0	1379.0	16.100211209674775	8.2750820429711052
0.0	1380.0	8.5396749611081333	7.4636748098451466
0.0	1381.0	4.8852765263929623	2.5798679112710015
0.0	1382.0	4.65425055603861	0.0
0.0	1383.0	1.8950626961671466	0.08226379315090121
0.0	1384.0	1.9633773671724488	0.0
0.0	1385.0	5.3753969695677979	2.6176241629679211
0.0	1386.0	2.0148589235630454	0.10317410267995288
0.0	1387.0	4.8104078461668882	3.168264621336621
0.0	1388.0	2.0278904588662554	0.12408148610751146
0.0	1389.0	0.84521423374290283	0.61396175813747478
0.0	1390.0	3.6694771591905377	0.019964047777168804
0.0	1391.0	0.65164501517415074	0.39149141030950113
0.0	1392.0	1.9991103860346819	1.8339593142854735
0.0	1393.0	0.29494013905164596	0.0
0.0	1394.0	0.17167709631301517	0.0
0.0	1395.0	0.85383281608781569	0.32659649409657548
0.0	1396.0	4.3239853278098312	2.2576806725783372
0.0	1397.0	1.4800546969163275	0.80247631121509566
0.0	1398.0	1.0066663889341996	0.018086723469899708
0.0	1399.0	5.3389993216393909	2.8766168171681401
0.0	1400.0	3.7942256293435479	0.0014460890806111449
0.0	1401.0	0.52122769674122149	0.40422315126983616
0.0	1402.0	1.9390770750985966	0.0
0.0	1403.0	4.1410494255118735	3.3790884582130385
0.0	1404.0	3.6520614147870156	2.1970698493502656
0.0	1405.0	4.5517238212692082	4.2213680198515426
0.0	1406.0	6.7196341368389492	3.8722206038220057
0.0	1407.0	14.539156245834167	12.766585464165317
0.0	1408.0	1.6431862474046852	0.56590692514647711
0.0	1409.0	7.7449355573708907	6.9169303365833361
0.0	1410.0	15.247105616199679	10.916575365813895
0.0	1411.0	1.6541548945767006	0.7125697702792233
0.0	1412.0	12.765214899051569	10.93114968354827
0.0	1413.0	7.0151295508301317	5.1201109208147804
0.0	1414.0	1.2435546466078715	0.11882283892671312
0.0	1415.0	11.392021246674119	1.9091059898580935
0.0	1416.0	12.270535681073609	11.346970577531312
0.0	1417.0	4.910565743736897	2.6957226782686026
0.0	1418.0	7.1299243212937347	6.3813235191552833
0.0	1419.0	0.08700068109922926	0.0
0.0	1420.0	1.3794672027722201	0.0
0.0	1421.0	17.180233278781301	10.884103301902693
0.0	1422.0	17.923349047485093	17.377218236403394
0.0	1423.0	1.6575949896925648	0.32552132860074978
0.0	1424.0	1.9783507553332258	0.0
0.0	1425.0	4.6450271870277451	2.4778253006633952
0.0	1426.0	56.971354119436697	46.085025195608075
0.0	1427.0	57.609611881746702	46.112694785019556
0.0	1428.0	48.583282773718771	46.520355679876467
0.0	1429.0	49.819316956887732	46.280414767876017
0.0	1430.0	46.715898227815856	46.169314654098784
0.0	1431.0	48.884682513419925	45.886867784240138
0.0	1432.0	50.629800609496129	47.836783747334856
0.0	1433.0	3.6057980122892936	0.56278572827231554
0.0	1434.0	0.85464455195371813	0.69838120124785641
0.0	1435.0	3.6010570327695142	2.5668689028484373
0.0	1436.0	0.10032985451047008	0.0
0.0	1437.0	2.7271787204797824	0.0
0.0	1438.0	2.8210794525054039	0.31847213810356673
0.0	1439.0	1.8105488133382368	0.0
0.0	1440.0	4.4030886515626895	3.9186032808880134
0.0	1441.0	12.442631551216756	11.976106091542285
0.0	1442.0	1.7270337768743977	0.0
0.0	1443.0	5.2855842376330235	4.9308680932520614
0.0	1444.0	2.2595377517043929	1.9151893954528394
0.0	1445.0	4.4242598044164776	1.9944217749173989
0.0	1446.0	1.953938076529623	0.14151092369619425
0.0	1447.0	1.5298300437159473	0.87480103073613324
0.0	1448.0	6.6642837318531232	5.4681017634204014
0.0	1449.0	2.0408431997165311	1.7853302714547861
0.0	1450.0	14.275994460635582	0.9798954090941947
0.0	1451.0	4.0696481490537328	0.0
0.0	1452.0	3.4290244822281672	0.0
0.0	1453.0	6.8096394029936915	5.6241689846674836
0.0	1454.0	3.5513624697630597	2.6683731611431156
0.0	1455.0	3.0641018017102901	2.7106044785748278
0.0	1456.0	4.3892725206863661	3.639126281126551
0.0	1457.0	2.4967575689022503	0.23350269872505339
0.0	1458.0	1.8040584120826173	0.2039519152603263
0.0	1459.0	0.90871739714816757	0.79119802328170874
0.0	1460.0	1.6790576588509072	0.65974026529392937
0.0	1461.0	26.437296128675932	20.558006125999221
0.0	1462.0	19.047794384736168	14.905801336086213
0.0	1463.0	23.000154577302823	19.989448503003409
0.0	1464.0	16.491192970568445	11.736313526757943
0.0	1465.0	32.22913095376235	30.193482185905044
0.0	1466.0	18.009228974660754	17.497042209825096
0.0	1467.0	1.3830338432056202	0.0
0.0	1468.0	22.633181929110371	20.098191690626198
0.0	1469.0	21.633422381194688	21.17694650427207
0.0	1470.0	18.372912797995735	17.88992012670812
