SpeciationRateChanges


97.76466
103.743
103.8438	38.87722	60.97529	57.85516
103.5618
103.4327	51.43288	64.41147
104.4911	63.02341
104.4911	87.08269	60.72422	65.52182
104.1618	35.53393
104.3389	86.71873
101.0033	81.50074
103.7626	76.60845	65.03504
103.7626	59.68501	80.42502
103.7687	62.87383
103.5576	68.9341	59.84369	44.61251	55.71848	23.37484
103.4202	25.00505	74.29983
3.561922
36.00671	22.07062
45.98753

3.391693	75.15161
103.4586
55.48864
35.00642	27.23503	22.25846	45.11327
104.1939	75.42721	26.43639	99.50335	81.17894
104.1939	50.35887
104.4387
103.985	79.84085
93.13753	86.16096
103.0027	62.2218
98.09316


15.72447
91.23318


0.2031182
8.309472	74.34528
24.73805




19.23583
93.20637
61.83554	97.65899

67.05192
103.2644
103.7317	42.80098
104.3621	76.05637	63.42035	56.96906
104.3621	14.92638
76.43352
94.50848	99.9971
90.9261	84.50368
102.7923	59.90095	47.08855
103.0814	77.06866	62.81189	60.04642	57.73105
104.1748
104.0181
104.9967	23.72251	21.08056
104.9142	92.51178
104.3342	21.15604	42.39432	1.254319
104.3342	63.5446	66.96403

46.23674

103.7178	35.2436	67.83304
103.7178	27.37861	25.32256	4.783449	82.29763
32.93852	104.197
104.197	59.71419	84.77479	60.69363	59.52779
103.3167	53.25419	102.9759
84.29604	72.14126

45.3011	25.73343

100.3846

74.34383
75.00199

77.3779
52.22009
97.73397	44.57111	8.176491	0.3058625
95.35491
103.144	102.1251
103.2939	62.28363	95.46564
104.2669	65.79514
103.7346	14.40601
104.2896
104.3158	29.17611	64.24258
84.11471	40.20449
104.0026	51.01514
104.0026	70.10273
64.48201	104.7281	31.63119	63.30712	18.71222
104.7281
87.4319	40.50452

27.34278	87.82468


104.3006
101.0786	36.2358	34.27246

6.62994
104.7476	52.92024
103.8199	76.43744
103.8199	53.25379
98.83618
3.239397
1.311187	37.25037
24.66978	45.4258	98.35471
102.6087
93.74474	92.91508	86.54375	62.42943	52.32473	61.31546

56.25426
84.58748
87.25005	85.91217
99.96854
104.6699	82.7234
36.40482	31.93571	103.0877
102.6686	34.95389

90.65837
3.76939
33.65798	25.75483

76.27092	45.08151	98.10691	29.31867
4.135475	55.6652
26.7926	26.38116
46.58165
52.4213
98.01465	14.37279	31.29055
90.21993
104.1615	76.74995
12.67882	67.79211	67.48024
32.19535	104.1395
104.5011	60.86943
74.96757	104.406	72.56172
104.406	70.81447
78.77979	75.84616
72.61997	103.2067
33.48842	10.16088
6.175554	25.67845	103.3616	74.44271
103.7196	40.45065	10.2063	31.51715	7.211041	5.162944
0.710919	39.45531
4.04944	62.91716	87.85034
6.136689	48.48614	1.353072
7.832366	82.81849
88.40586	81.19703	72.8497
102.1104
94.46274
43.66666	86.11282
98.58735
103.6778

91.11372	65.43011
6.79239
103.4604	93.45715
102.4286
105.1042

90.9466
104.3648	83.61356
101.5038	76.38751
22.65737	17.00637
101.5242

62.42518	78.82609
55.8819	6.888512
103.577	52.28183
94.03741
55.13814
103.9415	81.35982	60.26138	23.84072	70.79437
103.9415	61.98365
96.4462	28.95184
97.54242	30.3826
91.40443
58.92589

44.91631	18.11816
6.585147	52.18538
16.2695
32.77495
44.76239	29.91533
53.77109
60.3842
8.371232	14.24632


83.34899	64.71645	10.10886
103.9976	55.97105	90.33244	87.94034
104.314	101.5023
104.708	71.09864
81.0069

37.33124	12.31322
83.99399	6.462461

104.0702	12.3895	63.69529	3.136444
103.3734	77.38021	28.51974
103.4338
104.3073	74.17907	10.48646
99.41471

103.4505	23.76464	70.58341
103.984	16.52533
103.9547	58.24811	86.07273
104.3031	90.45639
5.483447
4.317643
36.95205
103.5412
96.27072	84.2073
105.1436
29.74891
8.212522

48.509	104.0096	78.41495
102.7483
101.5697	64.14287
102.7358	66.62612	91.45246




102.3944	70.98334
104.0774	100.1462	38.74655
104.0774	44.63753
104.6735	4.360566	77.71093	32.48521	55.62214
95.76819	75.60384


3.056239
48.61381	41.53814	35.56519
96.43761	104.2619
104.2619	6.419517	57.25628
104.2622	8.413406	31.92303	80.95033
103.5964	41.07391
104.1406	63.9685
104.1157	63.9029
104.5339	28.75758
103.8213	29.77776	58.73382	63.99885	14.12987	50.65891
104.3412	40.42716	74.51146
103.9885	54.77477	44.47476
104.1708	89.99262	95.16293
104.1708	71.09982
104.1708	77.82638
104.1708	70.14722
104.8105	35.91007
94.71159
104.3542
103.8839	101.3711
104.0793	48.0079
104.0793	57.175
96.76743	17.28119
104.1494	31.36054
104.5406	24.44884	12.17013	84.88179
104.5406	64.03603	97.62872	7.792863
104.5406	69.17974	0.2106123
83.3948	98.76772
104.4966	39.0734	62.74399	67.13098	49.83414
104.4966	39.82126	23.00156	101.1969	100.9654
104.4966	53.00891	65.28243
103.7587	83.35328	28.91729
104.3986	5.321822
103.5088	66.18221
103.4038	71.67772	85.81639
94.38492	99.01976
7.290889	104.3822	72.63859	94.68029
103.1498	101.1187
98.36598	71.41193
100.193	14.25293	81.6349
102.8419	71.95949
103.8439	53.67575	17.81121
98.07536	70.9106	60.09665	4.509102
104.0338	25.76812
104.0338	78.747	100.7779
103.837	71.18547
103.837	74.54355	23.74044	2.671865	1.159637	57.00164
103.3051	53.36488
103.8943	26.22658	67.3078	46.80743
103.8943	17.58928
102.9289	7.649542	72.62357
98.69637	45.35515	56.97594	47.12999	7.975286	41.27069
103.6875
104.0945	34.57038	30.27824
103.5276	97.32805	63.83935
103.5276	77.66814	104.6167	100.5183
104.3135	5.500093	30.03634
104.5701	1.499834	64.03177	89.48419
104.3203
103.3131	51.36399	26.39166	20.48342
104.2191	16.10541	16.65397
0.4746642	11.764	77.04112	97.85109
104.9923	74.31824	81.78331


27.07357



93.92265	55.4581
97.97509	28.36436
7.043931	76.37228	49.98678
29.72021


13.06707


3.369534	1.199367
56.47326	33.32908	54.02789
2.294264	33.69879	10.23129


42.55799	20.41798
42.32085	1.986809	40.74517

29.60986	93.76079	2.276073
98.93372	18.32883	34.14291
103.5787	35.66153	66.48342
104.0945	74.52364	63.47852	51.13341
103.9397	61.34746	29.3764
103.7172	78.04355	32.82869
103.7172	70.90919	26.32865	56.3861
103.239	72.80077	25.50485
104.839	71.31925	70.01771
102.0382	53.72407	34.37526
89.87382
68.20774	59.82318
104.0235	56.07871	89.55037
104.0235	72.51534	34.55465	2.421588
104.2251	63.68906	0.5147101
103.8092	63.43601
72.10317	104.1019	52.95828
104.366	39.921	73.65774	53.28234	30.30935	31.44283
104.3524

13.47724	47.43875



57.66128	18.48731	40.32717
51.868	102.3638
53.54857	97.53805
102.8684	32.46842
103.4767	31.13547
104.2182	51.81782	81.50714	59.46445	73.83949
61.38828

66.44795	104.7705
93.0611	103.65
103.4778	70.7568	62.73964	98.72421
74.47618	104.2281	7.17007

102.6736	73.21972
79.4055	71.14864
104.1828	99.67844
104.8183	22.67413
104.108	62.55634	26.61497
103.7597
104.1839	51.95664	8.593561
103.8939
104.4206	31.77213	17.56676	27.84209

89.87342	25.70274
105.0257	39.63838	57.24596	30.08136
95.14807	38.66102	18.74978	14.70683	58.6722
98.73821	12.75744

64.72845
103.2048	53.77288
54.24193	20.17393	47.73277
22.41071

43.51142	30.19067
82.05819	3.214249

4.844443	99.05681	90.17054
89.70408	18.06737
88.93193	78.54052
94.23832
98.09796
96.62795	77.07489	29.7132	38.70761	24.54527
95.15971
93.49041	0.6003825	93.02068
8.296916
71.35666
77.38451
30.08684	104.2601

94.65725
64.50578	61.76976
53.7955
88.99235	83.64732
99.42265	74.40664	0.4973455	16.63312	98.60599	96.92992	83.7505
104.5133	83.51483
104.5133	22.62647	1.583948
103.9393	47.34423
104.1383	30.74628	6.368696	28.94468	53.9132
103.9248	64.27823	40.24473	27.66797
104.1254	26.09829	88.02559	67.90844	14.77304
99.38447	8.314818	62.24505
2.397487	104.2927
1.055912

57.63212	103.0912	99.52512
104.0809
100.9034	30.73486	95.34253
104.214	34.63197	30.53166
103.7955	81.76529	46.91179	31.2066
104.0717	31.91559	13.28547
104.5249	89.96916	8.26228	40.69394
104.5249	65.80273	65.63429
104.5249	74.43261
103.909	62.28066
76.62758	78.07688
103.1128
5.895083	89.27785
104.7871	17.03196
104.1032
103.281	63.82478	62.12424	79.79008	28.62366
4.233246	73.5328	34.14084	18.73652
99.75893	87.17576
92.45956
103.7025	17.17088	55.63315	5.674532	95.2325
14.21503	87.719
104.4962	28.50184	90.5436
104.1522	52.77237
104.9279	81.55978	71.82616	57.94338
104.2698	38.44658
56.99115	77.47366	65.06104	71.09537
93.42724
96.2823	65.96237	2.747491
91.70906	64.31516	95.89658

5.816176
54.56942

66.77466	92.0109

104.7531	73.00852

53.72408	37.2872
7.987134	39.38897
103.7949	71.36002
104.517	55.23683	6.241232	32.06155
20.40626	104.2483
37.54486
100.287	77.11455
104.0908	60.53835
102.6812
103.782	78.31607
104.1099	50.1684
104.1099	70.58791	24.56623	22.44701
104.2816	84.65252	5.218454
104.3057	5.570335	31.96001
104.0507	25.03396	43.52759	39.87892
103.7907	26.50987	84.45601
104.292	3.884835	25.05575
104.1456	2.983479	82.24555	19.36626	71.96533	101.959
104.9059	2.342931	79.63681
104.8596	4.842734	96.94846
104.4722	69.13906	6.10658	69.12881
103.3771	2.318896	64.72423
104.5072	12.77138	52.81903
103.4796	28.88759	81.01445
103.8389	22.70738
104.5319	63.9584	31.554	27.65982
104.5319	33.96347	44.1609
104.5159	78.91775
104.6005	44.12417
103.9385	75.85527	35.90519	13.59713
104.5308	62.77261	51.40407
103.9937	73.90184	34.18493
103.9003	73.07176
103.9003	68.34605	31.96846	20.42948
104.1079	44.33636	43.45593	8.144335
104.4088	0.690153	40.2646	21.55805
104.297	1.130212	104.2247
104.0648	4.149566	77.17865
104.0648	4.249762	58.64862	83.00514
104.0648	77.23385	44.27601	75.9968
104.154	63.09444
94.25889	28.27051	83.03918
104.6947	14.21515	78.86579	2.088958	97.00605
85.40303
104.1363	23.20521
16.67735

104.4366	80.71292	19.63353
104.0885	55.75185	25.98994
104.1736	14.11343	17.32866
104.4184
104.0173	62.51537	57.6814	21.55555
103.7978	70.83037
76.81658
87.76123	15.67909
96.44007	77.98985
104.6199	71.89795
48.0663	105.0388
104.3	33.15989
103.6249	78.82865	20.35485	35.49229	19.10051

32.23537
104.3853	42.38573
104.5513	3.585453	83.45257
81.52154	71.18479	1.965638	94.85635	31.33002
104.4335	80.59844
103.3016	28.8287	27.85811
103.7862	14.7335
103.363	13.95776	1.253517
98.72944	78.6308	63.57115
103.0218	65.69833
104.0414	20.25444
104.2918	65.7174	9.800493	11.2414
104.3636	61.29428	10.40993
104.8591	43.56017	32.25929
103.3865	98.14149

52.78253	104.7941
70.30412
60.38358
103.0484	77.21031
103.2231	5.932436	38.67574	8.066333	15.8005
103.3884	50.25939
104.1665	75.09724	57.12906	11.01498
104.1665	76.16071	44.76199	31.98199
104.1665	65.99412	61.5519
104.079	34.59167	18.4288	15.57883
104.3496	30.1906
104.3496	68.67426	68.51235
103.8808	50.96392
103.1814	77.4377	47.14634
104.7274	71.92935	26.98227	6.351163	60.35031
103.9142	72.26059	26.01227	25.00198	43.90492
103.8097	15.72411	44.21933
104.3404	71.58579
103.1302	73.14386	77.67791
104.4493	87.77074	12.00373
45.13522	25.70529	39.92425
96.92671	76.52713

103.8902
75.00703	52.79705	59.50212
22.43133
87.10869	85.93444	35.85756
92.70499	75.37808	84.72887
92.8026	50.06804
99.11056

96.643
68.00701	3.206507	52.10154	66.78501
90.71753
98.29551
56.14971
76.61476
90.51653	77.94577

72.15202	102.553	55.00038

48.36523	78.92713
32.98366
82.66561


77.42806	77.7198

68.45171	104.5171	101.055
104.5171	76.10475	45.70859
104.5171	75.55065	5.365193	4.725348	60.44736
103.5966	77.32228	2.456099	98.03237
11.58279
98.72618	64.92346	35.28171

13.9017
73.10259	98.67834
2.680169


26.20872


103.9576	53.85317
103.9976	92.34201
104.5226	76.5086
104.3212	72.14587	6.68887
103.3459	78.7972	76.11533	93.23455
101.6608	68.31069	3.425053	26.93526
104.2314	65.60484	94.30566
104.423	57.35071	80.31471
100.8643
85.12754	0.1767123
93.50491	76.93465
30.79851	102.3806


103.444
103.9168	75.82037
95.55757
103.9767	0.4056795	34.46654	13.52762
103.7088	71.09955	12.56349
26.23177	4.451241	103.9859
103.9365	7.807454	50.50666	40.63897	8.733654	1.070458	51.2215	29.77236
103.9365	71.74604
104.2794	63.4846	37.17855	94.5617
104.0439	62.91547
104.0439	64.58195
103.4474
104.2727	48.6555	99.15453
101.1725	98.08237	78.24888	76.20914
83.79147	37.2333	92.97029	31.9331
94.01516	30.64735
94.90299	49.36006	21.84471
74.9213	41.36318	24.98284	3.08609
45.39039	99.21233	54.88581	29.99266
88.90528	77.17172
67.5442
104.1298	62.23923	46.26093
104.4869	52.96543
103.3182	88.55322
104.0856
102.6221	63.51338	70.36948
104.4385	62.89732	10.81159
104.4901	62.7754
104.4901
104.8973	17.22659
104.3179	51.36193	73.71345
103.6787	69.16519
103.8771	1.129707	26.17102	54.79722
104.31	80.60805	3.137523
103.7094	70.89616	28.69001
98.71433	72.70514	92.18604
104.6892	13.31771


103.6915
77.89107

57.22022	20.43487
104.8094	94.57039	97.5794
100.1792	3.018917
103.7702
104.9284	30.54734	25.59819
104.5192	64.88449	49.27107	32.70247
104.1003	63.43927
104.1323	88.23375	82.40792
104.52	33.40541	94.04058
104.4278	30.64227	88.96599
104.1268	3.401479
100.0255

55.02959
104.1096	36.22123	11.54186	11.93443	72.15175
104.7348	64.36921
103.8382	57.86792	47.39553
103.8382	66.4935	5.820135	80.13023
104.0868	14.31636
103.9347
104.7351	4.545836
104.5345
104.5421	90.82741
104.5421	22.95169	44.61579
70.62871	104.366
35.37671
71.5054	32.37826
103.8446	25.40203


25.59369
0.8787644
50.34422
98.22258	97.35921
103.2722
41.07279	103.6007	79.63322	68.25845	89.68949	105.2659
104.1594	17.40205
104.1594	63.04663	101.1477

48.53659	100.5743
54.04898


103.7872	67.05843	17.48108
104.8872	41.33297
104.1681	22.88766
104.1681	75.90471	65.35264
104.1681	33.76385	62.69741
104.1681	29.86041
103.7815	15.01968
103.7772	46.9942
103.5428	70.79544	17.19692	0.5388063
1.620952
3.971985

40.10112	70.1882
103.5019	2.936153
104.8492	73.2122	64.64821	17.23754
103.8256	29.51693
103.1952	92.42889	91.31112	63.62195

95.96948	11.53875	78.93739
36.57311	35.72664



96.00462
38.18339	16.94941	23.43115	33.17584	39.85135
41.43366	30.774	85.77585
55.92573	3.760752	102.5412
104.2274	70.67262
104.4646	60.80207	41.24344
104.4646	0.9481544	45.85164	16.59521
104.0763	27.37444	101.5016	53.70271
101.7969	52.98129	13.33731	3.628567
89.83875

74.86175	31.02298
95.97622

105.0016	102.2942	97.08342
102.872	37.32435
46.75621







64.7345
104.0908	31.63143
104.7547
88.25224	98.96779
94.42536	30.22426	53.17147
42.60305	29.60052
104.9424	1.296143
104.4968	65.49443	28.15221	93.31773
104.4968	23.08267	83.5257
104.666	85.67707	65.27949
102.618	71.44623	1.922166
74.34467	99.01338
99.40145	64.1326	6.53551
103.7808	30.61261	60.87072	104.0785	36.67593	38.12265
104.0785	21.22129	67.51407	78.21018	73.66033
104.1049	84.5863	4.352437	51.53114
104.1049	75.70249
104.1049	69.60539	10.77439
96.64837	80.00396	79.06456	101.3459
63.2842	103.2098
53.89911	104.8928
104.1767	90.00562
103.9555	79.03696	50.88148
104.0708	70.45195
103.5246	66.02582	8.525328	90.37304
104.4593	66.14308	90.29085	58.30547
104.2678	72.84055	11.60623	50.0087	55.57672
104.0188	74.39634
103.977	68.69542
100.3082	25.59046	23.38287
104.1869	65.01732
104.1701	82.08102
103.4922	66.59869	43.70769
103.6747	31.66432
87.13783	49.87514
48.88603	37.66202	35.5432


3.525472	98.08902



18.2778
102.9694	3.85485

69.75854

54.59869
5.275693
6.905696	90.57097	51.45636
98.77682	31.52072	93.9265	87.12654
104.1345	70.52839	52.67475	17.21021	22.74213
104.1345	60.50287	49.13267	11.07266
104.1345	47.03726	36.58571
104.0271	72.46333
104.1093	76.12859	4.261296
104.1093	101.791	60.62913
104.1093	68.09875	24.16593	12.06403	96.53642
104.1093	16.74011	14.4812
104.4084	69.67959	102.7986
94.40535	29.51866	101.1519	32.21376	13.54031	98.77359
75.04028	95.59883
104.3172	79.19147
103.3669	66.89725	66.58023	1.821587
103.7343	68.53722	63.27807	82.62037	22.33569	76.60944
103.6155	10.17978
103.6155	32.92933	95.12084	94.11329	86.01362
103.6155	67.13579
104.1375	70.11518
103.3089	67.10918	42.98659	34.26158
103.1304	79.66419
104.4517
104.1927
104.1927
104.1757	32.56848
102.7287	84.90838
104.0391	21.13264
104.0391	27.88843
104.0391	50.10183	26.60805	48.59
103.9918	22.78609	6.912415	100.4906	55.96493
104.1307	40.12476
94.07455	34.52821	31.7068
94.23623	19.42515
97.85041
5.547138


89.69403	85.77027	78.63887
103.4562	71.08827	83.9542
104.3649	63.46587	94.08193
104.3649	100.1524	82.67578
104.5315	50.74478	49.51847	86.36797	80.79157
44.76156	40.69394
3.914171
12.97303

9.004944	63.11724
5.949945

104.2067	63.99969
80.25743	13.77898	101.1618
11.40882	87.59804	57.29296
101.2427	85.71159	100.2047
68.38832	64.36562


2.212526	42.02434	31.07113
1.93344	84.5648	77.03253
1.667877	63.78885	103.0978	99.04868	105.128
2.037046	95.92688	36.70765	61.36887	10.68706
103.9658	70.259	2.031873	87.7418
104.9669	5.528468	63.49394	54.52569
104.9483	5.885887	100.992
104.3838	0.4296664	79.40542	72.02729
79.31772	6.051476	63.00542
4.458246	5.02914
4.557004	89.84057
55.09211	39.68045
62.59694
50.0107
17.84871	6.056101
103.8448	24.92591
104.9181	31.11924	68.5831	66.69473
104.9181	66.72816	33.30906	25.63019
104.0406	16.18266	0.6951337
104.3811	6.136856	63.75097	103.9693
104.3811	70.56679	24.8333	47.28778
82.1477
43.16447	104.8721
96.92405	69.71884
14.39052
26.72877	98.955
96.21917	59.59491
103.93	9.157167	53.97354	4.878527

54.09983	97.99034	61.18911
70.74378	104.3666
103.0602	31.2266	38.93127	29.74721	19.65762
88.45596
33.34909

66.75505


99.37635
104.1635	49.61973	61.85763
104.1635	20.82716	1.011397	11.47467
104.1726	18.7677
104.1701	75.36995	94.71306	79.07471	57.91092
104.2516	77.43419	89.40273

2.180603
104.7738	65.89084
103.9477	23.71347
93.43859	70.12793
49.69166	13.61123

2.570866	15.31463

94.27692	87.97232

103.8191
105.0336	16.88182
98.01116	21.18661	85.65561	68.89527
47.23874	50.84825
91.15181	43.34201	69.91461	83.40617
104.2524	14.28306	0.8742855
104.4966	5.541151
104.4966	4.473345
104.4966	26.88763	5.564639
104.4966	30.17062	1.04297
0.1247312	75.92509
10.73164	74.10409	103.8161
104.0534	73.89135	33.88103
103.1596
104.04	101.6943	59.39422	58.50043
104.1399	57.7554	51.72265
104.1399	81.22069	42.41455
103.8476	13.84006	94.52319	87.56325	81.42463
104.5649	54.77782
103.7972	34.11401
104.1116	0.1942279
104.1116
104.1116	64.83035	28.12594
104.1116	29.96129
104.1116	22.15004
104.1119	29.90113
103.498	34.8927	57.42104
104.0895	29.30758	99.67704
103.534	29.90861	41.6077	13.63563	66.28714	47.66502	44.91417
103.534	4.2123	72.44081
103.534	74.41122	47.60096
103.4826	93.79449	90.41517	1.335163	32.56814
103.3773
103.9788	103.6846

72.1729
83.28795	77.75785	72.67669
104.4719	4.788452
103.2729	22.01782	78.29634
96.4355	60.52503	77.45435
77.16491
5.095455
30.75519	75.06774	93.17061	57.2391
97.56383
102.6044	33.43432
4.807724
104.502	77.41295	6.617024	80.9684	71.68445
104.0647	69.82211
104.0033	35.86061
104.0033	52.1311	37.80995	2.131624	26.74438
104.0006	37.74458
104.0006	30.86508
104.0006	70.2538
104.0006	30.04388
104.3824	67.59546
103.7464	56.23265	47.46849
103.7702	28.16339	37.9197
104.211	80.02091	27.56505
104.4968	6.374493
104.4954	81.03687	100.7195
102.2286	68.15885	52.60353
104.291	30.52163
104.291	67.69788	52.88071
104.1817	82.26356
104.1817	71.14986
104.2822
103.9809	92.95323
104.3716	34.40054
104.3716	31.80016
105.0306	38.55838
103.9699	23.62301	56.11408	44.12826
104.3044	74.1888	95.51479	22.55945	79.12948
104.3044	22.68763	95.2666
104.5217	90.86939	42.61811
103.7244	58.55933
103.7244	61.60959
103.4456	35.42683	53.07006	30.35391
104.3258	11.60308	0.3083242
104.1965

95.75241
103.965	41.03001	24.37338
97.08953	16.3425	94.32249
98.20131	85.41462	47.24297	21.84334	48.43926	90.55119	17.85698	29.86179	18.71777	24.383	29.22565
104.8279	82.35047
5.647595
6.08265	26.78832
59.01527	39.47671	7.77605
102.2684	25.73611
69.58165	103.3226
104.0925
103.7347	66.90825
104.5512	50.19446
104.4044	64.25686	74.20477	11.43506	0.8528078	44.37896
103.5585	57.52669	82.4766	11.11506
103.5585	14.83718	5.713914
102.1653	73.75876	25.02798

76.84483	89.22291

39.74513	11.5753
56.14982	69.25517	5.601234	12.77001
102.8131
104.1128	36.58518	91.61664	14.56576
104.0443	71.52084	32.30888	87.752
104.0443	79.81418	89.03903	73.90058
98.31546	58.42862

35.89006	6.183543
40.71322	95.13943	103.5534	71.05846
103.756	77.40596	36.4005
103.756	29.19599	66.72007	59.18238
103.756	100.9484	32.28731
100.8151	78.92221
98.99997	67.77203	66.99727	7.051814
94.47901	69.99272	11.75731
94.55012	11.54682
7.951293	94.05535	15.21379	41.57574	0.6744594
97.14239

35.88925

20.50125
103.9757	41.25772
104.2115	29.33704	21.53634
62.37068	41.07681	102.7182
91.43182	103.9574	61.70878	78.43558	25.91011
104.0433	74.842	48.49556	73.83645
104.0828	54.55424
104.0828	89.59572	36.15255
104.4574	23.36918	31.42645	24.15644
104.4574	36.91739	32.72965	33.45396	100.439
104.4574	72.48788	25.94967	102.609
104.3845	61.86386	26.70244
92.75356	5.868808	64.8419
99.06529	31.20713	41.73936	27.47965
103.4278	71.10862	98.83474
103.855	68.4746	16.61118	95.75475
104.7263	46.9316
104.4966
95.88956	102.362
62.94847	98.39759	100.7025	98.31989
85.88453	32.96052	103.9091	59.28102
103.9091	31.18422
103.9091	67.08901

66.22506	62.43525	70.5577
104.5898	21.62807	74.71958	98.40307
104.3935	71.43918	41.31226	40.99161
104.5467	72.6173
104.85	60.65368
103.8828	65.88198	60.38749	24.40879
103.8828
75.03278	14.72141
89.73411	80.22759	54.59018
93.76434	31.39179
101.4561	72.82138	23.44165
44.76612	30.36323	87.65071	71.76151

101.8255	17.89628	17.37592
104.5731	79.03183
104.2475	61.09726
104.2475	72.31595	83.05875	43.82843
104.5025	77.51581
90.01331	61.18686

35.65058	25.01861	80.57143
104.7795	9.992944	80.6563	80.75844	76.01582
104.3079
6.885724	63.96953	84.94444
48.25745


97.60559
33.44642
83.17784	104.8301	65.03732	59.61605
103.9817	25.74238
103.717	58.20831

5.299956
13.48058
103.7504	21.02867	4.070676	3.054572	62.91907	26.82096
104.2861	63.18011	62.60575	18.69263
104.731	24.3881	17.45631
99.49237	103.7058	48.1488
84.39983
102.8099	36.17526
13.70837
87.75305	39.88243
103.1723	13.91114	74.38906
44.40776


58.06472
21.76358	79.95373	74.42203
104.475	63.99046	4.756097
104.226	13.05774	73.62504
54.96266
104.8481	8.466217	62.89272
104.083
103.7671	36.84565
104.3667	49.84979
104.0764	35.91106	66.22245
104.0764	19.21291	78.48047	61.52267
104.2359	84.77921	76.01295	56.19955	102.2837	57.49672
7.394095	103.9405	75.19008	62.99385
103.9405	75.54583	48.21407
36.30882

11.17771
4.644876
104.5065	45.66214
104.0895	61.69666
103.9057	49.97971	15.26006
103.9737	74.94503	22.5861
103.9737	62.80713	42.16883
104.3214	70.8655	35.5069	30.71198
104.3214	63.54939	50.46411
104.3214	42.14095	65.34408	84.62964	63.8106
8.821784	60.80658
104.0537	101.7973	46.18832
100.2854	28.25189


96.30169	63.67387
97.22178	39.8443	88.84046
10.24675	67.43583	79.59202	76.64844	97.15226
99.02362	24.51875
104.1699	29.35708	29.82667
104.3441	54.59433	47.0451	15.88695	34.72284
104.1229	63.27927	44.04752	22.37166	57.60225	0.6938529
104.1229	36.65258
104.1229	46.52462
104.1229	74.35151	19.1441
104.1229	36.46673
104.1229	78.17857	98.77225
104.1229	18.27419	1.541614
104.1229	50.46119	68.47321	66.47657	67.64921
104.1229	18.07968
104.1229
103.6325	76.56823	91.19169
104.1293	52.08498	10.33133	98.42744	47.27242
51.52645	5.22279	13.77501

69.00935	80.11431
103.0909	99.8638	16.14247
88.96889





95.03889	14.33019
82.15643	21.62038	1.515311
104.2414	103.7736
104.3298	101.9511	95.89842	3.069043
104.3491	39.46833	101.0396	82.52844
104.4913	69.52821
104.4913	30.35837
90.96718	59.47411
103.6508	64.81703
103.5437	50.47937
105.0009	104.9472	98.33054	99.53039
80.07608	17.00288	54.86378	74.38961
88.95426	70.0259
45.60551
15.65044	3.412872
44.96893	35.62004	4.984823	40.57506
13.47117
101.2616	95.14197
104.1674	52.48935	16.28899
104.1674	76.53945	30.14183	44.15875	75.82101
104.2861	30.35448	99.2385	75.47401
103.8553	17.22022	100.9639
103.8553	45.21709	66.44302	28.18813	31.17697
104.9062	31.74501	24.11093
104.772
103.6322	31.73305	102.0907
104.4719	76.01504	42.32973
104.4719
81.01121	103.3858



99.36979	17.52894
104.0833
104.0617	38.80205	62.02868
104.0617	26.1919	72.5294
34.83042	10.84341	97.81082	54.04205
37.74069	16.68104
87.55104
96.26883
87.86986	48.63606	21.80611


26.38903	104.9843
57.79908	83.45586
25.94213	104.3292	99.69551	36.59811
104.8459	72.09771	29.08816	48.03397	23.6906
104.2245	29.95763	0.2946331
104.4381
104.111	53.1894
104.1186
104.902	75.85397
103.7237	65.06845
103.9158	71.77106	105.2425
80.31035	96.1975	90.95309	69.60921
104.1505	68.32806
104.3359	5.652382	68.6067	84.02635	34.40889
103.7124	68.41054	45.28274
104.823	22.15736
103.6695	42.76905	8.131899	20.9735
98.91153	61.88115	29.97816
83.30821

66.19521


98.4914



43.25616	105.0095	13.92687
25.00417	37.46641
101.9463

59.84446	22.7534	14.48816



28.89374	41.20296
87.2338
103.8784	70.16967
103.8784	80.32996	73.30367	101.3348	42.67298
103.9428	53.53178	44.58459	43.84466
103.9685	85.56639	70.89768	13.77877	104.6829
103.9366	89.68746	97.12767
103.8561	49.97489

43.2874	101.1686	96.29282
103.8496	24.82476
104.3935	13.24255	75.3029	21.32245
103.4676	68.16301	72.10634
103.8189	62.87781	58.55083
100.9763	76.24665
104.1749	71.59883	65.22115
104.1232	81.48837
104.1232	27.81809
