SurvivalProbabilities
0.5295963
0.2089087	0.2967401	0.5214471	0.9376965
0.3003372	0.12167	0.5542608	0.9818825
0.6406515	0.6050113	0.9805625

0.6557647

0.8815789
0.9971862	0.9066098
0.4300284
0.4866716	0.9995064	0.9564008
0.6153655	0.7054538
0.1258521	0.05256955
0.9465177	0.08423535
0.3320374	0.3783878
0.5426547
0.8317141	0.9658507

0.4285803	0.8935918
0.3116383
0.6420753

0.5736791
0.6644985	0.5223953	0.9149007
0.5893799	0.9534191	0.8159586


0.646215
0.3543077	0.6814006
0.1248267	0.2103976	0.8344398
0.9822558	0.4159206
0.1458581	0.1605988
0.1882175	0.5566756	0.1816872	0.8464183
0.1443388	0.249022
0.2056096	0.9294232	0.5674403	0.4103452
0.7421815
0.6366169	0.9039308	0.4657308	0.5665985	0.9406899	0.6660374
0.1816378	0.6593229	0.4331872	0.5883802
0.1740169	0.1522051
0.1287158	0.2885287	0.9812703
0.2196363	0.1064419	0.3332764	0.5941731	0.8192958	0.9226414	0.8541614
0.1709579
0.1710228	0.2889338	0.9902373	0.7759552
0.1674849	0.5374595	0.5265134	0.5433806
0.1242349	0.553145
0.2609546	0.2572191
0.2472268	0.986191

0.1352527	0.3803872	0.4833477
0.467422	0.1775872	0.9005331	0.9076743
0.2420475	0.9683742
0.6669627	0.1743133
0.4240959
0.8693426

0.2679242	0.5159164	0.3090643	0.9061987
0.4874065	0.9609644
0.7110235	0.8620872	0.6975812	0.998322
0.6269623	0.320171
0.9253307
0.9841542

0.9083132
0.5460356	0.7025763
0.3025317	0.2206352	0.5302822
0.3277392	0.4624346
0.1437207	0.0731341	0.539503
0.1876419	0.5738007	0.4565946	0.1545342

0.3938652	0.1687148
0.5480324	0.5363237
0.6174751	0.8819538
0.3974593	0.9609505	0.7910577
0.2477874	0.3179078	0.657225
0.7424038	0.1700595	0.238731	0.4681779	0.6106689	0.9874887
0.5738042	0.945901	0.4064104
0.215471	0.5717845	0.182174	0.8076313	0.3814502	0.5670581
0.2002409	0.3748193
0.128302
0.4748896	0.4821999	0.9970534
0.3245538	0.7437633	0.7063809
0.1513483
0.4141221	0.9357714
0.168168	0.3900006
0.2366338	0.6674948
0.3100842
0.9536894	0.4490613
0.271704	0.4634449
0.5521808
0.7828717	0.4694104
0.5979643	0.8743906
0.2816872	0.6201949	0.9954438
0.09848182	0.9572978	0.8026156
0.8790558	0.528415
0.8697724
0.5702675
0.8436649	0.2812237
0.3064139	0.6117604
0.3934455	0.5895335	0.8208677

0.3409519	0.3585994
0.6054196	0.2294611
0.5850812
0.4304827	0.9010792
0.4575623	0.2366618	0.4063371	0.9697831	0.6666079	0.7698094
0.2409541	0.3091598	0.7658313	0.6461135	0.7482501
0.3357721
0.5673268	0.6690013
0.8302578
0.2042132

0.519455
0.1836038	0.2063355
0.3420692	0.5727543	0.7963073	0.8117289
0.1238406	0.08654201	0.03447493	0.9565016
0.4576361
0.1936161	0.5353467	0.9800321	0.5543535
0.3171033	0.3605943
0.08628264	0.7594246	0.7417161	0.6591377
0.5282503	0.4053572	0.9948052
0.1100661	0.9004202
0.7201783	0.6733425

0.1960779
0.1908867
0.3073151
0.2796047	0.06185283
0.1546582	0.2861412
0.7905325
0.1644561	0.3348768	0.4876621	0.7998154
0.3602771	0.3188734	0.03165572	0.1786436	0.6687025
0.2490549	0.1357179	0.100088	0.5072183
0.3249638	0.7563424	0.8106223
0.4246685	0.9695786
0.1103543
0.920484	0.9868826	0.163842
0.2187171	0.4274484
0.6692738
0.8524933
0.6776083	0.9681669	0.6809784
0.7179518
0.7227486	0.7787438	0.4956214
0.814051
0.5493055
0.5273093	0.1049913	0.9625469	0.7844883	0.7016342
0.3245389	0.8110609


0.5600885
0.3863008	0.4754463	0.800496
0.3553662	0.5954182	0.5631362	0.5435392
0.3139183	0.5339348	0.6703469	0.8838187
0.08676748	0.6553016
0.1515424	0.7466561	0.9583336
0.4238548	0.8499302	0.5389939
0.4437153
0.3419538	0.7737111
0.3237848	0.8445336
0.2107196	0.5756134	0.8727388	0.279337	0.9178544
0.3613392	0.9425621	0.5710998
0.3198724	0.6074035	0.1956608
0.4118355	0.8869188	0.6827074	0.827453
0.3275507	0.183563	0.7133159	0.3310763	0.9372623	0.6759882
0.2670594	0.4867273
0.7338727	0.9160063
0.664236
0.1904169	0.2712048	0.474439	0.245594	0.7882565	0.8194162	0.9822397	0.297463
0.2838193	0.498998
0.5716718	0.3668835	0.4247615	0.3856237	0.9507637	0.7327707
0.4764811
0.7502677
0.3196111	0.6419797
0.2138347	0.8395048
0.617998
0.455604	0.7003507	0.7693778

0.2067654
0.1515293
0.2876058	0.3677814
0.3915397	0.933114	0.6268477
0.2015878	0.3381283
0.2687269
0.1748267	0.3398993
0.3812932	0.353613	0.20645	0.8427678
0.1383356	0.5383645
0.3002178

0.2604053
0.4615441	0.6348392
0.735564
0.9858818	0.02290965	0.8584748
0.1102065
0.3720953	0.2386524
0.2868676	0.8672435
0.5292324	0.8940286
0.8382849	0.9819964
0.08727791	0.5144897	0.414105
0.7178741	0.8130157

0.7543391	0.7348847



0.5269994
0.6313589
0.1807392	0.4832527
0.4886614	0.8969274	0.5901004
0.4845511
0.5013624
0.4963254	0.5314557	0.9574441
0.1979064	0.3110738
0.1470396	0.8593778
0.3369839	0.3101327
0.3686619	0.3197629	0.692439	0.9649139
0.2164554	0.5648404	0.8051775	0.5869269


0.2375483
0.287837	0.3196533	0.3220233
0.1919206	0.4536189	0.6092531
0.03913472
0.5575282
0.4219585	0.6463191
0.4171982	0.6692121
0.2346718	0.316212	0.5219241	0.4325375	0.534782
0.4282386	0.7693697	0.3505554
0.8415068	0.1144377	0.7010116
0.4378088
0.9609646

0.7117278
0.2043774
0.400732	0.8008239	0.7685953
0.2142641	0.1163578	0.5614626
0.2220682	0.2887502	0.978984
0.2559332	0.334594
0.1599347
0.5188897
0.6180061	0.2321513
0.8789841	0.6723017
0.5481802
0.9649878
0.7460283	0.4622729
0.6505523	0.6348911

0.07958302

0.5860694

0.904331
0.3690352
0.3690211
0.8978664
0.7669166
0.3428222
0.387703	0.1202124
0.2680904
0.6716109	0.6195783

0.3772861
0.837144
0.3700935	0.5596997

0.9295186



0.2821171	0.4360564
0.4700917	0.486792

0.9397217
0.4094377
0.5126044	0.6380944	0.1999681


0.9425471

0.4878847
0.8594361

0.9381696
0.6573501
0.5600163	0.8987217
0.4700337	0.9478714


0.7022353	0.7403949



0.4968389
0.947883	0.5193709	0.893099
0.9997627	0.7398497	0.8431412

0.7660577
0.5321761	0.3180602	0.6156216
0.4450819	0.4271612	0.5309599	0.774719	0.7869638
0.4022923	0.2570174	0.8204355	0.6298509
0.6398138	0.6449808
0.1366508	0.1318053	0.7404672	0.2514674	0.9385038
0.1401659
0.04544817
0.2773566
0.3520917	0.5963867	0.6777899

0.4297906	0.5326098	0.8635631	0.7859426
0.3112713	0.8669594
0.2479034	0.9827134
0.2430471	0.79048	0.9140793	0.8329276
0.7913516
0.7032952	0.5005309
0.73423	0.4161821
0.9854233
0.1936611	0.920935
0.1587037	0.1137393	0.9073247	0.9174931	0.5935546	0.8428227
0.2992702	0.5894877	0.2890986
0.2736104	0.6065969	0.6252508
0.2022241	0.1390684	0.1347711	0.6052497
0.3424249	0.1612245	0.6258262	0.4903359
0.282524	0.3326071	0.2951934	0.9084591	0.4392087
0.5081379	0.5979807	0.9622357	0.7039162	0.6958111
0.1357415

0.3062342	0.3594188


0.1882854

0.98476
0.4177471	0.6951064	0.7913394
0.932542
0.3413026	0.8748382
0.3732142

0.3895879	0.7244839
0.1948515	0.8102107	0.5436927
0.2371977	0.7691038
0.5093014
0.8236852
0.5196919
0.4008293
0.1589253	0.411852	0.6589161	0.8126082
0.7293112



0.2690611	0.5821495


0.4987095

0.06154451	0.9633753
0.5954922	0.9750581
0.6699475	0.6805663

0.5452002
0.2572381	0.8678149
0.4081466	0.8272384
0.2268197
0.1659689	0.3670051	0.6597572



0.7395195

0.5099136	0.3008575	0.7286484
0.2467861	0.2626072	0.5930467	0.8355908	0.6074384
0.4224458	0.5929351	0.7866647
0.5206612
0.1838548	0.1955261	0.6524822	0.8863751	0.8527082	0.9245294
0.2870566
0.3892348	0.5883413	0.7046957
0.9402949
0.9850781
0.326072	0.6087916	0.869044
0.6010324	0.3165279	0.8083082	0.9412897	0.5648065
0.1547967
0.4679058	0.4212067	0.9732657	0.5855578
0.2382722	0.244263
0.720734	0.8870384	0.8498536
0.4408233
0.1978928	0.6574475	0.7951094
0.1468695
0.09895308
0.3662433	0.7429046
0.1787738	0.8282945
0.07808346	0.6154778
0.1992939	0.5300917	0.8454418
0.1584403	0.1478224	0.157246	0.3794072	0.6355613
0.06478118	0.216265

0.5840928	0.924638
0.7995141	0.7445409
0.8417645
0.6681383
0.122375
0.3007671	0.8766929
0.2310583	0.7034945
0.1500228	0.3618925
0.8477421



0.6888381	0.8652895
0.3684595	0.5103556	0.8307878
0.5788985	0.4489949	0.04060037
0.1839936	0.881859	0.4412693
0.3512905
0.5450954

0.727745	0.3987735
0.871643
0.3083943	0.7177819	0.9194866
0.8003396	0.8550664	0.6092529	0.7468588
0.4391819	0.9095389
0.5410192	0.9835267
0.8625297
0.6362081	0.767221
0.4385938	0.9821818
0.3762847	0.9806791
0.7418502
0.6808413
0.6384331
0.9321491	0.08073783	0.8134437
0.5657009	0.4439579	0.309092	0.9911396
0.650788	0.6769712	0.6424414	0.4019764
0.1903643	0.722879

0.3215335
0.4645534	0.4894998
0.971198	0.5387155
0.9789842	0.639785
0.7068055	0.9145038
0.1902628	0.18437
0.2259095	0.1658462	0.2559533	0.8549445	0.2306875
0.2666392
0.4361897	0.5709058
0.2416541	0.1936474	0.4059631	0.3333027	0.9651383	0.761148
0.2041093	0.1677266	0.3368659
0.1334433
0.2895114
0.1193049	0.2909849	0.9053877	0.6627349
0.4355784	0.6724618
0.993087
0.4908739
0.1879164	0.7293521	0.9457973
0.5107454	0.4327003
0.6405734	0.7812485	0.9578763

0.3558853	0.2900108	0.8282068
0.3901199	0.3522089	0.3265823	0.2022429
0.458218	0.232403	0.2317585

0.5510742


0.4538041	0.5654009	0.6112456
0.03122678	0.8925841
0.6798085	0.6854537
0.3099275	0.4784663	0.731672
0.2459444	0.7919246
0.9426689	0.9897139
0.7249827	0.9448952


0.9631987	0.9512969
0.797452
0.595584

0.9743191	0.2383619
0.6458778	0.9749899
0.6109715
0.09383242



0.953545	0.8703913	0.6092524
0.5592083
0.6744294
0.3378476
0.4099329	0.4063921
0.7802137	0.5417003
0.2699719	0.5448617
0.7475452
0.3436124	0.4753135
0.1534664
0.3288877
0.3267025
0.2380748	0.6694837	0.4007467	0.7472967
0.1696476
0.3225076	0.843156
0.3576194
0.5426418	0.6822036	0.7948112
0.2524962	0.9938317
0.9979969	0.02621585	0.6374965	0.8177687

0.7071182	0.9126225

0.3049829	0.7815333	0.841888	0.9259035
0.1649529	0.1189539	0.1969955
0.275986

0.1335772	0.2341745	0.7678043
0.5367556	0.7987614
0.9864877	0.3746893	0.819384
0.5492148
0.8443839	0.8768551
0.8711785
0.3791762
0.1800722
0.5169665
0.6803387
0.2507912	0.9321552
0.3430936	0.5419562	0.5547957	0.1572305
0.256528	0.8705587
0.4877238


0.5709915
0.192847	0.692052	0.0468331	0.988066
0.712314
0.214251	0.5995431


0.8643723	0.7689088
0.4149984	0.5725816
0.4893488
0.415958
0.6308435	0.8642003	0.5114517
0.2560542	0.5389102

0.5798362	0.8133534	0.4436981	0.7066598
0.8266795	0.02035006	0.7450952
0.2791901	0.2005609	0.4008792	0.620536
0.2483063	0.2195869	0.04993041

0.187838	0.7694306	0.5175005


0.6938029	0.5696178

0.2143498
0.5821353	0.5707986	0.6752934	0.7378735
0.2106862	0.7417115	0.7381227
0.3435069	0.3928239
0.1511982	0.30689
0.3119395	0.2687198	0.6208631	0.7810873
0.2151932	0.2331767
0.3124969	0.6706648
0.239268	0.4564833
0.06417	0.7556666	0.6161634	0.5630658	0.4977344	0.4047802
0.679114	0.6032533
0.3961775	0.9633944	0.2424317	0.6780872
0.4529964	0.4259771	0.5443705

0.4427357	0.1435087	0.6507251	0.6089112	0.9677891
0.308871
0.05280988	0.1496109	0.5648626
0.1945126	0.1295765	0.1125953
0.09664428	0.8469977
0.1521863
0.8527173	0.2398287
0.2986441	0.2296575
0.3909028	0.5503792

0.6791285	0.6642146	0.5231431
0.6277793	0.2080739	0.6121652	0.5073506
0.7576487
0.2119126
0.5662626	0.4381614	0.3732906	0.3227519
0.2344182	0.8131012
0.4360199	0.6542528
0.9875083	0.6973682	0.6835724
0.5191912
0.2994186	0.7429416	0.9336821
0.4007399	0.9754624
0.4550149	0.3250889	0.9759716	0.9627105	0.3989814
0.1837745
0.6885829
0.2546126
0.176031	0.3281015	0.408983
0.2007975
0.2149082	0.801712	0.9542708	0.744391
0.6521035	0.7845031	0.9812953	0.9680486
0.3491496	0.8506435
0.643476
0.2890634	0.8363644	0.9960045

0.580945	0.9217666	0.4684408


0.5305831
0.2889156	0.8270619	0.6631514	0.8346548
0.412149	0.3539018	0.8421782
0.1634836	0.7601581	0.5071829	0.4618491
0.1298333	0.8501786	0.1621372	0.7460883
0.4509186	0.2690165
0.4357921	0.8845736
0.9219738	0.5357183
0.8599959	0.9969433	0.6900132



0.4048348
0.9816741

0.8800193
0.5013777	0.4204722	0.9597809
0.9422297

0.6938072	0.869022
0.3064728
0.5155759
0.3939807
0.1575186	0.7460236	0.7716752	0.5912038
0.04986872	0.4881295
0.2175564
0.1570311	0.4804452	0.8658422	0.9489844
0.3528972	0.8182648
0.7524207	0.446362
0.5751385

0.6305457
0.4883182
0.3762911	0.2420148
0.6171394	0.7887363

0.5977237	0.645149
0.4622569
0.8577199
0.7130356	0.7495742
0.4939297	0.6594106
0.8878518

0.5768981	0.2211203	0.5903539
0.6630403
0.6709505
0.2332965

0.5133539	0.4301621	0.8608932
0.4946061	0.4312778
0.8925834	0.532239
0.3136723
0.2251291	0.8085446	0.7046877
0.3998126	0.7362617


0.5941342
0.9310938	0.3790428	0.8160808
0.313559	0.5896509	0.7204952	0.9126332	0.6545674
0.5878466	0.4642714	0.9626274
0.7849392	0.6856363	0.7448842
0.4807755	0.5603367
0.5411284	0.1045308	0.7663708
0.436449	0.3457246	0.9146294
0.5940795	0.4150904
0.3565332	0.5248838	0.3635775
0.2098202	0.8773532
0.3319779	0.4902945
0.4623182
0.588986
0.5899957
0.8802074	0.6028785	0.8978664
0.2424543
0.4168606	0.7847915
0.1864628	0.4379107
0.3414003
0.4077785
0.6438665	0.9499456
0.3921952
0.7062078
0.6639142	0.6673499	0.9696228	0.5618717
0.3619269
0.2947034
0.2593736	0.3011234	0.9227747	0.6008747
0.3028742	0.1878627
0.2697676	0.2544045

0.4816981	0.5462115
0.483305
0.2021394
0.7182871
0.987983	0.5868331
0.9772639
0.3653364	0.9784117	0.9436815	0.5970749	0.606682	0.9940657

0.6816549	0.4762097
0.6672551
0.3363708	0.3420833
0.4051471



0.1309769	0.5811154	0.8026619
0.2224187	0.437794	0.8233581	0.6714302
0.5407211	0.5334582	0.9149695
0.4257621	0.4543094
0.5770269	0.7123221
0.5253802	0.3921352

0.6074374
0.5806728	0.3573312	0.6082065	0.9040839
0.1936798	0.7569951	0.9881223
0.2564342	0.285731	0.5737666
0.1306963	0.8162213
0.293683
0.270227
0.1251063	0.5936667
0.4627043
0.3185339
0.3277862
0.2981009	0.4779295
0.9381625
0.614342

0.8997883
0.4829422	0.3556333

0.9848454
0.2168043	0.6110422	0.978594	0.4075715
0.2792214	0.8067149	0.9570281
0.6444816
0.7845755
0.3798968	0.9458483
0.267221
0.1693944	0.8983364	0.8986852	0.9206687	0.4388334
0.2880651	0.2202458	0.3521206
0.2323813	0.3566892
0.3677011	0.3496915	0.6157268
0.4254803	0.288231	0.7503231	0.247612
0.3844487	0.4879769	0.2976244
0.07010558	0.9468229
0.6290325
0.9977481	0.7822356
0.4471741	0.782732	0.2622874	0.5937308	0.5571536
0.8197457
0.6987574	0.7292945	0.4324019	0.7029182
0.1804206	0.7431203
0.5475522	0.6223717	0.8004884	0.9403895

0.81531
0.5989623	0.2799745	0.8530307	0.7183423

0.9557408
0.8418383
0.569509
0.1848366	0.4484774


0.4022583	0.8252677
0.7397672	0.6230659
0.2054038	0.6865057
0.7767867	0.378827
0.5033926	0.7967938	0.2850902	0.5536523
0.7041966	0.8913194	0.3802525	0.8305213
0.9650569	0.6857992

0.9124136	0.4239347
0.865048
0.9286085	0.9932335	0.7131108

0.5397407
0.3965317	0.5906583

0.5780727	0.3361855	0.9220244
0.1159279	0.3021506	0.4570812	0.752788
0.3213064	0.7502485	0.6347127
0.1696912	0.7445714	0.7935435


0.216883	0.1955229
0.15275	0.3087	0.5931592
0.2431985	0.3615992	0.5580558	0.5398469
0.2124384	0.8642875	0.7697577
0.4772717	0.2457714	0.4444038	0.9597129	0.2828808	0.4936511
0.5239071	0.3351282	0.1593805
0.394061
0.1717066	0.7950501
0.575526	0.4942046	0.8334125	0.8327837
0.321763
0.261444	0.5085375	0.6986694
0.1377161	0.204177	0.936808
0.434843	0.8234303
0.269888
0.350212

0.2239825

0.7173708


0.5958698	0.8086775
0.1162309
0.9941415

0.1955547
0.8676563	0.9474354


0.7783949
0.925493	0.3999735
0.4495452	0.6719005	0.6180837
0.4494536



0.2835685
0.6042836	0.4327664

0.1590105	0.5015857
0.4431834	0.7756464


0.3440475
0.130703
0.8312974	0.9168213	0.7505258
0.822686	0.3927666
0.4705001	0.005079594	0.2279149	0.4486077	0.2971363
0.4036584	0.7733307	0.8085557
0.2008452

0.131239
0.193943	0.6842994	0.4823585
0.2128196	0.2864469
0.227285	0.1968371	0.1628597	0.7719996	0.732318
0.5186254	0.447238
0.1878159
0.6144414	0.277093
0.313679	0.06328864	0.4867009
0.428121	0.2052407
0.1208556	0.849742

0.3057876	0.1649743	0.3281638
0.2732887	0.7293488
0.1745139
0.1737533	0.1380386	0.340146	0.9998755
0.3163463	0.2763743	0.6621443
0.2160424	0.2142434	0.3658941
0.09580571	0.3234069	0.7990169	0.0857202

0.8886554
0.3585348
0.3677483
0.4722658	0.7238888
0.8637085
0.7379023
0.5095252	0.2752377	0.3458919	0.3672833
0.1523854
0.9739141
0.8067468	0.5253244	0.9428648	0.7160192
0.1622737	0.8958893	0.4379552	0.9846127
0.6235742	0.5849478
0.41701	0.7563059
0.8067577	0.9628028
0.8928786

0.8841231
0.5769077	0.6580147
0.2828225
0.2940875	0.7626592	0.565531
0.2984682	0.1704059	0.5730914	0.4453085	0.4316347
0.8389121	0.3514897	0.5095762	0.928806
0.3057906	0.4366057	0.6876313
0.08256376	0.7640661	0.651349	0.3784296
0.02992277	0.9013928
0.2273837
0.9605233

0.5789007

0.5258943	0.5411583
0.2151179
0.8956855	0.2621971	0.7343419
0.4532447
0.2953242	0.3354058
0.6888697

0.9920643	0.6100374
0.6880648

0.3464166
0.7292871	0.3150196	0.8756172
0.2477173	0.735228	0.6572662
0.6850976	0.6561102
0.9234501	0.7760573
0.2180742
0.9669222
0.1562602
0.1277402
0.1283907	0.2420342	0.323273
0.2264251	0.2697642	0.4467242	0.8899649
0.2772188
0.4901164	0.4780356	0.8246459	0.6338551
0.7989755
0.2380793
0.292245	0.3476239
0.1744186	0.3040267	0.6656106	0.8323265
0.3575682
0.35013	0.5071885
0.4116721

0.54997
0.7938117
0.3790957	0.8478646	0.6409071	0.5043194


0.5725013

0.7790081

0.5774505


0.2302508	0.8881048
0.8026566

0.9590528


0.6271185



0.3908493
0.2736368	0.95668	0.1039609
0.2706789	0.4783243	0.8445815
0.1636611	0.9969395
0.6572018	0.5809839	0.4810595	0.3785307

0.3590127
0.614245	0.2746077
0.3815237	0.5861435	0.7332727
0.4301817	0.2862272	0.4895011
0.2634051	0.5113237	0.9683379	0.2690097
0.2114088	0.3983345	0.5219138	0.4661637
0.1176812	0.7006681
0.3140749	0.7355412	0.3517024	0.8662155
0.448901	0.534699
0.7882262
0.6554571
0.5371344	0.4743499
0.8692181	0.8973455

0.8631338
0.2829566	0.9094557
0.8287373	0.9640111


0.6245438
0.2026824
0.7367298	0.9112466

0.3274227	0.5789248
0.8737566	0.5429877	0.9960187
0.4121341
0.954564
0.4856393	0.4939963	0.7222433	0.7617414
0.2238613	0.965658	0.9625582
0.9137964	0.6346566
0.773189	0.8708407
0.7140731	0.2978311


0.7327689
0.07690286	0.1113146

0.7711433
0.9901196	0.7132979
0.632291	0.6464989

0.3621861
0.4014154	0.8172335
0.3086344	0.6856302

0.2918815
0.6907874	0.6744045
0.6625874	0.6986411	0.6207834
0.8793893	0.7427836	0.006024142
0.4062519
0.4981424	0.8079524



0.9325125

0.609906	0.757474	0.5858724
0.8015518

0.1898628	0.3826317
0.233693	0.3381514	0.7843842	0.7187473
0.9296735	0.4644005
0.6374083	0.2395673
0.7899402	0.2539115	0.5725103

0.3657369	0.7928394
0.1595771
0.383152	0.1307238	0.4545056
0.8575844	0.7781023	0.9974794
0.4249683	0.8083104
0.4008596	0.1015662	0.7911855
0.7994672	0.5137751	0.2713992
0.7689518	0.9652161
0.68998	0.7783149
0.776495
0.7627121
0.3446092
0.4272883
0.1838526	0.3842755
0.2735162
0.1317872	0.9506415
0.1747594	0.5778748	0.5979011
0.2945697	0.730677
0.2856803	0.524898	0.2376374
0.6998729
0.4719222	0.8411187
0.6586364
0.3150293	0.6250333



0.7283038
0.07188118


0.03451683

0.1749583	0.6304927	0.6149974	0.6644209	0.8677247	0.6316366	0.6857533
0.2516823	0.7420006	0.9034313	0.9171049

0.4857506	0.8077706	0.5816708
0.6129089	0.9897849
0.5090733	0.8009324
0.9361629
0.3700918
0.314843	0.1594347
0.6534822	0.7179766

0.3164913	0.1799133	0.4734208	0.6905448
0.9275539	0.8577026

0.9967221
0.9642912	0.9126693

0.1727205	0.9898383
0.2887597
0.34993	0.1905726
0.2928094	0.5253086	0.9561512
0.1584143
0.6029421	0.882585
0.5040264	0.803666	0.995452	0.3588465
0.2848554	0.8961431
0.468894

0.494578	0.8487312
0.5169168
0.5421121	0.836228
0.2172878	0.786857	0.7905815
0.3279498	0.7237974	0.7648084	0.4375092	0.8956908
0.003963329	0.5000876
0.4054441	0.97486
0.3683628	0.6300678
0.9023609	0.6214198	0.8866032
0.5716753
0.3980797
0.1929131
0.2030107	0.6533922
0.358834	0.2363182


0.5055451
0.734636
0.7484175	0.83289	0.215814

0.4983296	0.8590152	0.5516627
0.9312176	0.9793604
0.6004971	0.5697308	0.1727149
0.6198716	0.7334224
0.2162578
0.6295611	0.3042149


0.5552473
0.5718271
0.5997111	0.6642749
0.1535341	0.2715958	0.9731111
0.1735414	0.2145245
0.2210986	0.1488376
0.7470525
0.7990374
0.8115757	0.7877924
0.5835054
0.6744235
0.8197821

0.2875808
0.9974256	0.3175115
0.7603059
0.9243014	0.8638684
0.2391891
0.3952247	0.7110236
0.3289803	0.6534132	0.8411969
0.2631927	0.3990493	0.777754	0.4908418	0.5371211
0.2450901	0.4386058	0.4699755	0.7540034

0.3850202
0.6962922

0.1267963	0.4214414	0.8758564
0.3057133	0.7922656	0.9962342	0.516246	0.9749897
0.76819

0.5985943	0.05045023
0.7997958
0.3969672	0.7474754	0.9757836	0.7721731
0.3462388	0.2486978	0.8249966	0.9632016
0.611689	0.7988977	0.6750926
0.2197352	0.1754325	0.5444637
0.1323313	0.1825484
0.1767421	0.1213841	0.9255605
0.2949384	0.9192919	0.8623109
0.2146386	0.4245429	0.02852293
0.4261272	0.9769794
0.6246323
0.75967



0.1376161	0.9356508
0.8420717	0.3330388	0.687489	0.7207942

0.4836131


0.7020244
0.709958	0.4666009
0.1740204
0.3436841	0.7718487	0.6605972	0.75964	0.720639
0.3061847	0.6346188	0.6873344
0.2227992	0.9128652	0.7797535
0.3183255	0.3982488	0.6078615	0.5370789	0.68959
0.2488964	0.2009645	0.8383612	0.7605391
0.1717925	0.3389899	0.4643911	0.5642162
0.2081764	0.3218306
0.3195775	0.2497742	0.6133658
0.07105524	0.7514907	0.6843716
0.07137342	0.81437	0.9199943


0.5228683	0.7875475
0.9776741

0.1784247	0.5932383
0.9919512


0.3697073
0.2146527	0.2323071	0.9494677
0.3752897
0.7399987	0.7553797	0.7247025
0.4885684
0.4403062	0.9983814
0.605286	0.4230937	0.8906415	0.6581753
0.5299261	0.5512616	0.6558827	0.5340706




0.4362292
0.7735213
0.5199925	0.5954371
0.851336	0.8005806

0.997416
0.6803699	0.4232585
0.7522999
0.2831434	0.4140658
0.1918934	0.8320298	0.5544794	0.7136251

0.6875843
0.7834426	0.8415523	0.8378806
0.6937972	0.2230801	0.7494572	0.6914495

0.3243087	0.9407042
0.07161846	0.5820272	0.7342696
0.1621965
0.3415023	0.09802565
0.1702871	0.4686999	0.2287915	0.2214425	0.6692933	0.4482599
0.5461563	0.2639151
0.9925202	0.4050789	0.5677111
0.3244825	0.5783806	0.6585731
0.3460636
0.5598884
0.5125263	0.3626358
0.3558396

0.1228026	0.6928193	0.4141419
0.1823056	0.4221088	0.7472574
0.07469972	0.2538117
0.6583823	0.8353821	0.5910419
0.3176535	0.8531683
0.2036042
0.4162852
0.3822631	0.5646248	0.4673984
0.8772237	0.5960553

0.488093	0.4131418	0.1418551
0.816056	0.7061576	0.5549817	0.9036758

0.347982	0.7874974
0.168616	0.1687575	0.5378822	0.3893069
0.3366857	0.4493904	0.64584	0.4570998	0.4107596	0.3095692
0.2366849	0.3770276	0.3145479	0.2109848	0.9024695
0.2671836	0.4992763
0.3866048	0.7213456

0.5734641
0.1628074	0.8976353
0.5166959	0.712851	0.8823374
0.2607684	0.7754268	0.9750994
0.23943	0.2691564	0.5742493	0.8527843
0.4201406	0.3570473
0.3021033	0.2748572	0.7820845	0.4416316	0.8489506	0.6234155
0.5005566	0.4497081	0.9952489	0.03298812
0.3462806
0.8135566	0.3573251	0.1175986
0.4985336	0.6956814	0.8017045	0.2947432	0.415795	0.9142552

0.6142392
0.09698057	0.5116382
0.6253343



0.7045375
0.8015868	0.4466	0.6610749	0.2768987

0.642731	0.195868

0.229933	0.9510251

