ExtinctionRates
0.07555899
0.1490319	0.0898893	0.1024006	0.1687165
0.2513022	0.07412081	0.1893127	0.08943431
0.1992837	0.07014071	0.2362487
0.1654803	0.101755
0.1080177
0.1325983
0.1368429
0.07422249	0.1213117	0.1172556
0.07303503	0.1549659
0.05349207	0.1602166	0.1415327
0.06615073	0.1739665
0.07797465	0.1646092	0.1282192
0.05886505	0.2034409
0.03425093	0.1795293
0.04509254	0.2098083	0.07309228
0.2123067	0.07952171	0.1322117	0.2147803
0.2688055	0.04248312	0.1204034	0.2966864
0.2268496	0.03253398	0.1363332
0.2303152	0.02904934	0.1515173	0.39131
0.2385693	0.03854113	0.136308	0.2505785	0.2592499
0.1693444	0.001619885	0.1232123	0.09977298	0.2312804
0.2839209	0.004196864	0.1110182	0.1374416	0.3535834
0.250485	0.2699628	0.1557143	0.02199193
0.1480116	0.2669317	0.1584628	0.07987186	0.1503153	0.02931223
0.1948893	0.2606634	0.1577343	0.03822771	0.2946955
0.107078	0.2499062	0.167918	0.05801183
0.08108758	0.1596076	0.2061666	0.05730311
0.2476999	0.1620645	0.393134	0.02698975	0.1788234
0.1416345	0.1571428	0.03445334	0.162397
0.1838727	0.1654078	0.06041079
0.2855508	0.03932786	0.191397	0.1620292
0.2532553	0.04210594	0.1884535
0.2089813	0.07115678	0.2199363	0.2821375	0.1849968
0.04065906	0.04374715	0.2165043	0.3174291	0.1436058
0.05593401	0.05507558	0.1629802
0.039605	0.1789313	0.205966
0.0198078	0.2086871
0.06237004	0.1938689	0.1383434
0.06675599	0.2215265	0.1880486
0.04696075	0.1704857	0.2141745
0.02160928	0.1599105
0.09786609	0.1571056
0.07664629	0.1824033
0.3222369	0.1376343	0.08374025	0.2273896
0.342256	0.08996102	0.1720502
0.1405876	0.07478348	0.1587434
0.2566582	0.07839025
0.08167396	0.09712862
0.1182744
0.1731244	0.1343094	0.01140368	0.1391889
0.3016269	0.167222	0.01014404	0.2018178	0.2646771
0.1457776	0.1570749	0.2432949
0.1160996	0.2004812
0.1910397	0.2404603	0.1085665
0.3787538	0.06713055	0.2429595	0.1179561
0.3370157	0.1186511	0.227853	0.01776295
0.2476582	0.1221516	0.2064561	0.04395571
0.01820204	0.2179799	0.1868514
0.01929204	0.2053357
0.02066207	0.2138718	0.2711461	0.2031072
0.01825517	0.2347647	0.152457
0.01426586	0.2250702
0.00193086	0.2126033	0.1986723
0.04014738	0.196621
0.0643894	0.1752348	0.05590312	0.2524785	0.1458205
0.2711351	0.1116664	0.1471753
0.1951668	0.1444796	0.07111292
0.07824777	0.1372826	0.2442115	0.1297607
0.0597226	0.1286838	0.2653915
0.03189082	0.1310985	0.2538901
0.03578949	0.2069686
0.05100724	0.201342
0.05784023	0.1803097
0.04284161	0.1701099	0.1182121	0.3321887	0.1840229
0.01396449	0.1616929
0.02582793	0.146576
0.02739428	0.1294862	0.1039417
0.02778426	0.1057932
0.09917479
0.1294963	0.1075746
0.1825964	0.08655471	0.1487539
0.2221572	0.08057545	0.08355061
0.1065654	0.06538341
0.4343479	0.08005159	0.1039645
0.173694	0.1239325	0.08998528	0.1488199	0.1341784
0.1996562	0.09585942	0.1564645
0.09170024
0.2114215	0.1094397	0.1175254
0.2323826	0.1484339	0.1189204
0.1790392	0.1267029	0.1580397	0.2057894
0.1921839	0.1546843	0.05417672	0.3375268
0.1407822
0.1099682	0.1031085	0.2226236	0.09625293	0.2663965
0.128733	0.08866698	0.04000723	0.2382409	0.1985351	0.1855002	0.1122611
0.2027686	0.2592549	0.09836655	0.08325755	0.1032475
0.1031339	0.249708
0.1038456
0.2028762	0.1094129
0.02926845	0.1032515
0.05315348	0.1067369
0.2281368	0.08494178
0.2510352	0.1030544
0.2727992	0.1211579	0.2410735
0.05077049	0.0686303
0.01550691	0.08577293
0.08218888
0.1032225
0.1304535	0.1354714
0.1304123
0.07448611	0.1501747
0.100686
0.07510708	0.119603
0.1855053	0.1263586	0.1629553
0.1249033
0.0723797	0.1151782
0.2439933	0.1095255
0.1262027
0.1185451	0.1063862
0.1794611	0.1168313
0.23275	0.1426371	0.1937839
0.1254903
0.1142602
0.1058256	0.1251186	0.2302677
0.1242948	0.08184872
0.1290371	0.1148464	0.09537498
0.124966
0.1349232
0.211419	0.1138087
0.321397	0.08039933	0.142728
0.1044756	0.1225709	0.04217879	0.1093485	0.1425177
0.08181061	0.115572
0.06544964	0.130661
0.04377535	0.1113659	0.1496416
0.07904681	0.1899303	0.3568157
0.1202348	0.1922321
0.03356694	0.1928454	0.1448329	0.237936
0.05485684	0.2304065	0.1963583	0.0267792	0.2928983	0.3253512
0.06555208	0.2517375	0.01400814	0.1615648	0.2214807
0.25688	0.2569998	0.00698035
0.2533998	0.2251169	0.01130727	0.2714277
0.09558139	0.2161934	0.02849449
0.2554802	0.2204064	0.01429614	0.09384397
0.1160597	0.2068013	0.0293216	0.08841889
0.190362	0.2037196	0.05729437
0.2009685	0.2414464	0.03774411	0.1081126
0.2276543	0.2487219	0.05395291
0.258901	0.2318627	0.02763152
0.1273979	0.224638	0.0263141
0.20785	0.2408733	0.04492856	0.2850349	0.2002772
0.1550759	0.1995592	0.03826515	0.1652111
0.2303735	0.2247918	0.007222307	0.2130521	0.2115202
0.1767509	0.2196431	0.008427781	0.2184222
0.2896237	0.2248133	0.01119547	0.09781055	0.1328466	0.07526902	0.2335457
0.1279772	0.1690736	0.01196715	0.2400328	0.1985276
0.2554836	0.1969171	0.08168649	0.2521927
0.2329579	0.2382385	0.04168064
0.05099054	0.2244743
0.05877535	0.2874969	0.2303213	0.07034398
0.04128723	0.2161333
0.06588333	0.2538945	0.1813345
0.02688834	0.1808053	0.2809151	0.2114445
0.02662343	0.1707717	0.2662974	0.2526504	0.1302911
0.07160738	0.2522559	0.04391211	0.2178929
0.2635874	0.0738665	0.2264678
0.3574785	0.04056638	0.2400657	0.2169374
0.1178941	0.0874284	0.2563626	0.188392
0.1229681	0.0626074	0.2185495	0.1244135	0.08001036
0.1565504	0.2180607	0.09409074	0.2870863
0.03321937	0.2413186	0.1874812
0.03857971	0.2530518
0.03395909	0.2692873
0.01518431	0.2702926
0.05506096	0.2745158
0.03765748	0.2645346
0.04391823	0.2939713
0.01671912	0.3015506
0.006721487	0.3197826
0.00229101	0.2992181	0.275792
0.0008285215	0.0873568	0.2929866
0.0006590396	0.1099462	0.2928307
0.003820053	0.2760833	0.1643689
0.02090449	0.2517725
0.06044312	0.2517725
0.01048197	0.281092	0.161448	0.2207611
0.04003466	0.2075792
0.005010138	0.2236312	0.06567204
0.0217432	0.23854
0.007575845	0.2452332	0.2272965
0.01170166	0.2301504
0.02001726	0.1737009	0.1657077
0.21482	0.1669545	0.04744451	0.1793776
0.1668344	0.2140959	0.01236026	0.1850745
0.05686975	0.2220373
0.05215215	0.2072625
0.1189605	0.2142623	0.1230777
0.04902334	0.1763946
0.06499106	0.155792	0.2141182	0.1471819
0.06532719	0.2391139
0.05621635	0.2144737
0.1916452	0.1218759	0.0551842	0.1292868	0.2413094	0.1353678	0.1781691	0.1338219
0.07980621	0.1983278	0.02302919	0.180303
0.1437456	0.1696946	0.0643839	0.2102419	0.2122552	0.1639186
0.2429069	0.04437474	0.1727245
0.1483257	0.09488877	0.1701986	0.06408712	0.1728294	0.1044735
0.0363656	0.1994553	0.1226945
0.07653528	0.2104563
0.08583372	0.2409704
0.02999605	0.2459662	0.1233333
0.043596	0.185699
0.01748951	0.1266513	0.1214775
0.02393741	0.09807754	0.2260883	0.1856288	0.2078837
0.2245315	0.07638453	0.2192815
0.05866059	0.08612387	0.1749558
0.09211223
0.110287	0.05830262
0.2971667	0.08739339
0.1418422	0.04278293	0.09646092	0.04594848	0.1165315
0.2647654	0.04798756	0.07118029
0.09994592	0.08539073
0.2323625	0.07423562	0.1540991
0.074905
0.1468655	0.08168669
0.129003	0.07493444	0.2118088	0.2851188	0.3939173
0.2118339	0.07393921	0.2507316
0.2561525	0.2542508	0.07966089
0.3398526	0.09387011	0.1428776	0.2452047
0.2263929	0.09225304	0.3519001	0.1471175
0.2419649	0.1011291	0.2065429
0.2764343	0.1333733	0.1069726	0.05186587
0.1985468	0.1160574	0.1543757
0.09778602
0.2251461	0.08319408	0.1107096
0.153683	0.08176049	0.07512166	0.1833635	0.1176637
0.09767305
0.07720892	0.1092905
0.08647136
0.1009486
0.08931175
0.1841642	0.05183979
0.1393679	0.03436743
0.3002786	0.03374081	0.09443335	0.2212882	0.2681971
0.1430782	0.005824195
0.1603984	0.05554647
0.3682474	0.05615365
0.2545474	0.06673305
0.2753536	0.05145997	0.2728622
0.1697071	0.04531335
0.05392322	0.064718	0.1984458
0.06040595
0.1561599	0.09453715	0.07035863
0.1727232	0.08215566
0.1773269	0.0965827
0.1189733	0.1090364
0.445236	0.1002929	0.122963
0.2274091	0.04644001	0.1394355
0.3501671	0.1977249	0.07763993
0.104219	0.183038	0.1006981	0.200333	0.1839618
0.1255476	0.1656213
0.1930218	0.1817387	0.04581683
0.269104	0.1940072	0.1010404
0.0706806	0.2253527
0.09030617	0.2242054	0.1415526	0.2186083
0.03287413	0.1858686
0.03575093	0.1496704	0.2204862	0.0269251	0.1008276	0.3247525	0.1690155
0.009026029	0.1208028	0.1871758	0.06656709	0.1803228
0.05358403	0.17823	0.1694146
0.05178875	0.147728	0.222222
0.1287404	0.2280606
0.1131425	0.2068062	0.2411503	0.1694266
0.01146569	0.2036093	0.125956
0.03205429	0.1507417
0.09904481	0.1659103
0.05792469	0.1988264	0.1665167
0.0500405	0.1276953	0.2235764
0.03123433	0.1366975	0.2443226
0.05528924	0.1506962	0.2172145
0.03430876	0.05762966	0.1106172	0.3002116
0.05708057	0.09971628	0.2081071
0.02332262	0.1856879
0.02826674	0.3155803	0.1332335	0.1063345	0.1210424
0.0544308	0.1825545	0.07653449
0.1453333	0.1923589	0.06218875	0.02018866	0.2943871
0.1473114	0.04786365	0.03590501	0.2138575
0.2843705	0.07628828	0.040984	0.2608258
0.3248143	0.2274487	0.01738359	0.06217671
0.1607057	0.0300941	0.06040004	0.2323998	0.2747842
0.1734476	0.03179426	0.04817045	0.2252101
0.2323951	0.03500586	0.08700816	0.2508968
0.09894438	0.02058929	0.07854327	0.1754701	0.3805011	0.07396451
0.1253834	0.01953921	0.07652013	0.213619	0.3932416
0.2905466	0.04057119	0.1014953	0.1990483
0.2308724	0.02358157	0.05435006	0.2244738
0.3733909	0.04380499	0.07455906	0.2523846
0.2805382	0.05172941	0.08805951	0.1865209
0.2705744	0.02623132	0.05069314	0.2275693	0.2193528
0.1565124	0.04821568	0.06068002	0.2341566
0.1711583	0.02723006	0.03822045	0.2867521
0.2928405	0.02439192	0.02166423	0.2342471
0.3194631	0.03005517	0.01245392	0.2297482	0.2146738
0.1895968	0.04586958	0.2576698	0.0418359	0.1707784
0.09464165	0.06038952	0.2314084	0.01123368	0.1107052
0.1196672	0.0437936	0.2476632	0.006065492
0.2309105	0.07513471	0.2446185	0.005311735
0.2982321	0.1107596	0.1881869	0.0004432524	0.2082913	0.2004808	0.07877922
0.1566593	0.2085321	0.0007342762	0.105501
0.3069321	0.000126061	0.1945853	0.09442397	0.04069349
0.1188143	0.0002338041	0.201956	0.07164012
0.2681566	0.0197227	0.2378693	0.03623557	0.1107795
0.327455	0.02490839	0.2287422	0.03786442	0.2252375	0.3345409	0.1530616	0.2960268	0.1318136
0.2454646	0.02512682	0.05401704	0.2701062
0.2526749	0.01365627	0.02745064	0.2601458
0.2086494	0.02946936	0.07940016	0.2056223
0.1691678	0.01978763	0.03265919	0.2162833	0.1718814
0.1636291	0.0729453	0.05379666	0.1615604
0.1298329	0.05933106	0.03569453	0.2763772	0.2190399
0.20526	0.04792996	0.02208367	0.2548471	0.2621313
0.1743184	0.04211022	0.09640621	0.2650852	0.3085976	0.09122049
0.1891975	0.04193791	0.1096036	0.2580744
0.2367508	0.02953755	0.05200312	0.2851673	0.2742104
0.2594974	0.02955027	0.1132251	0.1975111
0.3104073	0.04079456	0.07378605	0.1661277	0.1943092
0.342223	0.05148801	0.006033778	0.1648108	0.1078699
0.2989482	0.03799499	0.01370104	0.2365612	0.38349
0.1725899	0.0300772	0.02105301	0.2438551	0.5579422	0.1208739	0.06996339	0.1364161	0.06653442	0.3284208
0.1092492	0.03224981	0.007305166	0.1976873	0.3095487
0.3711284	0.03858858	0.06177524	0.3402042	0.1105725	0.2340301
0.2422125	0.1330777	0.2833398	0.04320066	0.3406449
0.1224245	0.1292728	0.2860168	0.04435986	0.2891576
0.2277588	0.03170049	0.2216022	0.04868065	0.03371945
0.1147165	0.0474102	0.3060932	0.03951259
0.2211592	0.08765963	0.3242021	0.01295042	0.1785045	0.1001688
0.3870653	0.06358684	0.3804146	0.1831807	0.08529012	0.03329553	0.1742812
0.1371884	0.04576328	0.06284059	0.2672732	0.1595243
0.2328333	0.07389063	0.02161593	0.2996396
0.1935189	0.1635916	0.2972892	0.09580932	0.2776667
0.257482	0.1629541	0.287092	0.07115422	0.1070358	0.1622154
0.2685018	0.1534066	0.05608787	0.2838526
0.3599127	0.1634197	0.01961609	0.2840835
0.1548685	0.1082126	0.3096842	0.2006735	0.03877178	0.2715306	0.1673686	0.2822783	0.3057843
0.2754443	0.03568669	0.1956802	0.2042866	0.3277944	0.3192957	0.1164424
0.3197591	0.02991226	0.1941075	0.1561181
0.2239949	0.19648	0.004012551
0.2539053	0.1927639	0.04807686	0.120839
0.1669557	0.191154	0.04119222	0.03488921
0.2458317	0.205171	0.02451219	0.2188542
0.1827185	0.2496434	0.07069265	0.2043021	0.2006573	0.1144728	0.05485941
0.1323953	0.03369747	0.1937121	0.2650829
0.1747717	0.02975712	0.2187201	0.2835294	0.2385751	0.1721465
0.1370985	0.278195	0.188592	0.0428017
0.0445213	0.2784454	0.1839275
0.01448461	0.2414669	0.1748594
0.01023987	0.2550033
0.02770373	0.2372713
0.06238448	0.2490948
0.05468078	0.2335843	0.1613375
0.03227719	0.2589801	0.142977
0.03638662	0.225966	0.1889431
0.1758914	0.202048	0.06718729
0.1867265	0.2168706	0.04393396	0.179996
0.2859139	0.2243211	0.1005922	0.1516786	0.1984078	0.05871666	0.09624057
0.1924738	0.264979	0.1765443	0.09288653	0.2679642
0.08436456	0.2266595
0.08758295	0.2356554
0.117014	0.2434649	0.03627904
0.2937415	0.2061118	0.05460874
0.1481792	0.02030599	0.2303261
0.2903351	0.05693258	0.2266285	0.2125193	0.2411184
0.1902186	0.01258435	0.2280802
0.2409421	0.04457497	0.2291322	0.1878652	0.1130586	0.3075203
0.200659	0.0880427	0.2162957
0.1854479	0.1126646	0.2355231
0.1461626	0.05559438	0.2433671	0.3430767	0.2611412	0.2384147
0.2125423	0.01454715	0.2411311
0.1870346	0.2531123	0.3261582	0.03847621	0.1777135
0.2130452	0.2531123	0.2217088	0.3888004	0.08332112	0.1387698
0.3294357	0.2741114	0.06935482	0.07673383
0.1942101	0.228798	0.04564265	0.3184026	0.1903227	0.2361503	0.2550623	0.3410048
0.1751681	0.2370318	0.01729047
0.1670619	0.2189021	0.04335714
0.2796177	0.2054283	0.0391812	0.1955389
0.1516428	0.1818864	0.2270608	0.01159788	0.2333395	0.131916
0.2972381	0.25911	0.008021662	0.2802326	0.2436766
0.238702	0.2634805	0.04116837
0.2124653	0.2266446	0.3295867	0.04312943
0.3653796	0.2321385	0.3824278	0.01360324	0.1998972	0.2332937
0.1276581	0.2239483	0.05816252	0.1812695
0.2568301	0.03449073	0.1886712	0.2016829
0.3143335	0.06013729	0.2843197	0.2136675
0.1279894	0.03506369	0.1809734	0.2126788	0.3289648	0.2608331
0.3098217	0.05966475	0.2174311
0.1914359	0.05431182	0.2419667	0.2387988
0.1630053	0.01297268	0.2609868	0.2270006
0.3405962	0.01931005	0.3265547	0.1842347
0.1507265	0.02676631	0.2183305	0.1843082	0.2388238
0.200192	0.01208339	0.181482	0.2167857
0.112802	0.03606439	0.1659767	0.2812153	0.09453401
0.09804034	0.1876147	0.1023455
0.02290384	0.2686394	0.1724457	0.1987719
0.00873037	0.1891205
0.004011428	0.2043648	0.1999651
0.02042754	0.1942603	0.2345795
0.0815003	0.1906752	0.02011199	0.1629372
0.1895014	0.174442	0.02449349	0.1248065
0.1795737	0.01378373	0.1295788	0.1810577
0.2021244	0.02506218	0.146489
0.1941752	0.1396146	0.006249703
0.2293303	0.02049138	0.1449603
0.2213214	0.04988352	0.1566543
0.1659494	0.02265062	0.1738275
0.1760356	0.01996945	0.182351	0.141611
0.1687487	0.06194823	0.2068216	0.197344
0.2148757	0.04354147	0.219263	0.2673007
0.02729403	0.2104026
0.02564057	0.2012885	0.2300652	0.2248248	0.1206883
0.003334271	0.1886106	0.1732565
0.01954812	0.1759591
0.02203304	0.2092559	0.1794199
0.08195056	0.1554184
0.06185373	0.2826973	0.1348513	0.02862101	0.2675922	0.2049036
0.373701	0.01710944	0.145244
0.05495753	0.1644758
0.03054064	0.1889458
0.03662776	0.1291458	0.2254267
0.04354758	0.2618205	0.06557573	0.05894658	0.2285428
0.09065979	0.06231338	0.231216	0.2156859
0.1125767	0.06063325	0.1691441
0.07381871	0.1608432
0.063534	0.2136365
0.05629178	0.1674907	0.04269172
0.09098404	0.1103599	0.1892069
0.1198971
0.1343914	0.1231792
0.1175112
0.1285089	0.119635
0.1240649	0.1341232
0.07838622	0.1717028
0.1023162	0.1453069	0.1725942
0.05081962	0.203221
0.1752252	0.1983179	0.05219422	0.214404
0.0546775	0.2038427	0.09722213
0.1103562	0.2369785	0.1998086
0.2285166	0.1315285	0.2606058	0.1800887	0.1136461
0.2723687	0.2653897	0.1876412	0.08477841
0.06576743	0.2672239
0.1509513	0.2556488
0.1561069	0.2234978	0.07493967	0.2199075	0.2339799
0.2811524	0.2131205	0.04778011	0.2989181
0.2726981	0.2091631	0.01946725	0.1520127	0.1710454
0.1330134	0.1994471	0.03438382
0.1874729	0.2256989	0.01377815
0.3330814	0.2317112	0.002883816	0.1953452
0.06580167	0.2134989	0.004378299	0.2265811	0.2603049	0.09400739
0.06757889	0.004348257	0.3855149	0.2410365
0.1681214	0.004795768	0.3347525	0.2178972
0.2038266	0.001791	0.2533295	0.3234341	0.4245232	0.2705412
0.2597861	0.007541242	0.3474679	0.260128	0.3196676	0.2584688
0.2341651	0.01173431	0.3759165	0.2805166
0.1222865	0.005047322	0.4058002	0.214787	0.1899847
0.1467624	0.005086137	0.3974933	0.260853	0.2610042	0.2659057
0.2514035	0.009107045	0.4076469	0.2067523
0.08028371	0.01207115	0.4164881	0.2458305	0.3110679
0.2951145	0.0146219	0.1991716	0.3741308
0.1340179	0.008165871	0.1833194	0.3200284	0.2238149	0.2847456
0.239217	0.1178131	0.3429601	0.02806555	0.1109556
0.2874484	0.1521254	0.04185771	0.3067814
0.1805888	0.1857987	0.333453	0.1073967	0.1113973
0.238648	0.1803342	0.3125514	0.1144993
0.2390437	0.1757251	0.2888709	0.147739	0.09104618	0.1306816
0.1686115	0.1373402	0.2888709	0.1022682	0.1642353	0.2699399
0.1264986	0.1151463	0.2865025	0.05347364	0.4572925
0.1530739	0.1176797	0.2849914	0.03249216
0.2891501	0.2874332	0.02801724	0.1417663	0.1983568
0.256573	0.2583355	0.04517592	0.1677961
0.1964369	0.2583355	0.02722752	0.1953962	0.272056
0.1584151	0.06253584	0.2786033	0.1584215	0.008473046	0.1956988	0.2247866	0.3156394
0.1755758	0.1078416	0.01837382	0.1422123	0.3487041	0.181795	0.2925332
0.2276858	0.02272014	0.3194349	0.1722176	0.2872036	0.1383243
0.2792898	0.02479412	0.2846194	0.1829239
0.2446626	0.236766	0.1563527	0.3879821	0.06665977	0.1932306	0.2055154
0.1357667	0.3148404	0.1820336	0.06682925	0.1985569
0.2729225	0.3032249	0.1629907	0.04057878
0.2533023	0.3149027	0.1003245	0.03014924	0.2548631	0.2418793	0.2107082
0.2421707	0.07456665	0.233845	0.1500084	0.2905397	0.335325
0.3399367	0.05264303	0.1531517	0.1685504	0.3121098	0.2745768
0.2040148	0.02476343	0.1516809	0.2758417	0.1345277
0.2241016	0.02437132	0.1520507	0.1958071	0.1766003	0.266486
0.166064	0.02005785	0.1681198	0.1218382	0.2179831
0.03372259	0.193916
0.02166981	0.1910562
0.05742366	0.1946291	0.271752
0.1289428	0.1208138
0.2008394	0.1198283	0.2488467
0.2710211	0.1123979
0.1363399	0.08772297	0.1211604	0.0720287
0.1400011
0.131545
0.1414535
0.07913415
0.08034274	0.124325
0.164644	0.09373557
0.212399	0.07950407	0.1657009	0.2379206	0.1744483
0.1078208	0.1618732	0.15581
0.3802972	0.07917267	0.1652316	0.05363885
0.1345357	0.04767285
0.1190919	0.09070491
0.2923361	0.03337444	0.1033968
0.3256377	0.02862457	0.06346699	0.4208917	0.1928149	0.1533735
0.2433584	0.06137802	0.1166047	0.2286336
0.3143434	0.06823608	0.2099958	0.07914796	0.3153222
0.2072159	0.0943433	0.05399693	0.1549262
0.1133872	0.09130249	0.1769964
0.1570985	0.07370875	0.1948387	0.08002618	0.177028
0.05339708	0.1252159
0.1328022	0.1013681	0.1907142
0.3087422	0.07125562	0.1190636
0.2453983	0.05611711	0.1021823
0.220666	0.08946607	0.2009388
0.3004074	0.0765753	0.2932042	0.1012721
0.05538432	0.07839717	0.2499275	0.3116748	0.1532408
0.168308	0.09696508	0.248711	0.4154443
0.08931625	0.05970228	0.2374919	0.16688
0.07015378	0.2147315	0.08430064	0.1334708
0.3588308	0.05406958	0.1807201	0.1006889
0.1442154	0.1976147	0.05859796
0.216638	0.1706984	0.06909998	0.2027071	0.2758675	0.1199667	0.1145985
0.2272027	0.1378734	0.02900633
0.09257939	0.1318482	0.01769034	0.1798943
0.02446516	0.1462786
0.01490646	0.1544753
0.09223335	0.1805791	0.2353906	0.2242002
0.05516888	0.2025631
0.03746724	0.2139095
0.08679687	0.2272024	0.02828353
0.07739668	0.1899147
0.07102506	0.3960194	0.1775885	0.3186959
0.1903415	0.04496529	0.1731129
0.2111343	0.02108544	0.1710574	0.2008179
0.1347365	0.08432768	0.22797	0.2062204
0.06279868	0.2250484
0.267324	0.224303	0.08304554
0.195213	0.03698674	0.1771991	0.01840359
0.2396643	0.02171856	0.1861693	0.2125488	0.2648408
0.2073676	0.05486942	0.1788106	0.1874204
0.1057998	0.004983127	0.1722566	0.2217115	0.1453769
0.2775438	0.009560902	0.1554128	0.2195664
0.2747793	0.01632734	0.1615928	0.1788857	0.1591911
0.2194302	0.01221301	0.1774186
0.233971	0.0325769	0.193189	0.1566859	0.2530443
0.2112756	0.215646	0.0811114	0.1524484
0.192434	0.1660857	0.2092844	0.04289123	0.207555
0.2503431	0.01185007	0.1668756
0.2254911	0.02063341	0.1715297	0.2059533
0.2776955	0.2057088	0.1820404	0.05455842
0.1674089
0.1921751
0.1512719	0.1815497	0.2335531	0.1929917
0.1403417	0.2264655
0.2704295	0.2269217	0.08287933	0.1522978	0.2228642
0.09736709	0.1981824
0.1444344	0.1984904
0.1222119	0.214373	0.1186538
0.2019095	0.1743393	0.2607736	0.3828231
0.1619236	0.1744029	0.2645724	0.1031081	0.2020823
0.3446526	0.242573	0.0469773	0.214524	0.3653651	0.09651264	0.3144505	0.2289841
0.235107	0.2270916	0.0916574
0.06155954	0.2272216
0.07408148	0.254356	0.03202692
0.3072419	0.2221628	0.006810408
0.1870136	0.2767724	0.01673621	0.200502
0.2207155	0.2501263	0.02820372	0.1870187	0.2029435
0.1649357	0.2258239	0.02775365	0.1704716
0.2782375	0.2405959	0.01398514
0.2881119	0.2158285	0.02300817	0.2571937
0.1019298	0.03979037	0.2599227	0.3451213
0.3794967	0.03927685	0.2495825	0.1784182
0.1569191	0.03130197	0.251905
0.2921613	0.04895867	0.242379
0.1373697	0.2297611	0.08272199
0.0574514	0.238033
0.07687013	0.2055835
0.04648722	0.1817596
0.06367195	0.1953539
0.2816258	0.2069024	0.09849507
0.1729502	0.2258799	0.0408042	0.1462708
0.00778886	0.2111552	0.2139147
0.03572542	0.2653499	0.3036369
0.0256022	0.225682
0.001626465	0.2377798
0.01189825	0.2419954
0.01438987	0.2562266
0.0266854	0.240816
0.09642348	0.2091816	0.00223368
0.06952003	0.0003123952	0.2103638	0.1368095
0.2191789	0.0001704953	0.2211289	0.2126542
0.1653981	0.0001666424	0.2282028	0.05612277
0.1409445	0.0001636819	0.2134851	0.2094027	0.1527643
0.218906	0.002457268	0.2077432	0.1803085	0.1225283
0.1158597	0.03507419	0.1903323	0.4891247	0.2430938	0.3346316
0.2761231	0.008576167	0.1580437	0.2555315
0.2403004	0.02377673	0.2491852
0.1245576	0.05626156	0.2254537	0.1364648
0.2752208	0.044394	0.2081111
0.2307782	0.2331451	0.0444652	0.02957962	0.2664938
0.1919859	0.2685038	0.01097684	0.1476955	0.163762	0.2087544
0.2346475	0.3074289	0.009920779	0.1847228	0.2971249
0.1517847	0.2782017	0.2090515
0.2478901	0.2544771	0.1626602
0.2219739	0.2601195	0.07794683
0.0122414	0.2631698	0.1397906
0.03174063	0.3073664	0.1835529
0.06751872	0.2860006	0.07269112
0.009116189	0.2538849	0.08975713	0.1358154
0.01315094	0.1218429	0.2553418	0.09935503
0.008378715	0.1397107	0.2852675
0.09576187	0.2191013
0.03407925	0.2662937
0.0231803	0.2664508
0.03546208	0.2572606	0.1012461
0.02164723	0.2616494	0.04053873	0.3156128
0.04731864	0.1629468	0.2589049
0.2512429	0.2124532	0.2379014	0.03272199	0.1793396	0.2124772	0.2865987
0.1722225	0.291192	0.04716723	0.1881461
0.03730497	0.1328612	0.1059203	0.2198572
0.1840965	0.1015078	0.1676989	0.1311242	0.03815347
0.1129676	0.1308795
0.1484321	0.1742816
0.1927155	0.1344635	0.02464691
0.1975702	0.2304447	0.04503602	0.1225119
0.03563834	0.06942195	0.140122
0.08933314	0.1457975
0.2555833	0.108214	0.1348521
0.0967812
0.0814637
0.1029175
0.2023218	0.08206265	0.2651867	0.1037577	0.1845028	0.1373435
0.3460152	0.1193116	0.027557
0.3053191	0.02018221	0.1298464	0.1897562	0.1458288	0.1948941
0.1945051	0.00711997	0.1478274	0.1618555
0.1511268	0.01727619	0.1709637	0.1496875
0.1393358	0.01028992	0.1850544
0.2819093	0.1776711	0.07223258
0.088526	0.06069049	0.1908254	0.2095291
0.02802142	0.201761
0.04959948	0.2018399	0.2123556
0.03943193	0.2110582
0.1668486	0.1862208	0.1378251
0.2908825	0.1729015	0.1174069	0.1137387
0.2538461	0.02997726	0.1987741
0.1539179	0.02985456	0.2021937
0.09851806	0.04816433	0.23586	0.3434215	0.2081198	0.07460672
0.06567653	0.1717474
0.1087469	0.1136999
0.157973
0.206493	0.08768078	0.1652142
0.1642044
0.1417486	0.2730184
0.07470212	0.1382235
0.08020659	0.111604
0.1025708	0.1302148
0.2258752	0.05060248	0.2763247	0.1966938	0.1690418
0.2486399	0.08549667	0.248101	0.08323483	0.1677909
0.133184	0.2557188	0.1810166
0.08213255	0.260274	0.1202629
0.1149982	0.2462082	0.1168085
0.09952767	0.1190132	0.1920765
0.3699364	0.1742278	0.2399391	0.09774709
0.2502081	0.1030827	0.1686668	0.2488712
0.1821213	0.1531543	0.186987	0.1168849	0.1248976	0.3484539	0.1978771	0.204251
0.1942318	0.2233289	0.2056115	0.06288585
0.1660282	0.2028419	0.109841	0.2631563
0.03093909	0.1966271
0.1371472	0.2776581	0.2070983	0.2210013
0.2154996	0.1803626	0.1160003	0.1309545
0.2927678	0.058238	0.1344343	0.1399789	0.1212436	0.2358198
0.2238497	0.1044994	0.1323041	0.1702997	0.2131421
0.2019087	0.1571382	0.1071522
0.1264106	0.08245371	0.141325
0.1467571	0.007521043	0.1467163
0.2373331	0.01946459	0.1364262
0.1137988	0.05676178	0.1427696	0.1648024	0.2455102	0.1170792
0.2616818	0.1217435
0.07051084	0.1171681
0.1398928	0.1195903	0.08995556
0.09297881
0.1216591
0.2582883	0.1035119	0.1184684
0.1094653
0.1234847
0.06055716	0.1154813
0.1661348	0.1457032	0.06387686
0.09211396	0.264405	0.1851219
0.09256822	0.1773727
0.09765471	0.1289378
0.08987668	0.09945502
0.1739533	0.1099775
0.1081985	0.1082309
0.2186976	0.09804621	0.1946924	0.2716823
0.1766699	0.05670861	0.2550852
0.16893	0.09532445	0.1960144	0.1858838	0.2694605	0.2792479
0.1062812	0.2037668	0.1816218
0.08468494	0.1648486
0.1423557	0.2074164	0.1328679
0.2708622	0.03234784	0.2018094
0.2372435	0.08995065	0.1805357	0.2190941	0.204903
0.2420514	0.04414209	0.1991551
0.1765613	0.007621197	0.2315652	0.1832575	0.1792843	0.1658225
0.1403598	0.0350342	0.1516998	0.1093885
0.1206723	0.08159057	0.1613927
0.1205618	0.1564056	0.05351996
0.2777987	0.1997608	0.0389538	0.1027836	0.2524888
0.2226299	0.2090804	0.05355285	0.06403389	0.2659763	0.107139
0.2984195	0.2886287	0.0678621	0.09566426	0.2137961	0.1793599	0.1759227
0.226912	0.2730152	0.169598	0.05740375	0.1201924
0.04093922	0.274675	0.1681949
0.002907384	0.1705939	0.09239839	0.2330848
0.0006203086	0.1522551	0.2317409
0.02680429	0.1626792
0.1037425	0.2051099
0.1270064	0.187316	0.2835064	0.2159883	0.09467956
0.1206585	0.229659
0.2732419	0.04475688	0.2992653	0.2179779
0.2595161	0.2110296	0.2799727	0.2455743	0.09533635	0.05595269	0.2572308
0.13581	0.05651589	0.100439	0.2271865	0.1818048
0.1619821	0.05068859	0.1973087	0.2010443
0.2682854	0.05004332	0.2018266	0.1409214	0.1855726
0.2593525	0.1804898	0.02970729
0.3410712	0.1686269	0.09254987	0.2818272	0.2166045	0.2591239
0.2109867	0.1998647	0.1308314	0.1971999
0.1901147
0.1915659	0.09030254
0.1435772	0.5130104	0.189092
0.277335	0.183121
0.4212848	0.1910702
0.2067271	0.2974246
0.2899901	0.2153173	0.1070933	0.2855866
0.3331326	0.226919	0.01648493	0.1837732	0.2202058
0.3512151	0.2301591	0.1634832	0.3775547
0.2647739	0.118085	0.2165601	0.473147	0.2471252	0.2337795
0.2636505	0.135272	0.2064567	0.2330045
0.2838124	0.07502671	0.2000439	0.1819027	0.2127893	0.3950897	0.1137251
0.235759	0.05245428	0.2164192	0.1382322	0.1448816
0.2619086	0.06988218	0.2174282	0.241977
0.2035487	0.02231214	0.2360266	0.08153288
0.1394429	0.2263538	0.3782834	0.08154614
0.2379826	0.2461921	0.09796247	0.214176
0.1692557	0.06993629	0.2024054	0.0743426
0.2420258	0.2154656	0.09465996	0.200791
0.2492089	0.09017331	0.2301458	0.08497795	0.2273975
0.4074088	0.1155668	0.1744177
0.3863914	0.193447	0.1640903
0.3802414	0.09073149	0.1817465
0.224888	0.1607523	0.06079548	0.2513505
0.05906771	0.1654337	0.1373585
0.06642641	0.2359265	0.1690563
0.06918918	0.1892977
0.08684425	0.2222104	0.1522107
0.1004997	0.2397548	0.1838541	0.2172155
0.2131903	0.03086996	0.2130102	0.2006695
0.2530032	0.0421543	0.1675806	0.2501239	0.210113
0.2613733	0.08502819	0.2482769	0.2552146	0.2254331
0.275717	0.06086696	0.2091915	0.1784932	0.1061895	0.1900118
0.1804458	0.05233793	0.2031035	0.1739776	0.03075713
0.2538399	0.2913686	0.1735569	0.01421298
0.2553746	0.01449211	0.134069
0.2464366	0.006632097	0.119682
0.296623	0.01305305	0.1428602	0.185086
0.144538	0.002525445	0.1444091	0.3923257	0.2446818
0.1745632	0.07673379	0.156773	0.3714782
0.1698349	0.02650915	0.1451567	0.1437345	0.3143284
0.08795281	0.02253546	0.1656868	0.2244387
0.2450447	0.01630207	0.1622409	0.0665212	0.4350305
0.370007	0.03493454	0.1536698
0.3360609	0.03430582	0.1535183	0.1751139
0.1795762	0.00154973	0.2020587
0.2222496	0.004690197	0.4293271	0.2730459	0.2534242
0.2704682	0.001572561	0.2700643	0.3496738
0.2404657	0.0136973	0.2700643	0.1803422
0.3578782	0.05929494	0.2456509	0.09509745
0.2107212	0.04337211	0.2567848
0.2597517	0.0331203	0.2476755	0.2302688
0.1541974	0.2422685	0.06808713	0.1185715
0.2648344	0.2900633	0.03907633	0.2242777
0.1917968	0.05560983	0.2283531
0.1664254	0.01659914	0.1800959	0.2725635	0.2118222	0.2143968	0.3386565
0.3190337	0.03485987	0.2048305	0.2779574	0.2564298
0.2876133	0.09598783	0.245684	0.2463048	0.2053341
0.2627464	0.1066334	0.2068478	0.2360311
0.2171493	0.09357616	0.2319882	0.3667778	0.1703826	0.1916632
0.1893068	0.08257209	0.231185	0.09337369	0.5319804
0.1680573	0.1371166	0.4850593	0.220942	0.07897501
0.1062772	0.2286568	0.1083493
0.1114114	0.2298455
0.1306136	0.2184969	0.01209224
0.1602382	0.02605416	0.2175741	0.1614713	0.21827
0.305384	0.02451265	0.1807167	0.1188428
0.1916337	0.03295383	0.1852375	0.3642091	0.2824321	0.1691775
0.2800611	0.01752848	0.1937163
0.2399978	0.05929529	0.2056962	0.1914783
0.3230635	0.2060258	0.134634
0.1738374	0.2016006	0.04941872	0.2675241	0.1564338	0.1627105
0.1157431	0.202332	0.009975579
0.3316474	0.01243458	0.2472418	0.2008725	0.0675794	0.08611833
0.3548404	0.1575529	0.1002258
0.1246284	0.1658658	0.1851702
0.0713022	0.087054	0.1924324	0.06646306	0.3569092
0.1357312	0.1956597	0.2214032	0.1030965
0.3385623	0.1635033	0.0155708
0.2152029	0.008189022	0.3087296	0.1758148
0.1385207	0.05653307	0.160287	0.2823856
0.3360971	0.1053601	0.1265404	0.1867558
0.2081059	0.09206828	0.1346374	0.427394	0.1870551	0.2773131
0.2231065	0.1670999	0.124716
0.2699261	0.1543962	0.1566857	0.1141867
0.4331865	0.1763303	0.2918195	0.2340895
0.2754888	0.1878071
0.2979342	0.2140044	0.1528282
0.3552705	0.1876881	0.1896566	0.1197261
0.2812357	0.18878	0.00717889	0.3754568
0.3074961	0.1946457	0.09455381
0.2720341	0.07781877	0.1927531	0.1791688
0.3006228	0.05651736	0.1760707	0.1850167
0.3493477	0.1716685	0.205753	0.1952546
0.3345261	0.1906886	0.06794761	0.2281957
0.3059046	0.1469922
0.3083277	0.1602013	0.1200594	0.1770216
0.350986	0.1520488	0.1629353	0.2229753
0.2051277	0.1520523	0.2030025
0.1650156	0.1884738	0.1396891
0.3003689	0.1549463	0.2771941	0.1259058	0.2392805
0.3950335	0.1269649	0.2858214	0.05756648	0.2032065
0.3092337	0.2523801	0.01522586	0.1407339
0.3050278	0.2228533	0.0272907	0.1532359	0.2591372	0.172081
0.09226943	0.05210592	0.1762785	0.28731	0.2063181
0.08896826	0.2224364	0.25902
0.09360674	0.177779	0.07928238
0.09229046	0.1361119	0.2113636	0.1966911
0.1157955	0.1988519
0.2351923	0.1583524	0.1141488	0.2643712
0.1168383	0.1773415	0.2319998	0.0264392
0.1356887
0.08346037	0.1444564	0.1561592	0.1779154
0.1106125	0.1511672	0.1509983	0.1569745
0.1501716	0.2641455
0.3056396	0.1502812	0.07015916	0.2232029	0.1189973
0.3121451	0.1688478	0.05999359
0.273528	0.1435766	0.1147415	0.2540542
0.05047065	0.1233525	0.2299598	0.1145895
0.3469511	0.103203
0.2682215	0.08940058
0.2844625	0.08677145
0.2248967	0.07543395	0.3419908
0.4027319	0.06748335	0.1057078	0.3179289	0.2499887
0.1044023	0.03183138	0.09751293	0.1419682	0.2601254
0.1668736	0.03564108	0.1507879	0.2220982
0.2650632	0.1741049	0.02630972	0.2484305
0.3654363	0.154546	0.1391957	0.03363598
0.2543356	0.07193251	0.1615668
0.2113377	0.05186154	0.1615668
0.2849704	0.03275419	0.184364
0.2650443	0.004623875	0.1939832	0.3093987
0.2283309	0.01222812	0.1992304	0.2180761
0.2894458	0.0248484	0.2427771	0.1465295	0.1476303
0.3468891	0.2486975	0.1501519	0.07638418	0.00852589
0.2228152	0.2411818	0.1022157	0.004628042	0.05278228
0.2487066	0.2287142	0.124146	0.002949994	0.2394097
0.2487705	0.2175049	0.0008877958
0.2616209	0.0006105022	0.1768826
0.3297934	0.004006034	0.18729
0.2694448	0.007418169	0.1597502	0.2114013	0.2668327
0.1619521	0.005188667	0.1592971	0.2129571	0.3213896	0.1552951
0.2561625	0.005269836	0.2347273	0.08911347
0.1692065	0.007222342	0.2681374	0.1653915	0.1690037	0.3244423
0.007903785	0.01758044	0.2761135	0.2044671	0.2012662	0.1654717	0.1985947
0.005938508	0.2761135	0.1708837	0.3436679	0.05998029
0.008080167	0.2988931	0.2247969
0.0103278	0.3427029	0.2347731
0.009893899	0.3364824	0.1788262	0.2385905
0.03739098	0.3084659	0.2333233	0.1824019
0.0347227	0.3414891	0.2702214
0.04794206	0.3158761	0.2376022	0.2922489
0.03535004	0.378867	0.2646069
0.01898689	0.3825339	0.2375364
0.002704048	0.3929693	0.1967906
0.003152564	0.4181528	0.2027909	0.3349823
0.03415784	0.4181528	0.3186589	0.1838674
0.03283718	0.4064827	0.2114826	0.4370768
0.00569651	0.4134766	0.2501908
0.01467965	0.4222832	0.227244
0.01869558	0.4322793	0.2301361
0.03029006	0.4308704	0.2594833	0.2631555
0.0481587	0.4030696	0.2480621
0.04733891	0.4211914	0.2586966
0.03899221	0.4192118	0.2692352	0.324717
0.2646194	0.4273175	0.2728815	0.01545232	0.2131458
0.1053837	0.4114804	0.2728815	0.01491952	0.1940938
0.1389552	0.4024485	0.05934254	0.220585
0.2133694	0.3831446	0.0365498	0.07119156
0.1869206	0.3374618	0.01695765	0.1737484	0.1503624
0.2325723	0.393872	0.04966777	0.2234295	0.3394832
0.1285153	0.3790523	0.2519381
0.2039552	0.4033333	0.1965158
0.05968246	0.3714879	0.1886599	0.2085888
0.06025327	0.3442229	0.2012301	0.2752786
0.03129522	0.3441429	0.2570084	0.09744128	0.218485
0.01404267	0.2335528
0.08689959	0.236883	0.1909317
0.01578929	0.3016676	0.1043797
0.01174259	0.2680802	0.03515581
0.0263385	0.2828355
0.0102557	0.2646829
0.004451877	0.2613419
0.03595662	0.26544	0.197107	0.1716287
0.05744392	0.2636126	0.1901036
0.01330314	0.2458556	0.2290634
0.2846312	0.2608966	0.04303755	0.2267209
0.07703406	0.2614471	0.08983299	0.2448609	0.1151178	0.303753
0.04669183	0.1125421	0.2443796	0.2986398
0.04562882	0.3255627	0.152746	0.2276111
0.02318097	0.2855595	0.1721893	0.0125639
0.005208134	0.1615222	0.3052496
0.01131133	0.1735489	0.3575159
0.0188187	0.1399161	0.3734874
0.007316774	0.160549	0.360247	0.2039412	0.2501965
0.01845471	0.2957616	0.159645
0.02194849	0.328709	0.1905803
0.037449	0.3432617	0.1859607
0.2136546	0.2849166	0.2047276	0.07170644
0.1429658	0.1810259	0.04617214	0.3334255
0.2726425	0.213021	0.04088997	0.283677
0.02370448	0.1960059
0.04944316	0.2325879
0.1256749	0.2166566	0.02154687
0.05710164	0.2163353
0.03195062	0.2017342	0.03616337	0.08368239
0.02653862	0.2010924	0.223476
0.1640944	0.2135392	0.03092805
0.1955087	0.0479452	0.2074407	0.3167511
0.1693202	0.006876721	0.1724367	0.2819269	0.1906145
0.1439761	0.01214037	0.1783872
0.1335917	0.009095735	0.1866888
0.4066079	0.02407203	0.2074101	0.2106023	0.2431958
0.1892043	0.03286443	0.2123391
0.04942382	0.2178519
0.03350099	0.1984809
0.0006015858	0.2460866	0.183469	0.208853
0.008164519	0.1854645	0.0693816
0.05912783	0.2431795	0.1856808	0.04585502
0.1745066	0.2233442	0.04358962
0.2191533	0.06995238	0.2375249
0.2653639	0.03603242	0.1988259	0.2433928
0.2604623	0.03791036	0.2068316	0.1395381	0.2131227	0.1944491
0.1055545	0.2274019	0.1691107
0.1028014	0.1488361	0.2279114	0.2355534
0.1126454	0.1438351	0.1566936	0.1915025
0.1882171	0.1671719	0.1019114
0.2146633	0.1349269	0.1302194
0.1762148	0.1216748	0.09748124
0.2725742	0.1407511	0.2044502
0.2118629	0.1030457	0.1562519	0.1784997	0.2308629	0.1846174	0.2177569	0.1825446
0.1615556	0.1297862	0.1893801	0.1260731
0.261157	0.1845667	0.1158027	0.04763605	0.1121565
0.1925071	0.1781234	0.04638491
0.1502307	0.1843006	0.04648049	0.1875022
0.132578	0.1716283	0.120379	0.1529855	0.2097751
0.1933876	0.1665875	0.08514767	0.1228839
0.1189886	0.1707382
0.1447716
0.1039307	0.1588466	0.1937633
0.05231117	0.1673367
0.08856218	0.1693411	0.1602434
0.1845369	0.1916018	0.08902203	0.2605738	0.2182133	0.1795546
0.2233779	0.1876297	0.1020041	0.1590734
0.1858846	0.1763097	0.1127338	0.1259636
0.3260443	0.1094638	0.1369591
0.09665155	0.1172279	0.1569123	0.2134742
0.09608621
0.0879879
0.0907944
0.2037916	0.0502138	0.1547898	0.3060662	0.111158	0.1634219
0.1272947	0.1360716	0.072689	0.3594625
0.2195592	0.06691383	0.1243576
0.3726281	0.06442287	0.09572648	0.2079696
0.1392528	0.05689528
0.02998489
0.037851
0.001295401
0.001088687
0.1763008	0.03628186
0.1559755	0.04544057
0.1001151	0.01689388
0.2338023	0.005813299	0.17686
0.1640353	0.006800107	0.08159472	0.2416979
0.1492749	0.0228323
0.1211664	0.01998054	0.1404656
0.2984392	0.006189748
0.2574976	0.001801422	0.09861392
0.1386612	0.01160276	0.272961
0.2721659	0.004516951
0.268327	0.00623508	0.4139636	0.1236233
0.2318002	0.02358675	0.1797756	0.1357305
0.05239313
0.03648054
0.05001806	0.02224576
0.07050088	0.03860202	0.1798302
0.04515583
0.03281703
0.02720596	0.1864153
0.03974245
0.02540821
0.05391216
0.04873342
0.02542549
0.02441346
0.07440633
0.2816635	0.07593888
0.267386	0.06291432
0.1607669	0.04871655	0.1838217
0.06659681
0.1044401	0.1930983	0.1422279
0.1241848	0.138213
0.3131057	0.04452179	0.1511883	0.1632979	0.2392156
0.2344305	0.1112158	0.1567569
0.2069766	0.06907052	0.1972485	0.1379333
0.3265996	0.1050002	0.2507004
0.2632812	0.2548241	0.07754787
0.2267364	0.2567031	0.1283626	0.2140354	0.08954844
0.2626788	0.2089089	0.08767083
0.192083	0.205956	0.1207646
0.2122538	0.08636408	0.1730586	0.1796485	0.2310579	0.3437095	0.2458204
0.09828229	0.07878804	0.1558801	0.2615243
0.2192134	0.1596112	0.07144227
0.2320185	0.09388687	0.167387	0.09009552
0.1819638	0.1557347	0.03626933
0.05343338	0.1102244	0.1119522	0.2657927	0.03687386
0.1210166
0.1081912
0.0823154
0.2900285	0.06524867
0.2817575	0.03486895	0.2219547	0.2190182
0.1453106	0.03383198	0.1714052
0.2251026	0.03482247
0.2484852	0.06048956
0.1532393	0.06109005	0.07819257	0.1321321
0.2327877	0.07160756
0.261233	0.07621122
0.04624917	0.05484215
0.05533217
0.05879479
0.08699561
0.2047168	0.08125111
0.2053299	0.07298874
0.07300406
0.2462864	0.09250765
0.4353197	0.08104819	0.1096226
0.2444562	0.159075	0.05058844	0.1485236	0.271792
0.1829558	0.1104801	0.01100444
0.2844914	0.09253897	0.04359594	0.1777499
0.337358	0.03861328
0.2535101	0.05527917	0.1508054
0.2139566	0.06643776	0.1859142
0.1616681	0.05814632	0.1344505	0.160746
0.1746283	0.07802525	0.2489947
0.2838129	0.0442459	0.1710078
0.1706428	0.01873453	0.2118196	0.3000564
0.2497176	0.04015355	0.2199861
0.1707097	0.04346926
0.101996	0.04501714	0.2496875	0.034176
0.2640092	0.01156557	0.02902686
0.1494649	0.04749893
0.2537234	0.03413877	0.0552399
0.1464447	0.05488824
0.2140829	0.0628972	0.08502852
0.1982532	0.05479075	0.02460314
0.05646059	0.005673555	0.08610302	0.2882449
0.04640159	0.0342654	0.2309421	0.1281357
0.04287106	0.04011871	0.165046	0.1009645	0.2273063
0.09317472	0.003816082	0.1925753
0.2109104	0.02327521	0.2331891	0.06290405
0.2519504	0.00799158	0.231567	0.0954041	0.1084162	0.1703603
0.1157795	0.01743719	0.2052997	0.09893175
0.05427449	0.008931179	0.1936949
0.01681723	0.02912775	0.1635351
0.03214983	0.04053764	0.154285
0.08823681	0.04265263	0.2892895
0.2349169	0.07438125	0.1966484	0.07253356
0.2524237	0.07800933	0.2164561	0.2452717	0.0940205
0.1531105	0.08186287	0.3293932	0.05470365
0.2454558	0.06086858	0.06779227	0.2570631	0.1172941	0.4347336	0.178413
0.2085677	0.07161791	0.2027163	0.1082209	0.04808994	0.1632985
0.2122766	0.03965054	0.2142049	0.01396745
0.2178347	0.07302714	0.01676212	0.2062766	0.173745	0.1953179	0.053334
0.1554274	0.06726598	0.2057647	0.01596483	0.1579344
0.2474102	0.07177314	0.3100719	0.0253387	0.2157783	0.1383983
0.1767301	0.09329241	0.252543	0.01511921	0.21287
0.2397628	0.08219744	0.2309524	0.003115051	0.2113966
0.2266948	0.104431	0.197208	0.001700168	0.1622517
0.2669771	0.1051907	0.1963742	0.007087627	0.2029827
0.3080333	0.09136268	0.02535637	0.2815703	0.2354597
0.3019541	0.09859294	0.04981267	0.2916008	0.2090393
0.1754726	0.08056762	0.07235011	0.2400303	0.1769929
0.353293	0.09549763	0.02345425	0.1755028	0.07330217	0.2707774
0.1464482	0.0659869	0.01491843	0.1868911	0.303218	0.1791088
0.2069018	0.08481165	0.006576261	0.1654936
0.2028096	0.006609418	0.07741553	0.2044646
0.2286901	0.009781474	0.06612464	0.2224465
0.2211682	0.04120445	0.09561037	0.1687942
0.2510868	0.04478466	0.08760162	0.2739448
0.1100187	0.0677416	0.1372968	0.2171778	0.03687981
0.1305061	0.1508284	0.2000415	0.06342359	0.2126478
0.1204396	0.1635748	0.2627629	0.04285791	0.3641342
0.0405819	0.1218049	0.312948
0.1537018	0.2441776	0.06466284	0.08856171	0.2773751
0.05865122	0.08864981	0.356761
0.0431574	0.04925799	0.2753319	0.2712015
0.03014955	0.2157089	0.07752963
0.03202943	0.09244276	0.2403872
0.001395029	0.005897374	0.194058	0.3354486
0.001005729	0.00964514	0.1275483	0.2617198
0.02856444	0.06306184	0.1405559
0.06242334	0.03734501	0.1660337
0.04533074	0.0427907	0.2855917	0.1317324	0.05386775	0.1192777
0.01528729	0.03324475	0.0814019	0.2791757	0.1512226
0.02074839	0.06626827	0.2520189
0.009156503	0.08496847	0.2341202
0.02721606	0.2114931	0.06588102	0.02010454	0.2877841	0.1225411
0.06422777	0.2019988	0.06054137	0.1418223	0.01028002	0.2313991
0.2252645	0.1713484	0.1969113	0.01878488
0.2655177	0.2855772	0.003691956	0.1954455	0.3162028
0.2419934	0.2282954	0.1318347	0.0659882	0.07757098
0.3519135	0.2840644	0.1203085	0.198807
0.1833426	0.1164512	0.1402601	0.2301454	0.1622266
0.06190477	0.1004913	0.2732191	0.2241387	0.2627591
0.06190897	0.2275916
0.1223461	0.2405956	0.2136606	0.05097939
0.08154083	0.1984899
0.07671132	0.2174227
0.06572668	0.1926491
0.06533963	0.2070708
0.05305026	0.1726286	0.1743061
0.004591367	0.2209974	0.2114966
0.001999628	0.2244187	0.2963562	0.1459813
0.003264724	0.1416157	0.1249356	0.2265784
0.009955992	0.2295615	0.1298214
0.1202952	0.2447505	0.08140982
0.08857543	0.2588938	0.1058422	0.104132	0.1814169	0.3276644
0.2133087	0.1305893	0.1952992	0.0814791	0.09661839	0.09831541
0.2264983	0.09797592	0.1779788	0.03975617
0.1289014	0.0660959	0.1669854	0.01009235	0.2732173	0.09166787
0.07193224	0.08076102	0.1838926
0.05746035	0.1353346	0.08559517	0.1926596	0.2979305
0.0527512	0.1713485	0.1436243	0.1638307
0.0170326	0.1785459	0.1348032	0.1841505
0.08460329	0.267152	0.09938472	0.1546319
0.2975124	0.2530506	0.1223598	0.0507503	0.2300226
0.1284199	0.2531056	0.03769185	0.145701	0.08015458	0.2794655
0.3069313	0.3221205	0.02859962	0.1445788
0.0965513	0.3168449	0.05198653	0.1267311	0.2064148	0.3020502
0.1450555	0.2651287	0.02485665	0.1572291	0.1554005	0.109599	0.2671599	0.2802491
0.17208	0.2456843	0.1814714	0.2666012	0.08820704
0.1422531	0.3306191	0.2097873	0.04623048	0.1034525
0.1178396	0.3624377	0.1847732	0.06197718	0.101548	0.249863
0.1023524	0.4218797	0.1618814	0.05096966	0.2491628
0.2332878	0.3379345	0.01401345	0.1539097
0.1262731	0.3598782	0.01755996	0.1372587	0.2301949
0.3769124	0.07316699	0.1495303	0.2849873
0.05725031	0.01244017	0.1076946	0.3287584	0.3281609	0.1700262
0.2006419	0.04779548	0.3245329	0.1235546
0.1377225	0.0340948	0.2890134	0.1009374
0.1460625	0.05737656	0.2726417	0.1757005
0.2531631	0.1465551	0.1015609	0.308218	0.1590699	0.3472248
0.3156449	0.07016253	0.1652384	0.2240768
0.3428929	0.01431286	0.1904658
0.3136142	0.05236943	0.2037135
0.1485316	0.2095443	0.1013465	0.2820036
0.1834532	0.04701823	0.3453625	0.2250261
0.2858315	0.0209897	0.2341728
0.3471582	0.04731232	0.2628595	0.286905
0.2580262	0.04900275	0.2510233	0.2615992	0.1439539	0.1891122	0.3679474
0.2398246	0.09461348	0.2212019	0.05631271	0.1524855
0.1133014	0.2213115	0.08203811	0.1162647
0.1364052	0.2177271	0.125172	0.1304533	0.1171775	0.178057
0.1377533	0.1401998	0.2731856	0.08206487	0.1867346	0.1575335	0.2035903
0.309128	0.1222296	0.166807	0.1106524	0.200451
0.2717126	0.1088562	0.1412582
0.1964828	0.05626426	0.1474426
0.08284189	0.1626294	0.2153545
0.4037126	0.1820652	0.04654409
0.2544547	0.1182422	0.1980107
0.2964917	0.2127552	0.2450164	0.1336391
0.2075539	0.2713116	0.03873497	0.04911378	0.2578078
0.1989822	0.2659825	0.1102975
0.0686105	0.2713042	0.1600812
0.01031677	0.254646	0.1633153	0.03751191
0.02728357	0.263996	0.2342069	0.1892617	0.2161998
0.1147962	0.2734565	0.03692066	0.2247087
0.1977084	0.04048275	0.198122	0.2907812	0.2474932
0.2362671	0.0415498	0.1759955	0.2762004
0.2422626	0.06542571	0.2363548	0.15373	0.2215157
0.268763	0.223121	0.1075017
0.1836483	0.2245748	0.08949763	0.2676088	0.1627834
0.03624176	0.2085458	0.2216127	0.1604911	0.2569593
0.004197822	0.1942207
0.009226261	0.2714675	0.2301647
0.006227359	0.2320851
0.004071753	0.2489515
0.03506559	0.2345434
0.0757697	0.1752554	0.2496375	0.06765242
0.142385	0.2252728	0.02858488	0.07969556
0.2618351	0.2513612	0.08948171	0.08388046	0.1840537	0.03530891
0.08301561	0.02167722	0.2257772
0.01724293	0.2484416
0.01712294	0.2562079	0.2339104
0.2697033	0.0298756	0.2685217	0.2577823
0.2442123	0.0465551	0.2685217	0.2437602	0.2495264
0.290539	0.2685217	0.0931519
0.1069353	0.2696056
0.01555384	0.2508223
0.01007128	0.2621122	0.3518147	0.2490337	0.3306988
0.00583624	0.2815182	0.2207306
0.00616185	0.2497565	0.2018811
0.01885197	0.2542019	0.03912047	0.2472111
0.04394309	0.1074346	0.2542664	0.1855999
0.1254352	0.2349729	0.1182418
0.08628031	0.1856151	0.2791673	0.04584772	0.009848809
0.1110283	0.2199831	0.1464877
0.1723708	0.2067563	0.1734564	0.1198726	0.2508061	0.02863661	0.1100061
0.1199168	0.304032	0.01612326	0.173446
0.04270718	0.2334979	0.1819113	0.2510879	0.08025018	0.1575015
0.1161556	0.2025179	0.1338538	0.2179582
0.2743602	0.2135081	0.1073877
0.1887989	0.06320489	0.1902556	0.1030777
0.2276631	0.2101176	0.08876036
0.1529666	0.05783648	0.2084127	0.1927501
0.3170708	0.2084127	0.06646994
0.2804064	0.1872498	0.1117921	0.2530421
0.257506	0.1865797	0.07641586	0.1419185
0.1848105	0.1045304	0.1816513	0.1856095
0.1171437	0.1984302	0.203982
0.08479521	0.2056256	0.2216267	0.275001
0.05975012	0.2050454	0.2330549
0.04451928	0.2494323
0.06106449	0.2327971	0.2390925	0.198917
0.08697084	0.27574	0.1771148
0.008604715	0.1836942	0.1438928	0.2213026
0.01808436	0.193196	0.2782254
0.01792593	0.3748887	0.2281328
0.004685314	0.2216536	0.1163267
0.05172554	0.1609539	0.2265172
0.05600349	0.1419448	0.2333668	0.2644785
0.06098232	0.1781294
0.1165855	0.1931282
0.1509097	0.1865074	0.1036353
0.1072007	0.1990186
0.1073337	0.2167326
0.04832066	0.1623717
0.03833898	0.1969819
0.1256033	0.1690748	0.06346256
0.03021649	0.1872443
0.04039683	0.1815108
0.02463914	0.1426367
0.004261648	0.1341075
0.03130767	0.1359846
0.01706558	0.1129977
0.02261714	0.1457614	0.1203797	0.1019452
0.01424781	0.1576506	0.1575066
0.04200548	0.1466644
0.1936734	0.1726124	0.04038565
0.1805288	0.1541596	0.003673415
0.1811117	0.1902409	0.1040344	0.2538441
0.1475108	0.1886887	0.1139119
0.133792	0.199452
0.09464367	0.1881883
0.1310421	0.1692238	0.1082721
0.2220363	0.1679528	0.1314294	0.1480842
0.1189747	0.2093278
0.05366149	0.2304103	0.1592617	0.1372169
0.219893	0.2893217	0.131858	0.09779531	0.2596436	0.2200519	0.2726022
0.2486539	0.1396704	0.03400724	0.2323125
0.2829474	0.1755264	0.02139106
0.07728013	0.1738676	0.2902539
0.0300525	0.1671538
0.1480108
0.115766	0.1341366	0.1140701	0.2251037	0.06259182
0.2476487	0.1131713	0.1526568	0.1730629
0.1200165
0.1289036	0.1441892	0.1728414
0.02520098	0.153484
0.09099617	0.1895827
0.09402844
0.1080073
0.09062306
0.08589042
0.1064295
0.1512658	0.09765561	0.0717517	0.08635177
0.1094234	0.1394018	0.03323397	0.120154	0.09078659
0.2132633	0.1256833	0.04742055
0.03628187	0.1259323
0.09304807
0.1224569
0.1428959	0.1992815	0.1090257	0.3375076
0.1502498	0.1853069	0.1061037	0.120752
0.1540463	0.1736637	0.0542437	0.1733521	0.1702346
0.1078851	0.1733332
0.2273548	0.1875795	0.1331227
0.193841	0.131726
0.1280629
0.1103868	0.1561164
0.08918806	0.2041689	0.1045557
0.1881341	0.07289883	0.1950374
0.2073813	0.1888458	0.1151191	0.2363141	0.1124306
0.1337459	0.1895002	0.1234639	0.185599
0.2083731	0.1812368	0.04986561
0.2420746	0.02340452	0.1652755
0.1225409	0.04109728	0.2054195	0.1144697
0.1766063	0.01889197	0.1687191	0.04105397
0.1397968	0.05121164	0.1494693	0.2016558	0.2298283
0.02962572	0.1601116
0.01739361	0.16849
0.05319675	0.2630491	0.1508016
0.00796594	0.1329815	0.1986769	0.2286472
0.001040144	0.1871075
0.00134487	0.1843219	0.1643509	0.2106427	0.2665405
0.0003952261	0.1867739	0.1933804
0.001704517	0.2745045	0.112155
0.0676962	0.2301929	0.2154879	0.04234	0.1548251	0.2324069
0.05240488	0.1229771	0.2437345
0.1205356	0.1294436	0.2714429	0.1230186	0.232223
0.1451938	0.1660432	0.07344007
0.183283
0.05898122	0.1705209
0.02930666	0.1830095
0.05930018	0.1843867
0.04773739	0.1865158
0.03679845	0.1603572
0.02965439	0.1504803
0.03106177	0.1531121	0.1353192
0.09600828
0.2549345	0.05535206
0.04167498	0.07614468
0.08392341	0.05797173	0.1807559	0.1319728
0.01533621	0.08104726
0.03902253
0.0354142
0.01120391	0.07436887
0.109558
0.2673286	0.1196	0.01378385	0.1277182	0.2211255	0.2128599
0.1006725	0.09311923	0.01116969	0.05618153	0.1366536
0.3159988	0.1116398	0.07347089	0.06035743
0.1152746	0.09060042	0.1441146
0.06849731	0.1208029
0.06254835
0.05217408
0.05929176
0.08526387	0.06768811
0.2249049	0.08263107	0.2729209
0.2422023	0.04949486	0.41451
0.107594
0.1331823	0.101541
0.1277514	0.1380941
0.1359325
0.3081293	0.1131978	0.1435336	0.1303008
0.150325
0.1163951
0.2607632	0.1245736
0.3637033	0.1178434	0.1297203
0.09817475
0.131957	0.1003185	0.1204349
0.1609366	0.1487038
0.1599694	0.159022	0.1114604
0.1096739	0.1832443
0.08372425	0.1272073	0.07798694	0.2283308	0.310188
0.1447527	0.08995994	0.2596994	0.07240204	0.2556639	0.3334609
0.125394	0.09034678	0.2596994	0.08804701	0.1383856	0.1616665
0.2069219	0.1207079	0.07215074	0.3039628	0.1949951
0.3099599	0.09654889	0.05526843	0.285217	0.2159076
0.07909947	0.08611623	0.06138326	0.2108434
0.09183722	0.1161953	0.3546658	0.1589573	0.06790098
0.08795017	0.2778138	0.1523906
0.2474474	0.2048079	0.2744635	0.2295735	0.1014484	0.186361
0.1558898	0.2402898
0.2414904	0.1273786
0.1415239	0.235747
0.03620503	0.1983769
0.04296142	0.1743526	0.1429977
0.06663575	0.09381558	0.1914168	0.01231691
0.005814295	0.2017676	0.07055235
0.02352994	0.2389048
0.05040016	0.1995476	0.2701143
0.08127376	0.2570976
0.1033245	0.1758906	0.3072241	0.2525204
0.06448894	0.2141551	0.2599562
0.1144008	0.253196	0.08639045
0.06741317	0.251038	0.2416504	0.1574999
0.160659	0.215695
0.1770171	0.223766	0.1356116
0.2144371	0.2596006	0.09430616
0.01884724	0.2644282	0.1017362
0.00520599	0.2687035
0.05281895	0.2807437
0.04839131	0.3019541
0.08616881	0.2909193
0.03087787	0.2573521
0.02016309	0.280618	0.2485381
0.004278768	0.2514465	0.1652105
0.03777208	0.1999078
0.008432843	0.2247403
0.06950122	0.2367483	0.2478459
0.07684327	0.2598799
0.05919141	0.28479
0.03505733	0.326321	0.1816221	0.01703053
0.1008127	0.2456902	0.0985929
0.3161644	0.2369364	0.08213625	0.167683	0.2551573	0.1795627	0.3433131
0.2137921	0.2151966	0.07432425
0.07764622	0.2175391
0.1261861	0.2106405
0.08838022	0.2351369
0.3237043	0.2538228	0.07716366	0.02249272
0.2113358	0.276374	0.08070812
0.1120527	0.2611113	0.1357788
0.01656807	0.2724634	0.1252878
0.09755119	0.2707278
0.01879648	0.297366	0.2182849	0.05740828	0.2288337	0.2424114	0.3219022
0.02639208	0.3072221	0.14962
0.06853564	0.2581173	0.01138868	0.1760892
0.04328903	0.2069861
0.052815	0.2118528	0.2650142	0.1964896
0.03085827	0.1859176
0.03017134	0.1668076
0.05452125	0.1649767
0.09338454	0.1272734
0.3979439	0.1295973	0.165403	0.1076161	0.1229234
0.1958394	0.082987	0.2796568	0.1222708	0.1600994	0.3231972
0.1220407	0.1645946
0.2450206	0.1269621	0.1539213
0.178366	0.1477627
0.09570724	0.1157782
0.2954938	0.1927131	0.2149621	0.168083	0.2367659
0.1433547	0.1723365	0.1623046
0.2893873	0.1219701
0.09504218	0.007403164	0.1331429
0.2356883	0.1210747	0.007465776
0.3278965	0.1124702	0.0436678	0.3658393	0.2011947	0.1512757	0.2527867	0.1573177
0.3007492	0.1234828	0.2253143
0.08724696	0.1283101	0.3216583	0.2255101	0.4359864
0.140047	0.2100338	0.1650042	0.1303354
0.1597284	0.06419053	0.09012231	0.3624845
0.1329507	0.06356605	0.108027
0.2489628	0.1092155
0.09135702	0.0787795
0.08912886
0.1046359
0.1109348
0.08638865
0.08151105	0.08814111
0.1984109	0.06397182	0.0650777
0.3145287	0.02222657	0.0738766
0.2380268	0.0807343	0.1853412
0.08687057
0.07835279	0.05884428
0.08221159	0.1025195
0.2257945	0.09148053
0.06389049
0.2240948	0.06493707	0.1338712
0.07992697
0.08987653
0.1328863
0.2301777	0.1226149
0.1707011	0.09794986	0.3168316
0.06790536
0.09930373
0.122614
0.09054657
0.1194902
0.08859466	0.1355395	0.1467732
0.1251502
0.1002621
0.1070244
0.1013849	0.1538491
0.198003	0.1265958
0.2732591	0.1725308	0.1443678	0.1786894
0.2193048	0.1541619
0.1288283	0.1723093
0.1543336	0.1508519
0.1624708	0.1869074
0.1757076
0.1249267	0.176233	0.1366846
0.1316993
0.03208615	0.0922689	0.2356504	0.1582373
0.06505881	0.1452148
0.1059954	0.15534
0.3243817	0.1433847	0.04781528	0.1061667
0.2493063	0.218439	0.08225649	0.1439787	0.0576281
0.1026839	0.2057431	0.1156113
0.04226066	0.105605	0.2050225
0.2127127	0.1535375	0.1454086	0.09784237	0.2068832	0.358028	0.2082877	0.2317589
0.1652971	0.2950091	0.1179551
0.232721	0.287791	0.1462487	0.07063992	0.01507648	0.0955247	0.1473058
0.08281039	0.2840978	0.1173506
0.04619798	0.2594489	0.116894
0.07772097	0.2680955	0.1106644	0.1091234	0.1705972
0.04457133	0.2757208	0.09004423	0.1214168
0.1314998	0.2721389	0.1201139
0.06896959	0.268337	0.09641371	0.2343287	0.2363131
0.08239541	0.2544568	0.1077434	0.06555404	0.2443715
0.229882	0.2690544	0.09195317	0.08038619
0.2352866	0.2906325	0.1193961	0.07316628
0.209829	0.1585746	0.1361529	0.2723081	0.2411089	0.167037
0.04594282	0.1176434	0.2996312
0.09974247	0.151416	0.261299	0.009708072	0.1907265	0.2802513
0.1040774	0.1200101	0.298438	0.01997475	0.1215962
0.09386145	0.1418641	0.180915	0.3658539	0.001007311	0.2019659
0.1617225	0.1398878	0.1827397	0.3723786	0.01019242
0.2494092	0.1389845	0.3086921	0.03666247
0.1117137	0.1736813	0.3052758	0.04763613	0.3222557
0.292089	0.2468656	0.07627713
0.1768721	0.2500124	0.03612827
0.1089149	0.229722	0.08926103	0.2804399	0.1432862
0.1036468	0.2286797
0.2307047	0.1742847	0.1351097	0.2019373	0.1773813
0.09395654	0.2089032	0.1628498
0.09111807	0.2221316	0.1511175
0.0783909	0.2609194	0.1534395
0.3516415	0.2549421	0.1743828	0.1274128	0.2172298
0.1818377	0.2843843	0.1668197	0.1237708	0.341435	0.3411451	0.1716832
0.1236928	0.1165719	0.1994815	0.2564432	0.2957298
0.142413	0.09562016	0.2070779
0.04718269	0.1598414
0.08841502	0.1479499
0.1080653	0.1106178	0.0103513	0.1618799
0.3001889	0.125487	0.01162945	0.1436041	0.177649
0.1901644	0.1861943	0.005034042	0.1644725	0.1573632	0.1295591	0.2195335
0.3051731	0.1861943	0.007602852
0.09115961	0.1854426	0.019382	0.2439216	0.3774119
0.09636254	0.04490884	0.1913614	0.1839471	0.340384
0.1666258	0.03799926	0.1449808	0.190745	0.2825199
0.1928432	0.01337281	0.1424638	0.1902276
0.2166561	0.005796937	0.178013
0.24676	0.0006672905	0.2215202
0.2362127	0.009105553	0.207005
0.2245565	0.01447313	0.1733643	0.2367925	0.1918852
0.2736172	0.008766722	0.152653	0.1973134	0.1136079	0.3124355
0.2361318	0.006694584	0.2227664
0.1962976	0.008954094	0.201122	0.2691644
0.244707	0.01854574	0.2312716	0.316847
0.1783024	0.2245419	0.1034859	0.2385924
0.2445239	0.1721365	0.05232924	0.2299626
0.278013	0.2000725	0.04770742	0.2678773
0.2323403	0.1013801	0.1187698	0.2088917	0.1573808
0.2798717	0.1234382	0.1869356	0.1114934
0.1005127	0.1725378	0.166251
0.3478956	0.1477266	0.0339702	0.2635493	0.1804077
0.3775948	0.1479318	0.003725705
0.2515532	0.1719632	0.01532594	0.1494335
0.2653969	0.03858058	0.1651052	0.1042058
0.08224164	0.09050846	0.1254313	0.08545994	0.1826762	0.161123
0.1739926	0.1298833	0.1726014	0.09843052
0.1838794
0.03025566	0.1959051	0.2394792	0.1342434
0.1742773	0.1972592	0.1631682
0.05908936	0.2033544
0.1950549	0.2280337	0.06739146
0.06232645	0.2222628	0.08420395	0.3982697
0.02649938	0.1993397
0.009487115	0.2373495
0.006386521	0.2404279	0.02867522
0.02133495	0.248813
0.01061101	0.25844
0.01253347	0.2444192
0.00718565	0.2314889
0.005403318	0.2396988	0.3286561
0.003962087	0.2441769	0.1104334
0.002978658	0.2405996	0.1360778
0.03469279	0.2296291
0.1644403	0.1963622	0.04195471	0.2409506
0.1457681	0.0464456	0.2603997	0.230154	0.1494364
0.2540711	0.01696824	0.2567154	0.2250398	0.1441303
0.2814979	0.2016191	0.02692772	0.2156283
0.252083	0.1839319	0.01222585
0.1502918	0.1797552	0.08703087
0.0736648	0.2007441	0.243242	0.08137271
0.07423098	0.1762504
0.05650916	0.1930113	0.01163876	0.1048871
0.3315491	0.2100407	0.1899781	0.09466295	0.113533
0.3700309	0.2096937	0.03551249	0.2360513	0.0690853
0.3018982	0.2115461	0.02836589
0.3345959	0.02742529	0.2106574	0.09035232
0.290923	0.0304304	0.2168588	0.3887367	0.2564719
0.1373589	0.04123331	0.2288454	0.184123	0.112934
0.1565444	0.2298809	0.08507535	0.3482347	0.2656763
0.2910215	0.2286129	0.07691661	0.3220188	0.1153373	0.2403124
0.2348077	0.0631793	0.2154704
0.3661881	0.0638776	0.1851285	0.1257049
0.1914751	0.154026	0.2281427
0.1879934	0.1451396	0.1626754
0.1447414	0.08423632	0.1060085	0.2190343
0.2847427	0.08910955	0.1721023	0.1357672	0.2592234
0.2960428	0.09861732	0.1861222	0.1270114	0.2930406
0.1695417	0.09542282	0.1114589	0.2424436	0.1081888	0.1819564
0.2074883	0.1310294	0.1630481
0.2064424	0.2257142	0.1945031	0.339632	0.1326501	0.227011
0.1990752	0.2140763	0.1141121
0.2558998	0.1722214	0.2140105	0.1192395
0.2589206	0.2116127	0.1111002	0.3575224	0.215396
0.1480653	0.2319351	0.08982141	0.2266216	0.09936476	0.3186627
0.2738711	0.187229	0.09847731
0.4088079	0.2075195	0.05283341	0.1614587
0.2560099	0.2448058	0.00980339	0.1976033	0.290669
0.255925	0.2201629	0.008450544
0.2749142	0.02426858	0.1729019	0.2584
0.3224592	0.03393492	0.2159006
0.3032809	0.06079209	0.1920859	0.1350326
0.333599	0.09854356	0.1993944
0.3222081	0.1563258	0.2126673	0.198389
0.1444126	0.2502592
0.2050556	0.1589555	0.2564493
0.1756258	0.150678
0.2144453	0.1351667	0.102826	0.2098924	0.1221079
0.2241519	0.1709707
0.2615862	0.1789794
0.2360398	0.1867509	0.1485545
0.5037883	0.1554526	0.1545369	0.1993745
0.2888865	0.1265041	0.08078833
0.360872	0.1221372
0.3352929	0.1127758	0.1564034	0.1812719
0.2887125	0.0707101	0.1242932	0.344332	0.1379965
0.1896859	0.09397583	0.2584746	0.1224328	0.1651894	0.1782529	0.2136196	0.2330597	0.2128255
0.2315404	0.08529251	0.1746721	0.1394212	0.1375807	0.3017438
0.3909848	0.09009987	0.2086309	0.1081118
0.2418371	0.09347457	0.1858634	0.264379	0.1314824
0.3785684	0.07366135	0.174754
0.2965027	0.1815374	0.09288423
0.2373923	0.05382552	0.3899234	0.1530241	0.2702221
0.1017004	0.01658584	0.2277549
0.2924717	0.02363018	0.2108138
0.4207791	0.03950559	0.2819759	0.2018774	0.1392989	0.1754713
0.4121909	0.02758733	0.1756533
0.2195377	0.02700241	0.1829161	0.2112584	0.2186323
0.2625147	0.05258148	0.2104951
0.2237834	0.03971779	0.1500153	0.1554188	0.2184326
0.2374707	0.01020245	0.1354921	0.3291584	0.1646207
0.3022466	0.01767269	0.3070695	0.145648
0.3593979	0.004589538	0.2075635	0.1433644	0.272623	0.296913
0.1901161	0.001585642	0.2320438	0.1466877	0.2779641
0.2945352	0.00254021	0.2770896	0.1425975
0.2788791	0.03703847	0.2770896	0.1522532	0.0171439
0.1690746	0.007745417	0.2556698	0.1404725	0.2871716
0.2126696	0.009686413	0.2556698	0.1432104	0.396759	0.0614702
0.2734003	0.009300462	0.3061433	0.05231282	0.1570248
0.3168282	0.02523845	0.2937178	0.2293923	0.3165281	0.1681602	0.2796616
0.1996092	0.02452918	0.3061772	0.1550749	0.389827
0.2035595	0.1552687	0.295377	0.07253962	0.1364379
0.2803614	0.1559283	0.2694448	0.01618025	0.08460819
0.2960881	0.1413011	0.2747936	0.04882694	0.07288109	0.1910471
0.1675539	0.1283893	0.07166251	0.2430556	0.1869676	0.1089309
0.214778	0.1086989	0.2341994	0.09772531	0.1576962	0.2340302
0.4764544	0.09277989	0.2563857	0.0543066	0.1853687
0.1618733	0.1264225	0.3159873	0.117106	0.1719798
0.3108117	0.2941101	0.08259252	0.1464873	0.1568467	0.1436558
0.3152196	0.1284663	0.1183612	0.2665116
0.3870922	0.119327	0.1235808	0.3237884	0.1202143	0.2270666	0.2542412
0.2067317	0.07947529	0.2970969	0.1526956
0.2629718	0.02699424	0.2778286	0.1397777	0.1130452
0.2393866	0.03603848	0.2516098	0.1625602
0.3864032	0.05232978	0.1937869
0.4015798	0.1350841	0.2045079
0.1714212	0.09116078	0.2161764	0.215292	0.2252965
0.2930316	0.1959691	0.1097876
0.284979	0.1592307	0.204904
0.3153481	0.2393816	0.09609986	0.2015898
0.2458133	0.2176856	0.09116926	0.403625	0.06808391
0.3993712	0.2221352	0.1569615
0.4247794	0.07916685	0.2091138	0.001185917	0.3481744
0.2112659	0.2113352	0.03726915	0.2011246	0.1497887
0.3360544	0.04699618	0.2039116	0.16939
0.2784679	0.1052037	0.1905396	0.1632452
0.2706768	0.1835694	0.05436888
0.2124461	0.3185232	0.03649821	0.187971	0.284578
0.1958542	0.1799665	0.008948196
0.1345419	0.2251138	0.03990526	0.3416216
0.2311176	0.02692069	0.2068737
0.2266555	0.02466882	0.177634	0.1781829
0.29523	0.009591612	0.1790595	0.3114352
0.1852719	0.001962854	0.1644386	0.2914776	0.1018423
0.1751886	0.01310492	0.2790029	0.2015208	0.2058396
0.2009825	0.01175212	0.1837441	0.2166421
0.2371622	0.03795134	0.1878555
0.2835877	0.03955305	0.2107912	0.2665556
0.1924628	0.2520203	0.03377493	0.179105	0.2522011
0.06139866	0.2764784	0.1591292
0.07852532	0.2591656
0.08795546	0.2374741	0.3000693
0.07456358	0.2507644
0.008961992	0.2506566
0.03355544	0.2520295
0.05592387	0.2866002	0.2458602
0.03774611	0.2154464	0.1884339
0.04393579	0.2270745	0.4394619
0.05420492	0.2118959
0.1363976	0.2259446
0.09361435	0.2298752	0.08755438	0.02282158
0.3211519	0.2322618	0.06340708
0.09541945	0.1879739	0.1500461	0.2320153
0.2923373	0.1913866	0.06954237
0.08170336	0.1812835
0.04963454	0.2236769	0.04404094
0.02584922	0.2277205
0.0322619	0.1784717
0.02600349	0.1901703	0.2260332
0.0394978	0.1787795	0.3091752	0.05632935
0.07392291	0.2332165	0.1821285
0.1879414	0.1012148	0.1746192	0.2435235	0.2834303
0.1797474	0.06281348	0.1606924	0.2143012
0.1149242	0.1806618
0.06471781	0.215828	0.1621127	0.2447108
0.1360704	0.3346826	0.1343469	0.183541
0.1886276	0.1805896	0.1049209
0.1108457	0.1769968	0.04908454
0.09060412	0.1901901	0.02131481
0.218961	0.2138654	0.01196331
0.2055583	0.2352097	0.0537515	0.2183569
0.2715193	0.2023121	0.09106767	0.1387026	0.1698343
0.09085628	0.1956719	0.1141716	0.08682039	0.3054878	0.2408401
0.08981286	0.2828369	0.2309815	0.2580076
0.2044377	0.3479614	0.2141996	0.08588689	0.3091474
0.1697006	0.3018596	0.2347132	0.08671425
0.2259779	0.3530912	0.2422454	0.0759208	0.306072
0.3185282	0.2513418	0.06441303
0.06328731	0.2534583	0.03748664	0.03682126	0.1405285	0.2358059
0.1212658	0.2576425	0.03474866	0.03232151	0.1456444
0.1809066	0.0165528	0.2869502	0.1550356	0.02893068
0.1852209	0.02362534	0.3152486	0.01994295	0.1152335
0.2487196	0.005910477	0.3152183	0.04333572	0.1719228	0.2231666
0.1977757	0.01955524	0.3107855	0.08780342
0.2782393	0.07209959	0.285142	0.03900481
0.1518149	0.1393652	0.2849431	0.03113058
0.1955498	0.1488057	0.2691888	0.01870514	0.3569885
0.128074	0.1584428	0.2709565	0.03442324	0.2050745
0.152688	0.12634	0.2984105	0.04167619	0.1815409	0.1828205
0.3661607	0.2984585	0.2409119	0.1363259
0.2722354	0.2953048	0.1993861	0.05051195	0.04340637
0.1626811	0.2950194	0.03325878
0.1419502	0.2872436	0.02164508	0.3263972	0.08959006
0.2559802	0.2703146	0.04140993
0.2324887	0.2703146	0.02842839
0.128849	0.004039404	0.2592715
0.1114116	0.005482152	0.2668119
0.3031674	0.0004687655	0.2937035	0.1327175	0.2617403
0.1943934	0.0003609332	0.2470344
0.1656422	0.0001948162	0.27332	0.2939731
0.162762	5.2073e-05	0.2641896	0.1015891
0.2564805	0.000172794	0.2402176
0.2047735	0.0005887522	0.2616302
0.2139243	0.001083056	0.3157897	0.1975226
0.1901992	0.00279044	0.2028638	0.185903
0.2281836	0.007395111	0.1657424	0.2132659	0.23512
0.1648778	0.004532505	0.2119411	0.1462757
0.1687362	0.01461614	0.232802	0.1843853
0.1090154	0.02759275	0.232802	0.2075106	0.31487
0.2112912	0.2235383	0.04464207
0.2777997	0.2137822	0.1142715	0.07070089	0.2372986
0.08652166	0.2551556	0.2248115
0.04062103	0.2909089	0.2226321
0.03317082	0.3527929	0.180361
0.02350755	0.3498253	0.1934946
0.02918131	0.237491	0.1901653
0.01482024	0.2026445	0.3716602	0.2886392
0.0005640242	0.195716	0.09504815
0.002556879	0.1863285
0.002339995	0.1865442
0.0010971	0.1771332
0.05349506	0.1803484
0.006271207	0.1787928	0.06465498	0.1368902
0.07126953	0.1830032	0.1911351	0.1262374
0.1938609	0.22434	0.1806169	0.1491543	0.1152853
0.1981667	0.22434	0.1934976
0.2360012	0.1997306	0.161003	0.1029825	0.149729	0.1914563	0.1625778
0.06827382	0.2267814
0.198876	0.2252267
0.07122826	0.2290742	0.1261725	0.1804366
0.2911477	0.198756	0.1985243	0.2506814
0.1014065	0.2038308
0.2990026	0.2003663
0.2008408
0.09351563	0.2090946
0.07685061	0.2170742	0.1876371
0.2715301	0.2760514	0.1959872	0.04194148	0.1588434
0.2538327	0.278143	0.03791331	0.1501988
0.2245229	0.2935781	0.00726278	0.1815923
0.1183079	0.2464287	0.04925534	0.1358832	0.2370105
0.04134402	0.22493	0.1247885
0.03248042	0.1384206	0.2436069	0.02564281
0.03426241	0.1509877	0.2293972	0.01297879
0.1733359	0.1650664	0.2277535	0.1128733	0.1634266	0.1169554
0.166466	0.2353813	0.1236468	0.04906801
0.2133194	0.2086488	0.09211843	0.01793565	0.2343996
0.4256527	0.2007174	0.1070331	0.03426205	0.2687102
0.07485075	0.1190406	0.2553642
0.02009856	0.1164077	0.2798132	0.2048084	0.0196103
0.06725127	0.1081337	0.2417745	0.1732453
0.06150212	0.1531207	0.2084106
0.0779986	0.1240409	0.2002876
0.0645265	0.1253268	0.2349313	0.1204945
0.08719226	0.1075182	0.2654452	0.218695
0.2285288	0.04290188	0.2505452	0.1665663	0.1946665	0.05723886
0.1691719	0.08044132	0.1986637	0.1149194	0.2194333	0.1724378
0.1746914	0.0715066	0.2087484	0.1512766	0.3042578	0.2519217	0.3257213
0.09178759	0.1385191	0.2930543	0.254633	0.1536086
0.09508229	0.1395215	0.3571395	0.1457076
0.1666723	0.2582805	0.1207532	0.177606	0.249714
0.05951833	0.2650382	0.1794367
0.02758518	0.1566547	0.3092894	0.1740955
0.0505487	0.277522	0.09837001	0.1686222
0.10009	0.2567848	0.1410609
0.1562994	0.2758229	0.07235418	0.07466539
0.1059357	0.2591081	0.1549306	0.06877222
0.1039204	0.2985195	0.1407582	0.1768238
0.09904641	0.1434344	0.2351014	0.1107292
0.1634571	0.1187347	0.2178903	0.1274819
0.1718143	0.160121	0.05018786
0.3252542	0.0157234	0.1500292	0.1975126	0.1916699
0.08240215	0.1898367	0.1903029	0.1772895
0.1097416	0.208762
0.1097053	0.2108184	0.1890217	0.1348636
0.07854386	0.2224302	0.06914897	0.09674447
0.3180314	0.2307154	0.1489277
0.1339721	0.2307154	0.1878435
0.1616084	0.2343502
0.05807167	0.2067348	0.2330444
0.1772304	0.2131544	0.08160599	0.1468915
0.3280407	0.2055639	0.2578195	0.1129157	0.2307893
0.2328292	0.1985343	0.2962819	0.04120508
0.1511234	0.08642525	0.2844821	0.2493077	0.001333197	0.2653144
0.1277269	0.1933164	0.02536855	0.2873444	0.2906265
0.1670545	0.02043357	0.285733	0.1933502
0.1440616	0.009072171	0.2626591	0.1339096	0.1048741
0.1324417	0.006432398	0.3055575	0.09632265	0.2115213
0.2996319	0.002925426	0.2603543	0.1518157	0.06097166
0.2225045	0.0003351606	0.1169893	0.2702144
0.1708872	0.1328892	0.2468591	0.0204904	0.1934558
0.1447181	0.1111955	0.2756888	0.009281434
0.3469317	0.2507185	0.005506959	0.2017794	0.1251521	0.1374462	0.1545277
0.1821745	0.2425776	0.007917451	0.1346813	0.2436999	0.1665351
0.3114506	0.243825	0.00225857	0.1411251	0.2415067
0.2408323	0.2107351	0.003322734	0.06588492	0.1233741	0.2495053	0.1945974	0.1898409
0.1231451	0.002416539	0.1119771	0.213162	0.2184834
0.1871014	0.181088	0.07874777	0.123541	0.184883
0.1095022	0.242212	0.1550855	0.1795825
0.1021183	0.136929	0.2167084
0.09084423	0.2375207	0.1174639
0.2573694	0.2259731	0.1973317	0.1102812
0.1606901	0.1242686	0.223437
0.07872815	0.2474114
0.3256762	0.03688189	0.1395969	0.2662171	0.1619652
0.09885414	0.03117254	0.2283827
0.1423436	0.0599694	0.2234739	0.2881346
0.1463	0.06221254	0.2901329	0.2355598	0.097719
0.1046111	0.05759351	0.2498528	0.2799938
0.09760342	0.07391513	0.1987034
0.1001918	0.2050939	0.2400578
0.117485	0.2432733	0.08861115
0.03120353	0.239092	0.03017768	0.03984954
0.006971613	0.2518583	0.1495402	0.02115789
0.01008942	0.2518583	0.1411927
0.006054122	0.2491356	0.113594
0.02257445	0.2341012	0.2138067
0.004879742	0.1999837
0.002609231	0.1998549
0.0008620713	0.2116551	0.1973396	0.01404564
0.04197296	0.2142594
0.00264684	0.203798	0.1918583
0.002194724	0.2044448
0.0001843271	0.2085552
0.001447516	0.2333463
0.003804656	0.2412883	0.2122109	0.0517612
0.04363831	0.2091938
0.002458058	0.1853402	0.214872
0.0349402	0.208154	0.1686811
0.03568197	0.1961416
0.009608019	0.1947716
0.0464049	0.1839206
0.003871846	0.1829041	0.2218325
0.02798742	0.1688619	0.09819556
0.1346703	0.210202
0.1019253
0.04963031	0.03034579
0.09954114
0.1838257	0.1118522	0.1692719
0.162161	0.1307519
0.1861578	0.1373036
0.1535346	0.171206	0.03107009	0.0399203	0.1257017	0.105506	0.1619698
0.1715183	0.1584785	0.03451869
0.0647494	0.1341852
0.09728409
0.09996522	0.1672723	0.1699404
0.1311989	0.1758853	0.06696713	0.2506514
0.09238467	0.1445952
0.1371763	0.1761038	0.1907389	0.1169397
0.08890464	0.2113132	0.1456683
0.1005401	0.1970209	0.1650666
0.1149356	0.1769996	0.1591509
0.1706146	0.197681
0.1351631	0.1873205	0.04505948	0.1845283	0.2217529
0.1370277	0.1055121	0.1992329
0.1716346	0.2058508	0.0516859	0.2694955
0.08638214	0.1974701
0.03339696	0.1880137	0.2545646
0.05273428	0.2340809	0.2926539	0.2416832
0.06718192	0.2166207
0.03369176	0.2128341	0.232828
0.2584096	0.2345931	0.1249219
0.2539277	0.2151924	0.1032057	0.2461465	0.2172135
0.1899237	0.2324641	0.113944
0.1512154	0.2115197	0.1403593	0.2570447
0.04329645	0.213832
0.0767455	0.1389619	0.1704122
0.08623698	0.164611	0.1022283	0.225542
0.2513065	0.1510048	0.2107287
0.2052458	0.1552269
0.1344717
0.1125236
0.09071347
0.2361415	0.12285
0.07637465
0.08088944
0.08532891
0.0698366
0.03214322	0.09229579	0.2977545	0.07455285
0.06862123	0.1319947
0.05947345	0.1263826
0.03819358	0.1420461	0.1315137	0.2454224
0.05425231	0.1592499	0.1614304	0.08495203
0.02115261	0.1274375
0.05160264	0.1061453	0.05194357	0.2034093
0.05034347	0.094136
0.04760712
0.0718648	0.04074283
0.04723354
0.04362571
0.1662159	0.04005347	0.1754349
0.1887196	0.04361302	0.0449378
0.3422837	0.04285693	0.1830354
0.07014248	0.0447873
0.2898602	0.03878274	0.2794382
0.2147677	0.007195591	0.06910051
0.07307913	0.03314989	0.1406045
0.2220049	0.01996733
0.1335052	0.0642734
0.0480688	0.0328135	0.2735673
0.1778749	0.02899223	0.09846013	0.05154939	0.1159039	0.288543
0.2193594	0.02791008	0.1001535
0.08884819
0.03557312	0.1017229
0.2031211	0.06917138
0.3193514	0.04096334	0.1054431	0.143922	0.1130656	0.1553739
0.1682854	0.01804083	0.0773202	0.2962241	0.1446098
0.2536943	0.04479161	0.1807113
0.286578	0.07942099	0.1516589	0.1794571	0.1268137
0.1442163	0.0889795	0.3358667
0.1591398	0.07670649	0.2087814
0.03600106	0.08251727	0.1816593	0.1634189
0.06239189
0.06904054	0.1028232
0.06204773	0.1400114
0.09222244	0.1322687	0.07023188	0.181589
0.1716597	0.1389083
0.2321759	0.1375908
0.08700827
0.1064481
0.09028468
0.09675574
0.4727272	0.08616216
0.08432252	0.1553136	0.2356095
0.1309488	0.1214185	0.2437963	0.1048555	0.134411
0.3164373	0.1979057	0.07307372	0.1952514	0.1195858
0.1965571	0.2108227	0.06243671	0.2497141	0.1713573
0.08086324	0.05922221	0.2312168	0.192424
0.06550076	0.2166119
0.114704	0.2563513	0.1588955	0.1013419
0.03154252	0.1709458
0.0519978	0.1462926
0.1500081	0.1044018
0.08117397	0.1041908	0.09792972
0.09536799
0.1952169	0.1167862	0.1437001
0.07056156
0.07549608
0.05093981	0.08777844	0.1068716
0.04189023	0.09455349
0.07763091	0.09022754
0.2453862	0.09106382
0.2399506	0.06764645	0.1331254
0.2715426	0.0585011	0.1265059
0.236625	0.03564806	0.2638809	0.1711435	0.295294
0.2535469	0.02436586	0.3045314	0.1844469	0.2353606
0.1979602	0.03969507	0.2077141	0.15613
0.03886987	0.2328214	0.1807731
0.04938441	0.1966244
0.04416009	0.1462792	0.2171499
0.06699072	0.2037393	0.09166997
