ExtinctionRateChangeTimes

33.30446	19.28962	53.20737
6.209922	56.07831	23.07133
5.520471	2.033643
6.062418



37.75981	40.3132
30.39793
31.01196	45.03344
35.65384
30.79493	36.82424
43.2127
46.33295
51.7385	40.77129
19.8395	48.00779	2.307807
21.44831	43.21647	3.094007
12.70847	34.8142
21.25134	35.38096	17.24399
18.91013	33.76371	55.63322	1.393228
19.77059	28.50628	52.61583	3.642925
6.474436	33.02878	42.08801	4.634801
32.73964	45.93022	21.28649
32.73964	2.059438	11.29996	47.63137	23.88111
35.09301	47.73421	21.07586	13.36424
35.09301	43.5312	17.22908
38.41891	33.63239	26.37315
40.32137	37.22872	16.44695	46.05322
38.37637	20.38848	16.44891
38.83775	18.49298
16.40108	38.81944	42.68339
21.27961	35.07269
20.93222	35.32297	13.6101	41.00003
18.93099	44.29985	9.552102	32.56179
26.26455	34.35048
35.1563	54.26022
35.82812
37.55347	37.53145
39.76527	42.80272
56.5668	37.49514
34.5999
31.50351
49.25891
38.41019	8.390529	2.707184
3.998076	46.67345
19.77613	52.07035
19.12932
8.328977

26.55433	11.2297	3.049283
26.55433	20.64721	11.14468	14.96027
15.32442	54.38326
39.61236
43.88031	22.32243
1.997116	46.82243	38.00865
31.52762	49.78262	17.95061
30.34479	49.78262	21.06337
40.69525	53.2691
40.03648
44.68194	40.0807	48.45792
39.51277	52.70016
38.43412
35.11885	46.52629
32.92723
35.17504	21.40595	33.68936	42.85169
5.280262	43.84472
37.33084	16.8067
44.26862	41.19817	56.538
46.98965	34.44254
43.50909	35.59393
37.05996
35.39013
34.41319
53.27112	41.59083	41.26885	34.06945
34.25152
31.89632
33.03249	41.51899
35.02459

9.769801
23.0885	51.90149
19.10641	52.55166
20.35411
8.233594	6.463296
20.17318	23.1656	4.162065	19.43069
21.85297	13.23591

11.29254	7.658019
12.67359	49.92767
20.26946	36.55912	3.922958
23.20207	18.42944	16.2159

42.75284	39.08664	8.216209	37.58552
40.40255	13.56533	54.67697	37.26627	12.79952	35.21958
53.46353	35.22673	8.306351	52.39035
53.14704

6.383634
29.22782
29.1113
6.241394
4.869844
1.747657	55.53427
5.123073
25.49145


10.58943

42.95932

22.20787
19.10397	53.77909

33.08992
16.08895

40.86259
47.15534
6.873763	3.593239


16.31198	14.57766
55.5926
54.06958	45.02723


3.469795
3.911397	40.95564
32.62018	21.41595	33.32977	15.24974
37.34554
36.46108
35.74441	31.78857
36.04985	34.48975
48.01568
39.31065	38.87468	34.84143
34.21128	55.80664	9.079382	7.629049	3.603461
34.21128	19.61063	0.5084483	2.365982
33.95551	20.95735
33.62249	15.89872	56.29464
32.16897	1.17845
35.09624	4.479088	31.67092
35.28364	22.53761	11.7629
35.63362	7.039484
37.26585	20.60492	20.26369
37.73289	17.70289
38.26431	0.1156323
42.3393	20.42338
42.72164	18.97302	18.95306	16.69324
36.94625	9.389094	1.422862
35.2554	6.918852	49.36339	0.980942
37.24383	9.98621	51.63254
40.99708	11.01764	56.88215	0.3119238	30.01316	5.836537
35.93451	3.696579	49.4005	42.23869
40.31035	17.10172	47.91322
35.28752	19.74276
35.53885
55.85318	36.21425	56.52483
35.17628
37.53694	45.32486
45.31369	36.91608	42.60007
47.82531	35.82834	36.4769	55.10015
34.99373	15.0795	43.29418
5.936962	36.43626
8.015916	34.48204	53.96441
4.368382	35.10119	34.81623
9.241643	37.20467	35.04022	35.6425
40.26769	5.455428	4.790785
41.88921	41.05512
35.67149
36.39469
35.62358
35.07826
35.50531
35.05086
36.0849
34.88124
34.2246	47.12262
55.57778	34.24102
55.54804	34.86043
34.51653	55.69214
34.78439
37.34929
36.05722	38.16242	41.75424
36.74621
35.15659	31.28224
34.21677
34.88105	55.83691
35.15376
35.05573	56.03857
35.89781	0.3585521	52.62228
34.38692	4.878556	52.30702
34.92096
34.87504
41.62294	27.69596
31.16611
4.449779	48.38158	30.35012
40.95268
41.68692
36.39752	21.20531	45.17934	54.09719	51.89079	49.63839	5.673434
35.05551	16.81594	8.85433
35.05551	5.391878	53.77913	44.78107	48.48308
0.5672334	34.16752
1.623578	48.42438	16.83675	38.00926	11.96882
45.43469	37.50866
40.44409
42.64552
43.89322	32.52083
35.89372
36.8209	36.63193
18.35384	17.8523	6.058865	16.38938
21.28279	8.228726
29.84937	26.38583

0.2877695
5.069476
4.441452	44.49936	56.14749	50.16527
7.394429	28.44746
10.5571
25.22889	9.422435

12.29069
20.75718	52.23556	0.625626	8.817562
13.99016	52.64915
54.34474	22.9582
20.60497	51.28287	20.57405
20.39655	12.61706	5.200481
18.59137	6.840588
4.320336	28.26072	13.67673
14.10944	12.70575

27.31178	25.44373
25.42647	6.603461	17.844	22.82262

21.13859



17.65415
2.681723
20.79791	7.864958	16.24034	5.62731
25.07953
4.579761
5.750699
9.426669
19.49094	14.45041
7.489429
20.56868	5.51066

13.80896	55.40032
14.7124
12.77927
11.99443
4.322543	51.88576
20.17433	29.89612
43.6002	8.681658
43.52759	37.00018	46.39388	49.31134
48.9736
34.12636	27.44149
40.01224	10.33257
39.96847
39.15813	53.54836	42.27525
37.31848
46.52982	38.94761	6.95925	0.9206802	2.884624	4.836848
53.07855	39.10584	21.92597	56.39959
41.55532	54.5605
36.35514	54.09353
38.28657
35.59418	54.66282	53.57853
34.19942	55.94511
28.56148
36.09138
37.95733	42.87763
46.55994	36.6394
43.73148	38.46723
48.82142	36.22463
50.41225	50.66776	43.7555
50.74203	42.68783
44.38382
44.85094	48.47196	49.89995	42.70978
41.46246	49.18746
40.65243	48.83524	8.263887	2.552788
48.01749	18.05017	38.68877
47.05197	7.465271	40.89331
38.33492	20.81585	48.80233
12.2402	47.24291	37.97995	45.51401
5.668042	48.74344	40.2024
20.46337	47.9144	39.5732
16.85515	46.71717	39.5732	11.03691	49.8831
18.02188	46.37298	42.42542	45.97299
21.36798	47.45464	41.29262
21.33023	48.38674	40.80799
18.04937	47.63893	40.10202
21.47232	47.70725	42.69623
17.4982	48.16685	40.64049	16.22724
18.45613	48.06372	38.54297
3.08034	46.97931	39.75017
1.248235	48.13399	40.01044
6.185973	48.74358	37.94174	44.27887
48.14377	37.74575	15.79443	7.000768
49.55174	37.17002	15.8195	4.237414
49.55174	34.67812	14.94059
48.01579	36.80818	20.7115
48.19385	36.17493	5.42809	37.74635	46.73795	33.53114
37.08227	17.97993	48.13916
14.94324	36.74885	47.62797	0.9432235
20.93352	36.08555	47.41851
25.92941	39.39719	48.49447	2.056487
19.28147	40.375	47.58298	10.73425	45.14675	3.217556	11.65014	40.9005
19.75499	47.76762	42.8105
12.30045	47.67443	40.724
8.635101	44.97291	35.21491
13.69145	48.93295	35.35504	39.54278
2.869399	48.28363	37.84257
21.64943	48.24847	42.38381	5.946748
20.8788	48.76506	41.18188	41.62144
20.35786	47.93662	40.63896	13.63008	4.683725
20.45708	48.0816	41.38908
20.45708	47.21078	13.80115	38.8071
20.45708	48.52096	36.62461
20.19922	48.10105	38.77277	42.37821
20.30977	48.10105	36.4299	54.29763
19.33176	47.91032	41.14186	12.10362
19.34019	49.13679	40.9345	12.69073	45.52189	1.972379	9.390088	37.3515	15.23219
16.66907	47.38046	40.96501	41.18029
19.28741	45.65114	40.18829	45.16221	1.034403
45.4276	40.12994	18.62332	42.53862
46.80963	39.44459	20.66352	10.96158
51.51416	39.44459	11.46139	6.291583
50.13507	40.82604	18.95105
51.4887	40.82604	16.71566	45.18759	23.84633
51.46142	40.49034	45.18759	26.5279	7.732505	2.722062
50.61023	7.82001	36.334	45.13987
47.51447	10.30716	36.83506
48.53128	39.1929	9.14599	43.97998
44.5322	35.62586	7.386111	53.69876	56.50982
50.87763	3.731027	36.51266
53.88208	6.301488	37.05827
2.729821	39.72154	50.55168	13.45314	44.46316	34.30473	39.94322	1.432218
6.681625	49.10483	35.8366	46.99521	5.637655	56.25599
15.41885	36.35507	7.01408
33.78425	10.40582
34.91763	14.29581	7.519386
33.23197	3.71007	17.58992
32.89984	3.916975	1.34125
35.73565	13.73289	46.37955	7.454819	44.83403	33.01881
21.85195	50.7988	35.19959
17.26993	52.28242	35.19959	6.575342	53.15667
35.03677	49.57731	21.35151
34.88145	48.76265
36.77876	50.66385
35.0481
37.94735
34.37598
35.71701	54.85799
36.42528	53.27869
35.7489	50.32925
35.75959	6.326957
35.43747	21.62951	47.09304
36.89644	22.06039	47.91685	3.732009	4.188973	54.29727
37.4444	45.78777	8.1658	37.27066
37.10984
34.53869
35.48674	10.39235
33.64611	1.495494
10.72576	35.10129
7.88873	35.44818	6.409626	43.67108
17.23667	39.30468
21.49337	39.44223	10.69736	2.528965	12.62408
5.567159	36.39842
2.642829	35.15733
17.87443	47.10745	8.841377	35.08404	16.11906
19.11316	34.67387
34.07654	11.34288	20.78596	31.42884
38.93372	34.12693	10.34778	21.83938	20.05115
32.90302	17.82957	56.74961
34.78567	17.758	17.57492	56.49276	54.74772	54.37149	9.932435
35.37425	20.89489
36.63399	19.33201
32.59297	21.10792	7.329352
33.99725	40.43752	21.74485	7.08642	5.685753
38.30987	21.19868	0.899072	45.49505
36.43296	20.60113
42.01973	33.61802	8.000847
38.99947	33.84802	18.73137	1.13514	12.50662
35.06677	17.65628	11.23522
21.80819	34.9736	37.63441
20.57634	35.10224	50.32276
20.57634	33.64837	46.63611	13.52341	10.66944
20.57634	35.60724
16.10522	34.79791	1.169131
4.416876	34.50137	41.34898
11.06317	53.90666	39.16556
20.07795	39.10246	47.52097	9.313376
21.56607	40.04941	54.05358
14.89623	43.31346	41.1887	11.54243
37.51815	30.5613
45.77304	34.43025	46.46208
34.20323
35.39035	36.38097
31.34487	56.67908
35.20976	21.86607	49.7885
34.59917	20.78542	50.10727
16.14997	31.5979	14.12628
5.529508	34.79715
32.92062	21.05973
1.120451	32.56619
10.10097	35.90993
7.686748	33.19078
16.21685	33.20962	4.859925
20.18918	42.60053	14.55213
5.582953	43.332	3.485698
35.48031
34.13114	55.89468	50.16187	55.21148
36.11968	49.83142
36.80304
38.37449	39.44968
32.90929
36.08055	39.93486	5.365234	38.7041	1.728841
6.677289	35.62322
30.66708
36.59015
33.63051	50.29051
49.31573	15.61186	44.27334	41.84741
8.133777	48.51985	52.32932
12.98712	49.88928
46.18181
47.84179
34.28887	21.71899
21.19131	3.851213

31.39019

27.50709
16.67113
33.23245
31.42508	47.71675
34.80993
35.42585	2.166337	53.54958
35.13131	34.87205
37.3516	51.73958
10.65942	35.10997	4.193478	15.65527
40.39114	26.76438	3.429996
31.30456
41.31017
31.58169	18.66094	8.881471	40.09576
33.21233	19.22501	11.66814
33.47751	18.36086	8.675104	5.7104
32.56332	14.4465
32.68066	1.414833
34.98347	5.142283	1.053681
34.95272	7.161499	43.66977	41.33751	33.20454
11.56568	37.38856	41.7387
21.22694	35.3629	48.68029
19.723	33.46176	36.03908	10.56027	46.00463
20.80386	34.15212	48.55524	39.9771	54.4392
19.47336	34.15212	51.68126
7.429097	34.56843	50.97581	55.77597
18.34517	34.66177	50.7222	48.11818	15.1017
5.938238	34.5888	50.62677
17.8502	35.34583	48.47074	1.515383
15.7311	48.42084	35.05613
21.17335	48.1549	34.99088	14.00339	47.71684
51.0342	34.42618	19.8286	4.325788
51.73063	6.607429	34.50918
50.22887	33.91994	5.962394	12.09687
49.09669	34.94622	6.662557
46.74052	34.63162	6.814951	32.22104	28.77449
49.41851	35.69013	18.24183	6.771096	11.74796
49.91102	35.80474	13.79967	10.91676
48.36542	33.86206	6.671462
33.86206	12.68827	46.97421	54.85824
33.86206	12.35463	49.71786
34.17705	4.080049	48.18361	2.572102
6.706483	35.75223	48.4027	17.07154	12.78925	1.333744	47.18496
47.80752	20.23	48.58701	35.32967	18.71542	43.86782
20.59693	36.5548	46.58515	18.92437	13.18885
16.82398	33.29443	48.58272
36.33825	48.72056	46.68437	5.570077	47.80361	5.518585
35.73974	47.00406	1.322382	52.05247
37.48138	46.98342	5.276153
38.75342	48.53637	9.478651	44.48686	57.10824	4.738097
8.061189	34.63172	47.84476	42.63275	0.3154243
5.242366	31.2858	47.19959	40.31715	40.52325
19.17653	48.01479	35.93678	26.55044
17.49274	42.59143	28.20221	4.223281	55.47689
20.69587	26.48332	0.7356625	18.97661
28.25928
34.03569
33.45046	54.29877
35.38835
21.03556	7.938181
8.299281
7.051477	38.16216	27.82347




44.58927
7.408144
14.23772	39.81744	1.153601	2.514192
26.67571	42.84829
45.90933	26.14378	7.058611
38.70096
43.85979
45.11345	20.25819
46.11949	20.51316	11.8122	33.90711	9.127519
45.5368	10.37863	37.26413
43.92465	32.20172	6.710556	39.66804
15.24004	45.91745	35.48676
41.41397	28.8728
47.14741	35.14326	19.39438	39.43473
34.84792
22.50005	15.55736
18.26883	25.25932
17.04152	24.9058
18.13151	50.82416
18.26912	53.16022	56.61376
21.13447	51.97709	7.168067	56.32193
21.09277	51.54447	15.02132
22.13084	51.94008	4.758496
56.27327	3.268446	47.67868
21.70037	47.58972	10.51115
49.57816	7.817712
49.11756	20.66391	14.53931	5.253499	54.7655	48.40248
37.43964	17.2468
33.36006	5.936098	48.85872
32.34873
33.83693
36.81359	33.91	35.92755
49.34255
49.26431
43.91213	7.856541
37.26194
30.65281	33.79713	56.02363
17.18567	34.48633
2.870902	38.19458	42.77603
18.33334	35.6239	45.70883
37.50419
33.72301	2.041145
11.62679	34.83273	56.22673
12.94216	33.03811	7.263177	8.737484
9.139518	33.69442	34.5629
18.87367	36.1575	35.33095	56.83104
5.517691	36.75398	5.247229
1.297027	30.80601	30.27959	32.29472
22.27215	28.21848
4.532388	30.93911	55.28221	27.50712
26.56359	10.66779	53.34454
38.65193	28.67975	17.28021	3.820299
18.3517	32.01936
4.224298	33.12843	43.45154
7.946525	24.89986	16.60145


15.63082	3.01866	43.44429
34.78718
29.6932	4.463461	50.13922	47.50688
24.9569
28.2005
48.37492	0.6064718
8.442047	54.28687	53.77913
41.11941	34.51208	3.929207	40.26826
34.51208	8.99274	50.25321	7.387591	55.69	2.611047	46.95466
27.78227	8.211664
36.56074
35.48711	22.07048
36.05222	3.103038
34.81211	2.411419	36.56572
33.54458	18.84869	41.27276	1.751916
35.19033	18.18006	0.8069487
33.88833	8.90582
34.65534	1.571132	49.95086
22.86951	35.28251	55.62
16.11189	36.08787	4.864537
12.77897	35.03886
4.063863	36.16088
35.69616	10.82839
37.68455
38.34218
40.62124
37.88117
37.98237	4.008884
40.08271	4.511754	3.947106
37.46261	48.88033
42.37144	33.37264
35.22672
35.16869
33.69502
35.63549
37.7432
35.08189	18.80908
10.76924	37.06407	3.710169
4.843794	35.68398	54.21175
14.99813	36.01929	29.19975
20.60505	35.72569	44.49952	18.89608
22.41726	35.72569	56.03905	0.5025173
20.43106	35.82916	14.90015	38.5724	35.29298
21.41233	34.10781	39.48109
0.486434	36.49867
22.1951	38.09809	33.71919
7.585718	35.08063
37.6062	15.48882	26.37999	56.32146
46.57203	8.876489	25.44906	56.1953	31.38792
50.35847	17.66689	25.94937	50.0362
49.45725	26.13396
40.20035	15.6331
35.00397	6.993695
39.39625	39.14412
51.01447	38.45682
44.86184	15.60276
48.12019	30.6659	47.65704
34.28338	47.96652	56.62564
36.73857	50.20044
49.28183
47.06254
43.50439
44.9734	44.11975
43.19309	37.45635	34.20786
36.20217	46.95588
32.38295	49.50985	20.75189	39.68026	5.995801	1.571114
34.30272	6.517444	38.42747
38.5272	16.73715	35.20126
9.514658	50.04935	26.88715	4.567816
39.71931
50.42952
28.4615	2.542013
26.86428	8.501494	32.3827
26.04209	48.1694
30.95886
18.04537	2.077071



19.20877	53.8475	8.822838	53.77177	10.87508
31.15992	8.667571
8.997979	27.53376	7.600098	52.59239	26.82161
18.69092	27.15169	41.0049
0.9623847	25.56193	36.19206
20.02024	30.42188
32.55078	2.045151
18.49837	32.9466	53.94205
34.51794
34.87586	46.7573
33.57674
40.984	10.09873
34.97356	4.100139	32.7711
20.57492	41.62292
20.83183	43.53767
15.06702	45.63303	43.67879	53.22387	57.08604
46.11219
40.96631

2.579989	42.5768

56.06331
49.84539
9.637978
7.544355
1.59358	36.02537	42.01303	44.06973
3.344547	34.55598	50.53839	3.294655
35.81732	43.1696
41.06762	46.78501
41.13143	48.69184
47.00325	30.85913
41.45018	36.14019	20.0183
19.86979	39.77405	34.05874
23.52537	27.85713	7.782403	30.70095	13.88513	45.71088	16.84368
34.83464	49.16124	4.740321
34.4341	6.711311	50.75647
31.47742
26.67168	34.49766	29.93578
27.59983	2.285272	56.45667
11.54911	26.19374	46.84298	43.14176	30.82625
10.24313	44.41811	27.71499	34.89911
39.7614	9.168084
14.51405	28.6807
4.416257	27.9948
8.499204	34.79858
20.41121	29.58364	19.01456	4.186083	6.616119
1.457948
1.258109
24.29531	3.737766


14.73399	5.867218


30.2149
9.456807	8.722999
34.99342	41.60156
38.44901
28.7474
42.94125
36.1073
32.30386
12.15993	49.49054	2.490616
8.025928	49.02097
19.59796	49.22075	18.37195	12.07732	6.290019
39.00899	9.149763
5.415184
36.31912	24.7393
15.67295	36.51131
0.6158032	34.83457	51.69474	47.23494
4.902944	35.75948
20.51225	54.47332	31.64272	56.84495	53.77272
0.3290477	29.23027	53.67273
20.23145	30.91752
33.13893	20.23793
34.36994	18.82386	49.23812	10.88144
36.21881	20.19691	48.03151	12.608	3.885822
34.15546	5.867657	48.97481	45.04292	40.57963	54.5062
34.57745	43.96968	7.118271	6.500237
34.60453	36.11123
32.17402	16.88538	9.015249
31.21132	27.07561
31.58097
35.67693
39.18301	37.89455	47.56732	18.85555
39.194
2.016799	35.88691	39.1415
38.33539	35.36786	50.21959	4.990185	5.951023	56.99385
14.68032	2.31367	35.14839	54.55817
14.71881	33.79162	12.26751
0.0234041	35.91679	54.07104	33.48478
33.53269	20.42885
28.93247	21.10797	3.531852	52.27774	3.842494
35.94512	12.34711	50.99606

53.2377
11.80632	20.21454
3.826005
20.41474
56.83407
32.9712	17.8367	9.26296
26.98365	21.83038	55.43198	50.03111
35.56045	20.76773	14.88413
19.66649	34.96541	13.96591	3.579757	54.51723
20.66265	34.12891	55.68839
19.73448	33.69915	54.45072	5.339243	10.87955	32.81259
14.4691	34.33682	52.31063	14.27172
20.77296	33.32107	51.2375
21.70361	36.03722	2.937534
35.74247	10.59489	20.49774
35.17141	21.07509	38.04424
18.27655	33.15311	56.24422
45.9864	17.59969	34.61515
19.38212	35.23614	2.932836	8.133911
21.5205	30.71647
36.90438	19.81225
19.53031	32.22256
26.07287	21.21075	6.005043
36.46472	29.80339
34.84256	50.30834
32.81966
30.22211	29.36077
29.19988	39.53233	32.9165
20.12119	36.12425	15.65973
21.56922	35.7509	42.03521	18.77014
15.06609	40.48066	47.57919	10.8974
16.80717	37.56503	45.03634	34.00674	0.4513156
17.58385	35.63609	43.62585	42.01194
37.97523	39.57514	21.16219
15.53103	39.18052
14.32644	38.63662
8.299006	37.57964	2.386646
19.7018	32.94079	14.09484	10.63515
22.12032	26.49755	10.75803
20.95833	30.63725	14.21209	10.0357
9.000685	26.07367	53.3447
20.49171	26.17014	18.96708	14.27212
20.55853	29.77118
18.67042	34.6019	5.089582
21.84218	33.41534
21.45205	10.94556	35.66406	49.38413
20.18568	33.67539	12.88779
19.59747	34.52957	8.804003
20.34559	39.57861	56.16582
9.47081	37.04773
18.56157	33.71852	5.940159
35.72791	19.91271	56.50694
36.30956	16.55069	43.19706
0.1053526	36.29185
20.64916	40.74848	34.81536	17.52712	45.05275	5.744657
18.82225	41.47625	33.70884	39.1743
20.22246	35.89912	35.45379	44.78806
21.26695	43.42871	34.06354
20.00354	36.94481	11.31502	3.383116	56.96185
20.13298	38.29826	56.56367	11.24075
25.64724	13.21225	43.47256	20.7365
37.08467	16.34949
40.75482
36.20592	2.754924
20.13723	34.58953	5.90989	0.1226216
21.69761	35.50502	34.587
20.54381	38.5929	1.153285	36.34601	20.20849
22.01348	33.76871
16.92659	34.12009	53.92313
29.77391	3.289602
25.70075	19.31791	51.60883	50.82002	23.3872
26.91689	21.22007
20.93301	15.83704	30.83277	7.671342	7.314301
29.83997	20.04621
42.7867	36.19227
53.49875	27.09211	20.08448	12.55269
31.39887	1.565717	20.49038
34.47256	20.78631
20.78631	0.6486036	31.22404
20.8136	30.60463	11.93257
21.44678	31.27534	20.81061
21.39259	47.7289	14.31657	0.6064641	47.23465
34.39931	2.330967
22.56383	55.85035	21.14021
20.84773	11.45952	3.256094
14.93082
31.36985	18.38504
20.3833	28.23218	24.2835
25.70537	20.25871	2.149866
25.7573	17.09671
20.82583	35.47163	52.21116
20.361	28.08429	27.07611
41.80537	20.6896	21.8154
19.27471	52.51394	43.10872
19.41674
28.18654	19.17045	52.62388
7.002108	55.37712	3.168841
7.57178	4.231325
13.12613	45.48226
28.50675	25.17044	18.97725	56.24971
31.88949	26.43084	20.6482	54.5947
27.11664	18.21763	32.00092
26.28869	20.63115	26.32236	0.4913011	28.76332
19.90244	28.94771	16.17678	0.01424519
36.02255	55.52991
29.73442	19.92661
48.9798	34.82762	48.20662
30.84763
25.20565	5.672414	51.82519
31.8727	49.36822	55.87891

24.28773	45.58418	4.095206
25.78897	37.7947	31.55565
56.46513
25.48617	21.56279	15.42176	4.537621
27.49763	20.7306
19.15851	47.91286	16.90393
4.748022	54.65679	52.02887
19.42989
9.650464
12.17156
21.11928	20.20955
15.88906	30.08293	15.1584	0.7225065
18.80713	33.2866	16.09693	17.92604
20.84646	33.83465	1.451385
38.22933	19.70876	18.3377
20.70701	25.28366	22.64418
17.68758	30.92261
20.64435	25.80532
15.22138	25.78767
21.20163	24.52435	0.8094308
21.26255	25.10316	11.28214
19.99412	28.80808	47.5779	52.92837
30.26945	48.01358	21.65514	20.7901
30.81279	55.67477	22.21132	16.50019
30.3251	52.94593	21.20015	12.84652
34.05409	20.4197
19.9903	33.41951
20.89236	31.1057
21.00108	29.11515	47.40973	36.76893
21.00108	26.61175	46.36368	33.71865	39.97162
21.00108	27.51528	47.39773
21.00108	26.46274	48.04691	12.74847	19.8921
20.39297	26.46274	46.39219	1.858756	54.40411	0.1991715
25.16411	51.80653	2.90713	18.40576
25.85614	48.53215
29.02454	47.49021
30.25812	46.31318	50.26925
29.95268	48.95984	55.98125
32.37598	47.42232
31.27814	50.69511	49.94299
33.7392	49.75577
33.29869	51.36376
33.57875	51.79801
33.2613	53.15308	45.24284
34.83192	51.3238	49.6289
34.28538	51.3238	49.72507
33.80901	50.62524
33.903	50.30226
33.903	51.73403
34.69491	52.42779	49.27636
32.75769	50.92526
33.71831	50.83227
34.95794	52.44882	49.7182
34.39867	47.92252	9.401497	1.586216
35.08765	50.65144	17.912	12.97847
35.4952	10.75041	51.60546
35.71208	10.99429	53.23733
35.4281	19.97826	51.72766	34.47253
35.4281	18.85425	48.93888	16.5593
35.31281	49.15888
34.37318	48.2899
34.51158	48.31424	15.03135
36.07734	23.23543	48.55306
38.86538	48.97914	9.352104	6.736271
37.93411
35.00702	56.84031
33.29807	54.57722
33.29807	56.60235
34.82425
34.60058
35.04352
37.95936	30.19694	54.83706
29.88617	49.53239
29.52054	31.55541
33.50644	5.013876	49.95484
33.92026	11.6435	54.71931	52.49123	47.72265
52.49151	34.1398	37.40416
34.06887	48.26512	54.15217
33.87264	48.55115	5.252018
45.12366	35.59695
47.96902	36.27708
46.6209	36.80664
48.2515	34.97593	51.89948	51.08017
34.58425	51.09717
34.02129	46.78715
36.36493	48.04686
35.91417	49.75975	1.321191
45.64212	5.939894	38.8119
47.42426	6.710897	40.3246
37.15249
35.60002
36.31271	8.971051
37.25005
36.13714	13.43432	10.74258
37.59175	48.26084
35.70285	9.413085
20.64775	32.12935	9.739771
19.38425	33.84887	9.549519	18.2138
20.39928	34.94704
5.068973	36.52367
6.23629	35.63184	37.19391	56.21769
15.4741	35.47551
34.2868
34.21341
34.57428	39.20852	37.30398
36.6711	20.01145
34.81097	56.01607	23.75289
35.3409	18.3834
12.54403	35.54792
6.291864	31.33348	52.17851
7.316814	33.88386	31.49603	2.519717	39.67896
35.0585	36.12143
45.01932	33.60493	32.68141
36.65071	23.19784	32.95259
28.75305	4.135753
31.13319	19.9725
28.75061	19.99097
16.6795	10.53421
19.21972	40.2753	9.755253	9.719928	17.11575	15.40525	54.97167
12.4426	49.1591	44.76291
40.29966	10.42978	38.15833	23.08872
29.76209	6.080364
26.86576	8.961714	36.03399
50.2764	6.226109	32.10236	1.890142
32.04357	24.80826	47.7142
12.00112

28.53036	25.89015
36.57948
36.98568	56.04198
36.05414	22.05027	34.15414	46.5187	52.19106
36.63136	13.80391	52.42261
41.58286	31.17041	4.912674
2.086784	13.65347
20.23645	53.60823	14.22067



6.12308	35.58572	34.07408	56.81047	56.25289
39.37978	23.63215	35.94679
18.39972	38.58629
3.211368	34.50969	55.80563
2.570758




19.46089
9.195344
12.79727
14.45332	2.60107
26.9571	21.04892	17.96539
19.00975
18.89489	11.61707
21.61393
21.07125	17.47297
16.88359	12.78186
21.26566
20.1844	17.91659	6.035378
21.22694	17.76904	3.183827


18.28862
20.60155	3.328503


55.33151







19.8835
20.17613
18.54295	54.07344

43.27579	48.43207
35.68179
19.56827	29.69736	18.59665	9.16804
20.68354	46.85634
21.01417	50.45567	35.27967
20.38274	49.40576
49.00143	21.7603
48.68376	15.93709	9.91048	20.29861
48.50385	21.36416
50.20137	22.14068
21.23061	43.3969	17.66579	4.133772	15.00482	1.85766
17.48219	42.68305	14.21695
40.47093	10.0997
2.089826	45.59423	22.98983
36.74547	1.503187
24.54545	38.19666	35.09928	28.9202



0.4055501
20.56635	5.963975	10.63681
1.701237	54.60865
16.16632
3.065203
8.142657	27.45457	2.714845
12.17134
21.08065
9.803295



9.549691
15.46445

2.422974
1.248628	45.34122
45.4465	21.03574	52.55541	15.865
42.39844	20.54531
50.51256	19.29332	8.49412
19.82416
19.51483	16.64413
4.040201	1.196047
8.05453	4.055902	0.7358356
18.03201	14.90404
18.9025	7.219579
5.38431	3.43704	2.989169
21.33603	5.409641
18.66541
20.46368	18.57517	14.99106
18.91193	27.35818
17.70484
21.65298	35.84049
18.5761
10.41206	1.114466
3.30976	50.0756
45.20731	31.27861	43.38112
47.39249	43.44676	33.74125
48.51377	39.63724	35.59927	32.9299
48.09584	34.74505
47.9773	37.64511	11.81664
47.9773	37.61547	2.547728	21.12571	46.54284
46.78585	34.14227	26.40664
47.31008	33.27735
48.05409	33.57317
48.30337	32.75524
46.99377	43.18645
48.41689	42.45544	18.31925
20.44264	44.02405	0.7374057	50.57111
14.1959	44.58453	48.00435
19.66591	47.79304	44.08457	7.42658	16.939	14.65126
47.39947	42.65029	35.37437	18.24199	34.17765
44.47516	35.16391	19.83256
47.85204	13.99019	36.93829	11.73124	47.518	8.049209
47.85204	35.1334	9.041501	42.25661
50.6271	34.77093	19.19357	39.60623	16.72432
48.89476	34.77093	18.21563	5.568643
48.89476	33.15103	7.570964	1.843146
48.72475	32.09152	19.20644	5.523378
47.35271	42.43787	19.65368	35.5785
47.35271	14.22455	39.91914	11.86385
47.35271	17.68805	39.42426	46.05048
48.61479	5.287828	40.84896	38.34519
46.98139	18.70501	34.925	14.10546	6.660544
48.04415	19.01179	33.22458	45.33012	10.88857
48.04415	19.80015	34.12813
20.58484	48.16674	35.71643
2.17038	47.77554	34.27101
6.12776	47.59947	39.06307
6.637958	47.94684	41.87438
50.24648	35.54246	35.87343	11.85529
46.66888	36.28601	6.932983	2.282045
43.76319	39.23988	18.30448	43.28386
47.02955	39.13335
40.85905	5.864614	47.77969	42.56514
46.29286	41.90009
49.20227	44.00863	40.69238
37.10123	48.79146
48.21399	40.90167
48.79681	41.78639	39.82864
50.16427	44.21961	41.11366
48.33649	36.16514
48.52683	40.05476
51.28442	40.20859	45.13798	9.127644	50.05334
48.45871	39.32942	42.72031	34.47789
48.50949	42.78323
47.2158	37.7744
41.74796	50.4658	21.14213	10.67017	38.14844
41.88442	51.42553	36.27272	21.2735	0.1787273
49.8844	37.16373	18.87505
34.883	6.792988	38.09009	1.744852
36.72512	54.96147	15.17466	14.6235
44.51767	0.5448987	51.03517
6.315852	0.6976263	45.44236	43.6995
6.618356	46.45876	50.51929	0.7559184
40.38911
50.08917	44.68239	44.17863
44.36573
47.14734
42.76724
40.10628
34.03335	51.52422
33.39036	38.12731
36.0119	33.6609	50.72825
52.95083	33.98784	34.62459
34.45741	48.77447
36.17636	48.05059
40.40472	50.29703	19.68588	16.76611	19.63234
49.57864	29.9952	20.15179	13.78655	1.562028
49.79589	34.36388	22.67782
50.48635	35.56319	6.430785	31.4372	5.526017
49.78726	34.65248
35.48736	50.91427	50.86447	49.577
35.43064	47.96348	45.60531
33.46927	50.55088	47.52841
36.36642	48.02592	54.72163
37.48065	49.44441	8.028619	51.811
37.74425	12.58467	47.59659	54.19794	37.39189
36.26871	21.41374	45.407
38.47391	20.40512	48.52391	8.95494	6.125321
37.40835	21.26742	48.65447	13.0838	54.3579	0.9853248	19.57001
39.34764	48.92151	3.047641	17.64392
38.56013	47.66143	9.101291	3.520897
39.41961	48.2098	23.91903	18.1615	14.49116
41.10858	47.63891	20.41775	3.647709
40.46797	20.50487	47.89364
39.58398	19.50339	47.10322	2.489483
5.245378	49.31935	38.96399
19.11959	49.16636	37.987	44.54054	13.05136
18.32538	37.73341	47.32194
15.22871	35.50481	47.32194
9.83298	35.68937	45.60088
45.70374	18.74577	42.02715	32.23934	18.24129
19.23791	38.08629	19.01052
21.03983	35.34111
16.55881	37.26329
38.43873	18.71056	5.527493
20.79973	13.13706	32.72011
21.26344	37.21676
20.5167	37.073	13.02668
20.72095	33.70072	49.39778	54.44795	4.66915	52.15378
12.33488	33.15672	29.44582	0.5244899
29.19519	21.74524	20.81948
36.63658	54.4027	30.08847	14.11839	13.89021
51.03544	42.80207	4.003359	39.80878	39.83791	34.91658
15.77567	46.6498	2.71772	53.01299
5.392213	39.31032
5.809854	35.96132
33.59254	27.1528
28.94346	5.969994
2.737688	27.05711
0.1766429	33.58334	9.630951
30.97377	4.755182	9.804962	39.89482
29.1209	53.46309
31.0218	52.68076
34.19135	55.23518	28.38773
34.22288	48.83613	47.09512	53.40748
33.60071	3.881157	41.94826
14.23712	47.19152	36.94985	55.14924
20.5998	49.25683	32.46312
8.367573	35.78197	4.979693	55.48483
35.15362	4.219083
36.1269	19.81204	34.32077	54.31831
35.45934	38.86034	55.74577	44.24386
33.94051
34.54971	36.58205
35.04464
34.97524
32.23044
34.15071	37.88657	3.640184
38.54473	29.16382	21.5475
40.4593	5.084198	29.89771	34.99508	29.32101
26.38422	35.28604
34.02843
35.95931	34.14276
19.91067	35.62695	48.12881
20.4646	33.84101	51.99612	46.2197
33.84101	7.380781
33.90837
34.33229
35.34259	43.40352	44.5298	40.84508
33.87044	54.31152
30.21547	53.0623
33.67517	55.66232	33.59465
55.08135	33.5948	50.09525
34.39889	16.86979
47.30756	33.25297	25.07061	56.37381
39.12666	39.04728
37.75643	49.5415	6.708032	34.54376	19.05447	26.51044
34.96059	14.02003	41.06664
29.08442	42.17029	34.34331	32.8378	31.7693
34.52953	28.14986	27.2481
36.01756	6.370784
28.19929	37.11341	15.95262
34.33954	9.690114
6.790042	40.06076	46.14747
36.37461	13.57315
40.06345	15.02397	0.8842196
39.39193	23.15992	3.605974
16.62166	30.79664	13.18505
34.91035	43.7119
34.01937	53.98016	53.76845
39.89273	52.67662
38.94537
42.57906	49.92607	36.6917
34.04992	35.96146
38.98896	29.35768	31.08196
40.57937	29.19617
30.89209	33.53143
35.62157	24.91177
32.97461	46.45041
25.04968	45.32375	44.14821
34.41389
33.4758
27.75662	13.89954
33.42609
34.41926
39.70508
39.89242
38.78932	21.78958
35.48046
32.99778
35.16887
32.47202
40.50726
34.73732
33.2061	55.44012	44.94906
32.44364	34.911
31.92787
35.34092	19.57915
31.25121	8.176561
34.61977	7.584364	5.907705
35.17783	4.481534
34.09989
29.86158
25.38643	3.287135
26.99649	56.21715	3.380638
34.8394
33.56501	42.68436	54.62392
36.75333	45.24656	18.89285	41.53816	14.23295	45.03571
46.70183	6.212989	34.56861
34.79435	17.52556
36.56906	36.0969
32.63385

33.9245	1.359805	0.2204123	56.57462
13.01209	6.009085	4.687126

37.79394	31.97545
37.17948
52.83907





35.06367	12.1366	43.38329
30.46753	5.755433	55.51159	1.135669
27.64871	19.12148
29.46048


51.57176	21.26075	51.49964
44.92056	25.72189	0.2058569
32.41706	19.97467	4.735258	45.0418
48.13796
54.0526	2.245551
20.66854

49.92322
49.43344	25.5928
5.090767	38.77501
44.50165	9.577581	35.90783	55.68224
34.17981	17.54228	38.59274
30.93849	7.531144
16.11473	30.82229
23.29701	36.26906	45.76905
4.014689	32.50668	52.61878
20.87663	34.24583	16.60975	6.952166
34.54873
34.20195
33.49791	35.20192
52.43696	33.64951	41.76084
34.14643
34.17715	44.22088	53.63621	33.34829
47.1303	34.78568
35.48752	47.12198
35.18168	53.78006	55.24209	48.46162	45.61419
47.83416	33.37664
44.75178	30.31728	53.84174	44.18889
24.52103	15.4445

32.39165
30.40358
35.05647
34.65507
32.17073
30.70152
23.49817	35.49478

15.79373
29.70136
15.51777	53.4029	12.435
6.538763


33.20151

37.79043	11.93235	9.282417	0.8482233	6.500005
32.99175	15.37394	4.244885	32.31122
33.16013	4.688828	13.00092
19.7265	16.00298
28.54502



33.10973
12.94111	12.64889
20.25547	20.08627

7.422573
33.38299

8.65998	43.96452	44.17026


2.202459
4.05453	38.58675

29.0346	31.95878
0.9500552
30.94107	19.02162
33.704
44.61196	21.1962	38.09224	11.44183
47.67025	39.03017	6.054496	45.80767	0.1926099
48.62215	39.21079	24.12808	7.672964	38.83509
48.62215	17.41525	43.20869	12.85783
48.42028	20.71203	41.03504	38.82061
49.07166	20.59652	39.389
47.88982	42.25992	53.79242	48.89562
42.1152	53.18337
30.99866	36.88851	53.51086	3.980136	0.6759317
34.83502
55.29554
33.27683
35.11095
30.90413	47.26188
54.17396	32.47733	10.65429
35.85938	35.15841
33.54769
33.53346	42.73326
39.35277
16.85969	41.68765	49.45164
26.87652	41.59698
33.58872	19.41437
33.66292	56.03435	33.45854
31.87141
29.11585	21.79485
25.89253	3.936827
32.2303	31.34738
35.31773
34.08922
33.67957
31.95648
33.89328
34.50687	45.37508
32.97297	55.89681
35.13827
33.85657
35.00946	35.04612
34.32368
34.70072
33.81891	50.78213	57.11957
34.89271	11.77236
33.99473	9.709623	53.67223	47.87952	54.17531	46.18503
33.27006	3.46351
26.81492
32.53927
32.89746
34.0639	12.01698	20.1343
34.31676	19.73226
35.24265	25.31887
34.18736	56.66088
34.65035
43.84545	36.31265	8.123587	5.489801	34.59028	0.9505225
41.56296	35.79621
38.90547	56.70855	36.83321
36.18247
42.02451	34.75985	55.70978
34.12107
38.46892
48.90048
5.647324
0.2615583	29.204	13.63243	34.46785
6.325355	27.45131	44.97668	29.58809	42.61154
53.25232
18.94929	7.103247
18.73773
14.79718
10.24302	4.253264	19.37814	1.36734
12.08246	17.53605
7.844595
6.266451	33.06075
32.56779	6.904313
34.92868	9.39013	34.65745	2.865555	1.330144	0.09012196	8.333104
8.902557	1.153031
11.78164	2.137373	55.59558	0.0720807
38.93917	19.11781	41.05562
19.90202	33.33751	16.37399
17.49573	29.16601
20.66303
2.875215




35.85233
14.01913	13.82935
12.83773	31.60756
20.46264	16.32265

14.25482
56.97234
4.882522

21.79288	17.28592



2.400001
4.566081	0.6318287





8.697815	54.30399



46.46541
12.68255
20.52506	54.29866	0.6917238
12.0978
14.93079
32.76462
32.34675

41.3093	13.64572

36.7075	50.64319	56.73804
34.16906
27.87916
35.51315	0.9330007	33.49647
36.94501	19.0716	47.39887	30.41247
30.44946	48.04776
51.97454	34.01066
47.70475	56.1222	18.09159	27.13307	27.00319	33.77161	44.56169
37.45843	48.95997
33.97634	47.68528	9.225597	26.7253	15.70063	24.02316
34.94793	47.44874
34.05136	47.68942
35.86251	46.75394	18.38094	13.03723
34.27044	46.72147	13.30042
34.62571	47.37166
35.96923	50.21996	56.97504	47.94979
34.55883	48.32369	20.33168	13.85021
32.878	46.09601	20.21235
38.60723	47.56297	5.890097
48.57176	18.40604	36.34245	46.75162	0.1751597
47.55273	35.07108
47.80609	34.78713	18.83744	47.44525	45.05457
47.48359	35.11951	13.09179	11.8055
48.29744	34.75832	38.88137	3.712988	46.87602
45.48616	34.88727	39.46079	3.207276
45.42206	34.51911	0.9820752
46.92791	34.71348	2.651631	46.40298
35.11397	0.5400786
34.10136	15.79804
32.09175	18.51859	14.50656	55.80601
34.2207
47.72585	7.658954	33.64235	50.00845
34.77524	47.99205
26.86737	47.14445
30.793	44.72508
27.27141	46.95779	3.94035	52.99677
37.62442	26.49061	16.46304	36.1416	11.77295	38.2403
20.38568	39.38532	35.94406	10.81612
6.11045	35.88904
35.6439
35.7539
32.97591	16.74032	43.96281
31.69391	21.20202	44.81202	5.623724
31.47686	17.55977	48.18122	14.28495	6.316178	12.91107
34.70715	2.416106
37.81264	20.02544	33.70361	12.64119
21.52035	35.99475	8.511812	19.44867
22.26811	35.72993	53.78462	0.4516665
6.488922	36.79671	39.56612
21.041	42.46035
10.88151	34.47292
8.025721	37.5362
9.22548	44.07768	35.83265	56.25095
13.88731	34.17639	40.85817	2.670098	38.2346
21.1203	34.11329
16.92612	34.64307	55.50301
3.013517	39.0822	36.33268
36.22895	7.604459	51.18288
31.71288	5.07986	40.90178
35.78242	5.029259	49.98941
8.391681	57.06656	43.14783	32.51526
2.434381	36.39081	16.48278
29.97878	26.99192
33.1268	20.4353	8.9137	18.9765
35.94635	5.432988
35.69195	3.7496	32.3261
8.223352	35.66822	48.22456
17.11079	44.04821	48.57757	33.75632	43.1818
55.59328	33.34627	19.38928

35.66726	30.89456	22.78901
45.77591	5.938174
32.85343
34.15109	16.25525
35.96405	18.29702	15.98109
32.28767
32.83777
33.3269	14.2662
34.24372
33.2841
35.5131
34.71088
34.19693	57.08907
37.04414	54.57736
35.66823	54.61362
34.55895
34.48412	1.870609	0.9950546
3.30617	37.46672	44.34008	36.01889
6.501646	36.4326	50.40852	35.46367
33.95822	4.670811	53.00065
35.18808	1.508948
34.96544	5.966941
39.14398	36.20769	52.47501
32.13814
36.25273	27.21627	11.39814
4.531149	36.48774	22.61772	31.39683
34.77241	20.89224	56.05543	25.75615
35.25007	21.28445
21.27301	33.72107	20.68723
20.59163	33.28619	11.83294	8.688119
13.62252	32.34403	11.84693	5.672906
35.24065	16.58515	14.60149	56.19641
35.30459	20.19727	12.3506	35.23476	3.26528
2.166756	36.82306
21.07112	34.09261	18.87239
22.01014	1.016166
27.09389	17.95382
18.51617	44.06993	34.97057
19.26657	35.08303	44.11373	17.49534
20.59213	33.87598	38.43804	35.41463
17.62471	40.51659	35.41463	25.87929	11.39395
45.22601	22.77959
17.63392	31.31726	7.837192	23.25841	55.13562
34.0722	18.23426
17.16906	35.94993	19.59998
38.40547	21.36799	10.48195	52.01854
41.77769	14.16347	47.44962	36.07282	42.76426
39.41519	20.4736
33.3761	20.80713	53.72055
35.04009	23.90406	19.63669	6.13167
33.68334	16.8075
18.78274	36.67804	0.1257454
20.4548	40.81342
20.99281	35.2678	25.68196
16.91532	33.70785
17.82305	54.46335	11.09761
55.32441
21.47475	8.244365
5.638309
41.93587	55.28628	53.39788	14.70338
23.0801
12.80862
13.80323	52.68593
21.10572	50.36963	8.982847
27.03493	22.96701
20.00961
20.13033	33.32121	30.15596
10.74514	28.42387	55.19274	17.56293
20.47773	7.561649	4.480271	55.36304	35.23383	19.70819	7.994759	51.17503
20.15247	41.62179	35.5739	51.73716	13.73777
14.85948	39.63365	54.83702
20.07875	40.82287	12.72234	25.67219
21.01261	32.18344
34.887	19.49902
19.32287	36.31591	55.97571	40.45429
19.76958	36.52434
15.87711	35.05609
21.70249	36.49594	40.67225	20.76682	14.66195
0.2272834	36.49594
19.04494	42.23054	41.81078	54.78336
19.93158	38.89623
19.31357	43.72572	4.137021	42.25675
20.79155	39.79716	36.2712	35.36821
20.71315	36.40604	38.82362
20.46459	35.15431	48.84026	14.36639	5.972244
20.46459	34.00456	48.35404	16.70788
21.92838	36.2958	51.38519
21.41673	36.25986	50.67581	27.79641
20.72962	35.67173	52.58807	11.92483
20.55134	35.67173	52.81294	12.67063	33.2712
19.7892	37.0549	53.07626	49.72816
20.50295	35.18182	34.61208	38.72602	48.47584	15.46744
17.62879	35.18182	49.16991	13.96548
47.39945	35.58827	14.86455	54.84212
50.20081	34.93679	19.77291	45.97872
51.8117	34.9668	20.75666	44.42459	34.12009
45.17599	16.46385	34.14363	6.367277	13.86331
45.16387	30.31055	21.16791	4.416818	12.26409
45.25502	34.03411	14.04056	2.23396
45.82734	34.92847	17.755	29.90566
35.84962	53.2617	56.72815	47.47646	21.35502
47.47646	20.67712	30.74144
50.02188	15.49765	35.11572	31.01385	8.700449	7.672247
15.7642	33.84492	48.18547
22.60126	34.88469	49.00775	7.097406
21.19295	33.8815	45.13164
20.82127	33.79821
21.36146	35.15956
19.44706	34.26219	42.25166	47.61331
36.30032	20.192
19.73949	34.02954
36.80213	16.35104	45.07358
28.83704	20.68429	11.09351	24.02839
30.28328	20.62305
25.05171	32.16789	17.1866	7.640681
29.44643	22.01077	37.15567	6.176907
18.11568	26.3232	24.34763
16.36581	29.056	50.49908
35.49999	5.386592
35.59325	19.81025	39.98282	4.093391
26.31277	20.54485
34.21851	19.89955	9.302115
16.31955	33.67748
21.96441	36.14569	56.02938
19.91225	37.81589	34.71708
19.45443	40.01407	35.56337	39.25803
3.13485	36.18349	37.64508	56.91903
10.97614	37.18205	37.43354
18.17009	38.51071
8.940036	38.84303	50.28966
40.9324	20.17875	35.30539	49.7133
39.06301	35.10306
34.56719
34.93218	49.38166
34.28867
34.3696
34.99011
35.76205	38.67307
33.50775	54.41636
38.28459	35.24472
31.55746
34.9421
33.87596	25.28376	10.03871
33.52275	7.705021
35.84326	27.35994	30.89688
27.38782	8.631283
28.12587
31.90725	56.16372
30.27581
29.08828
32.88762	32.15601
40.08463	33.6107	56.31705
31.97078	42.57701
2.700641	36.44747	28.08028	29.55676
0.6731966	28.98197	46.59455
25.87649
33.01641	43.58961	53.03855
34.29659	35.30174	45.24682
32.5693	5.661558
35.7306	18.7052
35.96913	29.77761
33.80155	19.69975
35.47228	20.24631	16.10948
36.47385	4.368423	56.39001	48.13486
33.66446	21.75623	11.89071	6.185527	52.61161
34.68059	41.62991	46.8543
34.42489	43.24702	20.30808	3.952395
33.8957	43.73442	5.081201
34.72475	44.81708	15.52698	42.5789
35.80503	0.1520543
35.66109	16.95778	34.37748	15.29262	12.10509
35.42069	3.106932	54.58518	2.915601
54.7921	35.62269	51.37441	5.522395
53.64631	34.18531	21.31163	50.43566
53.69463	35.63732	15.59109	8.165776	5.715493
54.03997	35.19466	17.60918
54.03997	35.18665	7.165934
53.10733	34.64614	16.51649
53.57568	35.20914	20.95798	9.367158
52.08992	33.81863	8.038857	53.38411
53.2298	34.08224	19.93996	5.212585	49.77469
34.77308	48.27747	0.687288
34.77308	48.50588	3.064044	14.37768
34.71689	19.26905
34.71689	19.25055	13.81778	32.19015
36.27604	20.54307
36.07064	5.151332
10.39564	34.59349
13.15113	33.69257
5.509218	33.82342	55.90986	43.60057
21.11112	31.6667
20.62537	31.58501	12.73034
18.43033	33.00983	2.676942
6.893098	33.85006
9.764333	33.63332
6.675992	33.33842	40.99505
8.57928	33.48337	4.73183
5.293215	29.17646	41.58383	53.07239
14.044	46.86104	33.1926
1.888634	40.70728	33.27041
18.34129	33.99537	48.45495	47.22057
34.05158	19.01053
33.72642	1.987952	32.1673	30.55442
34.24708	45.26979
34.98549	42.04525
34.84101	43.99848
33.71642	36.17711
34.91196	50.66913
39.94908	34.80385	35.35183
34.93734	55.04768
31.77779
32.81685
28.52736
33.80394
30.66449	19.46112	16.20844
20.28697	41.94007	56.33297
25.41755	49.23504	5.397635	46.60243
33.52611	31.9818
44.20839	12.36629	11.91618	39.23764	34.77703	4.055043
27.16847
48.0437
24.87288	53.37418	53.77435
18.27019	8.076381	12.25534
27.74383
9.124694

38.81953
33.58593	31.49476
35.1256	47.37683	3.358582	57.03652
35.12561	7.524113	48.24065
34.40379	3.456395	45.27017
34.40379	13.22224	47.59203	42.80524
33.71414	45.07485
45.05405	35.14405	9.071847
45.23487	29.82432	12.38734
47.49882	33.14342	20.88776	1.92752	56.19807
32.45704	49.17643	21.46789
31.98454	49.66215	0.183286	46.98863
30.29047	48.84444	8.188929	31.62645
48.16918	33.86385
47.95716	40.59118	33.02127	35.71737
50.11944	35.4674	55.72886
51.16727	31.17891
51.3023	34.59091
48.20209	40.85997	11.14365
50.68134	40.36857	47.81912
19.01208	38.42734	50.45957	13.8837	54.8833
20.7046	38.42734	52.30672	36.59654	9.280374
11.36993	46.39638	48.0389	40.98452	38.11232	46.69425
48.10668	39.18411	47.8727	38.04034
47.2529	38.42942	55.44553
35.17824	17.92058	50.78205	48.29492
35.64781	48.136
48.33729	37.61122	51.42227
36.27593	54.70319	51.15542
35.74551	51.72031
31.58343	51.72031	9.936003
30.53899	51.31699	6.752204
32.68231	48.5379	31.89548
51.72496	40.11704	16.17813
55.24266	39.59156	13.3699
26.29167	20.11682
18.8936	29.62437	5.464946	41.8681
31.71556	53.79862	51.84736
33.69567
33.00047	51.8299	54.74937
25.75169	22.75085	22.46099
28.97391	10.66141
44.80094	14.45974
34.10496
42.90732	33.5709
33.73783	15.13011	26.79199
49.11966	34.03227	8.925402	42.80117
49.63026	35.40156	0.7297627
52.53972	36.48213	34.7016	6.093718	34.27895
50.6074	17.4123	34.54018	46.79961
12.12855	34.94442	50.53786
14.63732	34.87048	50.98471	49.20942
0.622598	34.57164	50.98471	44.56602
1.145146	39.09258	32.32797	52.075
3.905872	49.71178	33.93281
50.63467	34.02159	18.58014	56.48831
50.14212	34.2479	19.822
33.76557	20.44096	10.49359	3.167815	50.64287	5.373037
34.28465	21.20212	51.16941	16.85276	9.513955
32.73276	19.89966	50.15529	48.90948
30.37554	21.81515	52.09584	19.56173	2.948579	41.67181	44.85741
20.11882	52.66996	31.70735	38.06335
31.12349	19.41787	52.125	33.65989
33.90072	50.29311	29.63466
49.92471	29.08558
34.00442	30.41652
29.195	25.78038	5.89716
9.753447	33.4462
39.79577
5.770742	38.43602	43.43075	3.699165
15.05208	34.664
20.6486	35.22232	16.55989
21.12318	40.64983	44.72678	7.630297
4.4767	39.44586	38.07255
20.2467	36.36341
49.00712	35.48631
34.99922	53.89898
34.78344	55.29143	13.20729
35.43791	54.12	53.30899
36.50787	52.64807
38.27437	52.54503
35.14428	43.58164
36.3974
35.54373
33.25165	42.07774	7.675164
35.69646
30.56012	45.34333
30.87731
33.36348
34.62514
34.32797	42.12353	56.65476
34.56354
51.87374	32.80226
34.09247	53.72048
35.26545
35.25183
31.66259
30.40164	47.43165
35.32294	31.489
49.60188

53.22801

20.2053	48.64082
15.89689
20.98697
24.25643	0.5376669	56.85246	54.32373	54.81987	36.06372
37.28134	7.671321
30.6349

34.84484	47.27918
32.91987	19.26008	11.45782
33.97056
37.07868	27.16871	7.319836
34.82146	53.70874
38.15652	23.86
28.59562	28.13735
3.888669
29.39408	7.889216	1.421143	0.1925219
7.304809	34.06878
26.54101	20.11726	0.4754364
28.7808
31.21004	49.26939
44.03695	56.59982	33.98058
35.33784
27.37687	41.56761
33.87896	12.33723
37.70734	15.29936	51.34484	6.742831
27.12717	5.645591
25.55451	7.379162	6.86785
25.57496
25.31584	33.63499
36.7313	16.92256	10.42593
18.46468	12.55571
9.516426



16.27864




39.4168	36.92901	10.91661
30.62744
30.21953
38.33683	34.32446	36.76662
33.00142	39.63684	30.91659
38.77674
38.54807	52.00893	37.60159
40.58448

21.74103


18.87945	5.140364
7.54466	14.38341
7.036055	6.297103
21.24114
17.61474	3.807213
3.57692	34.17342
2.59795	1.952216
2.023898
26.20398
45.15591	40.62401
50.87403	35.0402	15.21266	6.42943	5.638948
53.21233	1.379576

28.46011
8.26978
20.87058	49.27891	5.598597	9.033803	9.776755
10.48765	50.78699	49.6021	3.521547
8.44993	52.78968
21.08803	49.90176	10.66482	8.778357
5.586404	2.984975
2.744717	0.2287836
5.712285	3.33617	1.674363

29.46488
30.57765
41.70408	26.70583	30.16883
29.92539
1.052709




3.970613
31.90639	48.49439
3.870593	46.70722	44.7074	3.197671
43.73866	19.56773	1.057432	40.59033
47.51695	17.36128	55.14088	12.70095
22.54977	49.38222	56.73907
49.49153
49.15692	54.22354	47.08871
41.37709
48.52397
9.287198
22.06354	36.14775

18.469	5.503198


16.47329	56.19526
29.57737
43.06845
19.83642
18.28111	54.85392
13.69588	33.74907
20.69381	35.13144	41.99702	34.90269
11.21764	35.29888	41.98786	6.331601
11.68584	35.29888	52.6094
49.65653	35.26978
34.37241
54.54381	34.5139
36.9356	55.12933
