SpeciationRateChanges
33.6514

33.96742	23.79074
29.28201	43.57537	4.536798
44.64192
54.16588	52.30428
18.27133	0.6749977
46.66513	28.98229	15.96912
27.96699	52.86275	64.21775
52.42983	50.80837
9.565044
55.80844


22.05783
14.40059
8.397092	42.949
7.683896
62.82473	34.24541

48.22186

47.15755	18.45632
41.23631	29.42729
50.40273	33.64335
34.43783	51.42795


50.18063	64.98933
46.26168	20.15903
37.14174
19.26938
15.22664	60.27914
49.90838	60.95559
18.04686
49.41242	33.63525
37.49106	24.41378	11.24214
8.599133	38.39667
35.64325	52.87689
2.387725	43.89475
29.72188

60.10872	49.6072
51.13092	56.31135
12.45099	48.39805	2.263839
13.33519	44.32995	65.26321
31.79758	16.92486
31.53129
41.6123	8.266187	3.753713	33.5388

7.88379
21.45076	28.70102	20.75316
13.18488

33.70458


46.74982

48.37398	10.01154
53.39254	57.08036
48.03967
38.70409
9.654733
36.07559	13.40561	26.021
40.198	19.49606	1.560691	33.18143
50.12285	65.01176
56.66998	50.21342	10.81424	10.93248	10.30535


65.33562
51.13296	56.13473	8.984538
13.67855	38.96442
39.73529	11.76205	33.97932
40.1692
5.774955	4.547866
38.2971	34.27245
26.93477	21.14613
8.598529
58.74017	54.83313	21.69078
52.88599	34.91461
24.14239	21.00712	20.53153	60.3215
47.86142	20.16893
2.812873

12.40583



59.59454
51.63034	2.401342	43.19238

44.31833	6.665532
49.01189

23.33778	3.422056	55.41493
36.3531
38.69742	18.61996	18.40564
32.59048	48.42344	2.525209	48.37477
48.38467	28.59906	4.271199
11.48524	56.4305
64.8748
65.12922
65.12922	27.88154
65.12922

22.11621	32.04748	46.67399
60.47937
48.8364	0.5779123



10.25361	51.38232	43.44351
52.10685	65.56085
22.35879	1.742694
11.29335	1.834106
43.97579	37.29811

57.70546	15.8325
60.01431	42.55506
57.96172
27.15823	0.4293349	0.06857418
20.91471	54.14929	16.43447
18.92586
49.56949	3.462423
42.6709

1.649649	64.58986
8.535603	18.83234	38.02762	25.9447	4.544347



7.478159

33.25859	11.66609
56.60674	50.02778	0.3837773
38.87545	56.07737	19.36782
33.0823	6.556912	65.6932	33.664	18.71671	32.3113	12.80781
16.9642	38.78351	58.38436	31.21371	27.44035
27.58625
32.96447

56.60813	54.8471	2.166911	53.4787
8.200956	56.99055
7.277829	63.98488	36.05988	3.111728
65.19108	30.35147
40.18295	27.40494	55.23459	15.41953	4.974771	17.15478
46.03582
58.00163	42.561	3.104433
2.428643

57.43983	38.43911
54.903	65.17397
65.17397	16.94959	12.29838	10.21213
37.15736

22.52002	17.20159
32.04016
39.78387	51.45045
30.28417	61.84698
42.74014	24.0561	6.640632
7.392933
52.65659
60.25525	44.64495
22.09532	4.557553	41.28325

27.37931	47.25067

32.3372	49.85281	65.24838	28.56245	45.55388
12.02292	19.59657	0.9737648	42.75599
51.44241	54.61918	65.37792	6.774771	1.739604	50.72482
32.20811	1.792935	17.2822	14.97481
37.43045	26.04654	28.14038
58.56355	60.11009
13.29543
1.595201	54.35418
0.5365445	61.23399
4.648982

50.9313	32.70137	14.58653	9.617783

20.12195	8.125532
46.97604


15.11776	48.95061
25.07318	9.258507
16.79621

45.69149
16.8828
26.69901
52.67139	3.372393	47.53279
17.16826
8.849607
47.23512	14.41942
11.27935
33.67625

44.38365	13.83868
48.35751	25.37242
51.20679
44.72778	58.87048

57.406
58.00763	58.99218
58.00763	58.97955	31.4108
58.28979
65.10549
65.10549
60.4843	49.45677
64.05712

3.348702	37.81686
1.219838
49.01614	54.83051	24.33983	24.76593
35.56092	14.12763	0.4435178
58.80199
41.52156
36.62623	5.3672	46.76351
37.10459	8.492941	6.046139
50.10981	16.92216
42.61156	40.08765
15.91655
47.76884	63.08834
51.39915	11.52634	21.71821
31.40186	30.4967	27.11844
12.0804	5.717772
17.62215	60.74008
41.3333	1.482344	1.237071
48.03231
51.94041	7.751684	53.40547	50.29781	4.109311	48.03758
41.54276	33.40269
57.99877
33.42495
35.36401	23.97265
51.1399
41.6644	8.595204
32.51671	9.799923	57.0317
57.0317	49.40644
6.391433
14.69168	9.636909
52.85348
51.23505	17.46382
27.73829

50.2784
20.56404	9.28647	2.099642	36.7442
55.13026	44.33865
37.66122	13.76888
57.42259

30.37435	62.18689	20.43709	30.11043
1.199295

36.01137
42.1291	34.47046
0.3006973	23.0169	13.87578


30.85197	6.499519	6.585413
48.0778	46.03283
57.18972	50.72727	26.44081
48.50963	65.25846	6.465991
59.43202	46.7815

13.22558	48.25124
32.75755	25.17995	24.6904
53.80601
46.30649
35.03062	61.886
26.31022	24.03316
31.91774
21.12005


15.47827
22.10381
32.67337	27.44723
7.214314
58.09112	16.85788

30.85076	31.52068	47.46371	12.00754	34.69499

41.78958	3.383959	57.82541	33.44823	1.640205

46.90005


22.84446	27.0168
65.12861	35.38029
24.45172
15.79151	0.6606838
58.50325

17.12898

20.44701
57.76042	10.14273
65.09601
58.6013	43.9433
60.07002
56.58014	55.60022
56.1191	62.45545
7.86012	55.3989	0.884818
5.621939
50.58064	10.21691
55.14589
43.61706
22.27184

58.17329
11.94443	55.51356	2.649382

3.500721
26.58651	17.29071
59.59423	41.50552
42.15458
14.55757
5.192069	7.204391

30.71072	15.76154

49.37404	46.7545
61.67367	56.97292	22.54348
9.062214	63.86658	8.173096
15.6933	10.06332	11.0313
56.78526	54.30137
41.33396	39.51684	4.433036
60.80307	39.89699	30.07242	19.33079	21.37608	24.95863

9.388657

33.66545
65.54976	17.35754
60.7308
6.238811
15.15636	28.83085
11.75002	1.533332
7.994909
49.32895	16.80376
37.50184
21.76246	35.1518	64.69727
23.96684	21.88639
52.80294	43.07295
2.798767	65.22408
62.17406	44.23938	3.945575


29.9566	15.41843
37.42232	31.51594



4.156157	48.09835	44.93001	40.69658
41.1774	0.8936001	46.57662
17.15738	52.77855
27.13642

18.8717	18.81583	57.78268
29.78073
53.67479	60.98487	51.16901

17.57473
53.90713
45.85334	1.889622
26.56915

32.75438
21.71521	15.22214
61.35319
2.039743
31.311	61.73262	10.16984
1.992787	6.595548
2.266136	14.72282
39.99335	12.72795	18.26682
9.810909
14.92303	22.74988	17.96307
64.89329
47.64164	50.99052	47.35713	46.58475

18.11976	6.783674
28.34147	53.52305	28.33101
12.57193	2.900811

50.15339
40.37017	11.48994
3.361759	58.17495
26.97579	17.38587
8.548521
21.38448
35.93491
15.29822	1.656996	0.9151886
62.60447
10.11732	33.53598	8.716589
24.30152	51.61448


3.776483	15.93895
25.19388	55.15537


34.86736	10.21264	27.80806
39.71477

24.04468
0.02365076
7.260702	2.370868	45.92061	4.344184

51.64553
65.11071	51.31408	50.74533
50.73761	21.25024
21.57713

16.22171
31.16282
65.55581
35.01189
21.89883
24.07797	17.81904
45.11387

33.7991	25.42849

35.72241	62.2768

44.4375

58.51975	1.846481	64.25997
50.38657	61.07377	36.61921	44.45392
49.50291




45.34695	18.4801
40.13983	32.57791	21.96337	40.37381	11.90162	42.98048	16.26666
65.63505
32.35036	49.4443	49.20699
54.80847	31.48338
16.99414	58.05625	43.66476	32.60291

33.85887	10.5232

38.81883	3.17562
41.37485

42.66262
48.31266
51.98436	31.63753
45.54824	48.69828
50.07961
7.278926	41.9908
50.3025	17.48647
24.07865
52.10523	48.33639

17.2737	8.996163
33.52131


31.8031
50.73637	59.4197
27.72912
29.46691
50.26374	22.94344
28.85794	28.72051
35.25819	31.65156
31.59373	6.228377
27.78185	7.694542	0.4134723	61.83347	30.29383	48.61828
7.19016	1.379575

55.61316	58.14802	62.45555	36.36632
0.08977371
17.66731	47.63404
22.58773	36.80205

21.76988	16.08496	6.896003
19.43584	18.5538
4.111258

10.24127
40.76779
29.33444
62.31641
1.433911	44.96431
42.95828	10.57049	7.49294
14.76429	3.727887
10.08622	48.37765	36.49828	26.20159	18.39676
54.33129
61.43686	1.618991
43.35159	27.5834
36.05187	55.95235	48.46267	24.23263	63.49848
17.22834	16.67493
5.8248	14.1577
22.92235	4.882977	11.0741	58.85901
65.20501	27.72458	11.46613	62.92906
32.93244	13.48066
52.62746	33.50089	5.133619	14.77844
43.63245	53.93212
6.825071	4.304572
2.625895
10.337	4.246059
49.04421

58.24941
49.81532	6.907877
45.72434
7.124157	45.37604
30.49177	46.5458	40.68438	48.42802
51.14081	40.01963	30.39333	25.1375	45.59445
43.5782	29.1355
43.32422

57.20098	52.82649	14.32224	26.87087	27.59713
51.31698	54.52867	1.720217	27.84953
48.47166	36.57122	47.99926
40.79374	14.92188
40.53081
50.80102
13.36925

58.07257	49.61084	56.03468	1.12852
32.50797	15.68396
51.3819	58.23703	59.48604
55.66265	57.54032
49.95987	56.14025
65.09703	20.79991	3.962333
60.97437
44.4509	23.4024
39.46655

8.750612	60.07958
47.9534
46.37151

64.89651	28.98656	61.0601	13.746
35.68093
24.41217	32.96087
56.59348
48.18084	34.51928
41.03263	2.77351
52.56407	19.76652
55.68766	0.5567839	22.41095
7.164832	58.92015
65.29356	5.253949
65.29356	9.905472
65.29356	49.09914	21.56924	52.66688	42.34054	30.95509

50.96991	29.36264
22.30688	11.55368
43.34619	4.567698

29.37542	43.94204


56.45706	6.817004	22.8091	49.08407	17.77117	26.41538
32.46337

42.20872

4.062552
47.17132

41.62816
58.22434

3.044338	2.587711
31.00859
65.52744	42.68237

8.606323	7.562245
62.19707	56.61709
11.5489	41.6914	15.82117
13.76708	53.21677
17.01098	30.68279	14.88101
5.373715
58.27831	51.63562
64.60349	26.36513	64.04147
0.2645932
50.7211	10.2959	6.377807

44.01617
27.3216	59.73247	8.891401	6.622027
11.09732

36.32878

46.29499
55.05593	42.29538	26.58987	5.990818	55.99237
43.05076	15.71785


47.90058	10.28159	39.91463	64.27501
8.865102	5.314211
19.54247	65.5957
41.19737	5.536774

30.20707	28.16385	4.594871

3.690087
21.11853	34.69216
40.69117	38.86927	34.70354	9.743679
58.17197	59.47547
58.17197	45.54008	61.90967
24.7904	4.252083	16.72637
48.33435	49.99619
36.69277

25.66064	19.07415
25.97256	49.65726	18.12619
24.66338	4.380347
10.34052	51.93887
39.88015	19.08536
34.99573	62.73145	6.567882	45.47322
36.60044	37.48222
2.25177
16.0909	57.96748
17.71507	41.91719
43.94268	14.31552
45.44278

11.872	57.73256
49.70007	12.66756
39.58446	9.094477	26.47372	17.10175

19.60177	9.994692
40.10176	8.800481	4.588118
3.108377
18.14992	62.9169
25.98357
21.94332
25.32811	9.799879

11.73852
57.13709	23.15091	21.33044	2.382072	53.46153
25.46874	13.82682	61.90781	17.34238
29.26679	63.63174	43.42156	39.65506
58.48084	29.57128	37.93149
57.9935	34.62437
22.92651

62.58936	37.48272
44.55746	17.12097
49.0542
43.49199	34.84299
19.17635

62.43806
2.872966	61.05413

14.4756
44.80637	12.86932	29.41433
50.22625	18.49732
18.66795
58.12598	56.93156
48.44634
0.1999991

52.63898	54.60277	46.34941	10.4855	65.42704	33.90688
56.1595	2.450959
4.619967	56.30156
52.84056	3.306584
58.01448	56.27988
46.88203	33.77937
3.778102
21.326	5.423544
50.93415
0.3270755	17.33431
22.33792	1.554653	24.31687
51.56675
19.70242
22.52119	47.40353
33.92481	52.16517	7.292539
57.16952	52.5805
28.07707
29.18107
43.90351
42.75936	18.33555	31.94887	10.4877
15.71407
9.874306
43.4308	62.34036	15.51372	59.71223
59.63431
56.84491	53.68589	51.25848
59.22098	51.32429	55.97404
48.8823	41.78329	48.27302	37.4076	64.2014
44.8012
31.14777
15.09223	58.96844	53.79018
57.42045	48.35516	3.965887	26.12958	19.6681
61.62044

40.20126
48.64011	40.84845	5.897429	41.69603
64.09299
40.02394	36.91153	37.27507	4.989578
2.508117	63.17884
47.334
58.6176



37.30432
25.18887	55.54436
46.38578	53.30281	12.49946	36.78577	44.62526	51.92928
58.06786	1.398422
50.80796

53.57519
4.130178	48.46686	31.84836
29.75491	30.90452	28.80003	64.17336
44.80142	1.857999
33.73118	14.13224	54.93974	58.47661	51.05438	52.33941	25.47077
53.5836	57.85125	15.77595	54.30333
19.30665	3.994192
60.51556
65.05417	16.36558	0.5031015	12.23953	1.798098
48.02261	30.33748	29.67214	58.78883


51.84409
46.5275
31.5988	18.71304	7.783019	20.14751	12.8514
52.16563	27.60286


57.96471	34.70283	17.97181	8.077056
57.61536

39.29504	48.68149	45.43561
57.85741	51.94652	62.81338
49.97359	0.6163344
53.69228	37.60675	63.19302
48.71914	28.59682

49.75406	36.94303	33.08491	4.445996
12.35012	41.88237	60.20145


51.37635	64.12808	30.97528
22.14808

40.19741
0.1896055
33.2287	15.42014
40.52078	56.09416
15.06555	57.19782	54.97938
11.80523
18.57093
1.468077
51.51397	38.96555

24.81572	5.12717


8.847896
11.65054
43.57166	3.066164	37.88952
53.28197
17.23304

32.01977


27.96946	22.40155	37.05048	29.83928
8.45305	44.84253	6.070045
30.66972	51.32116	9.961917
6.862498	59.41444	30.25573
0.02234376	37.75627	59.32518
65.3837
65.20401	64.05328

44.27504	2.212909
49.00731
33.04106	4.319697	28.62847
5.15893	0.2365802
37.81275	3.249696	22.68919	21.48485
13.99227	35.60508	2.485973

3.380532	41.11409	28.58347
59.6445	48.1895	42.43279
65.32403	22.02132	13.54633
65.16277	3.099201	29.09869	12.21589
65.16277	22.52768	63.64207	0.1570744
50.90516	11.0142	65.49809	8.067185
5.787519	23.10421	54.77911
43.29261	4.427702


41.22453	5.628586
