ExtinctionRateChangeTimes
9.550476	4.214409	9.030612
33.46939
43.4218	1.401038
18.24002
16.15855	5.27864
8.552978	39.77206	23.18271	15.29664	18.93218
31.22946
46.41589
16.21945	10.04198	25.36981	33.82383	13.11139	37.71295
8.300779
19.98856	21.13958	8.668005	38.92843
9.646257	15.6635
28.72661	25.8154

0.02460944	26.51454


39.80033	29.58452
0.6403463	47.76199	19.84781
8.626596
9.583916	30.86314
8.342731	33.79893	42.78753
19.81681	37.55198
33.20321
24.56428	11.20263	38.58429
11.18774	12.674	3.074418	6.105761
36.79353	23.1489	4.860088
6.26687	24.09721

43.5856	31.92032	42.13296	1.627494	25.45594

38.2536	0.3774325	37.85888	35.20196
15.81373	11.38596	23.16163
26.87738	29.02159
23.32085
28.68503
48.56195
29.09407	3.323301
14.63435	7.056588
1.452023	27.00224
14.5503
32.5986	19.53218	26.56165	4.265733	12.55334
9.094057	37.73161	16.13058
37.39192	30.74506
6.137082	35.64146	38.60685

38.63232
13.96315	38.29814	7.4983
41.42806	24.43118	31.11784	42.5747
20.04917	7.751654	41.45114	43.7034
42.26776	13.90502	38.69633
24.3561	2.579119
38.56646	2.513159	41.06105

33.43513	35.24626	29.26959
38.90136	17.07263	44.7714	19.63047	48.02102
35.1769	34.31858	42.02407
23.34888	19.85344

30.04959	41.71218	14.37174
36.49188

28.29629
25.52549	21.14891

33.54512	42.45644
7.395877	31.64514	19.44562	1.404186	17.64898
40.66276	47.91753
42.2817	6.579664	37.2362
16.87068	39.81866
35.094
21.33475	13.27077
5.551755	20.83138
14.2914
35.04729
18.67271
30.50794	25.8722	0.4090096
48.22203	30.39162
13.62462	27.57223
42.12667	17.88769

20.33289

22.08347	45.94771	37.25897	44.74777
5.515256	28.04516
11.8282	42.02302	34.25959	11.77394

38.39225
34.60835	33.67294	1.993788
21.47346	32.27855

36.73694	29.16403
9.779549	28.53968
2.94096	42.87704	25.36275	32.83969	27.238	21.88313	29.78067
21.42396	44.35396	41.8476	29.11658

41.97899	19.53325	38.67604
21.12116	36.88922	21.38211
33.26244
46.25658	2.085006	19.73919
11.79063	45.22133	17.00892
42.73432	24.19901	13.64507
31.54801	9.092617	43.20402
30.84343	36.10482	19.62664	32.9426
19.58297
27.19256	44.78048
21.38333
46.984	7.894429

34.42848	6.821143	0.122139	7.09418	27.7462
23.72861	26.14429	30.75448	8.362064	31.5404
23.57618	9.434025	4.068197	41.87025


33.03968	30.70863	24.53577
32.92903	38.52406	28.13019	32.71395	17.55066
13.95669	14.02038	18.63045	5.516016
15.0682
32.83394	30.88902
21.40309	43.89266
33.89484	9.369773	6.263008	13.16209	14.95166
29.52974
18.40573	28.73521	26.54441	8.676989
0.7316546
0.6048063	48.0383	15.38024

13.84234	34.63093
46.87473	32.47912
2.33446
23.90134	41.48164
22.75881
25.75825	26.6786
0.9116888	45.49014	45.85345
9.912183	20.64005

11.46505
22.30714	12.16754
39.47149
41.44306
25.21839
24.46223	46.92518	27.89948
7.316764	12.50579
41.47802	13.69773	44.80004	6.315966	4.396152
11.96397	5.519875
35.89779	33.47657
35.93028	12.62173	11.81479
22.77136	27.17795	12.4935
45.23068	36.33118
35.88335
38.38002	1.648146	28.28116	0.0357649	2.177572
4.394161	40.35533
17.13144
47.72058	43.36611
31.15093	5.995585	9.852768	23.67031
38.93364	8.3775	12.13573

44.40421
34.0191
10.5374
47.41245
1.804383	14.45406	3.89888
22.92423	7.930636	31.86593
6.440232	22.15355
15.11315	7.133044	2.735439
38.51355
1.267268	22.18179	32.93929
39.62123	42.45998	30.34468
7.830928	12.75071	13.06041
8.48075
18.0801	20.98926	36.37444
4.899416
38.78686	28.74102	38.8805	0.8763388
12.96596	27.44749
10.17089	8.314189	44.98073	15.50321	15.91136	36.62755
41.93222
13.99128	4.317767
19.54803	33.46466
41.60426	18.0724
41.79554
2.022478

7.409396	47.00702
43.83538
33.58143	36.35552	19.92715	23.73523	21.35681
1.073547	18.79355
9.881538	15.15963
47.4829	29.14683
38.05732	44.7531
13.34499	31.26652	26.28709	23.47364
41.06484	8.912387	8.639626	13.41889
20.57266
8.598061	12.11331	23.45661	14.35245

15.77724	17.56945	26.25921	0.7902357
45.60426	18.2482
31.28628	4.936531

42.44751	46.18283	9.981107	2.552091	33.55127	36.17085
39.25776	27.336	33.11347	26.20912	4.842474
28.21006

3.980811	24.35407
13.6667	33.86667
31.3608
33.33835	27.96307	34.57624	42.08082
33.78317	3.256923
24.37117	15.64769	11.18394	48.43477	9.737019
9.43686	34.63961	33.24683	45.52803

46.45818	35.79072
14.29054	40.41494	35.78526
35.36751
19.69969	46.56904	39.59944
6.909393

48.39532
26.30278
13.64081	13.16232	24.34203

10.11647	0.7705356
36.68819	33.67037	27.60297	16.87644	12.1074	30.31008
17.2632	9.963049
2.233629
11.68309	48.35105	34.81366	7.425878	39.01646
33.22573	5.030151
38.70478	21.15958
5.051729	27.93416
7.195744
14.27321
6.227537	11.09723	0.03263007	10.60993	40.43398
8.209129
35.79939	12.84507	45.67049	15.04738
33.40639	28.76753	26.57032

0.3090784	46.73521	41.6388	20.85295	1.416254
0.7928772	38.21482	47.37125	14.57861

28.9133	46.39023	33.48254
34.97546
18.91608	30.93145	31.411
4.91671	7.453151	35.40436	14.02524
42.11	36.69477
46.73633	5.998561	42.1906	22.26153	35.71228
34.72018	36.08487
20.25889
41.47405	34.11971	1.542706	37.07055
38.58034	35.87515
44.24427	36.76144	9.473234
43.47475	12.09769
16.82461	47.00399
31.74628	44.32281	6.237127
14.16313	1.03813	44.8267	9.467314
38.00819	9.028675
1.071747
28.33998	47.10277	21.89365	36.49193
28.39446	18.33862	29.51383	38.01228
21.63585	29.64802	39.9191	10.75784
1.680129
33.28996	47.78071
40.50597
33.53236

32.5672	20.35003
22.77585	32.92555
11.79594
17.9841	19.10136
30.14762
42.39822	13.11655
41.13292	43.53691
45.39588	42.8669	35.4539
13.20517
27.10193	32.11194	30.93765
9.225059	36.26352	30.65732	39.74286
29.93221	16.36749	22.2552	26.56847	19.01342
47.79459	44.74907	29.08684	40.42535
42.03759
41.64777
12.71655	35.73345	14.96506	22.28727
7.969471
21.86781
21.96064	17.1492	5.772309	44.36736	0.1527088	30.21213
43.13952	6.068082	45.36553
25.55052
34.92596
6.968254	32.00389
40.29329	34.87692	2.519102	39.24504	8.443798
6.721917

9.924057	39.81243
21.21388
21.44321	47.62997
15.80795	9.16574
5.584127	18.13077
35.58574	29.2106
30.9962	35.77433
9.377729
29.53903
24.082
9.106559
29.54362

11.31565
2.536134
12.21656	34.51548	40.94811
39.54192	17.51811	0.3112117
38.59976	15.66578

40.47525	32.08108
32.35595

38.83296	9.520413
6.731559
27.14946
41.14443	39.3826	47.50307	27.42652	28.79602
17.07923	7.264411
38.57757	28.18532	21.82531
44.59209
21.35496	5.809628	17.88252
48.16303	44.75663	16.21055
37.35565	40.97446	47.66592	16.59332

10.34474
15.15277	44.2819	36.66772	11.25383
26.5635
33.75636	17.014	14.01358
6.49256
10.46335	0.4113042	27.18064
23.73441	45.33519
10.38509	46.33028	11.64713	37.72932
31.20171	25.06215	32.71891	28.53065
26.91202	16.84052	13.26878	9.634013	26.78579	7.418534
23.89519	8.397394	2.60696
10.24797	30.83047
6.33419	4.831449
6.621576	17.33757	23.00174	7.064894	34.81228
18.05068
19.09442
41.65932	14.68773	44.74482	40.73336
33.94979	0.4824414	40.84927	6.313826

21.94547

3.852341	19.9907	5.380762	34.89796	41.27959	26.4755
17.14498	7.785493	17.99037
10.25202
1.594517	23.6966
0.8351413
12.99408	27.65453	0.9017991	39.96171
33.37845	46.42617
20.68641	0.6668336	8.568135	2.164746	36.79742	35.25156
25.92808	24.93198	34.22927
12.83819	19.27787
24.48771	14.28808	38.4875

45.15975	22.74713

9.772306	12.31043
5.358741	7.898222
28.4183	15.31562	27.31185
31.96177	43.40423
40.85406
20.64605	42.17783	4.157171
30.25832	32.70932
22.24515	37.36349	32.93849
22.60537	32.43426	39.18093
32.98147	30.60701
22.24715	17.69002

15.46593	34.38575	18.00058
19.90541	12.42617
31.71471	34.32365
4.158502	26.6893	48.07047
46.53637	45.77603
6.869304	30.73843	30.73257
0.911809
26.66604	16.97454

15.4816
33.86525	23.06082	46.73321
33.87528	42.82043
18.2503	6.44358	33.13872	6.029283
22.20269	47.64271	4.253796	4.336052
22.19375


28.15705	35.94793	33.1617	35.82419
40.90753	17.65796	28.68801
45.9934	3.970971
6.485705
3.951324	6.085059
23.94726	7.161397
6.606778
44.852	16.67526	44.79478	7.758415
40.06398
10.83393	38.40008	22.0152
12.15148
43.80969	18.00711	24.97892	33.49445
37.96501	25.42876	5.814383	12.71751	47.61997
24.21846
30.20302	4.409851

33.58334
44.64708	7.817325
22.92405	4.750498
13.30621	34.40138	36.8967	17.92884
7.141334
11.33718	12.05773	5.436554	30.30377
11.06589	40.58836
35.34143	22.34424
17.72962	37.82408
28.97392

16.2564	23.79774	47.05412	21.5929


19.26281	21.63367
22.59508
41.94645	3.153684	26.60445	43.28692
13.1023

4.483832	6.841848	14.88826
15.83757
48.10221
47.60747
17.49909	26.30462	5.166185	37.49978	37.17914
24.75037
39.35765	4.36176	42.46485	19.04856
25.02004	13.9018
37.31914
39.57066	23.62484	27.87637
33.43816
2.980165	17.37201	40.18666	32.62682

35.15568
23.65459
22.187
21.53929	46.13142	2.737001
29.21693
36.1933	40.61856
45.77303	34.32951	45.86558
29.61568	46.11309	16.39901
27.04748	26.42353
6.976437	15.67779	26.01868	7.273885
27.04505
5.314073
23.9159	42.87308	15.80803	24.42515	34.70941
0.01927679
47.03557	1.496659	9.868157

27.25505	41.98313	23.74583	22.03811	15.9145
34.89953	17.9297	11.05792	18.48764	39.13599
15.9473
47.11432	43.47818	16.70691
0.3166892	28.5272	37.32356
36.25214	23.5489
32.46893	30.99701	46.14479
4.030618	15.29614	11.20266	35.52339	30.48656	32.21977
37.48384
46.19009	31.34508	25.66298
12.84409	8.717649	12.53879
19.69958	35.60728	31.12191
18.02717	31.38328
34.29304	8.605858
14.23824	31.48608	34.34841	27.96165
23.7327	31.11093	18.15299	32.57292

42.36216
21.40663	3.724149	12.99912
18.78257
3.314926	7.44988
39.20766	23.90398	12.3042
27.2067	0.2323606	25.99546
19.86523	42.53263

39.57274
44.1162	3.249468
38.95524
27.33871	40.98026	27.67509	37.87863	3.937234

34.48861	43.49421	47.12625	45.7531
15.24017	27.10928
17.28132
36.51052
4.073749	11.48132
5.062771
43.84787	26.86144
20.94733	15.52371	20.23787	7.531209
37.15111	33.84533	8.634849
36.73679	9.228106
6.147544	23.83724	32.09166
22.87291	5.873847
20.68217	7.542097
45.45476
9.472972
19.90615	15.41818	18.20152
39.58189

43.66734
44.63326
30.70834	14.09178	26.85974	29.28892	35.83483
31.40915
36.80506	34.47031	16.79555

14.87248	41.65938
26.92851	42.71148
47.33991
20.06439
1.929926	47.17052

17.42268	42.59284	24.59877
26.29059	2.427529	40.88502
10.73464	40.57496	38.11416	31.80586	36.96269
32.90481	16.81529	46.08196	45.56242
38.95006
36.71547
36.80299
21.85251	27.82278
20.89083
1.817336	37.82835
7.727577	46.57883
48.36251
39.71571	2.858091	7.957216	28.44631
35.07099
2.779403	26.64165
48.21632	5.707156

25.47643	45.22836
32.99634	44.15033


14.00885
26.72681	22.36853
30.74148	47.76054	24.02469	33.40185
26.16194	8.958427	17.60152	35.73021
3.614166	12.28368	9.538291
11.30156
23.49535	7.396509	28.42075	31.21643	5.049889	23.08852
26.39028

21.67043	10.07652	20.10173

6.205154
18.65118
39.02431
31.45433
35.82314
23.74972	37.73166	3.3114
17.52249
12.82377	47.89353
41.8621	41.94789
27.76997	17.8582	32.78336
37.4037
20.37359
30.70475	5.048181	19.73041

27.94756	25.18561
16.91408
0.9666328
35.47955
26.96418
20.91936	38.9901	10.03023
26.86657	6.347517
14.23097	47.12578
26.02279


10.8463	22.71502	21.311

26.84774	26.49437	11.30642
40.43264	30.37382
18.43007	36.21765
1.857107	35.7794	46.66787
44.60177	6.758195	2.239264
43.30233	0.6191403	29.36582	39.4821	39.63681

27.38819	17.97094
12.52231	3.608142	36.09869	6.855194
41.62435	18.16432	24.4842
28.60115	29.0594	33.70594
39.68577	28.15648	28.70318	11.33874
2.624148	38.87571
18.68963
43.36836
33.595
25.7195	33.17215	31.36904

7.013742	20.74384	46.6403
8.842241	12.46994
31.03864	0.8817316
37.27093	11.72883	47.02412
43.7994	13.39515
9.737371
37.62261	27.29751
34.7704	6.143073
3.161192	28.78294	19.13102
11.13498	0.3709867	26.43714	44.19681	14.48215
9.138808	33.95268	31.26226	4.77325

1.937564	23.63862	19.52037	46.15407
36.33322	11.24316	1.365956	11.57811
35.61029
33.77522
42.66567
17.24674	36.1954	0.3189313	33.82789	47.484
34.74389	28.63577
13.47988	40.80637
9.312989	19.5541	44.75393
26.22196
48.53267	39.78295	41.10158	5.997378
38.4442
27.09624	39.00584
29.38744	43.41326
4.559786	9.500828
47.04468
2.280152	45.50192	44.77968
10.77145	30.7626	48.49723
26.75106	40.30528	22.11194
34.78946	29.2507
5.394036	34.76215	23.40212	22.12218	0.3406094	30.09533	32.16659
23.06725	17.52717	36.48821	19.53623
32.32398	46.64559	13.25077
0.4429206	1.929562
21.12366	16.32913
1.732247	46.05868	28.16559
37.33264	30.35856	13.80061

47.08942
25.09877	36.50243	41.8928
16.21135	21.08811	36.62042	40.4717	32.59238
15.95973	7.622797	42.14602
25.29176	21.17183
5.534023	36.85655

47.03615	5.324325
21.58996

14.53288	22.17652	7.847346
41.42148	38.0792

19.68376	4.629333	36.73196	3.24885	22.04834	29.5575
38.93056	14.57684	23.75476

1.733888	16.1685	13.92868	17.82199	15.97206	44.23243
13.00435	29.48879	31.34031
15.41461
13.43448	47.56403
20.63259	41.11867
37.91205	11.53457
46.45063	11.59909
6.50505	46.96461
35.29459	27.70789
42.35542	35.61311
48.12785	35.63558	32.88609

46.47011	33.16274
4.94943
40.8897	40.53836	30.60123
27.27336
43.05689
19.10184	18.37303	21.4956
15.52665
39.24291	36.57206	38.559
2.919176
43.73939	22.0966
41.68325	44.91548	48.46811
34.31621	38.16896	25.04751	26.11668
47.32908	32.59415	4.816914	44.75424
27.96101
10.66818
26.51271	38.01524

22.57343	41.11535	8.984448	15.12219
5.076242	4.627632
28.45712
23.52791	14.17614
13.38047
26.03303	24.92138	17.72094
6.312425
4.911285	28.30805	22.50865	6.170969	42.16421
11.6566	36.92839	32.27537
