ExtinctionRates
0.00941905	0.003262419	0.02799938	0.006582941
0.009508107	0.0009681262
0.003036961	0.002815386	0.002360424
0.01445509	0.001721811
0.0009253396	0.002491271	0.0007104821
0.006077691	0.001273048	0.01097444	0.02288641	0.0003119204	0.001612971
0.006014504	0.0002714485
0.000784593	0.004133506
0.0002871275	0.0007373369	0.003625356	0.0001985296	0.009129463	0.0006044102	0.001932618
0.004302153	0.002345153
0.0003731553	0.0002650548	0.0001672513	0.0003344565	0.002394907
0.0009305004	0.004260396	0.0003081688
0.0009245756	0.0006775411	0.008595822
0.005051745
0.02067067	0.002464084	0.002675835
0.001003542
0.01056201
0.0003632219	0.004274693	0.001289754
0.0002812218	0.002635354	0.009681421	0.003692843
0.007937643	0.000904661
0.008985372	0.002027077	0.0001981999
0.007375272	0.001109289	0.0009226622	0.003689452
0.007049323	0.0190508	0.001721432
0.001933441	0.001667475
0.005452586	0.0004312006	0.005757166	0.0009703053
0.001847856	0.0008077966	0.0005688981	0.000904444	0.001365614
0.0021501	0.0002238402	0.007628204	0.0002699122
0.00271465	0.00130531	0.01472617
0.006018462
0.002766053	0.002952261	0.0004560704	0.02493198	0.004282777	0.00958693
0.002871334
0.001985801	0.0001769	0.001599608	0.003486266	0.009826365
0.001738068	0.0008630011	0.0001145786	0.00554542
0.0007656639	0.0007709502	0.001560094
0.002316804	7.366286e-05
0.002703846	0.00261772
0.006431543	0.0003383947
0.0007482046	0.008150012	0.003051484
0.01571445	0.002384663	0.002255151
0.001707685	0.0004274381	0.00104332
0.002261287	0.001113415
0.01019243	0.003854949	0.01195068	0.003797649	0.0002456998	0.008057247
0.008780464	0.0034498	0.005290213	0.0004682959
0.02521273	0.008994633	0.01114073
0.03357779	0.0003341481	0.01747588	0.000996497
0.0002427868
0.002251377	0.0005076523
0.003766185	0.0008528071	0.002538	0.0002805311
0.002437469	0.006400481	0.01181406	0.009698006	0.0008010453
2.336436e-05	0.01116057	0.001560501	0.001763801	0.001255524
0.0006561999	0.0009521155	0.001534216	0.002428575
0.008536411	0.004422499	0.002353721
0.0009562578	0.002097234	0.0007421597	0.0003024827
0.005169392
8.16841e-05	0.0002714693	0.0008835989	0.01143537
0.002174439	0.005860157	0.05868665	0.007943256	0.003897237	0.00257975
0.01918745	0.008413204	0.001272377	0.02388855
0.001487953	0.003828665	0.001945972
0.0006166263
0.0006464523	0.001414418	0.002446277	0.001054589
0.0008297497	0.001316773
0.00172544
0.01313928	0.0002128391
0.001282326	0.002710712	0.001602239
0.0007621792
0.0008069395	0.003207284	0.001821422
0.0005648924	0.0008678766	0.0009026302	0.00221851	0.005604379	0.02504494
0.03036705	0.001018266	0.004148226
0.0003552792	0.009443902	0.009495452	0.0107903
0.0004468676	0.001493827	0.0008339142
0.005508223	0.0002648687
0.0009758424	0.001706298	0.01778947
0.0009192535	0.001737161	0.001323139
0.01887528	0.007108091
0.01019049	0.003526585
0.005511043	0.00191202
0.0007045067	0.0004799194	0.0003436865	0.0009271002
0.005779964	0.01747315	0.007022464
0.005599922	0.002393368	0.004731671
0.0002284208	0.002756939	0.000406478
0.000482576
0.004421262	0.0004164511
0.002845366
0.006821101	0.00760633	0.01536361	0.009748501	0.01646483
0.005603124	0.00230302	0.001900357
0.009498207	0.01023296	0.007255352	0.0004999177	0.0006357155
0.005394087
0.003566885	0.001548425
0.00162413	0.001558194	0.0014472	0.0005110001
0.0002125675	0.01474098	0.0003555289
0.001274494
0.00817742	0.0002465641	0.005770119
0.01614004	0.0006203731	0.006101961
0.0002538581	0.000985962	0.0024317	0.02391028	0.002660475	0.0006052127	0.001411307	0.001707367
0.001662871	0.0026439	0.001403424	0.001560672	0.00087216
0.001208188
0.0009684383	0.005487855	0.000421946	0.006027136
0.004778116	0.003240151	0.001471216	0.0007891586
0.001634904	0.0005014003
0.008370674	0.003150117	0.002760966	6.921774e-05
0.002677279	0.003330351	0.01626335	0.0002930233
0.004343507	0.0003580084	0.002139508	0.005455687
0.0004392637	0.000819347	0.002434573	0.01374404
0.0002348024	0.01489957	0.00141989	0.002049437	4.71257e-05
0.005473434	0.008014757
0.006946196	0.0001179595	0.002539889
0.002959013	0.005534048
0.003570522	0.002582443	0.0005463069
0.001188348
0.00127392	0.009072995	0.002902439	0.00789394	0.006981263	0.003336387
0.0004164373	0.0001273551	0.006689033	0.005489082	0.00012513	0.0005765548
0.0008063469	0.002573428	0.001711911	0.0005575678	0.002072585
0.001045544
0.003118355
0.008710915	0.0006731901	0.01471116	0.008107344
0.0005084498	0.003751816	0.00723645	0.01150331	0.003387845	0.004515817
0.005805961	0.0006560954	0.003976622	0.007611974	0.002003194
0.002054075	0.0007471717
0.002665096	0.0005305254	0.01127749
0.001090433	0.003442072	0.000227455
0.0003625799	0.003848583	0.001672534	0.01827545	0.03053268	0.001878167
0.001065789	0.001588768
0.00580294	0.002168937	0.0001947882	0.0005688059	0.005586802
0.001992396	0.0001549337
0.001178559	0.001184359	0.001248224	0.0008687204
0.0002088034
0.004855588	0.008018277	0.001789786
0.000280996	0.001245833	0.0003663818
0.0173885	0.002892146
0.002876322	0.002456942	0.00785685
0.01043862	0.0030628
0.0002541207	0.001060688	0.002881002
0.02267656	0.0005588098	0.004823591	0.001787768
0.009004263	0.008483684	0.001511251
0.0007058596
0.004554439	0.001426945
0.001412682	0.002220386	0.01294878
0.002095316	0.00272596
0.0009955647	0.000275704
0.009577326	0.01955077
0.005466443	0.00122916	0.001235697	0.0006964487
0.003146408	0.0009814475	0.003618747
0.005374556	0.0004819489	0.0001500392	0.003110207	0.0001425876	0.0007122367
0.00236018	0.001533088	0.004873831
0.000505562	0.0005503264	0.004984599
0.0009881993	0.001449398	0.006733192	0.001366233
0.001774934	0.0006074372	0.0007102721	0.0005029471
0.00117602	0.01247556	0.004008087
0.001428576	0.000795106
0.002171902	0.009283835	0.00411672	0.002687178	0.0008858172	0.0002358311
0.01736182	0.00251408	0.01021933
0.0009440216	0.01411627
0.0005706218	0.02473728	0.001189572
0.005383509	0.001283342	0.002994846	0.001521551	0.02094115
0.0138685	0.001868408	0.001397269	0.0001806109
0.001504129
0.000370792	0.003555416
0.001065472	7.558554e-05
0.000869655	0.00573023
0.00032021	0.006797494
0.002316138	0.002481962	0.003418431	0.001577332
0.004371047	0.005292159	0.004229823	0.002583048
0.0003627531	0.001236678	0.001310667
0.001061059	0.005035684	0.0009107257	0.004009434
0.0004535999	0.009816514
0.001466782	0.001961929	0.004794319	0.003458846
0.001249444	0.001708459	0.01282164	0.0008289583
0.001184756	0.01563535	0.001136671	0.001405099
0.01727616	0.003280478
0.005867556	0.0005103284	0.002587116	0.0007197491
0.003293542	0.0007244455
0.04377568	0.001433279	0.0006272993	0.002212983	0.005185964
0.006330201	0.004308466	0.01140424
0.006898583	0.00578214	0.00490051	0.0005950215	0.000623312	0.002297221	0.005493166
0.001140656	0.009742091
0.00191521	0.002543622	0.004674557
0.0003362147	0.0009470325	0.001886921
0.003478161	0.0004138628	0.004164828
0.007490499	0.003670139
0.0003443135	0.003581624
0.00419733
0.01517649	0.001443436	0.02322062
0.004206865	0.003161945
0.0005533353	0.002985848	0.000813419	0.0005287069	0.006318399	0.0001858156
0.002659894	0.001214237	0.006265381
0.0002246529	0.002951825	0.01486795
0.000253372	0.03543422	0.001100264
0.005078495	0.0007063152	0.0007625251
0.002711948	0.003864602	0.0002793922	0.001306612	0.003374631
0.009530495	0.002500216	0.003363505	0.005817073	0.001447544
0.00193379	0.001044906
0.002612884	0.0006315127	0.04375052	0.002255531	0.01546874
0.00423322
0.001978138	0.0006702926	0.001012439	0.001192571	0.0003922399
0.00300417	0.0009231316	0.01042947
0.0007412409	0.005538123	0.001843172
0.003651451
0.0005832797	0.003171807	0.0005239019	0.0002179368	0.003480615	0.00446221	0.00847104
0.00961416	0.0004812983	0.01075774	0.0005582571	0.001225412	0.0005404381
0.003240362	0.00137586
0.002854192
0.00126962	0.0007686766	0.002679992
0.0007867931	0.01267639	0.0006830373
0.00187591	0.0002693278
0.00740677	0.004368261	0.0008327921	0.0008681824	0.0009808433
0.001309899	0.001314524	0.01137221
0.004088783	0.03174783	0.0006706559	0.001131381	0.0004032607	0.001274335
0.00188239	0.0002951506	0.0008522504	0.0005367029	0.005230299
0.0002875922
0.0009890588	0.004626455	0.001606643
0.0004886902	0.002931959	0.001718477	0.0003514265
0.01006419	0.0002115869
0.0001858932	0.003547549	0.00138617	0.01882597
0.004396393	0.003646242
0.006930261
0.001555738	0.001970244
0.0007874606	0.0009320507
0.001187056	0.0001422531	0.02118784	0.004354233
0.001285471
0.003117448	0.0007401069	0.00393371
0.0009865265	0.00185641	0.0003411108	0.0001722878	0.00194419	0.006306485	0.009897167
0.000397614	0.002569029	0.005467726
0.0001980747	0.005686151
0.001947208	0.0009206175	0.002886072	0.001661106	0.0005003982	0.000291062
0.001423662	0.0001617924	0.001077708
0.001180532	0.003555565	0.0002918958
0.00109017	0.0008021895	0.001602309
0.003393721	0.002712179
0.0003868566	0.004272542
0.01731162	0.005303357	0.003636594	0.0003529959	0.03028699	0.0003488631
0.001698558	0.00188575
0.01288753	0.003308076	0.0001916643	0.001955994	0.0007872584
0.003203334	0.007834609	0.000305792	0.002253455
0.009964305
0.000112882	0.005703622	0.06926066	0.004957108	0.01380385	0.001097084
0.001289369	0.009719072	0.002223592	0.002599348	0.01094602
0.000365706
0.002471316	0.001085375	0.01298213	0.001654341
0.0005921885	0.001574218
0.0005359415	0.008510814	0.0001992221	0.0007323772
8.935858e-05	0.000203368	0.0004072185	0.006912383	0.01673764
0.0003351699	0.000365996	0.0003478902
0.0005909449	0.001013436	0.004268434	0.0004384535	0.003221593	0.002097367
0.0001126467	0.005997861	0.002722931
0.0010567	0.006927595
0.00456682	0.001933412	0.001505643	0.01000539	0.003872824
0.002986299	0.007115424	0.002527038
0.0008736924	0.0009147347	0.002352895	0.0006185814
0.001238348	0.0005419428	0.003784768
0.00282763	0.001462249	0.0007040853
0.005946149	0.007177184	0.005243315	0.002644782
0.001340285	0.0006203932	0.001710697	0.001941348	0.006743429
0.003269327	0.001542871	0.00198278
0.0002318105	0.006533089
0.00708068	0.0007214564	0.01834821	0.006331606	0.009113155
0.001147266	0.004217471	0.001093712	0.001805022	0.0002045667
0.00096075	0.0004297736	0.0008170635	0.003980741	0.0007507398
0.0006411882	0.001878702
0.01551036	6.696744e-05	0.0007686116
0.005016646	0.01770181
0.001117789	0.001008735
0.002697489
0.003556568	0.004389826	0.002071097
9.313181e-05	0.003453997	0.0008213031
0.002102598	0.002714073
0.003928482	0.003172614	0.0002248685
0.0003749584	0.007395163
0.002814185	0.0008371174	0.0004988448
0.006422917	0.001518266	0.0187011
0.002324066	0.002328159	0.0008783883	0.01077933
0.0008158598	0.002237456
0.01704329	0.001691065	0.0005756442	0.0004330537
0.005307826	0.002815055	0.003613043	0.0003091449	0.004464635
0.00232265	0.0001235384	0.001565073	0.001160093	4.999113e-05	0.003046294
7.005072e-05	0.01015236	0.04231814	0.0002370188	0.01264257
0.006099999	0.005874094
0.005716454	0.001435246
0.0009146819	0.0007174005	0.005443568	0.001000419	0.0006174598
0.003515494	0.001669034
0.002529696	0.002205405
0.001502177	0.04511334	0.007019628	0.001260033	0.001389158	0.0007578105	0.0006022913
0.003187782	0.0003196004	0.001584779	0.001730647
0.003693039	0.0009369891
0.003523176	0.0004629617
0.001680972	0.002589302	0.002350875
4.167603e-05	0.0005891759	0.006843332	0.002921744	0.0006524528	0.02681692
0.0013993	0.002251036
0.001752487
0.005433912	0.0005257371	0.00141784
0.0007795321	0.0001887976
0.00129404	0.001723112	0.008458158
0.001747415	0.0008396867	0.001423669
0.0004994848	0.0005787248	7.169114e-05
0.00269975	0.003580724	0.0006591736
0.0003545637	0.006081555	0.007347189
0.0005983168	0.0005178486
0.002037473	0.001619407
0.002438554	0.00261774
0.000802045	0.004713794
0.0007400689	0.002070079
0.0002398362
0.008776095	0.00289972
0.001296972	0.01259866
0.01454839	0.001066679	0.03101054	4.257889e-05
0.0002727952	0.000644334	0.0008772824	0.001835493
0.0002317138	0.0002351409	0.005716687
0.00199323
0.01140601	0.001298508	0.0003044045
0.00656669	0.003928211
0.001890476
0.002021303	0.01514072	0.000740035
0.0005351568	0.00274729
0.003794921	0.00151809
0.003228512	0.0002053974	0.0005327371	0.002528368	0.0003536319	0.01668302
0.00103893	0.0001400414	0.002166912
0.01960215	0.00571967	0.01553032	0.0002819595
0.0002819322	0.002422023
0.007849325	0.0009483962	0.0005610371	0.0197123
0.005955666	0.002624566	0.0001565207	0.001590109
0.005265632	0.008610517	0.001332297	0.001518945	0.0006476752
0.00142658
0.04843528	0.0007502683
0.001715245	0.0009960411	0.01306165	0.01784538	0.01011536
0.001748833	0.004357257
0.001953728	0.007420815	0.003272152	0.00139471
0.006269526	0.001322409
0.0125213	0.0006312964	0.007287011	0.004880313
0.002496866	0.00258142	0.04467253
0.001361767	0.002051512	0.02263528	0.0003179089	0.0009205525
0.001824339	0.007278565	0.01393743	0.0003560825	0.00468846
0.006589019	0.008789393	0.0008983216	0.0003024539	0.0007195592	0.0007696167	0.000596142
0.009809211	0.0009439881	0.01025955	0.0077216
0.05331696	0.0004576076	0.0006216114
0.002997516	0.003283942	0.0006572836
0.003346668	0.001187507	0.000555036	0.006644588	0.001634473	0.001501906
0.001053789	0.0004145737
0.008303116	0.001219528
0.01171296	0.00654561	0.002709464	0.006277933	0.01530772
0.003212107	0.0005216194	0.01949879	0.0006484109	0.01058262
0.0003842172
0.0003113953	0.0003511738
0.008596052
0.02373351	0.000450155	0.006168458	5.182046e-05	0.0003568762	0.0003128133	0.05518055
0.008523599	0.00364378	0.0008686215	0.0002216244
0.001828527	0.0005972112
0.001951151	0.005376671	0.0057739
0.0002753969	0.000405046
0.006823037	0.008743114	0.00341942	0.0009824234	0.001477668
0.0002576418	0.005184683	0.004973999
0.001423257	0.01455909	0.0001080458	0.005248608	0.003775828	0.002007224	0.0002500262
0.001737983	0.0002754355	0.0006026178	0.0006570289
0.000349937	0.05245281	0.002573681
0.008708991	0.001292094	0.002519906	0.002969486
0.00294872
0.0002882903	0.001083586	2.910209e-05
0.002101636
0.003523719	0.0006383439	0.007303634
0.004559117	0.002042796	0.01854802
0.00291954	0.0007970844	0.005826208	0.0023528
0.0002648993	0.001280625	0.005837589
0.002461462	0.004053476
0.00347301	0.001081924	0.007295246	0.00472655
0.003667746	0.003536904	0.02230677
0.01045071	0.001998777	0.0003896289	0.001970439
0.005142047	0.0008043864	0.0102945	0.01925568
0.0003051145	0.006192344	0.002319837
0.003941385	0.001988259	0.0002638902
0.002060896
0.0002344327	0.0003643262	0.003140765	0.0002043004
0.02414551	0.003628597	0.000521056
0.0003922762	0.001053231	0.002410521
0.0005634911	0.00186983	0.001645148	0.0004532886
0.001137629	0.0002682705	0.0008790729
0.003074766	0.0008910365	0.0005630559	0.005190867
0.003900362	0.001863124
0.002849884	0.005625453	0.0006002221
1.989927e-05
0.003089732	0.003831841
0.01371071	0.000756672	0.02616253	0.0008988841
0.000944958	0.003333971	0.001522069
0.0003305495	0.01522977	8.709308e-05	0.003215022	0.009871698
0.001076395	0.002504783	0.008306017	0.001077831	0.01406344
0.001671385	0.005866208
0.0001127296
0.001266298
0.005662025	0.001738019	0.006047015	0.0006267157	0.00059574
0.0004855734	0.0001806651	0.0009734666	0.001314405
0.001795469	0.005522046	0.0005455229
0.01336027	0.0004886734
9.218917e-05	0.0002427226	0.003379548
8.8576e-05	0.01038169	0.01225401
0.001039046	5.746258e-05
0.006200601	0.0003247922	0.001201789	0.01413811	0.003023121
0.003256164	0.001464701
0.02125504	0.0008842119	0.008921665	0.0009166528
0.0006663101	0.002172112
0.007896358	0.0007137676	0.006155737	0.01379266	0.002637692
0.0001562325	0.0001730103	7.507169e-05	0.001420559	0.001139453	0.03529464
0.002973806	0.0002277077
0.001117409	0.000593627	0.0006881991
0.000843956
0.0009562878	0.0006742915
0.0006656858	0.001504495	0.005500047
0.002903503	0.001065391	0.001307903
0.0003081655	0.004285383	0.0003158503	0.0007838266	0.0005668123
0.004163834	0.0002634847
0.02321871	0.002086047	0.0031163	0.007380423	0.0009441258
0.000184282	0.0007280516	0.001473791
0.0009814863	0.003154897	0.0004189933
0.0004379292	0.0009516866	0.00130698
0.0003094662	0.000196361
0.001860793
0.001180689	0.00385922	0.004235864	0.01720635	0.004855083
0.007187798
0.0214471
0.001585284	0.006409552	0.001956639
0.01517516	0.001910736
0.01018505	0.002692596	0.004899439	0.0006886905	0.0008371944
0.002221153	0.01384864
0.0003626053
0.001194362	0.00434579	0.001183888	0.0008572975
0.006811462	0.005200088
0.002573585	0.005277475
0.001500824	0.001079832
0.002899679	0.00561515	0.01632128	0.004184619	0.003788253	0.009227451
0.003311767	0.001171258
0.04510237	0.001774672	0.001418501	0.0005608764	0.002532043
0.0005001705	0.01189144	0.0008719301
0.004181045	0.00198457
0.000380628	0.002433303	0.02690205	0.0001927233
0.006276712	0.002377772
0.001165541	0.005469945	0.0007880619	0.001765772	0.001183481
0.007049082
0.0004596092	0.008071976
0.002025077	0.002075834
0.0006270765	0.0001616219
0.0003199236	0.00550816	0.01028469	0.0002219297
0.005433563	0.00167471
0.003190515	0.003975777	0.003136677
0.001457674	8.459888e-05	0.00997718	0.0002942769
0.001148993	0.000271323	0.000690027	0.003282501
0.01124455	0.001160415	0.003910645
0.001029611	0.004098455	0.007521251	0.0008290155	0.0001883265
0.00233997	0.0008398914
0.001644421	0.0008517449
0.005223232	0.001127215	0.005713124	0.006281433	0.009840523	0.002718004
0.003328712	0.004656025
0.002383426	0.001770307	0.0006434888	6.827274e-05
0.001199736
0.001987884	0.0008721491	0.002239642	0.001826917	0.000901479	0.001966243
0.002076622	0.0007886343	0.001959454	0.0008174998	0.008389009	0.001463323
0.00438105	0.002261476
2.251272e-05	0.005149351	0.003703164	0.001590476
0.1099161	0.001594548	0.003254095	0.001534161
0.006028746	0.001738235	0.002535798
0.0002857451	0.003933439	0.002039076	0.008028308
0.003291675	0.007844571	0.01847994	0.01027388	0.001641317	0.00235685	0.001508245
0.0003146558	0.001340529
0.001160808	0.0001135713	0.0004605368	0.00257166
0.00533864	0.003414846	0.0001729523	0.0001098445
0.0003743894	0.001335413	0.0004004635	0.0278305
0.002381652	0.003498809	0.006651224
0.002207429	0.001727451	0.001598878
0.0007177624	0.0005387371	0.002698654	0.001269013	0.01034713
0.001974881	0.003462544	0.001531077	0.007188092	0.001023419
0.0002983549
0.01608113	0.005608867
0.01345281	0.001073044	0.006241633	0.001017924
0.001321752	0.0002822711
0.003016422	0.0008164814	0.0009318672
0.003696648	0.0006480986	0.006733687	0.001982537
0.0004707906	0.0004381228	0.008449971	0.001093098
0.002246845	0.001101537	0.0006370916
0.002209951
0.002244417	0.0002628924
0.007873847	0.0001854486	0.02318687
0.0006581965	0.009405465
0.0009641405	0.007188954	0.0002118013	0.001062941	0.0002537611	0.001362722
8.3711e-05
0.003290336	0.006678031	0.002515672	0.01068318	0.007695262
0.0005705143	0.000579434	0.00128018
0.0001818037	0.0001551366
0.003248885	0.00885135
0.0005373882	0.01674504	0.0004449025
0.006090112	0.004335265
0.001215127	0.007909396	0.007459266
0.001302613	0.005095431	0.001684187	0.01164736	0.01317989
0.00572687	0.001010132	0.008077014	0.0008158664
0.001366986	0.0006046019	0.01745218
0.005072902	0.01229931	0.001584124	0.002188535
0.000891619	0.005936611	0.01457018
0.0003837828	0.003804006	0.007651812
0.001119748	0.0009060165
0.006411565	0.002283819
0.00125139	0.0004664651	0.0002378714	0.002453399
0.0003348846	0.004351727
0.0003762724
0.001600574	0.000264549
0.003290247	0.00437166
0.001260168	0.0134774	0.004986887	0.001796863	0.0009273663	0.01018761
0.00292455	0.005994337
0.003177259	0.0009796983	0.0006499536	0.001639884
0.001107713
0.0006452261	0.001017185	0.001534712
0.0007476715	0.00901212	0.002421781
0.0008436267	0.02037175
0.006849431	0.0002045207
0.0006124131	0.002511339	0.0002577185
0.002832351
0.001829019	0.003717859	0.000275045	0.005748473
0.0001706526	0.0002744009	0.01568636	0.00559033
0.002603333	0.02409721	0.001739492	0.001579939	0.0002641512	0.01105822
0.001353844	0.001889133	0.002481611	0.003806468	0.001473182
0.001059493	0.002327007
0.007380774	0.0004121064
0.01550552	0.003596563
0.0006057082	0.07057549	0.001514833
0.0007381271	0.0004050248
0.0005992614	0.0008218675	0.000615525
0.02203727	0.004577311	0.002201112
0.002593546	0.0008126717
0.02822577	0.0001719228	0.004738904	0.003628238	0.00333948
0.00111532	0.01393767
0.0003599277	0.003895755	0.0009781604
0.003908179	0.0008632659	0.00369092
0.008925472
0.01018188	0.01901441	0.004670153
0.007544956	0.0001653514	0.009714884
0.0006216381
0.001405575
0.0009005547	0.004285361
0.001702364	0.001100014	0.01107124
0.006548284	0.00583751	0.0005148083	0.00501955	0.0003465924
0.00149923	0.03072252	0.001467664	0.008532717	0.008192065
0.0007534663	0.009855863	0.005565653	0.000607014
0.0001302992	6.80957e-05
0.001673422	0.004451281	0.0002417688	0.0006062994	0.001005026	0.001426261	0.003153272
0.002687452	0.001205963
0.0009072403
0.0001552956	0.001248729	0.005413232	0.0004962368
0.003528959
0.001075415	0.001518182
0.001894286	0.007979676
0.0002883851	0.00885315
0.0265028	0.002341661
0.004283606	0.001909541
0.002261645	0.0084363	0.0004075168	0.0006214023
0.001448652	0.000757694
0.0126635	0.0006250799	0.02406373
0.002256683	0.00505212	0.001701243
0.001765016	0.006144842	0.0215488	0.001430369
0.005307092	0.008078875
0.002173397	0.00479022
0.001877098	0.001217694	0.01160724	0.01149412
0.0006060812
0.007110018	0.0005029022	0.002646343
0.005272292	0.003561041
0.005704577	0.007500431
0.001569414	0.002809929
0.01098683	0.001677631
0.01953961	0.001526847	0.0007237986	0.003256889
0.01297078	0.003563436	0.003268055
0.0008817908	0.005747819	0.00114024
0.007081051	0.009214355
0.002010697
0.0003065491
0.003996646	0.003872972	0.009586923	0.001056212
0.0101559
0.004794592	0.003079934	0.003767094	0.0006749905
0.0008456043	0.001977955	0.01513842
0.000345413	0.001641574	0.002287572
0.002462063	0.0005642432	0.001264787	0.0009401961
0.004620262	0.03184039	0.003487774	0.0007947785
0.003013494	0.0007020889	0.001062428	0.002168497	0.0002699203	0.0006938653
0.001178427
0.005405403	0.005884729	0.001347872
0.0008165287	0.0005401253	0.005551757	0.0004653011	0.00245265
0.0004074904	0.0008358864	0.0009091875	0.0008241879
0.0004274158	8.2916e-05	0.005860277	0.00046912
0.01280217	0.001410818	0.003609331	0.01329504	0.006401705
0.001201125	0.0009274867	0.0003833228
0.006545409	0.003668382
0.004656672	0.003073485
0.002278148	0.001611527
0.0008371713	0.003681751	0.0008640332	0.002014473
0.00369705
0.0004270333	0.0004421511	0.0001265114	0.002520023
0.0171144	0.0003096147	0.001208962
0.02336064	0.001316051	0.001732686
0.001947657	0.001973488	0.0002620444	0.0001698952
0.00762425	0.001045692	0.001115673
0.001669711	0.002670738
0.001024462	0.005535618	0.007757364
0.008466563	0.005297461	0.0004284878
0.01680552	0.00368411	0.004262506	0.0009075067
0.008316781	0.004780857	0.00852018	0.001263955	0.01106131	0.007356575
0.01674519	0.003407288	0.003429624	0.0004246082	0.001547018
0.0004395625
0.0007335446	0.01276866	0.0007354511	0.004433444	0.0003149461
0.01983308	0.009387893	0.002287253	0.04644414	0.005430265
0.0147027	0.009900863
0.01112332	0.001000327
0.002327002	0.0008336091
0.003804838	0.03208111	0.001570293	0.004358761	0.02168858	0.000154851
0.0003330284	0.0007175615	0.06616955
0.0008543574	0.00181134	0.001505776
0.01483596	0.006872764	0.004410362	0.0003919474
0.001845482	0.001168377
0.001047287	0.001147431	0.001040265	0.00232758	8.136148e-05
0.000392177	0.004107882
0.001001126	0.0009203434	0.001254722
0.0003794357	8.223796e-05	0.001939359
0.0003044554	0.0005147915	0.007043828
0.0004955153	0.0008399661
0.004850095	0.00150164	0.0001301858	0.004923484
0.01949992	0.002092952	0.0008532562	0.0007741063
0.0006919821	0.006643393	0.0002055286	0.001364118
0.00302492	0.0009814049	0.0002798645
0.0006696984	0.0003804618	0.002230784	0.004026625	0.000269865	0.0004121957	0.001877143	0.003197173
0.0008179445	0.001916888	0.002746816	0.0008232652	0.02235049
0.001993132	0.004882412	0.002894363	0.01164763
0.0003689577	0.0008630318	0.001970702
0.0007426462	0.008949801	0.001534415
0.0007906664	0.001728831	0.002581819	0.0004822224
0.001343885	0.003612963	0.003231183	0.01013316
0.001280279
0.000275517	0.0009411602
0.0003681079	0.002980734	0.01247281	0.006688465
0.002873792	0.006786861	0.007167674	0.001431009	0.0007027344	0.0004534777
0.0001597134	0.04294113	0.0002823824	0.001947881
0.001226015	0.002598829	0.001038551
0.01609452	0.008121438	3.85516e-05
0.003423364
0.0007035097	0.004352867	0.0009782134
0.005534362	0.0002857571
0.002262625
0.008983629	0.002845961	0.0008921722	0.005811789
0.002475493	0.001470995	0.03076374
0.0010382
0.001394731	0.01180433	0.001603509	0.004701453	0.003040426	0.002564868	0.03485429
0.0056193	0.001199695	0.003006521	0.0064485
0.001409712
0.005030886	0.001117498	0.05584754	0.0009369641	0.004172697	0.04813645	0.0006372585
9.775347e-05	0.004013501	0.000771063	0.0008349904
0.001915623	0.0001385526
0.007823693	0.003649229	0.003717335
0.000864401	0.002411913	0.002575372
0.00345991	0.0006259058	0.002309393
0.001725506	0.0002094651	0.0009928626
0.00138376	0.001856925	0.001451484
0.004308491	0.0008023251	0.0007179377
0.002525693	0.004883115	0.00163546
0.009496156	0.004251943	0.006091468	0.002300469
0.003303711
0.005645678	0.001231837	0.001168762
0.003211679	0.003045703
0.0008475411	0.001030623	0.003616984	0.001598915
0.005243222	0.001693627
0.002495649	0.0002666902
0.02078688	0.001676161	0.003234629	0.003005537
0.002144766	0.002593207
0.0008268531	0.00148212	0.002338487	0.007246933
0.003122638	0.002552624
0.002024742	0.0004204093	0.0109817
0.01468346	0.0004339343	0.0179064	0.05341358
0.0003291286	0.001721079	0.008423059	0.0005103137	0.001164895
0.001775496	0.0007788326	0.002431294	0.0004834241	0.002678713
0.01611051	0.002046675
0.0009466457	0.001578366
0.002588421	0.0007973375	0.004717569
0.002618021
0.002686175	0.003200468	0.004449562	0.01049628	0.0009178153
0.002265243	0.001292805	0.01389891
0.002332634	0.004771313
0.007880249	0.001522464	0.003351981
0.0001489985	0.0005864928
0.001029279	0.001602275	0.002143504	0.002930999
0.003916328	0.0006349013
0.002224422	0.006144276	0.002001968	0.0008406944	0.004970924	0.000840063
0.0017147	0.0002505286	0.002067621	0.0005274113
