MassExtinctionTimes
2.068862	25.16453
28.40708
1.887371	29.71976	15.96033
37.5837
27.21473
37.7068	0.5077438
28.70002
37.66715	36.08801	6.100426	22.27353

37.69622
16.78151
37.76146
29.23505	35.19163
36.8016
4.816204
3.163908



30.2001
37.72295	37.62902	4.17319

36.93559	16.66978
28.5907
1.308172

0.2813156	32.8869	12.45039
16.62801


28.9512
4.94676
1.618074	34.31154	26.56882
34.30868
37.28129


38.23075
6.094585

37.0321
34.70035	23.07174	1.539585




1.909179



1.10552	1.107295	2.271988

3.604924	39.15853
5.067722
3.050859
37.23975	3.500435

35.36562
36.9097	27.87275	1.114552	1.114646	0.3690985
37.7927	29.10506
37.54886	35.56838	28.25553
37.06327	32.61634	34.47678
23.38008
33.31304	27.3613
32.86359	14.04549
37.10459	0.1140695
37.69579	34.98878

34.49421	25.4056
36.58874	17.11638
27.05291	6.331396	19.41755
37.41467
33.67899	28.32122

13.0837	19.87092
37.48574

34.39415
36.70637
9.377242
29.89783
30.12919	37.2181	29.64746
25.15725	1.312445
16.82499	35.83184
37.97487
25.31266	22.7983
38.01676
36.90017	2.242951	27.64539

2.470438
27.87024
37.75603	22.72595	36.7495


30.43445
3.877486
3.295718

26.34584


34.22785
37.43286
37.16223

34.1671



9.341491	38.09651	22.07226
0.7003514	17.38277
5.879687	2.784696
28.56731






23.1713
23.88106

28.77712


37.01113

32.24739





6.471285
40.10614


18.99341

37.57042	23.12037	1.666932	3.508912
29.50403	1.924896	2.611597	36.95977
33.21812	0.3567402
34.75062	1.997035
37.57338
33.3962	28.0037	3.700653

45.77252
37.89951
21.90747




36.78431
37.51772	28.68211
37.65542	26.9819	20.57973
28.6451
6.445955


0.8950362
16.34151

2.6535	33.40164

21.55868


30.10283	37.52991
36.57704
32.08376
33.49673
34.52271	2.566645

11.30157


30.132


10.37767

28.5436

9.052926


30.31777	43.05239	1.274004	29.23911
3.18105

42.14685	0.4345661
10.87286

12.12604
34.34239	21.76184
37.17199
27.66982
19.30452
2.962489
31.81631
0.9967883
2.666598
20.07659

2.585793	14.26883	14.85361



37.20189	27.34626
0.7202943
37.17653	34.45054	14.66995
37.55557	28.66199	0.8639186
37.65511
29.44194
18.41853	29.43668
37.5267
23.65491
5.833648
16.30876
3.220199
11.49021
0.6732597	36.7406

37.75804
47.61143
31.51583	26.90862
39.13433
9.107078
37.81498	1.933768
31.87548
2.621236	4.669941	30.4446	13.40798
27.51957	36.6198

47.60651


38.28205	0.04525571


15.9481


0.7856515

37.46008	30.13014
37.45034
27.68309
32.60647	34.0187
35.34095

13.95224
5.161123


38.40242	27.53021
38.13632	28.49144
26.84372

37.34559
34.14633

1.598951

37.145


33.89888	4.582671
37.66863	22.90701
35.89901	23.28311


0.5477167
27.72113

37.62276

23.29006


37.84383




37.08667
36.96056	1.714279
28.33094	17.24769
17.94492
33.58646


34.38358
36.4425
34.02512
37.24763
27.02665	0.0145341	21.7435
30.03669	3.280514


29.44217	27.64585

37.57383
33.68128	45.60116

45.07773	27.81749





26.92271
37.96151	34.69448	0.2391758
37.7006
37.50716
35.21583
27.75108	32.01883	4.515724	2.291297
23.39148	4.948393

45.87591	4.406335
2.577773

27.93802	27.55437	1.429027
27.79898
37.93747
0.7180074
12.16618





2.493036
0.6722856	36.9241
34.89322

36.3249
0.9011836
10.27127
5.893903
17.49039
35.43046	12.50911


1.113518
32.4979	22.69059
37.51646	39.78867
37.01682	10.65266
34.32772	45.01035

37.19236	33.58178	37.11722
33.5083	33.18475	23.51982
37.19446	42.89122
37.51288	25.35808	2.13843

37.65977
33.48022	7.253651
34.22247	17.73268
29.23337

1.268861	2.942738
29.96277

15.36832	18.22571
37.15547
37.77631	15.31462

2.476425	5.988956	6.022143
28.88019	18.44114	16.4321


1.934584

3.437806	34.16572
26.84589	3.789477


3.186415	0.08713585
33.30399


0.6728984


37.46532
33.5317
38.15064	19.83463	4.610354	24.62984
34.62134	47.83866
0.5770567
2.374886

37.5729	5.190353

27.19895
26.67329
37.8801	26.97914	4.668601
37.63486	7.880749


9.665514
37.11745	36.75923
0.9088652
6.423345


1.16827	1.806975


23.43424
10.91394	17.92887



8.359286	34.26034	2.996272	42.88856	46.26966
34.69976	2.689497	46.84585
45.73065
26.86371	1.099491
33.51347
29.64858	2.04408	28.45504
36.76196

18.91376

27.07781

10.52383


2.518065


37.90513
35.83401	10.63551
34.20627	33.90759	33.91442
32.99192	20.78213	3.225986	1.004735

18.32453	21.04635	28.80309
33.53748
34.21644	27.65197	1.816456	9.982141
37.78229	30.28813
37.78229	3.299628
33.30776
37.16151	3.83062
4.691745

2.132514	5.003969
38.58154	38.02299


22.66188
5.524177

35.29764

2.028238
31.4125



26.33549	8.590247	23.55456
13.97304	21.92748


3.313571	36.57479
5.293751
34.26948
33.3977


1.226911	31.93762

31.75958

27.07895

37.77968

37.3658	4.956832

11.06974
40.90687	0.8397403


3.637054


1.6414
37.09392

37.79784	0.005528921
21.60497	33.41903
36.82588	0.252798	24.04863
15.65123
37.14579	31.0441	3.707738

37.03823	4.053124



36.89964	22.09213	7.638857

30.20505
37.54641	19.67787
33.52306	14.94431
38.30091
1.227119
3.984088




37.87242
28.71471
37.07593
36.38672	26.64445	19.07216
36.6151	10.39255	1.043508
12.87477	19.12307	28.86871



35.44913	2.926372	36.29929
17.59186	28.72141
28.48688
35.25613	3.415937	31.20381
2.152682	28.57763
37.36329	35.01788

26.20055
31.27757


37.62008	25.6447

3.678839
25.49003

5.304774	33.80683
22.68992
0.2571045	2.240711
31.32438

2.546315	31.44518
31.31517
34.53209
22.55505	41.49406
28.00774	0.8912266
37.88419	45.39192
37.70087

4.059744
36.07274

5.18887
2.679065	38.10099

38.69368	17.43269	38.15156

37.86777

30.98205



14.91563

40.42998
13.53748	1.944753
8.163588
34.44002	3.588256
32.8714	26.72942

27.29673
28.50868	33.08791
3.102544
37.61414	20.08329
0.8832042



21.93031	2.907878	25.64853	35.30195
37.09548



23.45936


40.98036	22.04587


26.72476
12.57476




2.705776	28.48327

34.59354
37.45231	21.29484	32.94779	30.76579
35.57843
34.36363	20.67947
33.25955
28.61859
45.88774
3.836138


37.48111
30.09559
37.52412	26.74388


34.18142	38.23154	0.7933131
37.9871	8.655204	36.83983
40.28474

26.74329
26.30545
39.54932

1.569558	33.76265

34.08322	37.80597	13.32327
34.06094	41.28243

17.8479

1.343095	4.063117
27.77838	37.32312
29.73625


33.98351	20.25902	39.44122

37.7125

17.55752
35.05941


30.8496
16.57253	3.453215

16.11607

30.71131
38.31951


33.38965	28.70223
30.79234	3.385563

25.49625	1.096453
46.93962	4.396172
4.185366	22.18347	22.44487

12.29552
3.408221


37.15443	27.43175
37.59558
37.05855	24.86992	27.49928	26.41097

37.40021
33.61224	23.51083

36.98853	3.230544
23.0288

13.45425
25.59816

37.97226



33.28203
33.22668	27.75087	0.6328586
33.763	25.20333	1.481514
