SpeciationRateChanges
41.17239	37.33038	15.44255	36.13822
41.31302	38.36131	45.33392	20.98813
41.56404	37.27234	16.2647
41.26993
41.2802	28.27033	6.037974
41.23196
41.15553
41.21731	41.15383
41.21731	33.05604	13.56291
41.57712	30.34636
41.24415	34.74999
41.16292	30.11643
41.1971	27.41132	26.47634
41.77628	22.29936	16.03817
41.98785	43.93726
41.17904	33.7011	32.44889
41.38118	1.386611	32.34982
41.16347	33.7853	1.658699	24.94695
41.16872	17.07336	29.34877	19.90551	12.49074
41.17904
41.86766	36.76763	21.49594	27.63946	48.28564	20.20866	27.94203
41.72782	37.38804	12.27355	18.36356	1.770702
41.22955	0.9395322	43.42522
41.2662	3.490329	33.59155	31.04495
41.91614	37.79988
41.14298	37.73714	12.89561
41.14602	37.67476	20.71623
41.52983	25.97944	27.31296
41.24774	37.93278	42.2906	29.65355	11.45052	29.52642	6.881733
41.20498	37.74684	28.59229
41.79183	37.86727	30.1857	12.14205	23.20023
41.16211	34.20988	18.42112	3.694546
41.26636
42.14017
41.25219
41.20137	37.48922	36.41371	35.50211
41.17509	36.9863	14.92689	20.53182	2.8148
41.23298	34.40242	1.2443
41.22426	34.11518	5.280569	29.44508
41.16625	34.37319	10.706	30.03404
41.17255	2.602248
41.83048	0.1701236
41.94451	37.23379	48.49996	21.74787	36.79397	41.21077
41.25483	38.12761	4.239493
41.66533	37.88516
41.38565	35.00718	12.04133
41.79003	37.86944	5.109461	21.46845
41.22653	37.86068
41.35923	38.64599	26.45674
41.21053	37.92858	7.247101
41.21053	36.71682	13.22006
41.39626	37.67682
41.18003	36.61873	19.74976
41.18003	33.7503	12.35007
41.23518	15.15665	10.25473
41.14724	3.800329
41.77998	0.7952382
41.21965	1.622464	0.2663456
41.21185	22.32292
41.61234	4.859977
41.24292	1.75812
41.19335	20.52894	14.92684	6.349763
41.70288	9.179842
41.78427
41.23765
41.19924
41.81914
41.70862
41.26803
41.17471
41.46751
41.17356
41.36392
41.94204	37.22454
41.16945	36.64254	36.08761	32.97628
41.25215
42.06402	19.39917	13.3376	16.54532
41.6683	1.158262	29.37165	16.01185	47.38281
41.54157	32.52014	8.753474
41.26633	37.4617	10.57594	11.78767	32.98537
41.16688	33.47353
41.68931	34.78785
41.91881
42.14464	32.7743
41.16058
41.47049	11.30511
41.57466	37.6374	8.108548	30.09813	33.54126	33.84727
42.04353	22.59276	16.72454
41.22563	28.1181	6.53328
41.53893
41.17124
41.34157	9.566615	43.63463
41.24317	37.21359
41.15856	38.22766	9.467113	21.89409
41.15856	34.33312	14.84497
41.9274	36.8047	30.02829
41.20138	34.3325	31.39272	10.68622	14.32329
41.19206	36.89091	11.85382	22.54666	35.95282
38.3426	41.23254	25.53405	3.619202	0.6180252	34.93167
41.83623	37.82748	18.23401
41.1711	34.66945	16.93017	25.50243
41.14438
41.58593
41.17345	29.08615	1.72841	0.6882601
41.77453	23.56611
41.27201
41.29145	34.06236	1.432959	3.585476	10.60064
41.26739	37.7664
41.18359	37.80788	28.17577	24.51486	24.35182	16.14155
41.77237	33.80713	8.698752	42.93336
41.89503	14.77579	36.17214	0.9962193
41.18951	37.37751	0.8999097	24.84749	12.93833	5.563434
41.18951	37.31582	10.86799
41.18951	36.59965
41.18951	37.72452	20.61327
41.7686	37.5135	35.66184	17.19589
41.1809	37.83504
41.18671	38.90918	33.32986	11.25875
41.18507	36.94317
41.40221	37.97246	16.71119	0.1933909
41.28364	34.54752	24.87798
41.16744	38.09718	48.52266	18.66836
41.65277	37.76496	11.02109	22.50221	14.4814	33.47861
41.20018	38.38849
41.22091	37.80632	20.21809
41.22091	37.12332	8.747009	9.980443	9.310465
41.6834	37.2931
41.22658	37.8872	12.33385	35.08782	30.52307
41.96271	38.01935
41.30705	37.58142	1.389006	16.16064	9.920043	30.56212
41.18196	37.05778	18.87608	32.97132	19.49181
41.97296	37.05417	36.22995	12.45304	28.10606
41.21544	37.28512	15.81533	10.02285
41.56291	37.50228	10.47788
41.28454	34.74905	32.20083	9.325419	29.33842
41.22403	30.72613	6.040596	47.68404	4.871444
41.27695	37.16139	21.51031
41.27695	37.68683	24.39365	36.26915
41.79598	36.50001	13.44729
41.78038
41.19392	40.19744
41.17815
41.17815	30.22949	20.7757
41.4155
41.22511	19.35058
41.23637
41.87638	32.79723
41.18722	37.35473	29.51508
41.25066	27.28733
41.80172	29.11915	33.38592
41.27365	37.72006
33.74729	41.20496
41.26709	30.1641	12.56224
41.25993	27.79036	13.21345
41.20287	25.51292	12.5059
41.23172	30.35362	18.03699	34.03472
41.23172	36.99909	18.87709
41.76034	37.69403	6.419164	5.859211
41.85584	37.78638	34.14544
41.26899	37.25674	36.74229
41.27281	37.84741	7.09077	13.71972
41.21797	35.33467	15.06996
41.13965	36.40813	8.635728	13.17906
42.14274	28.01548	45.64255	25.00643
41.53821	31.31295
41.43888	37.93307	20.59153
41.77332	38.18441	4.402724	4.066431
41.68181	37.55912	37.15434
41.28089
41.20564
41.61908	38.54233	36.72103	30.62135
41.33206	33.62497	41.33056	8.110009	5.502361	19.4862
41.24662
42.33808	41.35986	23.67527	6.759263
41.14071	3.554552
41.96392	0.9616278	41.15734	35.65022
41.44597	33.63185	17.37557	3.402128
41.7793	37.56437	8.231833	25.3633	14.7397	9.763091
41.17632	21.77418	24.42845	37.73048
41.34379	37.4978	1.094967	16.76077
41.18609	37.49313	32.8744	10.30703	36.70142
41.18446	33.49673	14.1816	10.75402
41.2382	34.56779	14.26957	4.935765
41.16875	37.8098	9.425434
41.16875	37.71965	35.88908	16.93741	6.778047
41.16875	34.48977	26.90237	11.12303
41.2649
42.0048
42.06439	43.79425
41.97459	37.18668	41.37407	26.10219	37.00088	1.300248
41.23048	37.67318	25.79488
41.17882	37.90857
41.17366	36.99076	4.878931
41.20316	34.38482	27.79352
41.2654	0.08178075
41.22193
41.24425	35.32404	39.55841
41.96125	14.13438
41.89409	8.889282
41.2864	37.46692	8.290345	10.46775	9.96164
41.75811	37.66062	15.28326
41.24632	37.53948
41.13074	34.10494
41.63953	37.23853	41.22955	35.22623
41.17204	37.26366
41.83434	33.39976	16.228
41.28643	37.79705	11.54141
41.69038	37.3598	25.43088	29.5605
41.21334	37.26434	5.955938
41.7122	37.50076	22.42771	34.60881	21.57402
41.16862
41.18884
42.21751	27.38825
41.66926	8.105396
41.30635	34.70967	29.00218
41.16835	31.25786	23.39828
41.20858	33.7374
41.21157	35.88674
41.94849	37.12868	14.08982
41.23716	38.17637	11.85195
41.29592	36.90487	17.31785
41.16901	37.67364
41.25717	34.47656	21.70418	15.79859
41.17206
41.16501	34.80074	8.66126
42.46733	12.27238
41.19033	34.31607	10.2884	28.13783	8.686806	13.85633	30.22473
41.19033	33.30182	26.87407	31.78794
41.81212
41.16606	2.202289	6.279625
41.1741
41.53174	28.31521
41.69456	4.49041	35.77788	16.90557
41.23644	37.90037	23.31216	10.55464
41.35238	35.49507
41.2266	37.67587	27.19083	8.287186	34.86622
41.45625	37.10331
41.25111	34.64435	6.737611
41.1678	34.21765
41.1678	36.98799	14.66239	11.45031	13.76065
41.56732	34.31708	14.13711
41.19959	37.82081	31.69325	10.40901
41.19754	38.10402	3.257833
41.26659	36.5089	12.5953
41.14363	28.60994
41.76311
41.9755	15.946	3.774022	29.6091
41.17412	21.46979
41.62032	37.45	9.307747
42.25913	37.30582	41.23402
41.11698	37.81529	18.29029
41.23396	37.67166	23.70474
36.89016	2.574102	34.34629	23.95694	41.19494	35.32161	1.427815
40.91171	41.7692
41.28565
41.5485
41.49818
42.04579	3.445718
41.31676
41.14553	28.68614	2.437814	6.117082
41.30506	37.27456	26.9595
41.19114	37.60292	7.547458	17.5493
41.68153	37.71321	3.610878	23.37642
41.28539	37.67307	22.44163	12.89871	37.26418
41.21364	37.38852	26.66006
41.81088	36.07068	1.429693	17.79716	13.82505	0.8785371	21.76532	20.38462	17.20664
41.90574	40.03499	29.41459	26.44889
41.75391	2.706637	48.04269
41.28254
41.1998	38.00399
41.29213	37.79231	28.54781
41.3361	37.75194	14.67099	34.95633
41.42986	37.05341	32.01101
41.77416	37.34588	13.48545
41.27533	30.8624
42.28717	33.77461	4.382826
41.20375	36.98408	3.130693	15.83897
41.176	36.94371
41.80956	30.08081	8.900083	25.51033
42.26832	11.79711	4.193904
41.78004
41.67072	37.80712	19.99497	4.630023
41.39776	37.76758	25.92709
41.7695	32.79439	18.84952	5.297056	27.30064
41.78283
43.20529	41.23102
42.37842	17.34482
41.25201	37.07892
41.68655	37.93562	23.36152	20.00211
41.17012	36.72939	19.71722
36.38575	41.83781	12.51016	28.52337	17.67527	13.15854	26.77946
31.50036	41.36834	6.511259
41.71277
41.18864
41.24508	15.18612
41.21607
41.60213
41.35861	37.79723	2.231838	19.86769
41.29128	37.77848	25.61977	11.65975
41.19842	37.08903	23.94678	4.238579	4.448242
41.65545	33.53967	31.09901
41.19792
41.16863
41.77537	37.55079
41.56172	37.63537	28.90797
41.88239	37.84411
42.08394	37.81106	2.92877
41.15828	35.69115	1.208334
41.3383	37.60979	38.67934
41.75018	34.58689	10.55011
41.78419	14.41676
41.60697	33.19047	20.73032
41.25394	30.73105	28.06735
41.21457	32.20016	3.219403	18.54527
41.6853	34.81459
41.17176
42.05806	3.743419	35.58793	18.47111	38.90093
41.26818	37.75968
41.22014	37.53349	22.66741	19.58163
41.16504	37.92035	18.34699	10.70779
41.31065
41.20546	37.15835	14.94507
41.18411	36.51689	36.18643	4.999971
41.19126	34.39526	1.239685	9.504659
41.20745	34.31389
41.20673	37.70904	6.107041	20.53835	11.81197	25.00059	12.69532	12.89095	0.1333179
41.20673	36.74993	20.44408	11.21729
41.20789	37.8522	28.94366
41.37392	37.65248	8.819223	0.4446835	36.48116
41.81662	37.35701
41.16874	37.73015	1.641135
41.17324	37.59203	23.37461
41.14667	37.62465	8.370196
41.21859	26.41828
41.76447	36.33008
41.47622	38.11271	22.688
41.93842	37.41315	11.30157	19.02396	9.66444
41.36343	36.86887
41.31562	37.8046
41.80108	36.74382	18.2528	22.87119	22.17501	18.65456	21.50464
41.76202	36.52589	21.7167
41.19588	30.55166
41.67374	37.68823	10.05103	14.23889
41.86269	37.04184	26.68404	19.89985	35.24185	1.334876	19.52188	9.766229	24.70232	33.12057
41.3853	35.41185	24.5436	24.28225
41.23806
41.66556
41.17232	8.4429
41.7905	27.59215	16.9892	13.4275
41.86245	28.54722
41.29817
41.4814	42.16931
41.3466	5.350722
41.80211	1.59072	32.01691
41.30453	26.89826
41.21656
41.21848
41.92057	41.73543
41.16041	35.47294	3.367256	22.36878	11.2588
41.16669	37.01461	14.14899	35.868
41.23894	39.45402
41.11946	37.10539	15.87889
41.75787	37.29655	35.8545
41.45925
41.31436	23.3475	10.62339	4.565803
41.37638	36.82772
41.8315
41.23554	22.51222	36.86508
41.47447	37.36597	42.74925	7.154684
36.27477	41.36609	21.98431	20.48247
37.74095	41.66234	1.082578	13.43138
33.2662	41.19956
34.44994	41.629	19.22241
41.22444	8.362664	4.012854
41.84849	35.17691	46.93387
41.17486	36.92272	7.027791
41.15047	37.69571	21.94485	13.18896
41.19894
41.24471	32.85265	5.545408	31.11232	30.54728
41.21703	35.6552	16.11182	18.4898
41.17656	37.83741	10.49273	0.8056417
41.99898	37.5417	1.905297	41.27091	37.09623
41.43028	10.4648
41.12316
42.28915
41.3458
41.39963	6.501316
41.19103	35.07411
41.17496	37.02551	34.11625
41.8384
41.69775
41.13906	37.75783	9.194361
41.6562	37.69426	5.541964
41.45412	34.18392	20.85871
41.52432	26.02985	41.3764
28.48082	41.59355
41.78064	38.14535
41.82995	37.49568	4.511385
41.21945	11.53156	9.196659
41.75009
41.17425	36.53116
42.22356	33.4433	4.212727	19.72833
42.12989	32.69236	29.33625	33.14734
41.81612	34.55335
41.31627	37.0513	16.78903	10.24491
41.2099	37.97003
41.82465	37.83487	35.99785
41.62582
41.18911	37.06587	17.96225	45.18113	33.70582
41.78674	38.02127	23.04467
41.25554	1.023511
41.19616	13.90912	14.81842	13.86966
41.38912	1.993959
41.53441	3.277269
41.92774	3.922756
41.58925	16.26106
41.20119
41.16369
41.16183	33.42398
41.16183	37.75725	9.859488	13.78917	3.671251
41.2311	37.94029	2.307684
41.40326	37.57835
41.22838	38.46269	34.15663	13.24698
42.25173	37.88753	12.01919	33.60745
41.1896	35.54332	26.28578
41.43247	37.79344	26.41722
41.68806	37.43017
41.83675	34.24591	16.68609	11.18773
41.20703	37.0741	22.33374
41.95785	22.23353
41.79528
41.48617
41.17754	5.217073
41.21176	3.814756
41.3733	38.45562
41.29029	43.75161
41.85246	25.29584	11.41297
41.92442
41.28
41.34619	3.310998	1.620431
41.37578	23.40771	5.425826
41.56478
41.2323	37.34875	28.37661
41.24453	37.17814	1.276115	5.02316	16.67776
41.22548	33.91741	31.61047
41.81449
41.16259	33.15718	23.99169
41.63917	34.03696
41.27127	37.80533
41.16387	37.88431	23.7428	30.05136
41.16387	37.43574	19.05343
41.16387	37.75325	16.57848	17.9557
41.4443	37.17243
41.14637	39.14256	10.89557
42.01486	37.74526	18.67671	6.254544	32.07211	25.07542
41.24429	37.05458	35.92544	30.57256
42.50415	37.05046	35.92544
41.18448	37.1452
41.53953	20.94164	11.49579
41.30513	35.62846	1.62419	14.23959	10.68945
41.23911	37.0075	35.53992
41.17292	36.98933	33.35039	5.360245
41.81438
41.84182	37.84256	0.331971	28.62005	15.26553	3.860477	31.307	11.41344	27.42165
41.53689	19.55109
41.1617	43.39871
41.16492	38.11824	4.612179
41.16492	38.07612
41.23639	37.77439
41.17666	38.1445	31.12343	19.61057
41.18178	37.75943	4.474843	22.59346	32.49023
41.18013	32.93983
41.18013	17.606	5.886957
41.27811	27.875	25.1289	22.67686
41.26529
41.22982	34.06017	2.110436	8.091689
41.36075	33.66451	33.23498	17.85405	28.13873
41.30862	38.1183	15.26994
41.17154	36.75603	12.82389	3.737572
41.19253	37.69523	17.59314
41.16439	37.95	4.635288
41.96966	37.69442	41.56272
41.54455	37.82422	29.76122	12.45691
41.31461	38.03568
41.21375	34.12496	27.61099	3.30712
41.77976	37.72474	15.85716
41.77976	36.75985
41.75517	37.52134	41.56526	3.283552	18.04617
41.30329	5.249467	1.734431
41.58618
41.97604	28.53333
41.8555	33.14104	19.92685
41.19688
41.92757	39.32177
41.68539	26.97537
41.24195	37.5594	0.03665511	18.70165	4.643629
41.3444	37.21457
41.40303	37.11576	25.2948	34.46981
41.73934	9.316196
41.64903	20.64635	31.74054
41.49691	0.1804587
41.36549	33.61583	11.81504	5.42435
41.13418	36.86979
41.23874	33.46237
41.14444	35.84594	9.172265
37.18309	41.86762	1.031236
37.69842	41.21597	12.95877	22.01919
37.0816	41.17282	0.3219592	24.13876
40.89346	41.17282	3.270292	0.7800282
41.17282	37.92805
41.20818
41.27428	45.75318
41.21872	12.58478
41.24235
41.80022
41.16358	37.08401
41.16358	37.43721
41.5371	36.68931	41.26663	34.38626	6.254508
41.46542	27.00846
41.75669
41.65693
41.57111	1.517926	26.74631
41.68168
41.31062	17.51613
41.21044	20.15403	12.06398
41.35871	36.60344
41.69799
41.23485
41.23485	37.15154	11.6979
42.64985	7.462701
41.20219	1.723247
41.76552	28.96665	24.8792	3.86451	22.96615
41.25733	37.06021	32.64873
41.73157	37.13512	18.26332	7.023607	8.292256	5.979101	4.487716	28.72509	32.87669
41.65943
41.15843	37.03207	44.50382	20.88775	10.76735
37.71956	41.90375	3.385384	3.636528	10.93341
37.1298	41.5538	13.38842	16.86443	35.97927	5.259174
37.61875	41.14543	17.22698	47.62433	28.37791
41.25088	36.98355
41.24627	23.05845	9.665558
41.64944
41.12258
41.13927
41.7586
41.50323	18.19567
41.87385
41.25933	37.4417	12.34356
41.25933	37.1736	33.80107	44.59157
41.25975	36.9959
41.88002	34.70485
42.14732	33.13963
41.49384	37.20791	29.65775
41.23996	37.83993	18.62465	12.37578
41.29021	17.48684	29.5272	9.179561
41.16002
41.25644	27.61491
41.64628	34.3351	3.931964
37.85595	41.80107	30.83729
37.55538	41.24232	13.93587
37.614	41.11951
33.95609	41.47577	2.501218	32.59338
37.9582	41.34644	7.909453
41.53429	36.94369	0.8760783	6.775437
41.75846	35.22792	18.95259	24.31306	26.74371
41.1668	36.5497	0.4787474	31.56903
42.16337	28.7771	14.69606
41.6005
41.54686
41.6696	39.41412	4.212987	21.60596
41.33146	36.8701	36.44804
42.1738
42.19155
41.50964	28.18161	3.63589	12.31208	21.6634	7.1947	2.972777
41.14186	9.697583	37.63722
41.19493	36.50794
41.19493	37.16323	24.40132	35.29802
41.17789	31.52895
41.85063
41.30086	28.24354
41.48795	34.37025
37.80584	41.46856	36.42406	4.685177
37.92755	41.15976	24.55473
38.75905	41.55448	11.4514	47.63881	22.56826
41.73028	32.5945	13.08773
41.9954	37.70033	29.85301	18.87311
41.27501	37.42361	25.3471	22.13289	6.585126
41.19648	33.30626	5.399186
41.19695
41.16629	37.81121	18.80499	8.05757
41.76338	36.48231	35.1372
41.40531	37.47661	21.77231	11.23896	6.931568	28.6973	12.81269	11.15406	15.49955	15.57238
41.65536	38.04407	3.559891	15.9717	31.00696	25.40084
41.85365	36.93933
41.94112	37.85552	2.168928	37.76572
41.68441	37.1799	26.49752
41.26122	9.067696	6.638975
42.13188	41.18777	40.53209
41.22467	5.07634	4.366614
41.30402	22.26963	21.37358
42.47662
41.53935	2.218106
41.58859
41.30035
41.80198
41.17738	33.46078
41.21055	34.68832	6.92752	33.91658
41.19737	26.74901	17.43207	22.68815
41.31761	12.49229
41.71213
42.16542	35.91818	17.62832
41.17541	37.74166	22.67586	2.591082	30.14391	1.566748	14.38043
41.19849	35.95244
41.34863	33.61869
41.37649	37.28581	28.15141
41.67218	37.52599	10.89573	41.23076	41.14477	47.28012
41.16283	35.60438	17.51168	5.247672	2.339801
41.39027	34.34012
41.1527	34.56751	5.052154	15.96047
41.22073	37.93098
41.20167	37.86755	47.93344	27.75523	18.44286
41.30395	34.71346	11.04231
41.31754
41.19371
41.17421	34.5337	28.82366	11.50401	19.12278
41.19316	36.95451
41.19316	39.34922
41.26238	37.1786	27.98589	25.0257
41.18327	3.589879
41.29766	48.29287
41.25676	37.52849	5.411957	15.9114
41.25998	37.21558	10.32458	2.443362
41.8995
42.79291	37.74391	41.58822
36.98954	41.8827	21.49818	5.126343
37.35489	42.20513	30.33105
37.37915	41.75414	12.98851	21.32295
37.84374	41.33693	29.16881
37.94231	41.24418	22.74461	36.58965
41.14701	37.13039
41.19727	37.46253	42.38717	31.00681	33.17866	26.92663	16.91994	48.41567
37.44203	41.84895	17.41437	8.659935
37.85956	41.18498	35.63319
41.56743	22.96985	11.08211
41.1924	40.49921	30.85981
41.60561
41.81242	27.60871
41.5427	37.20148
42.92611	37.73382	42.00264	12.3323
41.83794
41.16253
41.37866	3.680367
41.33405	34.52167	13.2616	7.95973	30.4495	0.9120517	3.545793
41.36075	37.78251	27.2755	23.75815	19.91359	19.40225
41.35502	38.08674
41.65717	37.04525	29.75864
41.25998	38.17369	4.522756
41.48546	34.66354	15.62335	0.7267635	14.69867
41.59059	33.25173	3.051949	25.10519	33.45887
37.69961	41.23305	2.382887	18.43574	20.72789
41.46863
41.44864	19.20016	8.292694
41.16795
41.84024	48.38574
41.19777
41.40421
41.98455	37.05664	27.03007	13.861	12.10825
38.0121	41.29016
37.70721	41.76493	23.87156	26.13434
37.59989	41.17001	8.964929
37.96851	41.17001	13.46005
37.37355	41.17001
37.631	41.17344	27.50241
41.24016	32.41236	9.607502	28.59391
41.78861	37.77849	5.461593
41.14727	38.59101	4.20872
41.8462	36.76638
42.16233	1.01244
41.3876
41.14597
