SpeciationRates
0.0989447	0.02507733	0.128329	0.09108635	0.08023267
0.06805595	0.04770653	0.1448424	0.0404654	0.09371171
0.07534042	0.03926172	0.1385693	0.07946767
0.1043571	0.02881162
0.07091436	0.02889616	0.1069869	0.07754158
0.123861	0.03382961
0.126329	0.02989881
0.1246617	0.03306785	0.0790671
0.09085294	0.03431029	0.1278512	0.08830496
0.09814562	0.03701789	0.1050533
0.08836204	0.03355729	0.1099221
0.07847732	0.02256586	0.1148614
0.08767421	0.03660117	0.1406557	0.10373
0.09303012	0.03525968	0.114505	0.05913644
0.09388242	0.02999887	0.04775569
0.0770617	0.02899177	0.1114859	0.05056612
0.05864308	0.02949519	0.09065921	0.1162191
0.07658023	0.04806186	0.1121805	0.06538632	0.06496486
0.08639298	0.03832708	0.1025098	0.1166551	0.08238184	0.05714712
0.09755283	0.03897751
0.07508257	0.05211158	0.1193888	0.05276291	0.08989977	0.07511828	0.05482282	0.1072377
0.07547767	0.03724626	0.08511049	0.04787793	0.0786056	0.07639295
0.06567554	0.03157967	0.1219784	0.03323408
0.08054825	0.0320905	0.1126908	0.1061805	0.09570288
0.06610042	0.03667359	0.1108537
0.09655075	0.02580989	0.1469419	0.07872699
0.1025524	0.02801196	0.1287716	0.08227809
0.0879872	0.04409873	0.1107118	0.09524621
0.06447413	0.02927855	0.1137222	0.03664421	0.08567146	0.07036875	0.07730722	0.08989385
0.07558418	0.02413833	0.1158405	0.06849216
0.07826421	0.04109525	0.1253119	0.09621246	0.09401262	0.0839991
0.09810235	0.03208335	0.1377616	0.06261194	0.07297419
0.1037826	0.0319806
0.1076898	0.03698876
0.1381435	0.02925362
0.09480481	0.02967373	0.1325257	0.09954096	0.1035302
0.07980856	0.03376943	0.1210805	0.08063989	0.08225067	0.1094297
0.0340168	0.04004633	0.1175846	0.08798797
0.1226055	0.02560909	0.1079297	0.08615662	0.07688463
0.09597111	0.02511812	0.1018134	0.05946332	0.06818445
0.06900638	0.02697554	0.1078823
0.05724196	0.03355283	0.1071916
0.0856838	0.02233045	0.130301	0.07916499	0.07771872	0.07886226	0.05936678
0.1071232	0.03971135	0.1308885	0.08714465
0.08335012	0.02629773	0.1194521
0.075053	0.03056426	0.1074076	0.09301685
0.04114497	0.02419812	0.1446602	0.06639614	0.09181859
0.0733727	0.02489581	0.1360406
0.09462264	0.03873352	0.1102967	0.09564467
0.1003933	0.03126738	0.1262048	0.07476807
0.09028133	0.02320128	0.1333284	0.06430069
0.07994751	0.02572625	0.1414849
0.0937183	0.03108269	0.1309165	0.06492086
0.08580917	0.02334707	0.122675	0.06981933
0.09287925	0.03444607	0.09455893	0.07791604
0.08555776	0.02829985	0.1411075
0.08125955	0.03311317	0.125328
0.0838743	0.03034504	0.1033302	0.0700198
0.08915265	0.03227164	0.125431
0.08350925	0.03838838	0.1238295
0.08909951	0.02334147	0.1349104
0.09649405	0.04554699	0.117054	0.08662725	0.1081889
0.07337293	0.02929433	0.09458032
0.1293757	0.02118402
0.1272955	0.04478694
0.1162075	0.02028742
0.1260908	0.03934249
0.1226441	0.0387707
0.1246455	0.02365339
0.1180364	0.02802734
0.1187878	0.024182
0.1225644	0.03606382
0.1416917	0.04073085
0.0754193	0.02293536	0.1137096
0.08850251	0.02911527	0.1431735	0.06696927	0.09144313
0.1346799	0.03384767
0.1116403	0.03435936	0.09936466	0.05957868	0.07317533
0.08149007	0.04442452	0.1249153	0.1178729	0.09502072	0.04940809
0.07875738	0.0326121	0.1162736	0.08696426
0.1030399	0.03718986	0.1379888	0.1167851	0.07378238	0.05967865
0.06697776	0.04246592	0.1040589
0.09364003	0.02950442	0.1179529
0.1079619	0.03584872
0.08553871	0.02815378	0.1089944
0.1300973	0.02313231
0.08319614	0.04390011	0.1153556
0.104805	0.02393064	0.1121378	0.0768274	0.0848234	0.05496677	0.08871172
0.1016893	0.03382692	0.1070263	0.06605123
0.07016401	0.03682898	0.1131087	0.06605701
0.1082417	0.03478589
0.1122477	0.04398944
0.06322357	0.03628904	0.1161226	0.04383057
0.09072375	0.03449128	0.1503054
0.1155241	0.03217349	0.1475226	0.07194836	0.08133991
0.06987176	0.03607472	0.1240058	0.07161115
0.077746	0.036102	0.1191091	0.09540274
0.07321357	0.02516159	0.1268302	0.05647762	0.06364218	0.06803592
0.1092414	0.04960732	0.1451994	0.06003295	0.07769715	0.03606417
0.08558149	0.1252785	0.04385279	0.07202469	0.1143602	0.06177288	0.10511
0.08543364	0.03566534	0.1236615	0.07717554
0.07559952	0.02843274	0.1439382	0.1029725	0.0676696
0.136352	0.02852834
0.130709	0.03335959
0.0945486	0.03631868	0.1299396	0.08027349	0.06295369
0.09720514	0.0303788	0.1037497
0.1243636	0.03994301
0.1094774	0.04085147	0.1261554	0.08503023	0.08529365	0.09484241
0.07229834	0.03971477	0.1243713
0.08333043	0.03414055	0.144991	0.07807374	0.101166	0.1142111	0.07305833
0.08684543	0.04064548	0.1213991	0.08388051	0.02526971
0.1379242	0.03300546	0.08281331	0.1059361	0.07616586
0.1116485	0.03537937	0.1424932	0.1032522	0.05993554	0.07717638	0.08722627
0.09966143	0.0269986	0.1253607	0.08744684
0.07961109	0.04196417	0.1309903
0.07145286	0.03903927	0.1406971	0.07014225
0.08985795	0.02721996	0.1205395	0.03607887	0.08633177
0.08594702	0.02643881	0.1545295
0.08392788	0.03247341	0.1265441	0.0860796	0.07297116
0.07802396	0.03370967	0.1403959
0.070225	0.03526782	0.1100749	0.07004929	0.1154831
0.08077685	0.02713746	0.1087236	0.07743703
0.07113417	0.02464747	0.1660325	0.09965394	0.08001494
0.08604792	0.04560575	0.1286033	0.05563287	0.08449654	0.06160987	0.07678591
0.08016471	0.02492117	0.1315017
0.09517168	0.03247203	0.1329648	0.07991301
0.09885158	0.03382084	0.141709	0.06663466	0.08057084	0.06932002
0.08956675	0.03447344	0.1424874
0.1214918	0.03324977	0.1382296	0.06749298	0.05976042	0.06864671
0.08265614	0.03726669	0.09480114
0.08854196	0.03794255	0.1262822	0.08054768	0.06822218	0.1006952	0.06717738
0.07336806	0.0271301	0.1384199	0.08292479	0.09051825	0.08260457
0.07694695	0.0422812	0.1157751	0.05776991	0.09271482	0.08187461
0.08259783	0.04398261	0.1326062	0.07762481	0.1081386
0.1223837	0.02592194	0.1345559	0.06975168
0.09335047	0.02324075	0.1218342	0.02649511	0.0668982	0.1023394
0.08968793	0.03695013	0.1032622	0.08753848	0.04274958	0.08143788
0.0712764	0.03788536	0.1273185	0.08003056
0.06742965	0.03795271	0.1390911	0.08092858	0.07496838
0.1078571	0.02662509	0.1125981	0.0807335
0.1432396	0.02646666
0.1007977	0.02989415	0.1021886
0.09935241	0.0423991
0.0963067	0.0348539	0.1296623	0.09227584
0.1196401	0.02551661
0.1083606	0.03481485	0.0977106
0.08038289	0.03758604
0.07380993	0.03212778	0.09687938
0.09672209	0.03350162	0.1402708	0.08640325
0.0735641	0.04581146	0.1143169
0.07039579	0.0321288	0.09225064	0.09436025
0.07960849	0.03016682	0.1611785
0.0853243	0.1323103	0.03418314
0.1083826	0.03336413	0.09978371	0.07474437
0.1065896	0.03183377	0.1423741	0.07375827
0.09765549	0.04277964	0.1247055	0.1089979
0.08352864	0.04247707	0.1151322	0.09461564	0.1317103
0.1015661	0.03375118	0.1286794	0.07397824
0.1150731	0.04448003	0.09924139	0.06858261	0.09526099
0.07346955	0.02859919	0.1376904	0.0893109
0.08139896	0.03542526	0.1177638	0.08907667
0.0924735	0.0320566	0.1166193	0.08336268	0.06035028
0.09507492	0.03139278	0.1447142	0.08736251
0.1044877	0.03531996	0.09625275	0.05699074	0.05892825
0.08413906	0.02748674	0.1153035	0.04454639	0.0581757
0.07063171	0.03410296	0.1004509
0.1045735	0.03662184	0.1251566	0.06826304
0.08734206	0.03337904	0.1434722	0.08586871	0.06685548
0.07913927	0.02770368	0.1143162	0.1043209
0.1261726	0.0281778
0.1100499	0.03213891
0.08343021	0.04308255	0.1303893	0.08301075	0.07628576
0.06262378	0.0341859	0.1011792	0.05639441	0.08165125	0.09679762	0.07881559
0.1317013	0.03812563
0.1156087	0.02619065	0.0487139	0.09884139	0.08350676
0.06873712	0.03990459	0.09789347
0.09337135	0.03721673	0.06884787	0.04209794	0.1438983
0.069198	0.0287888	0.1257727	0.04972723	0.09219865
0.07924121	0.02630712	0.1172851	0.07188771	0.06058721	0.0777838	0.09317952
0.09084726	0.0472296	0.07445123	0.09468458	0.1304921
0.04693141	0.02571746	0.1114785	0.1128061	0.08248795
0.05362599	0.02939992	0.1098364	0.07894464	0.09561553	0.07663362
0.09424617	0.04000382	0.1164283	0.07711686	0.07595186
0.06917972	0.04365539	0.1046719	0.07595757	0.072883
0.1078606	0.0295857	0.1380886	0.07134566
0.07433263	0.04348325	0.1257658	0.03961188	0.07543902	0.08667393
0.06753386	0.03719635	0.1348109	0.08817538	0.06933408
0.09645826	0.0376722
0.107248	0.02798477
0.09718986	0.0377057	0.03879385
0.06437299	0.0242632	0.1305232	0.08167311	0.06480853	0.08912877	0.08758972
0.09586582	0.03503011	0.1284467	0.06414565
0.08530192	0.02707842	0.1197574
0.07542761	0.03282036	0.1101113	0.06287535
0.08362476	0.03509063	0.1219359	0.07539778
0.07782309	0.0369144	0.1400962
0.1245227	0.03495838
0.09748133	0.02354476	0.1210454	0.1027927
0.07637453	0.02487951	0.112143
0.07264861	0.03340555	0.1033279
0.09290031	0.04220625	0.1446292	0.09746871	0.08125942	0.0607759
0.1005033	0.02370283	0.1346337	0.07218135
0.0787069	0.02927052	0.1199982
0.08227116	0.03094975	0.1315345
0.07066294	0.02910871	0.1441136	0.07079237	0.06716532
0.07291084	0.03523459	0.1384805
0.1001242	0.03052936	0.105077	0.0728104
0.09484223	0.0309038	0.1429434	0.0956544
0.07457782	0.02112445	0.1268211	0.0983025	0.06945464
0.06753236	0.02639019	0.1331201	0.09121523
0.06889644	0.02438022	0.1046993	0.08400792	0.07215909	0.06521899
0.1288687	0.03734686
0.1482231	0.0319776
0.07818998	0.02667236	0.1277571
0.0862458	0.02217966	0.0984949
0.09043951	0.0236736	0.1398968	0.07960553
0.09844994	0.03337425	0.1163443	0.09471929
0.08894506	0.02298227	0.1273788
0.08876147	0.02939745	0.1360153
0.0889822	0.031659	0.138612	0.0762735
0.09554724	0.03547515	0.1159256	0.08283656
0.09016419	0.03109301	0.1405554	0.06449407
0.08602065	0.04096303	0.1242725
0.08921872	0.0429537	0.1217777	0.07749563	0.05946021
0.1141823	0.03099737
0.09890735	0.03295608	0.1216889	0.07537612
0.1153308	0.02784753	0.09599043
0.09467869	0.03248394	0.1144142	0.07875992	0.06854027	0.0610639	0.07154312	0.07447063
0.08827863	0.02278199	0.1295921	0.08380787	0.05116139
0.118425	0.03103165
0.0300996	0.03305269	0.1074259	0.1056274
0.1127688	0.03971334
0.1081597	0.02208109	0.1284746
0.1046694	0.03783891	0.09442596	0.1025995	0.0865679
0.08366856	0.04866181	0.1159156	0.06280285	0.05891575
0.1052819	0.0331219	0.1312305
0.08117136	0.02975872	0.1202961	0.07655835	0.0849895	0.05104668
0.06943702	0.02283117	0.1260144
0.08353082	0.03617232	0.1191971	0.06734822
0.08905144	0.03297894	0.1136219
0.1250774	0.03052898	0.1290484	0.06413764	0.06732041	0.07085532
0.1140727	0.0292108	0.1256701	0.08244563
0.09320894	0.03771447	0.1182595	0.07031785	0.09167669
0.06719691	0.0407011	0.1283781	0.07672851
0.08763107	0.03011184	0.1237266	0.08132915
0.1036728	0.03959008	0.1312776
0.09996868	0.03185623
0.06817318	0.02667152	0.1247081	0.0937358	0.1159319
0.08184917	0.03187385	0.1171273
0.1066808	0.02610304	0.1409811	0.07768838
0.07567824	0.0252339	0.1203696	0.07297367
0.08147092	0.03297195	0.1379658	0.08147421
0.09026215	0.02966996	0.1487547	0.07579092
0.04270685	0.1270925	0.09385486	0.08251897	0.07229225	0.04909701	0.06091368	0.05592956
0.1073969	0.1262178	0.02660866
0.1145183	0.0324656
0.1107383	0.02873878
0.1102242	0.04239553
0.06847108	0.02902511	0.09615748
0.1175853	0.03045235
0.07382803	0.02963013	0.1301874	0.08972801	0.07669147
0.07475023	0.03871599	0.1293338	0.08053781
0.1006804	0.0298295	0.1291643	0.05603979	0.08243124
0.06818786	0.03369336	0.1311678	0.08644558	0.07132185
0.04808973	0.04010306	0.1307057	0.110335	0.08810514	0.09102773
0.07524557	0.03300411	0.1402525	0.0791027
0.03284726	0.02999995	0.1082891	0.0887614	0.08202709	0.08746425	0.07755044	0.07748968	0.08742836	0.07157767
0.08981742	0.0279021	0.10347	0.1198496	0.08455589
0.05238767	0.03833943	0.1170357	0.07677363
0.1116195	0.03376222
0.08719453	0.04175517	0.09348095
0.0702656	0.02989924	0.1263585	0.08501082
0.1036362	0.01997253	0.1252166	0.07588617	0.06348567
0.0736173	0.03313245	0.1122664	0.07648434
0.09881346	0.03041865	0.1325613	0.081192
0.08584013	0.05492217	0.1320691
0.08321876	0.04123151	0.09722654	0.07786206
0.08075916	0.03334264	0.1528641	0.08866185	0.0907559
0.09060169	0.02237568	0.1495307
0.06554802	0.03062348	0.1014899	0.05423824	0.08092974
0.08647912	0.02408439	0.1095175	0.08644043
0.1091482	0.03046208
0.1106814	0.02327989	0.1512215	0.06762348	0.07943564
0.08456665	0.02280547	0.1126416	0.07683209
0.07420229	0.03458512	0.1130881	0.07923484	0.07426978	0.09855086
0.1204347	0.02909917
0.1325962	0.04173507	0.05148723
0.1348278	0.03821003	0.1161385
0.08772964	0.04074884	0.1192221
0.1129502	0.03419823	0.1279601	0.08114115	0.05013129
0.07759028	0.04332679	0.1314986	0.08026688
0.08757431	0.1149859	0.02602265	0.08845959	0.0879691	0.08465771	0.05202904	0.09781629
0.11745	0.1128357	0.0292486	0.05178886
0.09766715	0.0299708
0.1131384	0.0408158
0.1172376	0.02520611	0.1163769
0.1129935	0.02969823
0.106964	0.03994713
0.07324479	0.02950795	0.1628366	0.08665827	0.06394355
0.08536225	0.0257197	0.1365162	0.07423936	0.08195109
0.05667691	0.03900281	0.1271837	0.0883913	0.04204564	0.1160705
0.0954551	0.03669199	0.1272888	0.05725622
0.1067436	0.02467103
0.1179529	0.0385367
0.07350398	0.03041201	0.1336979
0.0872516	0.03236749	0.1280845	0.07404973
0.06837409	0.03142264	0.1022013
0.09908509	0.04492628	0.1273376	0.07098869
0.05999745	0.03358801	0.1270125	0.08567388
0.08695539	0.03387047	0.1027966	0.1197195
0.07671815	0.02885536	0.1134147	0.06870231
0.07856905	0.03652362	0.1065056
0.09791766	0.03411713	0.1308732	0.1086748
0.1084114	0.03470471	0.1445945	0.09803036
0.08800596	0.03684772	0.1162354	0.09265619	0.1046444
0.09874487	0.02306711	0.1038114
0.125402	0.02609741
0.06548314	0.0338135	0.103778	0.102489	0.06645403	0.09608929
0.07477554	0.04022179	0.1186071
0.08464319	0.04167161	0.1700603	0.07836407	0.04861909
0.07157628	0.03850447	0.1468516	0.0775578	0.07083847
0.09922222	0.03389558
0.1182551	0.03842347	0.1143462	0.08392115
0.06132967	0.0468174	0.1417377	0.08891581	0.09399916
0.1163508	0.03366065	0.1449035	0.094378	0.09998932
0.07299612	0.03455662	0.1152501
0.07220783	0.03430167	0.1483085	0.08824067	0.08144567	0.09633361	0.06625086	0.06533181	0.06055852	0.1082236
0.09204898	0.0297001	0.113555	0.08392763	0.09058705
0.1071263	0.03405519	0.127325	0.08970412
0.09068487	0.03116569	0.1354584	0.08672686	0.07143647	0.09854708
0.08663831	0.03294941	0.1347788
0.06018466	0.03672826	0.1403103	0.06984557
0.08991979	0.03808787	0.1346236	0.08087886
0.08519635	0.03416461	0.1138084	0.06632244
0.07735517	0.04458973	0.1170152
0.07941917	0.02923312	0.1057473
0.09340998	0.02927943	0.1433546	0.1008901
0.07289934	0.03257537	0.1086791	0.07853373	0.08089899	0.06007517
0.0804943	0.03606511	0.1265807
0.08017282	0.02408125	0.1408509
0.1034937	0.02866419	0.1171917	0.1193276	0.05999683	0.09497923	0.04865219	0.08336417
0.09790658	0.02219974	0.1038656	0.08966106
0.07965172	0.03780582	0.1126899
0.06727935	0.03328341	0.1330366	0.08389784	0.0934885
0.08756638	0.02719219	0.1158549	0.08840009	0.08030988	0.09474677	0.08358551	0.07724081	0.08268798	0.06708883	0.0499148
0.09538353	0.02790459	0.1162797	0.08612009	0.07596242
0.1123333	0.03903127
0.1223545	0.02916073
0.07986882	0.02767366	0.117386
0.09095105	0.02427244	0.1088098	0.07377126	0.04125975
0.1006705	0.02415752	0.1040868
0.1204563	0.03228895
0.1311103	0.08293854	0.04504089
0.1259752	0.02806328	0.125445
0.07468698	0.02999028	0.08048348	0.08540351
0.09366548	0.0307705	0.1377205
0.09485007	0.02898423
0.1127216	0.04208988
0.110815	0.03285514	0.1158122
0.06311821	0.03912843	0.1144988	0.1109075	0.08582527	0.07079984
0.08850464	0.0350925	0.1391093	0.09736621	0.09662187
0.1027621	0.03378029	0.1222201
0.09312318	0.03237721	0.1200419	0.08660419
0.09576622	0.02897575	0.1284348	0.06283148
0.1104987	0.04008038
0.0817344	0.02668022	0.1186711	0.05612075	0.08173307
0.08103363	0.03803196	0.1242671
0.1079151	0.02444396
0.1254299	0.03373116	0.08574526	0.1350934
0.06788742	0.03740979	0.1134494	0.03376682	0.07322223
0.08698248	0.1334362	0.02569388	0.07537061	0.1112829
0.07647137	0.1235834	0.03007328	0.10139	0.06919264
0.08804201	0.1115126	0.03319147
0.09228862	0.1056241	0.03393204	0.0670896
0.06291615	0.02967183	0.1190987	0.07858597
0.07439894	0.02239076	0.1151588	0.03731235
0.1274347	0.0214247	0.1366208	0.08257929
0.07947699	0.02350796	0.1366704	0.07694402	0.07121856
0.1054192	0.02125208
0.09924537	0.03162325	0.1083364	0.09323343	0.06663707	0.06608366
0.08932899	0.02615175	0.1252443	0.08362395	0.0726219
0.04671799	0.02807069	0.1100985	0.07487468	0.06240434
0.0937936	0.03574212	0.1096956	0.07387189	0.07724195	0.06924678
0.1044583	0.03689675	0.09415117
0.1136642	0.0383245
0.1097359	0.0292701
0.1208263	0.0292054
0.06606966	0.03432394	0.1247746
0.08730672	0.03874616	0.1274106
0.08124774	0.03274738	0.1079063	0.06721278
0.09875323	0.02582615
0.113265	0.02717383
0.09228455	0.0322372	0.1555154	0.09043255
0.09035705	0.03525084	0.1063676	0.09430387
0.09199638	0.01884204	0.1173185	0.08122673
0.07532623	0.02243863	0.1277462	0.06182248
0.08938317	0.1492046	0.02746852
0.09050344	0.02689892	0.1319523
0.08900794	0.03255806	0.113778	0.08266647
0.07886161	0.04148924	0.09042402	0.07740595
0.1162842	0.03486166
0.07940858	0.03028502	0.1253506
0.08461909	0.02940585	0.1167313	0.08145582	0.051599
0.07007261	0.03660939	0.09141939	0.06868645	0.1103689
0.08830089	0.02947261	0.1037637
0.09903867	0.04183423	0.1225191	0.06972349	0.09634603
0.09558189	0.03198752	0.1303507
0.08528634	0.03523658	0.120366	0.04694623
0.1064532	0.03446531
0.07963139	0.03570459	0.1389531	0.05991391	0.05856166	0.07437357
0.1063668	0.03291898	0.1318236	0.07852076
0.09493178	0.02891484	0.1097306
0.10474	0.03114912	0.1041224	0.09526751	0.07903969
0.08274155	0.04493923	0.1084402
0.05418379	0.03204154	0.131413
0.04208854	0.0439107	0.132304
0.1138763	0.03162788	0.105443
0.1331899	0.03158062
0.1175794	0.03363365
0.09506384	0.03289056	0.1548962
0.06553549	0.02967757	0.1235238	0.08852941	0.06176139	0.09317292
0.03984253	0.03621165	0.1464405	0.07808518
0.07748152	0.03807604	0.1224014
0.08806654	0.02531181	0.1297176	0.09266945	0.07507222
0.08480391	0.03364637	0.1316498	0.07741787	0.08771109
0.1089416	0.01879585	0.1249521	0.1108081
0.0905184	0.02251567	0.1500879	0.0634173
0.06953728	0.02868811	0.1305791
0.1037149	0.02750517	0.1250704	0.08004645	0.06690439
0.08611455	0.0344026	0.140722	0.08707831
0.06959328	0.0273018	0.0950661
0.1111562	0.03582278
0.1024982	0.03082583
0.07714337	0.02667424	0.1331022
0.02179759	0.02885893	0.104357
0.0823707	0.03927792	0.1037187
0.1073647	0.06496633	0.034259
0.07999768	0.02944337	0.1206296	0.07308437
0.129977	0.05828838
0.158139	0.03241087
0.08214445	0.02824031	0.1277428	0.09485906
0.07663834	0.0306699	0.1462122	0.08252041
0.1192891	0.03111962
0.06366938	0.04365455	0.1060823	0.07268902
0.09753707	0.026844	0.1453901	0.09590876	0.1018199	0.06377135
0.07825938	0.03111218	0.1132026	0.07814298
0.1089271	0.03102138
0.119554	0.0362039	0.1037904	0.06072515
0.07998535	0.02245613	0.1127794
0.07199527	0.0271652	0.1101073
0.08224213	0.03781348	0.1293738	0.07498633	0.0680312
0.0925177	0.03227597	0.1245718	0.0667285
0.08453967	0.02536803	0.1172627	0.06989762	0.07042604
0.09007896	0.03132138	0.1383729
0.1087598	0.02605271	0.1189539	0.08690508
0.08882624	0.02209647	0.1391921	0.07053707	0.07344209	0.08728499	0.07446503
0.09810455	0.02790034	0.1105775	0.03520482	0.06474754
0.09661356	0.0256427	0.1043265	0.04478001
0.07940659	0.0303635	0.1204685
0.1026916	0.03007814	0.1069215	0.07298803
0.07419676	0.03113534	0.1245786	0.09599934	0.07497505	0.06101514
0.1014061	0.0297437	0.1177757	0.08977302
0.08938097	0.0309722	0.1472861	0.06697765	0.08131129
0.1025685	0.04059416
0.04548701	0.04811621	0.1312385	0.05751474	0.09808266	0.06756674	0.1046711	0.06963273	0.07005446	0.05772364
0.09832079	0.02910766	0.09314027
0.1021293	0.03779123	0.02895592
0.05895732	0.02983738	0.1290994	0.09755445
0.0936834	0.02892558	0.1384097
0.09139814	0.03126962	0.1185847
0.07023833	0.03672479	0.114604	0.07802231	0.04866464
0.07014768	0.01771696	0.1153768	0.08884482	0.1060085	0.07713185
0.08287101	0.02589744	0.1059309
0.05572664	0.03922806	0.09992725	0.1085421
0.07953541	0.02385396	0.1230758	0.07569427	0.07156929
0.1166537	0.03077429
0.03492599	0.03547054	0.1147161	0.09111951	0.07138102
0.07200915	0.03613238	0.1211633	0.08557261	0.09899047	0.0725207
0.09477075	0.03074647	0.1311809	0.09530075
0.07239417	0.0288033	0.1279663	0.05759053	0.1243954
0.09670262	0.03283267	0.1309901	0.07464016
0.08053267	0.0390122	0.1383687	0.07713908
0.06622343	0.03587467	0.113804	0.07089425
0.06175434	0.02717857	0.129769	0.08006342	0.07712103
0.07605271	0.03794449	0.1186266
0.06674188	0.02961001	0.127528	0.06229618	0.08042808
0.07066806	0.02586765	0.144796	0.08751051
0.09255079	0.0333625	0.1233013
0.07700475	0.02657799	0.10385	0.08552478	0.08125544	0.09224529
0.09178269	0.0370468	0.1172213	0.05461488
0.1041511	0.03942714
0.1006389	0.02395781	0.1101401
0.09465954	0.03561001	0.115941	0.05387074
0.1232736	0.02837313
0.07716905	0.02615142	0.1119425
0.09132927	0.0339698	0.1208091
0.04640672	0.03181683	0.1216192	0.09321082	0.06424463	0.1136544
0.0646065	0.03889398	0.1413556
0.07111989	0.04308919	0.124617	0.08258079	0.07289474
0.09424181	0.01923965	0.1234834
0.1136196	0.03615758	0.1009917	0.09383367
0.04147084	0.03221022	0.09587062
0.09410459	0.02271629	0.1161174	0.08966531	0.09152406
0.09476578	0.02321121	0.1196925
0.07586357	0.03499649	0.1037389
0.07387295	0.02677644	0.1237625	0.07716003
0.05782078	0.126422	0.02806832	0.0771405
0.08720004	0.1184464	0.04166779	0.0906518	0.0716276
0.05147384	0.1466521	0.03164909	0.08641507	0.07809841
0.04021115	0.1412658	0.03799051	0.08916379	0.07141357
0.07996758	0.03661509	0.1265851
0.1142255	0.03717425
0.125819	0.0430907	0.03674092
0.07107406	0.04876704	0.1060659
0.1335535	0.03184793
0.1217522	0.0310733
0.09204684	0.04638481	0.1282103
0.08886641	0.03034275	0.1300939
0.07753857	0.03096449	0.1204747	0.09159889	0.09561419	0.07484792
0.06233467	0.03615028	0.09549007
0.1171448	0.03105373
0.1006503	0.02784576
0.07541573	0.0360419	0.08553373	0.09054367
0.10614	0.03498393
0.09059503	0.04007879	0.09121556
0.09862451	0.0428419	0.152652	0.08706898
0.09117184	0.03213916	0.116598
0.1139787	0.02506181
0.1132597	0.03890458
0.07632928	0.03408179	0.1204153	0.06956435
0.1092766	0.02297508	0.09578565
0.05852081	0.02354509	0.1195615
0.09943904	0.03014505	0.1010824	0.08257067	0.1200619	0.09685857
0.09346473	0.02924362	0.1033222	0.07273369
0.1013385	0.04657179	0.1591449	0.07829087	0.08914151	0.0893185	0.1000854	0.05805651	0.0819608	0.08015953
0.1093857	0.03592981
0.1073607	0.06173947	0.1341011	0.0342761	0.08349145	0.05201391
0.1286675	0.1145227	0.02952712	0.0891411	0.08744486	0.06530412
0.0678787	0.1228012	0.02770555	0.05745285	0.07957631	0.05204603	0.07919864
0.1074628	0.1030821	0.02704276	0.07299992	0.06565412	0.06895104
0.07218604	0.03068854	0.1379615
0.1029713	0.03505295	0.1113688	0.09185523
0.09446365	0.0387573
0.1112542	0.03037968
0.1148296	0.03351777
0.1253724	0.03046632
0.09341963	0.021502	0.1190243
0.108583	0.0269967
0.09821522	0.02490531	0.1332981	0.07318059
0.07370646	0.04062226	0.1271872	0.07971059	0.04697824
0.1016493	0.02254896	0.133888
0.06312125	0.0282619	0.1074809
0.09483763	0.03656053	0.1238477
0.08687056	0.04535389	0.1200998	0.09025478
0.1004123	0.0317029	0.1180712	0.07960243	0.06430019
0.06187646	0.02800958	0.08702353	0.1179891	0.05670512
0.09367706	0.03007494
0.07836295	0.02445204	0.1242429
0.07509337	0.03653259	0.1121141	0.08834429
0.09912126	0.1414545	0.02666242	0.07928316
0.07679304	0.1360532	0.0347654	0.0842871
0.07038412	0.1617363	0.02743752
0.07200842	0.1230761	0.02865111	0.0848402	0.06267371
0.09683589	0.1230761	0.04892924	0.07577372
0.07318648	0.03749305	0.1281424	0.09028518	0.08077361
0.1007784	0.03859037	0.1134515	0.06991204	0.0609498	0.08699694
0.05174235	0.02660736	0.1351411	0.07936585	0.06983364
0.115421	0.02411027	0.1152446	0.07029274
0.1051916	0.03048222
0.1200482	0.03274517
0.09320251	0.03105009	0.116669	0.08439579	0.08141508
0.09777672	0.03962643	0.1179893	0.07367443
0.1077022	0.0295476
0.1034759	0.04226316
0.07010927	0.02892652	0.1106286	0.06911246	0.09582352	0.05873523	0.07547933	0.07000339
0.0819353	0.04652886	0.06534523	0.1179012
0.07077477	0.03954079	0.1400689
0.08741949	0.03583745	0.122197	0.07748538	0.07489619
0.08417851	0.02397995	0.1344053
0.1021282	0.02865429
0.100165	0.02769043	0.1040039
0.08431158	0.03065536	0.1166688
0.08653565	0.1098129	0.02783517	0.08058276	0.0918767
0.07068994	0.140555	0.03063564	0.09668145
0.07248114	0.1083561	0.026039	0.07863005	0.03767161	0.099849
0.0937864	0.03036173	0.1029592	0.08232102
0.1106454	0.02408904	0.135202	0.07738537	0.08711502
0.112395	0.03347849	0.1093703	0.08233929	0.06191947	0.05759056
0.07140124	0.03761554	0.1156398	0.06752271
0.1005786	0.02995872
0.125807	0.03908119	0.1058966	0.07627645	0.09689348
0.07549481	0.02895663	0.1075808	0.05065188
0.09542133	0.03028123	0.1361942	0.07604675	0.09284292	0.08256861	0.08578534	0.0426295	0.07197393	0.1020214	0.09453482
0.06068676	0.03153963	0.1080127	0.09917439	0.06838913	0.07930508	0.07899465
0.07696033	0.03071	0.1182311
0.08938191	0.03259324	0.1125483	0.08217833	0.04017643
0.1002694	0.02613568	0.1358356	0.08400129
0.1149826	0.02324827	0.1060763	0.08296045
0.1128543	0.02591153	0.0477129	0.1086856
0.07258138	0.04724688	0.1248737	0.06026278
0.1019042	0.02479893	0.1225589	0.08109403
0.1303932	0.02895364
0.0913686	0.02347589	0.1307407
0.1055697	0.02627876
0.09829177	0.02840379
0.1043166	0.02872891
0.07254713	0.02877576	0.1118684
0.1046084	0.03643784	0.1257996	0.07247553	0.093903
0.08999078	0.03034957	0.1215399	0.09694339	0.06981589
0.1109057	0.04071384	0.1058877
0.1124089	0.02938099
0.07649735	0.03509587	0.098604	0.07820657
0.05500159	0.03412431	0.1413226	0.05997286	0.1156519	0.07860988	0.05642797	0.06487211
0.07724875	0.04289675	0.1387928
0.09173361	0.02972022	0.1311693
0.0706854	0.02538872	0.1279491	0.07184022
0.1067106	0.04215092	0.1129285	0.0721155	0.07718028	0.04323928	0.02870071
0.07580329	0.03589432	0.1198753	0.08731755	0.08542078	0.08641957
0.08175491	0.02982636	0.1086554
0.1018561	0.04325304	0.1269314	0.0763159	0.07814999
0.09955125	0.03557785	0.1490109
0.08133697	0.02671281	0.1230433	0.02584588	0.0737904	0.09640342
0.08430465	0.03427608	0.1083032	0.09149665
0.1273785	0.0296206
0.1208207	0.03597412
0.08802696	0.02778678	0.1206929	0.08423769	0.08156629	0.06460004
0.08453197	0.03073107	0.1322343
0.113889	0.03364603	0.1414524
0.09259091	0.03546567	0.1222556	0.08486737	0.0729223
0.07223195	0.03201283	0.1130015
0.09709662	0.03072218	0.06486428
0.1011443	0.03051487	0.1319735	0.08189179	0.08750966
0.08097355	0.0476306	0.1233832	0.0821378	0.08779238
0.1202717	0.04392543
0.07461238	0.03098922	0.1250018	0.04267812
0.1139993	0.1014318	0.0210348	0.08902981	0.09055718
0.08691325	0.1186211	0.02525859	0.06879124
0.100808	0.1105506	0.02394363	0.08241186	0.05941483
0.08468775	0.1250241	0.05234398	0.09359455
0.08822337	0.1056777	0.02220987	0.06530719	0.09189187
0.07788815	0.03858633	0.1140826
0.08862009	0.09027245	0.1164999	0.03798601	0.06850288	0.05044563	0.1017462	0.07639534	0.07074241
0.09299329	0.1356441	0.02981767	0.06724997	0.09224566
0.08327321	0.1158842	0.02533536	0.07610541
0.07800465	0.04074296	0.1016694	0.09218787
0.0825388	0.02836135	0.1383885	0.08446945
0.1003094	0.02791414
0.1027932	0.03949307	0.1038328
0.0742115	0.02403116	0.1397544
0.1278076	0.0361124	0.1303045	0.05368621	0.07594669
0.09901309	0.02757328
0.09618491	0.02553558
0.0514722	0.03436875	0.1014113
0.1001655	0.03832115	0.1315478	0.06593109	0.08627158	0.08131628	0.02903778	0.06618101
0.1098447	0.0333874	0.1261387	0.09485776	0.03626313	0.07545559	0.0834118
0.1019295	0.03333545	0.1264709
0.08953971	0.03578951	0.1170873	0.08568442
0.1100297	0.03472785	0.1364744	0.09166668
0.07935543	0.03009407	0.116141	0.05628463	0.08332393	0.09561323
0.0800644	0.02861924	0.1073244	0.09419096	0.06858083	0.127799
0.0803755	0.1252298	0.03775163	0.1182103	0.09053103	0.07987194
0.1150343	0.03048816
0.08973953	0.03472375	0.1219217	0.08987131
0.14363	0.03287329
0.11079	0.03061826	0.07343965
0.1369615	0.03658066
0.1181376	0.03830256
0.09144757	0.04436569	0.1319842	0.07882223	0.07554211	0.08237392
0.08791389	0.1476626	0.03085843
0.09663834	0.1175316	0.02576651	0.06143386	0.07968016
0.1092012	0.1208576	0.02726603	0.06666331
0.1133069	0.1148526	0.04076844	0.08404492
0.07644141	0.1378174	0.03005488
0.07772153	0.1334398	0.0307265	0.08699456
0.1095435	0.02962578	0.1191729	0.08449116	0.09930093
0.07585016	0.02628829	0.1080863	0.08045479
0.08703176	0.02446418	0.09511943	0.09513536
0.07851894	0.02883895	0.1096371
0.1082984	0.02604182	0.09851113
0.132508	0.0291501
0.1263711	0.02200482
