SurvivalProbabilities
0.5673673	0.8140883
0.9453389
0.7731652	0.8091741	0.9353309
0.5372101
0.8751762
0.4394991	0.08220053
0.4022431
0.4945689	0.8614406	0.5128219	0.4173416

0.4058126
0.6908652
0.7076975
0.6706912	0.7484182
0.7061921
0.8902696
0.706267



0.9350733
0.6951958	0.8743423	0.8653018

0.5353524	0.879412
0.4113133
0.5501769

0.450001	0.8906422	0.6081056
0.9938001


0.9170294
0.5274319
0.799828	0.9187186	0.7765357
0.521044
0.3804321


0.6553333
0.6656888

0.3550672
0.6657099	0.7188586	0.2911546




0.02650078



0.334913	0.2891325	0.1496768

0.9373215	0.8432411
0.8768331
0.5912458
0.2951883	0.7391079

0.6964961
0.5572512	0.5697619	0.7297177	0.6311925	0.6980036
0.5529483	0.5646159
0.4059518	0.9738418	0.6484622
0.4831743	0.7679603	0.9648275
0.9817593
0.4127066	0.6879959
0.4852142	0.8490935
0.5052488	0.7995602
0.3074866	0.9210029

0.3877759	0.8539765
0.4796649	0.7742749
0.583839	0.5791588	0.8227982
0.3772661
0.5378229	0.3924281

0.9830721	0.8954495
0.4123572

0.6789702
0.8877797
0.665788
0.8511187
0.9144676	0.8331622	0.5103032
0.6061225	0.4957175
0.7482808	0.9424477
0.4261732
0.6078451	0.8146988
0.9215882
0.5501283	0.8036588	0.977975

0.5420996
0.3789921
0.6566299	0.5129339	0.8906197


0.996922
0.8785148
0.9351607

0.4623449


0.3642246
0.3700974
0.5416364

0.4389552



0.8660953	0.6473741	0.7676103
0.03585186	0.986784
0.7518534	0.1523972
0.6044114






0.7180351
0.9614503

0.9332765


0.6857988

0.9526333





0.8414575
0.8337578


0.7582547

0.4547341	0.5015862	0.1683452	0.2961545
0.7160312	0.8196132	0.895384	0.7300029
0.7249753	0.2263216
0.4800214	0.01666897
0.4213054
0.8512287	0.996786	0.3821238

0.9051147
0.983837
0.9297249




0.4875047
0.6041932	0.7389017
0.6733937	0.8545581	0.849372
0.7955811
0.9308786


0.5218961
0.6849871

0.1556957	0.7303712

0.807952


0.5266834	0.5641895
0.4347248
0.9436998
0.8920984
0.5037198	0.8399731

0.9357456


0.8520736


0.9069995

0.6301634

0.9669024


0.6286819	0.8000397	0.3591263	0.8083617
0.6756742

0.9817996	0.7240034
0.6101315

0.9506171
0.462327	0.2426622
0.2851289
0.4671282
0.6663405
0.3506477
0.8236464
0.2920665
0.9118814
0.8226014

0.3683626	0.8633483	0.8291751



0.6302988	0.7624805
0.6125457
0.699237	0.4465119	0.6938814
0.4545341	0.5182152	0.5465332
0.4641576
0.678895
0.9089131	0.9651771
0.6030739
0.8935593
0.8717432
0.6506807
0.7415267
0.904879
0.8259568	0.8287081

0.5992063
0.9980647
0.7469098	0.6686712
0.9629683
0.942284
0.5630554	0.5187514
0.7800009
0.1259118	0.8085942	0.9133044	0.8826812
0.503919	0.5325227

0.9364735


0.9796491	0.9532866


0.9294545


0.8374483

0.3657775	0.9972596
0.5564502
0.5042815
0.689875	0.4377565
0.8114218

0.9701411
0.9697721


0.842559	0.7963405
0.4945189	0.9680245
0.4270089

0.4539355
0.553967

0.4130525

0.5237859


0.7158841	0.8384946
0.6044413	0.636238
0.4880295	0.8826649


0.1531482
0.5814591

0.6394925

0.7934272


0.4744061




0.4931825
0.4431015	0.6301946
0.4770213	0.9196744
0.6505727
0.9106205


0.6861626
0.7804597
0.6358398
0.4601609
0.5486389	0.9564876	0.9988747
0.5635934	0.02281927


0.547699	0.9590708

0.5607882
0.5048571	0.86132

0.9476121	0.5643359





0.7338652
0.5715178	0.9537105	0.05914846
0.3685774
0.6123449
0.5827991
0.3952554	0.9433155	0.9236684	0.8716313
0.7452372	0.6103143

0.7637197	0.9017394
0.02148799

0.809296	0.5471122	0.4814603
0.872886
0.6483475
0.5581616
0.8433092





0.6560866
0.0689991	0.7723699
0.6841602

0.5799861
0.8667693
0.8778295
0.6371829
0.9875134
0.6946178	0.9697028


0.4711716
0.6506906	0.9799845
0.5351803	0.9092311
0.1952758	0.9004308
0.5129115	0.9263916

0.897686	0.9083706	0.922598
0.4301738	0.9634634	0.6005028
0.4422035	0.9022424
0.3993798	0.678165	0.2038345

0.4111272
0.7012469	0.8920557
0.593	0.5907392
0.6674325

0.8973593	0.5186566
0.4938405

0.8398645	0.944843
0.635237
0.7161191	0.9322162

0.1208694	0.7070375	0.9325834
0.7157208	0.5781701	0.7019825


0.5386927

0.1704422	0.8925309
0.3644489	0.552984


0.6608047	0.9637181
0.5299726


0.7528136


0.433793
0.8446123
0.5584706	0.7792826	0.4412791	0.9376541
0.5954681	0.8293718
0.6720212
0.713326

0.5892375	0.9689715

0.6305525
0.7502093
0.44232	0.8895873	0.5819855
0.3265272	0.9198784


0.9690166
0.6565227	0.8518082
0.755325
0.7180789


0.6236112	0.2743381


0.9651554
0.8941735	0.6340315



0.8299608	0.6955403	0.6765198	0.8909036	0.8925398
0.4634236	0.541468	0.9163533
0.7225597
0.9705664	0.3461919
0.464954
0.4985295	0.02605109	0.8282259
0.7094677

0.982461

0.9387343

0.4500651


0.7020732


0.6527475
0.922829	0.9987049
0.3001112	0.9606133	0.8841649
0.4869325	0.9757881	0.4212344	0.6821609

0.9145257	0.6331511	0.9627135
0.4982905
0.3647888	0.5914364	0.1462868	0.9174506
0.4205497	0.4350407
0.3947977	0.3626213
0.2661811
0.5853427	0.4955204
0.8640595

0.5232826	0.7574687
0.5422459	0.9013198


0.809867
0.9890446

0.6715076

0.625646
0.9086236



0.7703272	0.7978493	0.9672434
0.7949041	0.7268449


0.08354823	0.5403652
0.8291655
0.5832156
0.6866489


0.2406415	0.9835059

0.7955067

0.5305634

0.5174059

0.4627419	0.92482

0.8278054
0.911515	0.4335041


0.2259007


0.4072848
0.7158123

0.6324114	0.4120059
0.4210985	0.7572894
0.7350996	0.7152362	0.9888812
0.6242593
0.4834369	0.5720476	0.6501575

0.4164198	0.6795536



0.496017	0.7762619	0.7116815

0.8082709
0.7150956	0.9435116
0.4281808	0.8861015
0.8808698
0.1179121
0.2510822




0.5692004
0.6657827
0.4772897
0.543135	0.865813	0.8092051
0.5529534	0.9071204	0.8942347
0.8681218	0.9859323	0.8273833



0.5680593	0.2597063	0.7763117
0.8907142	0.6268297
0.8168946
0.7821837	0.869247	0.5680227
0.6986552	0.8371894
0.361178	0.643097

0.6119188
0.5640015


0.4261444	0.5809948

0.9160354
0.8926806

0.7959866	0.9803975
0.8823632
0.1431482	0.1785182
0.9247004

0.06425188	0.8332067
0.9534295
0.5203287
0.7824395	0.9998673
0.8878997	0.8387936
0.7103577	0.9091749
0.4986098

0.8187187
0.9248675

0.8996084
0.0776652	0.8844972

0.6922528	0.7496591	0.8459019

0.7278777

0.7058772



0.8518008

0.966066
0.7107853	0.9507152
0.584975
0.7090772	0.4306723
0.5496885	0.3975551

0.9197954
0.7368556	0.4190675
0.2505085
0.3507845	0.6990784
0.1596128



0.6095172	0.9018809	0.7374227	0.6885576
0.5847774



0.9298431


0.949036	0.8917407


0.8903752
0.5105994




0.493492	0.6632355

0.4839612
0.4115729	0.5354516	0.5363133	0.9141464
0.5758004
0.5929842	0.6787816
0.3362237
0.3534153
0.9266153
0.8565705


0.6374448
0.5556409
0.9895826	0.3659605


0.7803898	0.9208504	0.9025463
0.8965896	0.7349035	0.6982557
0.9791966

0.8924379
0.9522359
0.9891979

0.6364305	0.9190843

0.5851017	0.6444401	0.8632447
0.3949426	0.9440351

0.5868069

0.625964	0.3214399
0.6969503	0.6214353
0.9819086


0.7204773	0.8002158	0.9286308

0.951203

0.9393513
0.8689272


0.8824564
0.7685745	0.6629982

0.9897484

0.8472516
0.7847761


0.6765752	0.7754576
0.9244083	0.2001124

0.9104802	0.03048905
0.9584696	0.9279013
0.4364894	0.412797	0.7141646

0.9283248
0.2314985


0.5872727	0.5816267
0.4370558
0.4156808	0.6004419	0.3625288	0.9237227

0.3393854
0.7639432	0.3549624

0.9077955	0.1668427
0.6758496

0.9738853
0.8312065

0.7578377



0.6989333
0.4651895	0.4502453	0.1925046
0.423884	0.7764092	0.9309196
