ExtinctionRates
0.01050846	0.0125728
0.002979728
0.1019144	0.01316473	0.03047901
0.01381906
0.008734437	0.02715086
0.01635174	0.07019445	0.004457969
0.01825145	0.05292102
0.004950873
0.06315729	0.02427679
0.02494929
0.02077306	0.01526067
0.06461626
0.01352415	0.001955511
0.1071372	0.03728463	0.05659793
0.1386219	0.01214304	0.05951884
0.02160782	0.0624383
0.04781157	0.08193241
0.02709836	0.001078991
0.07436225	0.04671637
0.01949945	0.03943046
0.1078872	0.01687845	0.05322961
0.09106093	0.01635961
0.03298056	0.04321798	0.0207462	0.1112506
0.001731615	0.02237753
0.1063082	0.0522235
0.04353163
0.01969354
0.08004289	0.003866937
0.1082095	0.01742084	0.01959414	0.001344668
0.05419735
0.0006253485	0.000474823
0.09199604	0.02436843
0.008296833
0.05212242
0.002669934
0.02995906	0.05140727
0.005532735	0.02449131
0.003202498	0.01225963
0.03989043	0.009639575
0.04826457	0.02379434
0.007265102	0.003688248	0.0801474	0.01752397
0.08263206	0.03912384	0.04118122
0.06536765	0.001586009
0.09251434	0.01867548	0.06975024	0.04866496
0.02935364
0.05517832
0.110913	0.01233928	0.08557915
0.01312495
0.002772081	0.04423969
0.00229747
0.01405399
0.09216502	0.02365203	0.05565358	0.04290701
0.1355988	0.06399628	0.1084074
0.03467782	0.03574998	0.04098871
0.02121074	0.0841923	0.002849195
0.08358948	0.01416042	0.06517584	0.0511397	0.00936451
0.03091833
0.09630895	0.01830166
0.09912081	0.01670252	0.01084341	0.111753
0.05680105	0.006175693	0.01615439
0.0454227	0.01182721	0.03781496	0.09292265	0.04923812
0.06986451	0.01530421	0.02636849
0.05374407	0.06970608	0.0331158
0.09741985
0.1145687	0.08763122
0.05144555	0.03390583
0.04518403	0.04420265
0.1770315	0.02376225	0.04933915
0.03548592	0.0360394
0.02896148
0.06176512	0.05457168	0.0009170145
0.03140566	0.001895748	0.005863909
0.03241642	0.0257645	0.0004501966	0.02488426	0.01850246
0.01556436	0.009108486
0.0264211
0.01006215	0.006161222	0.02401734
0.07889828	0.03219776
0.0247729
0.01433258
0.01832315
0.04699805	0.01319405	0.001594414
0.1018231	0.005680298
0.007307858
0.003354888
0.01411389
0.01991538
0.002276563	0.04559023
0.03121379	0.01083141
0.01855008	0.0003749749	0.01731436	0.02225952
0.005825107
0.01321016
0.1280081	0.01960048	0.09487842
0.09515735	0.0288953	0.02520193
0.05227721	0.02685007
0.03995609	0.05930584
0.02488791
0.01911838
0.02741848
0.04610934	0.03560222
0.01257043	0.08114405	0.04462207	0.0489122
0.01212534	0.06670022	0.02137854
0.01091569	0.06248292	0.03377757
0.03417272	0.0592222
0.04096191
0.002109592
0.005426616
0.02364944	0.03310427	0.1301667
0.02121764
0.01038351	0.004957563
0.047574	0.02948605	0.03962533
0.09651427	0.02646191
0.07338844	0.04478729	0.0547566	0.02735249
0.01465759
0.03295456	0.0476596	0.01022323
0.001619872	0.03831689	0.05566128	0.1054924	0.01246895
0.02072892	0.01615906
0.02976077
0.01148221	0.01291768	0.01217238
0.02244526	0.06116461
0.06980049	0.01347157	0.03919413
0.04068091
0.1174754	0.009213392	0.06252145	0.00574787
0.09665271	0.0001439447	0.06997955
0.0423086	0.01374327
0.1044794	0.004415968
0.03561833
0.02057197
0.08474928	0.0509086	0.05518765	0.04385803
0.009825941	0.01813727	0.09183235
0.01036325	0.02606804	0.03119351
0.02347215
0.03253209	0.02744908
0.03511864	0.001415486	0.051321	0.1112841
0.03056321
0.02048426
0.01379057
0.000814167	0.02919199	0.1036142
0.0005643085
0.01833931
0.01699967	0.02310696
0.1132792	0.0008738014	0.0286192
0.02438038
0.01697414
0.02179349	0.0003385731
0.0056211
0.008465834
0.08731615	0.02891193
0.0129142
0.0867103	0.002947573
0.004640365
0.02521648	0.001492798	0.05509502
0.003773618
0.008505765
0.0777391	0.02060202	0.06340163
0.01201977	0.01499068
0.02033134
0.002937486
0.05955729
0.01893068	0.0209692
0.03356702	0.02426072
0.1124617	0.01441054	0.01378128	0.03549733
0.0400055	0.07229011
0.02514977
0.0753777	0.05250815
0.06752582	0.02074178	0.02948225	0.006837179
0.003556707
0.05725246	0.02957625	0.05588163
0.03314494
0.07538258	0.03031579
0.01920877	0.1053637	0.02475228
0.07201231	0.1546003	0.01826286	0.05528877
0.09428867	0.03056914
0.1418583	0.04519529	0.06682128
0.006669816
0.08872673	0.01580788
0.02567017	0.07021896	0.01635695
0.05080677
0.0272894	0.04973051	0.0364592
0.003488037
0.06592681	0.01709649	0.05196622
0.04064971	0.0142686
0.001689208
0.04091355	0.01813695
0.009709078
0.04646294	0.009344827
0.01308479	0.008930892
0.0652007	0.05203056
0.02284296	0.02974909
0.04218022	0.04076088	0.02045446
0.081566	0.006563788
0.07517251	0.02617908
0.008648319	0.03005078	0.1244032
0.03129498	0.07263588	0.02161285
0.0266455
0.1031631	0.05422385
0.02569989	0.02074108	0.05801687	0.1165927
0.0152337	0.06524187
0.06111496
0.06047878	0.03586238	0.02454968
0.01113429
0.03409179
0.008654451	0.03373843
0.05463047	0.02046377
0.02629431
0.1182571	0.009737687	0.04059624
0.01354715	0.001320521
0.01011439
0.00676816
0.1076802	0.01553877
0.03470683
0.03474536	0.02797063
0.04320427
0.02195638
0.04722686	0.01832843
0.009320496
0.01551776
0.01176296	0.02286197
0.08934748	0.01585672	0.001095826
0.02607348	0.0228198	0.03961143
0.07985964	0.05774364
0.02445456
0.1296348	0.02944579	0.03995475	0.1535255
0.007647873	0.002327716
0.09689961	0.01809498	0.07504754
0.06957668	0.02949885	0.01264389	0.05580912
0.08591738	0.007715284	0.04044926	0.08793002
0.04357735
0.003079627	0.03779855
0.06830076	0.001155783
0.003941281	0.05431392
0.005941305
0.02950793	0.03235749	0.02039986
0.06546873
0.02340795	0.02585722
0.0009824929
0.0005311468
0.01717651
0.06898528	0.0166195
0.02866745	0.04555722	0.01995355
0.09537031	0.001589115
0.01230797
0.04318836	0.03667156	0.00435384	0.0117039
0.006627448
0.1113382	0.0333006
0.06811205	0.02658571	0.1195686
0.01005999
0.009791917
0.003294911	0.0469117
0.0257003
0.03258207	0.005938373	0.05590501
0.04086126	0.06013102	0.04460133	0.004763313	0.02320312
0.01669244
0.07567872	0.004517358
0.04493805	0.01296519	0.05131793	0.009706011	0.06554719
0.005788933	0.0936203
0.008267324
0.04568279	0.001130689	0.1064466
0.1574257	0.02395783
0.006933095
0.006452189	0.03302923
0.02660673	0.006969689
0.02623062	0.05107139	0.03858824
0.05718061	0.01513588
0.1092321	0.0101106
0.05566759	0.01554021	0.05348074
0.02551472
0.03136029	0.0004387706	0.02358665
0.1363296	0.02659327
0.06450646	0.02220925
0.04110776
0.06858753	0.03941975	0.01693307
0.00843821	0.004117935
0.1059669	0.009340614
0.004965417	0.0007008694	0.03020457
0.04888237	0.01682249	0.06652704	0.1126695
0.09674371	0.00164648	0.03170832	0.007221682
0.02332418	0.03888009	0.04195382
0.02764938	0.04354948	0.05445421
0.03139071	0.05978084
0.1090237	0.0308636	0.003945203	0.01184471
0.01669981	0.03936397	0.02213688	0.02106098
0.02701128
0.01641932	0.003807973	0.01231881	0.02934679	0.1107986
0.09098955	0.05009493
0.01196089
0.01452128	0.03775954	0.04001763
0.01310652
0.01118834
0.0614869	0.01689136	0.02144625	0.01707487
0.06411873	0.03190904
0.04824327	0.006179736
0.0001499796	0.07569669
0.01329776	0.03876572
0.0163019	0.006951404
0.06132661	0.01863363
0.02903413	0.002652522
0.008992095	0.1246418
0.02705707	0.05351299
0.134646	0.03835486
0.2018812	0.08754764	0.07874539	0.09761239
0.175069	0.002930228	0.02932571
0.08786472	0.01423881	0.06290468
0.01900699
0.06717127	0.03674708
0.01651514	0.08860111	0.01241111
0.05018708	0.05462462
0.008089827	0.06376677	0.06265744
0.1285028	0.0149024	0.08963353	0.09297968	0.02175556
0.01806262	0.01214589	0.08870277
0.06141803	0.009138861	0.0515112
0.03593616	0.004159014	0.04834419
0.02894496	0.01969548
0.06992455	0.02268354	0.1627876	0.00898613	0.04138534
0.07154685	0.01027689
0.1041617	0.0275539	0.02507981
0.006630215	0.06002822	0.1445399	0.2146504	0.1378235
0.1102637	0.0001769311	0.1626804
0.08239219	0.03518136
0.1385756	0.01698524
0.1144885	0.006912553
0.07301993	0.01989914	0.04233894
0.03658731	0.001515418	0.01056737	0.0400557
0.01323587	0.01649008	0.0358297	0.006679231
0.05476677
0.04944501	0.1014332	0.006654362
0.01568972	0.1095497	0.02844001	0.1508921	0.06255159	0.01435614	0.09074512
0.05613348	0.02453924
0.0713728	0.01602639	0.004321887
0.04359162	0.06022439	0.02024557	0.07463108
0.0624745	0.03323593
0.05062226	0.07407589	0.04610094
0.003457892
0.0530143	0.0258381
0.007175819
0.03701526	0.03395461
0.03323866	0.01426311	0.1404646
0.1121638	0.04916038	0.008509959
0.0460458	0.004235582	0.04089407
0.01052625
0.1881407	0.02058057	0.009274774	0.1109269	0.0007489068
0.09105775	0.01076274	0.08396107
0.03250349	0.04771282	0.05479935	0.03296939
0.04339293	0.01636692
0.07330277	0.0006231107	0.03662022
0.06214731	0.009074909
0.01655883
0.03653709
0.1131618	0.0109281
0.04527622	0.02543581
0.01296096	0.03171033	0.01456275
0.0009849598	0.04021397	0.0438223	0.0008919167
0.003002593
0.01015471	0.01233063
0.1487627	0.01308264	0.06609047
0.0507905	0.1524247	0.04341731
0.02009816	0.02632262
0.01407817
0.089415	0.02614746
0.01622469
0.02144924	0.01910841	0.04664699	0.03718079
0.1184957	0.01977829
0.05091506	0.05515172
0.01769867	0.006618735
0.124398	0.0008029831	0.009591846	0.114479
0.0002829353
0.002993479	0.01861981
0.007109133
0.07358047
0.03368371
0.04089259	0.05220078	0.03624445	0.1553051
0.01838821	0.1387032	0.05832041	0.03154619	0.002147803
0.1664256	0.09211754
0.03161166	0.04875641
0.01364482	0.04617711
0.03086336
0.01458677
0.003908787
0.02103788
0.05857077	0.002649981
0.05335969	0.00135025	0.02990764
0.02491036	0.002592549
0.05729522	0.03927258
0.004515604	0.02387644	0.04275408
0.03978331	0.0584235
0.08263061
0.04583144	0.08290672
0.01968107	0.01432551	0.03051904
0.07360364	0.05485161
0.09807763	0.02850949
0.005317722	0.03544208	0.01613147
0.05470999	0.01169346	0.02031019
0.04761254
0.02379996
0.0440933	0.04961555
0.02218517
0.007070047	0.0394958	0.02356274
0.008241962	0.06872442	0.02475305	0.03833216
0.02879876	0.04444037
0.07598006	0.09990425	0.06939078
0.04970144	0.05679408
0.04716888	0.09265768	0.004724562	0.1800141
0.009545163	0.07015143
0.05248471
0.2077029	0.03304246	0.08352978	0.05476441	0.08157537
0.1190457	0.1044149
0.104592	0.09245265
0.06268216
0.08286089	0.05290206	0.01363007	0.06170525
0.02089063	0.009652857	0.02519548
0.1099426	0.06337147	0.002406698
0.09347626	0.03539404	0.06136018	0.1180234
0.00734356	0.02190136
0.02469788
0.03963273	0.02357479	0.1378438
0.08370323	0.01425702
0.01413083	0.03779655
0.04924735
0.04997147	0.1770784	0.08985233
0.01237007
0.04108936	0.0271401
0.005989533
0.08167272	0.01460156	0.1554735
0.002101547	0.04100786	0.01415464	0.06813764
0.007894915	0.03508959	0.111207
0.04274856	0.08101441	0.04727731	0.03797682	0.04373383
0.01530779	0.06378033	0.04347174
0.05634595	0.06537031	0.01597685
0.04356405
0.006820855	0.01831034	0.1384305	0.024747
0.1340466	0.02492881
0.03687009	0.02355434	0.08263733	0.02335328	0.06111936
0.1204819	0.04274857	0.05695509	0.1021906
0.007847485
0.08280667	0.03033661
0.02503058	0.0816447	0.01014543	0.02326118
0.00800534	0.04573248	0.07866991
0.01633046
0.01781816	0.04526551
0.03433703	0.02548628
0.04432429	0.01993533	0.08234407	0.02912514	0.007133808	0.002103919
0.04014721
0.01125528	0.04227652
0.01469491	0.01226645	0.04783295
0.02719279
0.01998674	0.07322948
0.01676626	0.04249605
0.0232513
0.06880584	0.006062933
0.02248477
0.0088498
0.0853537	0.004345855
0.1233987	0.02690804
0.1296424	0.01928568	0.03232538
0.08202515	0.03499812
0.03424646	0.1007261	0.04376862
0.02123834	0.04376746
0.07635955
0.01912568
0.04934258	0.1297087
0.03631231	0.05695505	0.02370847
0.04936478	0.1050633	0.09569168
0.08784862	0.01678532
0.06585113	0.004743021	0.001205052
0.01785544	0.02700522	0.0893925
0.02392742	0.03715572	0.1030439
0.07097949	0.005209018
0.006566672
0.01954575
0.01337878	0.01919587
0.04703407	0.01368506
0.06685415	0.007442607
0.04682057
0.02168478
0.04657138
0.01688328	0.03224118	0.07224327	0.008503213
0.037528	0.0149731	0.07330536
0.007204791	0.006562845
0.008681435
0.009539255	0.01428861
0.002765268	0.05235544
0.02541529	0.02565832
0.04448798
0.005869341
0.0005589868
0.05535863
0.06125153	0.01211592	0.0454522	0.0593466	0.05526002	0.07147106
0.02679057	0.09321061
0.04162473
0.003119561	0.04094342	0.003682642	0.0253099
0.001055406	0.007151129	0.06424313
0.005452729
0.004115711	0.009321364	0.002125876
0.01404981	0.08260889	0.06498815
0.07139388	0.07040467
0.003535846
0.04825701	0.06465377
0.03501076	0.08712197	0.03518951	0.05708644
0.02579264	0.02937653
0.01396312	0.03812777	0.009114858	0.006100057
0.0006879454	0.01760687
0.007457086	0.08917727	0.08655944
0.009495251	0.04356008
0.009758794
0.02417017	0.03251091
0.01770403
0.01532911	0.03763134
0.002673339
0.01219312	0.00234557	0.08811974	0.01344476
0.07653119	0.03321277
0.07011726
0.1532931	0.03275234	0.1727929
0.01564975	0.05537088
0.002457715	0.0556354
0.04376935	0.06099318	0.06336875	0.09616986
0.02232847	0.008556245
0.05858985
0.03555697	0.05358214
0.1774295	0.007982627
0.005698483	0.07165309
0.02037488	0.03206393
0.01333457
0.0138891
0.1167795	0.001126417
0.07626712	0.02973907	0.08620955	0.1193529
0.001747068
0.0163656
0.002488353
0.09415203	0.09025327	0.07616948
0.09786919	0.0144495
0.06235919	0.0004200394
0.01449505	0.05883889	0.03369122
0.01692709	0.01223891	0.004769078	0.03026254
0.04149478	0.02380528	0.05392734
0.07166534	0.04329257	0.07499504
0.05062095	0.001503364
0.1041422	0.0004496655	0.04736207	0.1188539	0.02528325	0.1293398
0.05543924	0.01329969	0.04342547
0.046273	0.004671996	0.1060142
0.0009380706
0.1138649	0.009092705
0.006359079	0.04438392
0.0322248	0.004434897	0.007382116
0.007354708	0.04140236
0.03733694	0.03728902	0.06378194	0.05048237
0.02285148
0.02388472	0.0460095
0.0298481
0.05458476
0.04821466
0.03075592	0.04464929	0.06209191
0.005739774
0.01694405
0.02544366
0.04445079	0.02072222	0.09077604
0.04151013
0.006131232	0.004589663	0.06182711	0.03326597	0.03460276
0.05197535	0.00188897
0.05698009	0.03572124
0.02146915	0.00259863	0.09935082
0.1085143	0.0009280319
0.03600213
0.02227717	0.0254276
0.0345185	0.01950881
0.01746722
0.009206869
0.06297365	0.0247746
0.04981267
0.01074261
0.005685296	0.03896454	0.0009063032
0.0260112	0.07719075	0.08342449	0.07363966
0.07813789	0.02905982
0.1630649	0.01319147
0.01287432	0.003811332	0.03215447
0.03509426
0.03615445
0.05259733	0.004092291	0.07402775	0.04590043
0.0114463
0.07190426
0.06108272	0.1191643
0.04648821	0.002165948
0.02028439	0.004347382
0.0405655	0.007457575
0.07309957	0.03482285
0.008724083
0.002915945
0.02838184
0.03675281	0.02217135	0.04787063
0.007527524
0.08618772	0.0282398	0.06581992	0.05635494	0.03003406
0.01537282
0.03415146	0.05934629
0.09355465	0.04414786
0.1039114	0.08610444	0.01594673	0.07972467
0.01409781	0.1034073
0.05320387	0.0326953
0.02241961	0.01448777
0.007389083
0.07141702	0.0008586879
0.02719466	0.001764602	0.02065682
0.02897399	0.006415221	0.0521104
0.001725403
0.010553	0.00541219
0.06735373	0.07660976	0.01681828	0.0710575	0.07608025
0.1110194	0.03302918	0.1127769
0.02859084	0.03279357	0.0180111	0.008949621
0.06072549	0.002579344	0.07368365
0.02081706	0.01649131	0.05256116
0.01943807	0.000677728	0.01953454
0.01815098	0.001679845
0.05676062	0.01935997	0.1006306
0.04711454	0.03821459
0.0200837
0.04793107	0.01472235
0.05326735	0.03526709	0.03648097
0.008411777	0.08054069	0.03623685
0.02312133	0.05203522	0.1881658	0.04804418
0.008620704	0.06622766	0.08563463
0.04918183	0.001008384
0.006618279	0.01405105
0.03100888
0.02226134
0.03051183
0.05189252
0.03386189	0.0974845
0.0257809	0.03909668	0.03229408	0.09163908	0.01354095
3.980635e-05
0.0584056
0.02013139
0.02325126	0.03169174	0.02270565	0.02703048
0.04048186	0.008561986
0.003065638	0.009222439
0.01594903
0.0450972	0.006871225	0.05286117
0.0164179
0.0131927
0.04641042	0.008001811
0.0002834481	0.06357168
0.02007902
0.005976171
0.05772508	0.01760617
0.02636564	0.008929863	0.04748108	0.0612088
0.02812202	0.001089104	0.08091405
0.05263861	0.06925704
0.02436129
0.005765601
0.03640292	0.01472268
0.007847232
0.02488426	0.04436754	0.05134785
0.0457908	0.06579944	0.0247557
0.04259133	0.02041371
0.02409455	0.06098244
0.01378966
0.02965292	0.001198324
0.01665305	0.01709468
0.03679851
0.03076839	0.04895595
0.02553448
0.06301622	0.01094762	0.03811657	0.00517741	0.06595481
0.04729291
0.06189151	0.005652589	0.0268673
0.00536755	0.04048162	0.04780157
0.01150964	0.003547674
0.05388509	0.03933376
0.01709893
0.138488	0.02585116
0.01741658	0.008706144	0.1507777
0.1107895	0.009261999	0.05098363
0.01691089	0.05022674
0.05154246	0.01962441	0.1080538
0.1305766	0.03003581	0.03653696	0.02151101
0.01966767	0.04068442
0.01337464
0.06604469	0.02944685	0.08735713
0.04841531	0.04323043
0.01594994	0.07305419	0.0937446	0.03562269	0.06877218	0.04533283
0.02181249	0.03728036	0.07891142
0.003152629	0.070103
0.03239791	0.03770498	0.0004770702	0.001616552
0.01158296	0.008741624
0.007134365
0.06575156	0.003613458
0.04957255	0.003455493	0.04510566
0.04485041	0.0008590738
0.03010364	0.07024655
0.01844771
0.03591984	0.02068648
0.001034911
0.001893707	0.01906743
0.02159388
0.006691275	0.02519354
0.06194705	0.02070122
0.01271955	0.1412744	0.08212438
0.0644801	0.0004431572
0.001558417
0.02697813	0.002057067	0.08516342
0.05523268	0.004414583	0.02447909
0.02679244
0.01394956	0.04516	0.02333264
0.009972351
0.005074857
0.01953175	0.0154419	0.03468068
0.06736873	0.01814458
0.02906321
0.004299504	0.00993884
0.09750652	0.0814977
0.03326456
0.1057785	0.008318232	0.05521892
0.03498359
0.01696976	0.05609836
0.004991665
0.03150255
0.1277796	0.01193101	0.01187448	0.05309301
0.02892979
0.01782533	0.01208517	0.05995618	0.04168306
0.0581144	0.03615428	0.006901752
0.03248537
0.1175547	0.003917146	0.07710263
0.099659	0.01356272
0.001593132
0.1424944	0.0007545491	0.03405905
0.01720235	0.02504669
0.07632307	0.01173179
0.1352071	0.02052451
0.1045128	0.1207043	0.01492326
0.03654489	0.02984739
0.02285603
0.004381409
0.06214795
0.1310978	0.01557676	0.02788546
0.01563069
0.1488315	0.001216785	0.01008799
0.07381592	0.01845519	0.1232835
0.05062174	0.003724047
0.09192573	0.04178076
0.03718827	0.006462478	0.08663648
0.0136724
0.07624704	0.01607434
0.008633853
0.0552232	0.100416
0.002028527	0.01094702
0.01433531	0.01515431
0.004688902	0.01751266
0.08509379
0.01705396	0.05188226	0.01302528	0.0411435
0.01345117	0.06710262
0.01259727
0.01436921	0.03843301	0.04265001	0.05238968
0.04096493
0.02686487	0.05432542
0.05951326	0.06197694	0.07258095
0.01616869
0.02490083
0.09296573	0.06408804	0.03171459	0.006176656
0.008321645	0.00853983
0.05230844	0.01808042	0.105886
0.0759297	0.003349509
0.1728426	0.003201542	0.0607512
0.003894487
0.09118727
0.006255025
0.04973333	0.02242566	0.0735725	0.03114552	0.003462515	0.03008788
0.0415704	0.03384627	0.1189092
0.03076843	0.0226156
0.001787282
0.1058192	0.05351272	0.06588874	0.0233707	0.04908595
0.0916364	0.04056974	0.03148644
0.041216	0.0105274
0.04322113
0.009983558	0.04351602	0.1261172
0.05002572	0.009494098
0.03817087	0.07980622
0.06522218	0.02220702	0.008283514
0.04078808	0.03070394	0.04565603	0.04457979	0.04646518
0.009865941
0.005999963	0.06398035
0.02101389	0.06356428	0.03261719
0.02496487	0.04797171
0.1069753	0.02373065
0.02662464	0.003824664
0.04494529
0.01186837	0.003767294
0.01041758
0.02008529
0.02711952	0.09784078	0.01867524	0.03512267
0.03900082	0.07761244	0.02543338	0.02217367
0.0994917	0.006744054	0.1368265
0.06612398	0.05138533	0.1102972	0.02089154
0.04194938	0.05807948
0.005018171
0.03060412	0.00179099
0.09304734	0.07049005	0.03364404
0.0006655621
0.02096687	0.01032569
0.07547289	0.006824188
0.03267655
0.01223786	0.04427183
0.03215985
0.00324348
0.05787392	0.05299315	0.001066332	0.1350027	0.02952743
0.02397402	0.005504533
0.01176307
0.001174824
0.003193335
0.02471747	0.0071919
0.03925588	0.02516981
0.03438584	0.01531959
0.06912146	0.01845802
0.02303125	0.08437644
0.12012	0.0339536	0.01794936
0.0120793	0.001087948
0.001172497
0.02638976	0.0287777
0.08870578	0.02818429	0.06943348
0.02302394	0.0034057
0.03227442
0.02660957	0.063671
0.01940429
0.006259958
0.07928458	0.01233177	0.002977198
0.03668089	0.005635845	0.09715282
0.001186095
0.02573789	0.0455236	0.02763347
0.01673447	0.01075851
0.13481	0.02252994
0.02920027	0.02094307	0.01304764
0.06790497	0.003459105	0.03121434	0.08439979
0.03580196
0.05040495
0.03356064
0.01454998	0.03968748
0.0320386	0.04022491
0.02570768	0.1202023	0.01815208	0.04844863
0.05211711
0.06592117	0.04832955
0.04536439	0.1282224	0.07423417
0.005396522	0.06404112	0.03407919	0.04594302
0.04555968
0.0456465
0.005349573
0.002134444	0.1027545	0.05314537	0.02252085	0.1083336
0.05095633	0.0219698	0.05310765	0.02934465	0.002780684
0.006370581	0.09475974	0.01579419	0.09844295	0.1233381
0.01780765	0.0367128	0.01075935
0.1135986	0.03735051	0.08107263
0.02857631
0.0338121	0.0984801	0.01706086
0.0253353
0.01718944	0.001528407	0.05070918
0.05001484	0.02917258
0.1209457	0.01388252	0.0662348
0.09207875	0.086029	0.03786122	0.0492672
0.1276586	0.06107696
0.04352764	0.06502409
0.03232142	0.04348968
0.02737325	0.01384971
0.01385358	0.01937649	0.07642619
0.07001356	0.0368326
0.1174481
0.02751645	0.02366756	0.02407047	0.03501036
0.0593624	0.02385508
0.05885132	0.005973818	0.131741
0.08202433	0.01627187
0.08814517	0.02765372
0.0521402	0.01098844	0.03365411	0.05848309
0.07452957	0.01348098
0.1511152	0.02236203	0.01572243	0.009561758
0.04105462	0.03178451
0.06862871	0.0140982	0.021285
0.04132267	0.05514009
0.07102887	0.07090743
0.1163209	0.05209427	0.04241891
0.1018834	0.0146578	0.06587589	0.03704234
0.002188488	0.007066696	0.0001894366
0.0370449	0.02940046
0.1035565	0.01085476
0.02483888	0.01319662	0.04525081	0.08416523	0.05038316
0.04108376	0.01877145	0.01808199
0.01543824	6.387738e-05	0.1137674
0.003036609	0.02463821	0.03031665
0.02596801
0.0665558	0.08279025	0.015976	0.08889765
0.09530306	0.02195524
0.09148889	0.02452114	0.08586758	0.05792368	0.08070566
0.02701757
0.06673828
0.002356135	0.02615974
0.03975267	0.03480271	0.1156562	0.140017	0.03416816	0.06506249
0.08806518	0.04690423
0.01471711	0.05005598
0.04481852	0.026197	0.02770612	0.03846409
0.01485448	0.05482047
0.01656103	0.008538589
0.02752857	0.001519756	0.003727611
0.01643104
0.1130508	0.02911704	0.04088858	0.04774519
0.1005025	0.01415748	0.05542744
0.01975652	0.08057831
0.04296117
0.01175395	0.08887192	0.1302714
0.093478	0.01201673	0.07128416
0.06545606
0.05986141
0.03745096	0.02343873
0.0006470889	0.01038958
0.03640545
0.09188625	0.05348535	0.02090546
0.0820216	0.02225266
0.08656603	0.01658112	0.03359501	0.07828034	0.153132
0.09234713	0.06313508	0.07365345	0.1030831
0.04836514	0.01675892	0.02410377
0.04027174	0.02028127
0.04388136	0.02932323	0.06285362	0.05290354	0.02978045
0.07560828	0.02184176	0.1411945
0.01797879	0.04588486	0.05770198
0.06328035
0.01416662	0.03934542	0.02051868
0.02225574	0.05679912
0.02912952	0.1726918	0.002592712	0.02857293	0.04437843
0.1172439	0.1142258	0.001296542
0.05048939	0.0127839
0.02041873	0.01200444	0.05813725	0.1122181
0.01419014	0.0460333
0.01250093
0.0052721
0.04037383
0.01299831	0.07328956
0.01493956
0.003550566	0.02527
0.006776538
0.02686193
0.0228519	0.03057395
0.01441102
0.00824551	0.04191612	0.00253157
0.04045758
0.07708089	0.07044301
0.01108362
0.01877539	0.005467388	0.04227116
0.04069393	0.07247867
0.01826128	0.1145252	0.009449327
0.04393434
0.08213049	0.008080958
0.07376974	0.05630696	0.03826222	0.03531133	0.08956769	0.07515402	0.09032653
0.01513943	0.04892813
0.004802244
0.02456857	0.03044766
0.01137303
0.03696274	0.03787736	0.04767735
0.03132606
0.006598154	0.02779455
0.002932467	0.02132671
0.04633139	0.007843021
0.01217625
0.01456183	0.03958922
0.0862704	0.008204889	0.04252176
0.02843973	0.0253046
0.09285369	0.03474978
0.06282438	0.005842673	0.0997824	0.0970187
0.005421821
0.06356646	0.01905331
0.02396091	0.03960871	0.03275469
0.01714226
0.02085267
0.03291283
0.03082154	0.08166577	0.02253999
0.07100216
0.1436938	0.04470676
0.08405151	0.008496968
0.004001444
0.03821796	0.0218652	0.1288088
0.04723541	0.03170639
0.07171094	0.006149457
0.09474498	0.06978965
0.01660229	0.03891248	0.04768509
0.02213383	0.02412104
0.003255303	0.0365311	0.03286645
0.04459593	0.08658986
0.002489506	0.05915773
0.06822608	0.02863524	0.05376026
0.02612208
0.01679269	0.0907742	0.05028549	0.05826079
0.06953433	0.1156711	0.06747953	0.03822669	0.04660515
0.02280293
0.004689759
0.02617399	0.02766954	0.02781245
0.06178925	0.02848124	0.07145216
0.01529314	0.05680009
0.0395988	0.02867486
0.1146925	0.0913319	0.02164214	0.08706781	0.09216134	0.08694138
0.1191694	0.007352673	0.0603535
0.1478201	0.03486904	0.07334129
0.09664577	0.1019145	0.01716534
0.01505191	0.1763568	0.007802991	0.08226272	0.1009583
0.1634449	0.02827324	0.0140797
0.07859065	0.0123273
0.1090321	0.02538747
0.02562716
0.06274993	0.0303553
0.03979146	0.02786905
0.05375633	0.0674714	0.06344196
0.06636427
0.00649834
0.02425383	0.02436838
0.005262244
0.0693425	0.0402191
0.09073855	0.0464767
0.03359493	0.03324482	0.009503367
0.1183266	0.02521001	0.03545183	0.03978156
0.02079032	0.001480937	0.06810292	0.1332007
0.0967886	0.03571725	0.004965221
0.01170278
0.1455761	0.02256279	0.0576538
0.01185777	0.01591234
0.05841778	0.01687916
0.006268416
0.02704786
0.007004151
0.02883112	0.04797897
0.02122076
0.05509094	0.002327454
0.02023128	0.1147671
0.02522175
0.008122785
0.07252546	0.04362064	0.04946427	0.0506554
0.04379814
0.009531592
0.009527559
0.02713194	0.1084951
0.01426267
0.01840204	0.05681821
0.002327945	0.03918461
0.007161829	0.1147051	0.07819872
0.005462633	0.01774587
0.08548646	0.00581684
0.03581881
0.06051922	0.06314617
0.02906963	0.004764878	0.08385499
0.03344334	0.008422431	0.08016719	0.05585947	0.04346553
0.06323042
0.0367267	0.05263155	0.02070601
0.06234414
0.04868961	0.0478573	0.09889472	0.06418948	0.1111075
0.01841517
0.02010396
0.05857824	0.02584959	0.06780699
0.01353045
0.04393734
0.06360796	0.1597826	0.002732651	0.0777857
0.01264927	0.0003402787
0.06689049	0.03926344
0.05706608	0.005702307
0.04675846
0.0397387	0.002306767	0.04285617
0.02168091	0.05614076	0.04106853
0.0009315474
0.01486517
0.04267187
0.06641175	0.004644268
0.0004982998	0.06488458	0.1266351	0.02632596	0.01993023
0.03729599	0.02023923
0.01038535	4.110543e-05
0.0268934	0.1300402	0.07271698
0.0001155494
0.03147407
0.03011668
0.00878097
0.006220976	0.01511414
0.02836043	0.04055479
0.08761293	0.04105565	0.008998059	0.04905237	0.1048619
0.07156708
0.1051174	0.03010287
0.06900469	0.03158829	0.08594845	0.0482368	0.0239098
0.01405946	0.03975219
0.08501832	0.021113
0.007348204	0.01492805
0.000360773	0.03036606	0.03098042
0.02016012	0.03769089
0.004565583	0.02045679	0.002281788
0.1296388	0.01207583
0.07093302	0.02545556
0.0205647
0.1159703	0.007721549
0.04971541	0.06064358
0.02994248
0.02052817
0.03128099	0.1104691	1.35153e-05	0.08190384
0.02634753
0.02288869	0.0006982808	0.008871785	0.1069665	0.06206074
0.0446484	0.01683054	0.03912661	0.06007628
0.001053327
0.02051194	0.03880945	0.0208528
0.06675892	0.01372265	0.006554118
0.07582152	0.006392274	0.04498306
0.003756027	0.01636663	0.02038317
0.009109442
0.008020868	0.008543807	0.01957449
0.06972177	0.007185616	0.003785426
0.01337095	0.02005661
0.04823731	0.02765849
0.004873087
0.1430918	0.009706469
0.05963223	0.003345196
0.1210553	0.06279077	0.08978462
0.04429891	0.01468147	0.009753164
0.06343987
0.08247747	0.04779478	0.1125563
0.05822684	0.05961107	0.01349731	0.009173005
0.04031229	0.01277465	0.09124486
0.09355874	0.00212473
0.1035372
0.08630987	0.02880063	0.08181057
0.04499112	0.005750196
0.03219576	0.00911287
0.02020203
0.001338985	0.06306549
0.08132969	0.01102719
0.01524533	0.0007986319
0.03352177	0.00863299
0.0002397767	0.003639211	0.1394692
0.03686878	0.03436083	0.03307275	0.03624999
0.09753567	0.0172561
0.01522805
0.09161157	0.006295903
0.02161195	0.003696219	0.08734529	0.01044104	0.1245165	0.1811841
0.1474413	0.01839551
0.1067678	0.01530735
0.02554003
0.05548182
0.1300021	0.0177833
0.05765647	0.04546093
0.03551171	0.02784088
0.1236481	0.01407389
7.997979e-05
0.01655408	0.04987731
0.007714449	0.1330376
0.009403783	0.02451545	0.008515433
0.01384039	0.03759274
0.04628691	0.008151339	0.07933133
0.1010723	0.01085346	0.02695329
0.05178666	0.06773541
0.01036955	0.03990739	0.1240763	4.430928e-05	0.02161865	0.1759638
0.03099361	0.0710775
0.06103506	0.003198139
0.02804359	0.06377736	0.005913198
0.007757576	0.008783896
8.175179e-06
0.05821521	0.01088959	0.02044307	0.02311178
0.03023064	0.02436343
0.02264077	0.009135798
0.110549	0.02411825	0.08963788
0.05331647
0.02665251	0.04474865	0.02165168
0.06903278	0.007109285
0.008348391	0.0107016
0.01524857	0.08469837
0.006724344	0.04348739
0.09153306	0.04722664
0.008234999
0.08835175	0.02845408
0.04226235	0.04932924
0.02226751	0.03299799	0.06446785	0.02850825
0.05780828
0.01065592
0.002895692
0.006653801
0.02373323
0.09374695	0.04374063	0.03368462
0.1602041	0.02640251	0.01026364	0.002316441	0.06752804
0.01035002
0.02804287	0.02245441
0.03445167	0.02163657	0.03608239
0.0279457
0.01628697	0.02530767	0.06799998	0.04520781
0.04484806	0.01639437
0.01232175	0.01786761
0.003245189
0.01524111	0.06300779
0.1013076	0.0399452	0.01140367	0.09264544	0.05506607
0.02071034
0.02088489
0.006037457
0.01938271	0.03797884	0.05247814	0.07308024	0.05814359
0.05540595	0.1275488
0.05467078	0.00616504	0.03486246	0.003795463	0.1090574
0.0676879	0.01705176	0.02840471
0.07432463	0.09710709	0.03275389	0.09343783
0.1275144	0.05722376
0.04305412
0.04905654
0.0786937	0.02437659	0.0723353
0.09795093
0.1473011	0.04167202	0.03494323	0.07974477
0.04346615
0.04937657	0.02073655	0.07777836
0.05843152	0.04333464	0.01245662
0.07493257	0.0001286473	0.1185255	0.1775986
0.1011091	0.004148528	0.1156335	0.1872108
0.07896407	0.04537949	0.05276121	0.05210996
0.1057544	0.02149753
0.01789862
0.06699259	0.0005220897
0.03801759	0.00720801
0.006140886
0.01125071	0.04161297	0.06780542
0.01165756	0.02033546	0.01027043	0.1675688	0.06305887
0.01422955
0.06759878	0.04722211	0.002988784	0.02128954	0.03191856	0.03128602
0.009710953	0.007243629
0.01589479
0.0524881	0.02364666	0.03786735	0.01835196
0.02310097
0.01141538
0.05695694	0.00931048
0.01055474
0.006561132	0.03662246	0.02274812
0.0370254	0.00101483	0.00451724	0.04016663
0.05735151	0.0003641806
0.08546652	0.01415011
0.008513272	0.0005144592	0.02550813
0.08057617	0.03659267	0.08652823
0.03075144	0.07668699	0.01161994
0.07278403	0.03526541
0.1049684	0.06033281	0.08542123
0.02739528
0.01012002
0.1213173	0.1382681	0.005232099	0.07274647
0.007052868
0.008046441
0.07769775	0.03963721
0.01244461	0.03615888
0.0445156	0.09572787
0.00418309	0.07450159	0.1105144
0.06348414	0.108202	0.03441058	0.03110903	0.0748202
0.05419858	0.02269999
0.03169374
0.005507291	0.06999692
0.05579573
0.001207366	0.02170449
0.01590246
0.03177813
0.01962951
0.009393564
0.01692611	0.06426865
0.07268853	0.03647652
0.009892704
0.03449754	0.04974793	0.03848608
0.006850134	0.03928598
0.1310877	0.00147512	0.04680859
0.03574822	0.05591605	0.01127476	0.03916782
0.02837661	0.08188744	0.126714
0.07189301
0.06500247	0.07791677
0.009666188	0.04212435
0.1213388	0.02711798	0.009262975	0.08201308	0.03799654
0.05050383	0.07737843	0.02724741
0.01801707
0.06227131	0.0737297	0.003005847	0.0597246
0.179922	0.02279298	0.02267871
0.07886232	0.02734212	0.008449737
0.02702608	0.02780101
0.01463556	0.005348525
0.12597	0.008634566	0.1253346	0.08414799	0.05963816
0.004687699
0.01531568	0.01879811	0.008818009
0.02713787	0.0122076	0.04048703	0.07458192
0.07005371	0.02090957	0.02808816	0.02875805
0.02061101	0.09643929	0.04192174
0.05425131	0.06317944
0.00419498
0.02444257	0.07513548
0.01521591
0.03108654	0.05481325	0.07660598
0.006128636	0.1310522	0.07638935
0.05141393	0.03767391
0.2094314	0.01233116	0.004690586	0.02440219
0.04910044	0.01287014
0.01186896
0.0414275	0.02298061
0.00339734
0.04843968	0.06170682
0.01377122
0.05868073	0.05403511	0.03891321	0.01971978
0.000563994
0.009674593	0.1580939
0.05435397	0.06467644
0.07169375	0.05681438	0.01468335
0.01058427	0.02881179
0.01544128	0.0295046	0.01710158
0.009728709
0.02488589	0.01338056
0.01341709	0.002393527	0.07005397
0.0597785	0.05352365	0.08827647
0.01600242
0.07398742	0.002917055	0.07136994
0.03893478	0.006261592	0.01195418
0.03757291	0.01461775	0.0352341	0.0515622
0.08460451	0.05538339	0.05776644
0.03215051	0.03141921	0.02317965	0.02664367	0.1539673	0.06828891	0.0007618363
0.04148982	0.06993793	0.150138	0.1554685
0.06817687	0.06631489	0.07352447
0.04920506	0.02266698
0.03534759	0.04525097
0.05878498	0.007805379	0.01578707
0.01075083	0.04718734
0.02551043	0.07282211
0.04326266	0.05912926
0.0645502	0.03916242	0.08385553	0.05999196
0.03103662	0.02565693	0.05570065	0.03656893	0.05840267
0.1035972	0.0336563	0.0271591
0.03617323
0.1258647	0.1565031	0.0160385	0.0109149	0.1465273	0.03154093
0.02620692	0.01148745
0.1224214	0.03761037	0.1488376
0.006642151
0.02449067	0.0192402	0.05960942	0.01301173
0.009555238	0.0117198
0.06730457	0.02342701
0.1131121	0.02184037	0.07075575
0.05553476	0.01016259
0.04765986	0.01287688
0.003599181	0.08039202	0.07778108	0.03773555	0.02219555
0.0078608	0.03854563	0.05509848
0.03192172
0.03144469	0.0003152523
0.01550393	0.1364994	0.02827864	0.09835519
0.08095698
0.05403714	0.07824128
0.01847989	0.04780358	0.01728906	0.09059551
0.0484557	0.02179919
0.00112169	0.08020693
0.03134562	0.06232686	0.04436234	0.07371756
0.1297722	0.02260894
0.03622449	0.0423973
0.05708222
0.009445791
0.05317138	5.022598e-05	0.01662406
0.00738031	0.004024962
0.02108584
0.04582691	0.008768238	0.01289354
0.117607	0.003333928
0.1685057	0.04361032	0.1190077	0.08056764
0.03549761	0.1092492
0.02421111	0.04150651
0.02487025	0.06786128
0.0426665
0.06835046	0.0543442	0.00894251	0.02086489	0.05519145
0.0366511	0.150213	0.03378852
0.04047019
0.0005989566
0.007402977	0.02831823
0.06163793	0.002135237
0.004929237
0.00534627	0.03259061
0.03324691	0.021966
0.01625808	0.05222873
0.07365908	0.02522664	0.01443576	0.05079914
0.09347473
0.05478651
0.04606149	0.05155579
0.01316625	0.003444395
0.03107386
0.05274653
0.02054159
0.008202639	0.01527012	0.03602695
0.01028182
0.05234665
0.04769371
0.0798258	0.02695138
0.03850574	0.04951996
0.1332166	0.07789598
0.07281994
0.07548417	0.006214221	0.01614841
0.03524899	0.1020527	0.0485013
0.03622872	0.01045566
0.1083025	0.01705644
0.03293342
0.02806091
0.1469721	0.035722	0.03562076
0.07159039	0.00719136
0.04313575
0.06083179	0.04637351
0.0271903
0.004712861
0.007845933	0.01514885	0.1230025
0.05320716	0.06502655	0.07263907
0.06183916	0.08262505	0.06283414
0.06431914	0.005977468	0.008063299	0.02502787	0.0176264	0.01253174
0.03322042	0.03015231
0.06274308	0.03021815
0.03930662	0.04749834	0.09505194	0.08395976
0.07517541	0.02150728
0.03413042	0.05894595
0.009964025
0.05322941	0.01358408	0.02114035
0.01911608	0.02613786	0.1257448
0.01510427	0.0154912
0.07183997	0.03343019	0.0009229501
0.08268546	0.02089869	0.01515798
0.08196776	0.02286657	0.09231084	0.003511225
0.03492731	0.05795858	0.01231219	0.1195121	0.1006004	0.07289872
0.02649961
0.03119616	0.009942384
0.03380274	0.06213272
0.02637854	0.001548338
0.005772094
0.0411271	0.02392608
0.007268953	0.05906386
0.05435663	0.07695887	0.03681198	0.03910734
0.04635915	0.008692889	0.02765175	0.04144244
0.05697848
0.2621187	0.07063612
0.1470339	0.03014527	0.03137396	0.04753079	0.02679534
0.07478835	0.0107942	0.03736272
0.003268936
0.01262811	0.09886616	0.05312576
0.06459738	0.03907257	0.03046778
0.1069721	0.02274831
0.04209931	0.02416276
0.01710061
0.07158802
0.05234044
0.01637036	0.03898336
0.002034945	0.1091556	0.009243128
0.05907634	0.01805923	0.06712781
0.01639661
0.04501539	0.06812432	0.01580697	0.03872174
0.1564869	0.05309197	0.008610719	0.05733221	0.01624465
0.03915871	0.0972203	0.05075286
0.1283513	0.04938787	0.06074083	0.002710244
0.02608452
0.08086577	0.01067032	0.08054204
0.03224332	0.01400267	0.06880408
0.03931904	0.007248478	0.1237689
0.1132853	0.02433668	0.008168758
0.007972255
0.001738958
0.1107272	0.01816729	0.1012981
0.0116977
0.07574659	0.09386605
0.04464111	0.02978804	0.02201932
0.03285646	0.01870251
0.0925569	0.0129409	0.1081566
0.02792024	0.04754442
0.002487779
0.008360689
0.128056	0.02136066	0.08255266
0.1051095	0.04136402	0.1330461
0.09292689	0.05158569	0.09573078	0.1996314
0.1315084	0.01115438	0.05113152	0.06454303
0.04868528	0.03067768
0.01158391
0.002011076
0.08676243	0.05533662
0.02128668	0.004448443	0.04374558	0.00701293
0.08040933	0.002626959	0.0799777	0.01964589
0.003257671
0.009960889	0.009544247
0.1001539	0.007251876	0.112093	0.1031429
0.08437174	0.009999788
0.04984495	0.02655198	0.02016209	0.05796239
0.08967009	0.03072748	0.05522044	0.01560703	0.03437362
0.02341664	0.0900069
0.007395796	0.1593085	0.00144065
0.01922446	0.07031926	0.01879804
0.00601696	0.02086288
0.03759393	0.003374198
0.08415235	0.02384338	0.06116033
0.01877771
0.03052885
0.02481839	0.03246092	0.03028042	0.1337378	0.01234023	0.001324077
0.05743235	0.04074178
0.0006976015	0.03221505	0.03451615
0.09751029	0.02059728	0.05128425
0.02996041
0.08936238	0.02126884
0.02546264
0.005879308
0.02560663
0.03260948	0.01868209
0.006616134	0.05392623
0.0448617
0.02481912
0.02431798	0.1259166	0.04230774
0.01122778
0.03422871	0.009748911
0.04371628	0.0381103	0.01082513	0.004022368
0.05342162	0.01454988
0.02967669
0.05771388	0.01227198
0.05022448	0.002228563
0.01773218
0.0178965	0.03165061
0.01974168	0.09140317
0.02778488	0.0563602
0.01481917
0.008194781
0.09784303	0.06942461
0.03489078	0.06098235	0.05346708
0.01527946	0.03623169
0.00119955
0.07510062	0.004462619	0.03813464
0.007881688	0.02092983
0.07177016
0.01746456	0.104022	0.02350187
0.03328826	0.0186354
0.07860003	0.001384212	0.05749096	0.0200691
0.04337152
0.02113147
0.04339362
0.06692224
0.02273956
0.023574	0.0441758
0.01540657	0.01388047
0.01042428	0.03623091
0.007403184
0.03281832	0.01844395	0.002437574	0.008544088
0.003455591	0.01754324
0.01894607
0.04670188	0.02903778
0.05556589	0.08219426	0.006611034	0.1187328
0.05291404
0.004931027	0.05039432
0.02953385	0.0193217
0.06319844	0.01257673	0.01339973	0.112123
0.1148685	0.01479998	0.08586851
0.008533907
0.006069612
0.01292491
0.01812017	0.04256047	0.03877767
0.02312528	0.0511487	0.01579188	0.02076001
0.02878368
0.01996275	0.09346512	0.1843246	0.07619864	0.02029777
0.1071324	0.02888014	0.1498708
0.01811866
0.1108651	0.01419022
0.03097367	0.04381805
0.007014814	0.0263085	0.06050226
0.1552063	0.01004513	0.04087203
0.01292731	0.009166613	0.006272161
0.04233191	0.009953735
0.1343193	0.03487756
0.03751826
0.02484887	0.02151287
0.02398113	0.05278497	0.0614156	0.01767163	0.08289004	0.02621348
0.03592296
0.03430255
0.08737852	0.009843335
0.01064749	0.03121134
0.02621648	0.004844453	0.07182254
0.1159889	0.02156372
0.01496629	0.08106478
0.04165088	0.0371793
0.03649884	0.0409305
0.003858546	0.01536434
0.007737575	0.03053802	0.04018031
0.07503554	0.01287841
0.03185358	0.0497383
0.06832301
0.05281738	0.02467279
0.01684571	0.006638373
0.0003938566	0.04035768
0.0377837	0.03301751
0.00067673
0.009069111
0.1100589	0.1078786	0.01232674	0.05594572
0.03859272
0.1340166	0.05196783	0.03947811	0.04471702
0.07635464	0.007775683	0.07051613
0.02716057
0.009756426
0.02206011
0.02489261	0.07211807
0.05791311	0.01697875	0.07834664
0.0494004	0.08275313	0.02194039	0.07585642
0.02698236	0.07155425	0.0166637
0.07201429	0.01200926	0.0582007
0.07998199	0.0152306	0.003940844
0.01991293	0.04092527
0.003515273	0.07115908
0.01479346	0.01017178	0.03589162
0.07608171	0.0290211	0.05742048
0.107657	0.0143482
0.1154788	0.0164539
0.006234822	0.008097237
0.1424169	0.04533041	0.09043333
0.08640021
0.1954777	0.02784887	0.08027544
0.03073934	0.1779907
0.00415171	0.05294517	0.06723439
0.06488767	0.03243702
0.02031727
0.04598824
0.02147198
0.05122157	0.01124565
0.06627183	0.02828267	0.01560731
0.0489037	0.1081535	0.0298449
0.007142072	0.00479847
0.003125642
0.01529314	0.07329647
0.001910278
0.0248474	0.01899292	0.009075329
0.0849259	0.009034292	0.0953156
0.04013475	0.005951337
0.01893028	0.09065538	0.004633765	0.01923637
0.004319379
0.006426159	0.03870343
0.0005030645	0.005192021
0.0171038
0.01487674	0.032939
0.004397487
0.03948566
0.029958	0.1138656	0.04126876	0.01145123
0.05569056
0.02136671
0.05507223	0.04873464
0.01358254
0.08853154	0.04158438
0.06351749	0.05638516	0.005948141	0.06506667	0.03012915
0.008299174	0.0153223
0.04400977	0.01157282
0.03167477	0.05611199	0.09906364	0.08881258
0.08229023
0.004033086	0.07969871
0.008009826	0.0133413
0.04418176	0.002079399
0.0008391751
0.007769549	0.03898675	0.08577864
0.05797072	0.06601828	0.0370754	0.04833861	0.05877562
0.02072878	0.02217474
0.005102759
0.02340934	0.03401547
0.05313054	0.02496309
0.05634386	0.028707
0.1183045	0.04165534
0.0006325969	0.003488392	0.03928606	0.06299953
0.0330088	0.04103174	0.04465812
0.0216274
0.004115662
0.003550426	0.03288221
0.01538025	0.05851112	0.03722489	0.06313162	0.0634613	0.05189806	0.02960812	0.05596945
0.0332674	0.003935742	0.05286566	0.1335195
0.01395677	0.0332216
0.05538657	0.03477745	0.05428895
0.00648544	0.02678179	0.01581733	0.0345763
0.02307781	0.01429146
0.02388773	0.07641289
0.06083874	0.01434488	0.01235945
0.08300185	0.01092066	0.003847735
0.02292412	0.009354433
0.01024265
0.05131654	0.05164257	0.04914491	0.01629254
0.0278693	0.01318855
0.009433443
0.07588786	0.004691354	0.06895372	0.1281225
0.029367
0.02368109	0.02113065	0.03369348
0.04809611
0.05036691	0.004794651
0.03067843
0.02424706	0.03030498
0.1074426	0.03950731
0.03585318	0.01890333	0.05177187
0.04260281
0.05080898	0.006552473	0.08525449	0.01387689
0.01999861	0.009400542
0.1482824	0.03022899	0.05521957
0.03211539	0.02549027
0.02699064
0.04485279	0.0240537	0.1503758
0.06266032	0.116217	0.01112702	0.06165351	0.01078644
0.01842275	0.009032818
0.0907269	0.1669948
0.106777	0.06321598	0.03554002	0.04740578
0.1316773	0.06409128	0.04570833
0.08267994	0.04215895	0.0337086
0.02870312	0.03165839
0.01748923	0.07030515
0.01826062	0.07561385	0.03525987
0.004922333	0.008222718	0.08257753
0.02543219
0.03254561	0.01692932
0.003427624
0.07610945	0.03089612	0.08568274
0.06464451
0.1744132	0.05760542
0.08889062	0.02185085
0.07329612
0.005088432
0.04176864	0.01705183
0.03641423	0.01605301	0.02023284
0.09075345	0.01055288	0.07896494
0.007560728
0.04449497	0.003685827	0.131762
0.09175338	0.01988647
0.1167734	0.01678265	0.01352074
0.01259503	0.06657762
0.05061383	0.03773681
0.0006081173
0.02834196
0.06255945	0.009462033	0.08568088
0.003367212	0.02897531
0.0007721975
0.06140269	0.07607985	0.08415164	0.01817637
0.0135885
0.02352695
0.008015286
0.07706875	0.08354038	0.03060076
0.03617359	0.005376026	0.03541453
0.005263663	0.01761123	0.004268479
0.02511221	0.0528732	0.05772581
0.02653619
0.03654842
0.002739897
0.006677461
0.04275407	0.03336748
0.09430381	0.02608364
0.006541637
0.05353369	0.01464309	0.07006309
0.07833836	0.06184254
0.0327743	0.01827893	0.0006470643	0.001057814
0.01046565	0.02938379
0.003493297	0.02376215	0.07268582	0.05354967
0.002052364	0.0264746
0.06702805	0.03663043
0.03879337	0.0008413303	0.07299472
0.01734643	0.05864474
0.06039563
0.1281144	0.01137111
0.1926006	0.004277458	0.07220808	0.005848303
0.008156106	0.02760857
0.02589342
0.06009022	0.05057548	0.05909963
0.0285704
0.006961092	0.008239358
0.04696311
0.05289703	0.00413277
0.01361372	0.0753565
0.1202495	0.01424548	0.009168515
0.08119082
0.02297813	0.0342726	0.06546392
0.003997797	0.03579366	0.1693659	0.02660839	0.02789755
0.02406271
0.01047053
0.01162948
0.001583311
0.08332175	0.1196721	0.08089	0.04654816	0.05890746
0.02377409
0.02222129	0.008663231
0.01722835	0.03923617	0.0008770243	0.02992672
0.009471372	0.007617938	0.07094412	0.0586195
0.0184481	0.03677293
0.09798271	0.02896634	0.01602554
0.03019085	0.02891741	0.08889222
0.0329512
0.002663019	0.07759206
0.02579245	0.04605614	0.08681146
0.07809102	0.05157604	0.1440144
0.09409598	0.05704162	0.01042993
0.03094385
0.01496507	0.09900608
0.03093931	0.09786634	0.09120668
0.09095358	0.02928121	0.04329633
0.02775731
0.004085787	0.0482576
0.02341637	0.01451153	0.05500941
0.05260464	0.003330319	0.002646264	0.06757153
0.2697543	0.07462414	0.01542644
0.01514111
0.09035293	0.0895478	0.09609572
0.01023031
0.0187848
0.04143682	0.1008438	0.001425978	0.01399665
0.04009936
0.06731662	0.03377089
0.1535263	0.09092862
0.04115239
0.01516102	0.03134756	0.1652247	0.03888067	0.05314934
0.008523887
0.06735602	0.004957533
0.08317994	0.06504891	0.01309876	0.121359
0.02855232	0.06801158
0.1223551	0.005003145	0.1067465
0.0504864
0.001524724	0.008665476
0.02657015	0.004552351
0.1210401	0.02487479	0.1025939	0.03638504
0.02008294	0.07518506
0.001823648	0.05296377	0.04567509
0.004086039
0.003578455
0.02907848
0.0995616	0.02472658	0.08239256
0.02597073	0.02319435
0.05853467	0.008903238
0.06482758	0.02216056
0.07312324	0.04379342	0.08388374
0.01464438	0.03698708
0.02349426
0.009467665	0.03335855
0.03109451	0.01167313
0.1079884	0.006584466
0.01985418	0.01820941	0.02408438
0.06026474	0.009028759	0.03242949
0.0524177	0.07126178	0.02205082
0.02919875
0.02939482
0.05401443	0.006115299
0.02122325	0.0329087
0.07115525	0.03967746	0.009747472	0.03425922	0.002650669
0.009247752
0.09756797	0.04539905	0.02305869
0.04976944	0.03424523
0.00194636
0.08973957	0.02802121	0.03454059
0.01489462	0.006824961
0.04339082
0.03821011	0.01442954
0.0235606	0.1059967	0.06512876
0.01114852
0.07013707	0.06684592	0.02500601	0.03138306
0.01279976
0.01455098	0.00383559
0.02028345
0.003631108	0.0381851	0.03840547	0.1054891
0.06256504	0.02947773	0.03598368	0.07777352
0.05949968
0.006196643	0.007688608
0.01078124	0.1186257	0.03746364	0.09255746	0.06346452
0.1317897	0.006530544
0.01694165
0.1406479	0.01959707
0.02634561
0.00142453
0.003055592	0.004959331	0.1195176	0.0181152
0.08213074	0.03090901
0.00190479	0.0360673	0.06800332	0.02967631
0.0315821
0.02919571	0.007475255
0.02700898	0.04935683	0.03932841	0.008163531	0.03960218
0.06172343	0.01171149
0.02207266	0.01961102	0.1071354
0.09227527	0.01906563	0.01907497
0.09987998	0.01882391	0.05258826
0.1398229	0.05623293
0.01709478
0.01305355	0.006977893	0.07886628
0.01024178	0.06209502	0.03302092	0.02319583
0.123801	0.00988173	0.1058727
0.02300408
0.06662355
0.03788248	0.001278218
0.1325497	0.02614388	0.1005017
0.0287259	0.06286358
0.03736239	0.002885289	0.05095429
0.05057633	0.02318856	0.05063142	0.01367348
0.0388625	0.002123991	0.04265294
0.02701291	0.01164413	0.02687297
0.04876203	0.007082908
0.008080314
0.01710069	0.01754747
0.0319779	0.04399246
0.05825442	0.0382744
0.02879834
0.003886079	0.0202632
0.0257842
0.02388547	0.03425386	0.04757127	0.0005219149	0.05378099
0.02804084	0.006433008
0.03001178	0.03131934
0.02082336
0.03572495	0.01002246	0.06220937	0.01505976	0.04263132
0.08550789	0.01904687
0.03658643	0.02643461	0.05176816
0.148556	0.005005642	0.02302699
0.03840546	0.06210326	0.02224208
0.02630863
0.0526784
0.01494144
0.1351374	0.05789892
0.07982745	0.01523714	0.05707232
0.004459149	0.02517641	0.04928324
0.0183235	0.04940788	0.02616343	0.02172273
0.1802073	0.1318829	0.01234319	0.06057917
0.01969259
0.08140721	0.00659562	0.1528425
0.1067028	0.01260462	0.09064937
0.04000957
0.1110008	0.003242638	0.0316843	0.002877456	0.05238902
0.04435136	0.03474543
0.0523288	0.001587755
0.03995161
0.001214967
0.007066601
0.0227419	0.0168797
0.06862762	0.02490843
0.05946859	0.01093186
0.0558975
0.1035744	0.007863415	0.03574765	0.04179864
0.02890157
0.03633681
0.09296428	0.02389593
0.01968129
0.04643465	0.07467911
0.03934434
0.03736824	0.09703782
0.004516449	0.0186245
0.01646915	0.01036115
0.02290039	0.02888973	0.02882848
0.02642019
0.0698233	0.0402899
0.02579257	0.1154568	0.01488206	0.05864991	0.07550446
0.05067848
0.02068742	0.001984531
0.06044388	0.001651966	0.06343503	0.1209233
0.02463896	0.03800141
0.04523838	0.01000429
0.03695534
0.1454976	0.01906166
0.1252472	0.08457111	0.02211949	0.1239041
0.02176513	0.001047868	0.02862496	0.01963064
0.04507247	0.1126188	0.006776088	0.0676985
0.01964844
0.01002601
0.1258	0.0210244	0.0872691	0.04768487	0.03223591
0.07851647	0.03794783	0.01234547	0.05211488
0.00567289	0.05270248	0.07933485	0.05057728
0.08411155	0.02732834
0.0533653	0.05540016
0.04065928	0.006862299
0.03360038	0.06713097
0.08909807	0.01446218
0.06186599
0.07881081	0.02754929
0.1422696	0.09441881	0.1032942
0.135122	0.0318922	0.09408861	0.04701963
0.1102938	0.01553987	0.1572459	0.04527822	0.09958996
0.0427138	0.03883576	0.04500374
0.01327435
0.06896085	0.02995784	0.03342954	0.1546063
0.06588024	0.1216358	0.1700406	0.06928185
0.06681851	0.03604784	0.1288851	0.01322297
0.08560939	0.01838392	0.01016247	0.02249428	0.03787452
0.02812395
0.004946366
0.009476145
0.01115541
0.04717679	0.07309257
0.05513944	0.02980509
0.003830218	0.09943632	0.0008790036
0.2049301	0.004254703
0.0378809	0.00339457	0.04646132	0.07147066
0.05706186	0.002274567
0.06043201	0.003712749
0.04107285	0.04980118
0.005383442	0.023201	0.05546881	0.02275151
0.04420536	0.001757424	0.008496436	0.02902101
0.1340179	0.0171247	0.03749161
0.07288551	0.07057566	0.004556539	0.02518276	0.006576803
0.05973685	0.06582262	0.05872896	0.0387087
0.0349786
0.009940155	0.1372233
0.01943112
0.03761403
0.002803192
0.01527468
0.01268106
0.03782758
0.03402253
0.1316074
0.1480543	0.1320171
0.08984245
0.05283071	0.03717654	0.07198961
0.02019602
0.08813921	0.002505326
0.02583097
0.03796189	0.03490159	0.0929131
0.01208355	0.00640849
0.009539523	0.001706778
0.07018484	0.08688903	0.001548704
0.04812666	0.04592769	0.0885672	0.04989914
0.01896921
0.1098204	0.01703264
0.05406258	0.02930049
0.08636082	0.02462694	0.002919501	0.1445682
0.1135138	0.01496623	0.06841477
0.05326956	0.02961392
0.08683852	0.02273805
0.1149996	0.03269762
0.01804155
0.06707598
0.05341518	0.03121198
0.09819232	0.01939489
0.0612751
0.07178186	0.08037001	0.0604518	0.06320161
0.07167716	0.0156568
0.03247046	0.02745905
0.05220625	0.04178085
0.02777245	0.01829459
0.007746409
0.0001142018
0.01541093
0.0243972
