SpeciationRateChanges
129.6982	10.65288	67.90323	100.0559
129.293
128.8902	31.6929	112.74	69.69864	33.48092
128.8902	62.77846	10.89796	104.9002
129.6893	104.4963
129.6893	105.7166
129.9239	105.0827
129.2345	110.3927	14.65306
129.2593	84.1493	94.09949	74.89179	8.015955
126.0446
22.31434
43.21845
30.92186	20.90562
74.85902	120.4533
120.5067
17.39205
0.2632625
72.08066	115.0146	70.18411
78.42761
12.0177
5.071785	3.817867
67.81876	60.07796	8.110342
7.975098
25.04
40.17431
107.9915	55.87951	50.58195
4.887943
58.50525
72.92523	68.6867
73.44767	8.772953



85.5867	127.5129
85.62197	36.31821


34.93712
31.8579
57.91467	9.922881

10.22567
10.61549
72.75012
34.87246	4.05331
72.4354	38.22173	45.23193
129.6746	93.63854	17.4604
70.32019	10.47468	53.54182
72.36713
71.11984	69.14286
72.54007	20.54164	131.1315	2.093216
88.77552



120.5288
121.2315	67.59903	32.80806
115.1593
8.576861
20.7332
32.62702
86.41204
53.95134

72.68907	57.48449
117.4177	107.3185
45.71952	6.778639
72.4976
86.04331
73.70486	8.965957
58.4303	17.6382


119.2211


27.88385
59.78522	56.88168	4.317354	48.18153

118.0158	21.87633	78.90883
5.459922	103.087
73.10516	11.76128
61.11723
76.89323

1.448059	56.46831
17.92776	36.94666	9.743447	10.54464
89.28653	43.86835
120.8074	9.484229	113.7825	59.32997

121.1648	42.06464	41.02269
70.00916
75.03524	68.66728

72.40307	29.19694	28.66123



122.3905
4.108924
6.319423
67.86638




73.02767	45.63083
90.7662	74.90763
127.6229	57.12816	42.30816	29.83779
25.82371	12.33495	83.53098	33.7204
125.0829	13.21428
125.8742	72.00024
48.78315	66.88166


2.342192	60.56854
70.40713	50.34557	40.95175

80.47267

89.19467	75.14329	95.73912
89.94919	28.02647	2.377465
98.83168	130.3715


85.85926	48.6438


12.53469	130.0463







109.2134





74.08929	50.47502

15.21142



127.3291
130.1288
95.66361
1.35699
6.224005
124.2103
40.01115	23.23104
62.95957	8.308096
73.78524	67.1256	9.210015
73.00606	5.901708	44.24334	30.40972
74.76442	19.87469	24.88649
75.52195	83.62948	44.63544



73.71006	43.24076	131.1353
65.08375	32.68493
11.76461


42.40549	122.3753
120.9865
121.9918	71.83186	100.3577	99.44285
5.465931
32.91033	5.534689
21.23139	0.2508223
74.62916	11.95806
66.4204	120.9571
129.3786
110.1397	66.15316	58.20201	62.10116
125.8209	63.75522	54.48855
130.2433
129.2058	107.2053	128.3768	103.7377	96.02185
128.9378
130.9701	9.784269
129.2699	102.0419
129.5852	107.8142
122.4899
122.0358
22.15192
31.1149	15.66038
86.9743

70.97844	57.76625	0.5732967
84.55722	12.81192

40.76992	22.66087
4.983089







10.70342	4.951219	129.8438
37.15338
63.22913
125.095
84.63059	34.09202	73.14957
71.86468	63.8468
75.09503
88.20743	20.2622
72.86138	66.51006
59.55158
84.36833
74.34692	23.32939	60.17481

69.58657	10.13553
68.7129	88.06271	7.131517
119.9284	107.8992	77.22907
24.69877

129.9053
121.7698	70.8728	9.297604	3.868183
121.218	36.0703	14.06937
61.35906
119.0807
87.43921
121.7664	70.96862
128.2821	115.6371
78.88417	3.073482
18.91788	35.47569	2.966694

123.8143	80.64269
121.9182	77.27922	102.7328	75.30196
121.1389	56.86058	19.13692	5.838173
126.6707
129.4087	72.33138	77.03167
129.6056	5.576297
125.0106	32.9758	30.60599
72.8416	2.955239	108.9369	21.29304
49.85556
131.0232	103.1573
129.3675	109.2954
129.3675	109.4966
129.4786	29.93421	15.2463
129.3932	106.3565	78.18404
129.3932	104.8787	12.79451	70.80651	46.67914
129.3932	115.0798	104.3298
129.3932	108.9485	13.99445
129.3932	105.6709	73.38703	41.79168	31.23056
129.3931	5.667664	64.66281	95.0913	109.3163
129.3931	110.2308	21.82034
129.3894
129.3894	111.8427
129.3894	105.1905	8.332086
129.4219	106.4147	10.17318	21.32766
129.4219	104.4722
129.4219	94.88027	43.79839	18.32359
129.4289
129.3542	108.7308
129.3542	127.4518
129.3542	108.3383
129.3883	52.47303	38.16792	42.77119	115.6435
129.5452	30.72978	106.3851	67.8322	87.56287
129.5452	105.6527
129.5452
129.5452	113.9938	94.10673	108.6834
129.2715	104.7542
104.9299	129.0406
105.07	129.7361	126.1212
104.6595	129.8489	73.26251
98.06109	129.311
106.5172	129.4188	51.53689	37.2008
129.4188	102.6166	78.2225	18.82623
129.4188	111.7916
129.4188	113.9774	50.58735	39.19609	23.7146
129.4188	103.4751	73.11552	119.0163
129.5484	116.176	97.11735	76.70706
129.5484	103.1868	38.06487	13.18814
129.5484	97.89347
129.4224
129.4224	104.8424
129.4224	82.1762	72.44325	17.11873
129.4224	104.0819	34.82021	29.40154
129.4224	95.32063	28.87469	53.79812
129.6845
129.9052	31.51565	0.7128811	19.36344	35.74086
129.078	7.983508	105.6271	37.81347
128.1556	108.7577	104.7835
128.9661	104.2086
129.3761	104.8634	48.90083	105.9198	79.67254
129.3761	102.8126	74.04795	26.29122
129.4864	112.1444	48.28714	108.0216
129.4359	52.97402	34.90235	100.0099	84.0805	49.7925
129.4359
129.4518	103.7892
129.4518	111.3348	111.0227
129.4015
129.3518	103.5265	41.26303	73.95352	13.5522	114.7565
129.3518
129.3998	105.6633	26.58969
129.3011	118.3406
129.3011	106.991
129.3011	95.55366
129.5503	105.2544
129.5503
130.053	106.344	28.50911	129.6879	49.23829	12.70596	39.12022
130.053	96.97986
130.053	107.2774	13.68679	11.19732
130.053	17.48782
129.2081	25.50928	100.8403	117.8569	14.0826	108.7286
129.8847	110.028	51.20698	82.02397	71.80256
129.8847	105.1192	27.51707	80.94878	98.19281
129.8847	101.4694	45.06029	128.4115
129.5787	103.725	74.94423	11.9211
129.6517	106.6483	36.48499	2.325241
128.8245	115.2348	4.444982	106.4908
128.8245	121.8088	105.9747	23.2681	77.81961	72.40575
118.3002	67.2057	67.05243
68.68277	111.1984
78.35278	56.2581
71.95273	13.59662	48.59854
72.24098
83.17498

101.8965	5.759131
119.8158	124.4069	60.42149	16.59557	111.2339
119.2292	56.97827
117.977	116.466
122.1174	104.0339
71.23206	19.79662
14.18854	89.22774
123.0734	73.81982	5.764489
121.0272	5.683493	39.78708	77.83693
121.7319	40.64179	63.1395
126.8464
130.9185	10.4782
24.28029

61.27718	112.1205
73.05371
96.44453	59.38373
2.922137
95.93335
65.97868

28.44379
67.9948
80.40792	0.2664335	77.38366
65.30034
73.857	81.17118	25.82155	56.03807
75.11687	28.62418
58.81469	55.14094
71.38397	66.26922	19.76623
90.14485	13.14622	79.28387
74.88657	34.90724
77.20522	68.47762	11.31917
71.98086
6.689262
36.43351

26.65988

121.8955	74.55325

121.638
1.229245
75.52713	49.74906	65.39609
3.604783
51.78272	11.50666
15.53026	4.455978	111.3035	106.4262

55.97923
73.1873	12.72417	131.1603
86.83004


13.92485
56.84364	5.312589
59.20166	0.4063174
64.49163	13.17552
76.84214	122.8413	44.71314
118.9778	73.23483	117.4029	26.17003
122.5214
118.769	40.4404
68.81178	65.58186
55.82611	129.7004
78.93667	124.2558	30.81728	18.36517	33.96914	8.279711
120.6623	40.02532	80.38238
108.9433	98.19913	95.69709
124.8606	83.52148
129.1427
125.3375	124.0699	87.82089
101.9563
120.1617	41.56201


52.51189



75.61706	74.02306
77.15135	121.6879
71.96569	119.3555	64.30623
79.21609
95.80068	8.373754	118.487	108.0224	28.90355
113.1708

35.31068
2.675542
74.38339	18.601	124.8863
126.6176	124.1953
126.2834	85.86083	67.82985	89.61739	17.6811
100.7339	54.36146	41.57795

17.48542	15.86242
9.691326



79.80982	73.35292
78.47134
89.54526	17.3847	8.900408
93.18043	56.42808	66.32428

81.70685	33.39654
60.74508	118.4219	91.60869	57.70763
124.449	61.1943


41.78839
88.57178	70.31753
117.7132	53.67566	116.6218	53.44451
73.17554
130.0431
129.1206
129.4445	106.858	9.921441	116.2021
129.4445	112.8775	76.18085	61.36987
129.5025	107.1524
129.9596	79.57024
129.4682
128.9374	109.9176
129.8327	36.92091	1.669037
129.478	84.7141	48.79445	30.07447
129.478	103.5149	82.2149	116.1564
129.478	106.0754	75.47769	39.41306
129.478	104.4256	15.34985
129.6322	16.34979
129.0562	66.0656
129.0562	15.2332	13.43785	14.54924
129.4193	113.5959	39.26399	21.08842
129.4193	107.5396	41.32548	1.224853
129.4193	114.9891	18.16943	6.153058
129.4193	114.2214	101.2998
129.4193	112.3134	70.76754
129.4193	104.3397
129.4193	68.24574	67.20387	87.85403
129.1715	105.7116
129.5957	111.8514
129.1799	104.9812
129.5595	37.63025	63.37987
129.5595	109.1285	50.03725	32.05547
129.2048	105.6245	37.28794	101.5658	103.7956
129.2048	112.0676
129.6324	114.6541	47.2151	104.8659	76.48754
129.4329	109.568
129.2423	111.9831	61.0625	127.2155
129.4846	107.1031	89.37868	88.5065
129.5417	55.3722
129.5417	103.4536	60.31603	35.51729
129.7216	18.47892	103.4361
129.8818	68.72245	106.8144
128.7501	106.0044	16.26729
128.7501	106.7054	11.79489
130.0459	92.67155	34.2952	26.15077	10.11078	7.143154
130.0167	106.182
129.2267	114.3306	10.15621	60.81623
129.5323	115.9443
129.5323	103.5199	71.04581	22.36894	58.70864	80.87144
129.4927	12.4467
129.4927	112.4206	105.4032	100.5472	15.84462
129.4927	114.5054	33.5181
129.4927	105.6135	87.9631
129.3877	105.0923	58.70493
129.3877	105.1285
129.3877	105.0433	66.25178	40.03262
129.3877	111.387	5.299697
129.3877	105.0547	73.10477
129.4571	105.099
129.4571	105.5769
129.4571	30.46232
129.4571	83.07534	18.43474
129.4571	41.86397
129.4694	82.41558
130.0416	119.2413
129.5975
129.576	113.231	88.7565	61.30399	44.90624
129.576	117.0345	112.5286
129.576	113.3426	123.964
129.5732	109.4664	78.2402	80.08489
129.4515
129.4515	30.58553	93.70234	12.05932
129.4515	105.8869	15.457
129.4515	108.7701	97.87338	35.6967
129.4515	104.83	116.8715	104.6368
129.4515	98.43049
129.4599	103.51	45.36956	31.03454
129.4599	54.18665	22.95344	23.84182
129.4599	33.69999	37.32475
129.4599	20.44998	8.779049
129.4599	106.7159	97.34387	25.45953
129.4599	111.4505	54.17212	36.61175
129.4599	113.3421	56.79205	22.14901
129.4599	107.0123	67.25872
129.4599	106.4384	56.11268	49.84445	49.06344	23.90007
129.4599	110.2552	7.749414
129.4599	105.8195
129.4599	106.3812
129.4599	105.7178	93.48628
129.4599	53.24652	113.1214	30.57985	98.11857
129.4309	106.7364	68.89408
129.4309	118.4089	97.5371
129.4309	111.9619	75.51019
129.4309	103.831	76.52318	2.304839	103.6943
130.0775	108.0269
129.0583	109.06	71.52722
129.4908	105.8779
129.4908	105.0729	9.08877	58.94221	54.95864
129.4908	107.4887	96.71067
129.4273	106.6033	35.68794
129.4423	105.2085
129.4423	109.1563	11.69342
129.4423	105.065
129.4423	32.53605	69.33261	60.74408	105.8392	57.21639	110.7678
129.4423	103.4241	48.54235	24.5431
129.4423	97.24256	6.972659
129.4423	82.43765	104.7773	81.30653
129.4423	109.0121	47.15839	21.56884
129.4423	113.4948	5.252292
129.4423	108.2181
129.5464	113.1184	104.3544
128.6819	113.5775	44.23419	34.81814
129.4476	111.4744
129.4476	113.2709	129.1342
129.4476	10.42533	108.1591	119.8059	44.63032
129.4476	80.89049	59.47323
129.4476	107.7618	78.32522
129.4476	108.1525	17.56023
129.4476	113.6135
129.4476
129.5135	18.49064	6.625976	76.97112	34.4268	78.23423
129.5135	114.017	31.43669	0.6161744
129.5135	40.57372	95.28937	8.993276	9.344105	36.33586	119.5217
129.8569	3.822944
129.2093	2.975452	103.6673
129.3158	104.564	69.79354
129.3158	104.1674	28.8322	0.791005
129.3158	104.8746	73.77146
129.535	107.9755	80.20486	3.737144
129.4202	112.6124	41.73619
129.4202	14.4313	98.38929
129.7526	85.10672	55.6947
130.0213	115.6518	39.29175	9.848939	129.2052
129.1661
129.1661	105.0876	100.8107
129.1661	117.2203	111.2236	110.2759
129.8925	105.081
129.4145	13.83008	33.29008	23.7085
129.1143	74.50865	65.25158	64.97736
130.0865	41.49054
128.5595	108.2661	3.391395	82.07508
130.1743	114.5976	26.79017	113.6486	25.51086	69.08931	48.73572	43.57115
129.7338	70.73374	117.9725	102.713
129.7338	94.74566	69.54679
129.7338	113.0895	9.814476
129.0933	38.65431
124.476
129.3977	123.9262
129.5072	106.7732	106.7692
129.3826	95.99177	33.62791
129.3826	24.61638
129.3826	16.52437	131.1791	39.12234	16.15052
129.3826	73.3258	43.06047
129.3826	61.73495	109.4859	1.054171	57.29133
130.8959	113.0449
129.272	103.1634
129.272	104.4573
129.3122	103.973	75.30293	64.26004
129.3122	105.8334
129.3122	126.0145	105.9945	77.58328	88.71382	75.94502
129.3122	103.4146	65.91458	46.24039
129.3122	104.9622	5.009635	83.83969	49.50051	57.8293
129.3122	93.17974	30.37817	6.627122	25.49678	79.34363
130.9249
128.994	22.90592
125.2634
129.1488	128.734
129.7187	109.2686
129.5667	114.6005	125.0516
129.5667	106.304	51.61795	114.6287
129.451	112.8487	13.16931
129.417	113.5768	131.172	86.97435
129.417	106.6487
129.417	10.59575	112.4182	69.77908
129.417	2.25852	114.3935
129.417	110.6773	107.8723
129.8664	105.5583	69.59207
129.2102
129.5799
129.0951	111.2991	11.31445	110.8202	84.14962
129.0951	111.6773	16.56792
129.3618	105.4218
129.2125	103.7586	13.50134	80.4778
129.2125	105.9969	43.95539	66.51403
129.9948	105.2172	23.64476	0.922606	103.9432	81.232
129.1278	93.00741	72.29611	32.45854
129.3087
129.3795	52.91118	31.45369
128.9788	42.56074	108.8679	77.37332	54.45778	51.7283
129.5283
129.8874	2.392732
129.31	16.51795	128.6563
129.451
129.451	61.44386
129.451	103.5815
129.451	108.7169
129.451	126.2341	4.516585	125.1904
129.451
129.451	5.35264
129.451	19.9282	117.4144	64.58094	47.56
129.451	72.43099	23.99809	111.3817	104.1385	8.521442	14.94237
129.451	108.1856	79.21882	54.19796
129.451	112.7613	69.1611
129.451	49.20606	110.1115	105.212	100.551	39.53827	9.868325
129.451	105.8594
129.451	104.4868	85.82547
129.3998	114.989	0.3288099	103.9613
129.3998	105.0247
129.3998	124.1319	111.3521
129.3998	114.8715	91.97054	110.0445
129.8511	47.3589	32.41246
129.4651
129.4651	103.9222	50.9597	58.00393	61.78263	71.66844	82.23924
129.4651	18.17914
129.2888	17.64499	106.9752
128.9998	108.0063
129.6656	104.6082	73.10713	25.21983
129.6656	105.066
129.6656	105.7176	105.0294	16.46837	54.52235
129.6656	107.1224	52.64476	128.946
129.6656	105.8788	14.95449
129.4711
129.7336	103.4398	35.7861	15.05905	58.9569
129.8963	97.17152

56.55965	17.77635
72.94743	44.59103




115.5542	115.5491






20.09707
20.60416
12.98387	49.72614	119.3806

16.02153	126.2603
121.8756	7.617076
42.01751	1.804019
99.76734
78.18406
60.41859
123.6142


37.63114


41.89271


78.75878	75.18758	37.59748
116.9003

72.33471	61.74174
117.9984
84.91609	79.47341
71.47402	102.1172
35.68588

74.44396
72.1321	3.825583

74.27931	28.56631	57.54484	18.31464	27.08347
73.81313	67.53195
78.32142	69.52365
70.53355	21.0975
120.3394	8.963715
84.7129	7.277689
131.2287	123.1784



81.53129	9.394589
5.300245
6.753861
30.54061	23.50599
125.5169	73.98503
128.0572	86.70279
129.5669	113.0744	68.50908
129.5669	98.18821	77.32114
129.3789	111.1557	68.77591
129.3789	108.343	111.371
113.1341	129.4244	37.02774	6.373989	128.8634
107.0996	129.4244	98.4598
113.9319	129.4244
111.2863	129.7234	108.5878
129.4494	108.6066	131.1148	127.1265	68.53266	25.79994	19.28939	16.60376
129.4494	105.2286	70.72785	94.13241
129.4494	105.1576	125.6301
129.8033	102.9995	34.83714
129.6172	109.3431	60.78856
129.3459	104.0997
129.5452	104.9142	38.64921	20.99474	18.62361
129.5452	106.6448	125.1731
129.5452
129.5452	104.1412	28.21814
129.5452	105.0042
129.5452	108.2187
129.5452	105.1896
129.5452	104.9749	63.32174	100.9372
129.5452	108.3353	107.6381
129.2257	111.8575	66.99282
129.642	105.669	62.90827
129.9818	110.8654	110.3609
129.2096	105.669
129.5277	103.186
129.5277	103.2971
129.5277	113.8786	45.91686	43.99726
129.5277	76.34868
128.8121	106.7602	6.312768	111.5378
128.8121	96.04128	56.549
128.1956	103.237
129.1425	104.976	54.72947	83.22382
129.1425	113.0819
129.7799	1.864978
129.7799	111.8108	25.44791	39.93126
128.8731	115.269	23.89514
129.5644	116.1442	54.10043	84.54135
129.2107	119.7191
129.2107	67.76344
129.2107	52.44183	38.05343	9.107497
129.2814	22.1515
129.3888	10.39713	107.6062	22.38613	129.7144
129.7144	102.2736	112.9278	60.56202	118.8631
129.9737	9.804325
129.4535	108.4315	18.21939	48.79663
129.28	107.6882
130.0204
129.5599	71.07976	114.4226
129.5584	87.9635	26.08179
129.5584	111.8699	57.92545	29.35324
129.5584	109.6526	11.37101	77.31548	28.75266
129.5584
129.5584	43.19402	114.3637	34.82075	118.3012	35.80686	44.09484
129.5695	105.7769
129.5695	12.5257	59.19109	32.85886	13.52589	38.56619	19.20757	96.33303
129.5695	110.2696	10.88512
129.5695	104.4795
129.5695	98.37787
130.0569	112.402	18.14421
130.0569	12.01828
129.0712	23.7533
129.0712	110.6209
129.6153	110.9188	1.780636	100.8545
129.5771
128.6274	7.916438
124.5995	71.70265	89.17805	71.58355
121.1911	51.63062	74.27787	62.88333	18.033
92.76409	69.65514
89.72903
125.0978	2.425779
27.8612	6.145907




122.7874	117.0756

80.31555	48.59519	66.59704
16.36164
117.0151
125.9659
121.1313	114.2871
53.25007	3.884845
125.7076


16.23618
4.839048	118.7307
1.860784



117.1799	67.38249	130.7417
111.8555
108.8404
70.35546	38.5225	52.12795
57.17243
10.59366
2.829716
14.97688
57.08486	2.146129
35.24771

89.35752

72.02721	51.0906	20.19229
83.90658	28.63585	2.119984	122.4835
128.7856
125.2294


117.8215	84.23766
123.5303	72.14881	79.98824
128.0369
127.6279	75.86013	24.7406	17.80172
124.9918	15.66183
120.8804	28.33795	87.15948	78.76928	47.69826
121.2567	88.51156	46.71167	67.15788

77.62384	32.9273	65.72421
17.8514
51.5732	124.1181	103.786
45.46202	2.00612	126.2486
125.7036	12.66426
128.8775	112.6749
129.5341	99.87208
129.4075	92.79253	112.1771
129.5726	6.138522	4.850496
129.5726	108.027	27.63008	66.7941
130.0005	109.193	84.29376
128.9092	107.2744	76.47031	23.52921
129.6365	112.3324	37.39718	23.64044	0.2226955	43.62811
129.6365	75.50474	70.07532	67.30758
121.0894	73.41676	32.47596	69.69587	111.1802
126.5722

9.108572	6.56837
9.337512	128.2392
89.55444	50.86098	23.33932




77.09707	70.45991

73.73876
75.13091	114.3671
74.68698	54.20066	20.76271
72.16946	63.77411
39.37757
86.52643
77.07064
89.80573
117.4767	113.2553	106.7218
87.55424	47.60782
70.87055
71.72203	81.48047	55.63798	6.892122	2.432401
124.592	72.57012	38.25152
51.97945	121.6631	11.10977

72.84534
128.4643	47.13501
129.6264
130.0092	109.3385
129.1324	104.9874
129.7047	13.4658
129.8937	38.42656	20.33588
129.4338	109.9661	50.05105
129.4338	106.579	84.53704
129.4338	108.8245	72.23006	39.7498
129.4338	114.1623	68.80673
129.5841	106.4894	48.94569	103.5583	48.01734
129.5841
129.5841	48.67786
129.5841
129.4502	104.9873	74.0231	3.48742	88.69312
129.4502	109.0906
129.4559	113.3208	63.21791	79.09442	97.70265
129.4559	102.5719	84.96121	106.7847
129.4559	104.9347
129.4559	103.6093	50.71296	33.51475
129.2005	62.75755	107.7231	15.10963
129.3217	97.66259	96.51268
129.3217	106.7773	46.54703
129.3217	105.0031	11.86097	70.12427
129.3217	106.0012
129.3217	104.6
129.3217	106.2126	36.41187	105.9033
129.6856	108.3768
129.3746	107.4178	89.18825	57.7898	48.28832
129.3746	127.7582	69.26818
129.1799	105.096	112.713	115.4631
129.9063	117.1219
129.1045	69.63216	107.9902	75.33316
129.5671	23.22756	98.30735
129.3037	117.0017
129.3037	108.6424	49.3068	128.396
129.3037	104.4427	65.50397
129.4322	104.4568
129.4322	106.6572	104.3412
129.4322	110.7181	72.20454	58.24768
129.4322	104.3256
129.4322	88.97813
129.4322	108.6952
129.4322	102.9422	129.8477
106.568	129.8477
129.2244	3.887401	110.9187	2.329698
129.3091	115.9637	20.77537
129.078	113.9103	74.91788	50.02886	24.43605
129.6676	91.6365	9.978244	84.54771	45.53224
129.4297	105.2627	89.61084	56.00987	32.35667
129.4297	74.35981	78.35792	23.6451	36.55155	43.76619	114.824
129.4018	112.2631	12.24275
129.4018	104.9025	19.7064	24.85454
129.4018	104.8593
129.3798	113.5198	40.67543
129.3798	104.4186	89.80443	112.7045
129.5446	105.438	19.44757
129.5446	107.6308	21.58034	71.19798
129.5446	104.4573	48.21635
129.4032	109.9252	79.65749
129.5246	112.7125	16.58583
129.385	91.45566	10.11258
129.385	4.529321	103.9433	116.4656
129.385	107.6295	46.03329
129.385	105.0449	78.16683
129.385	105.0449
129.385	96.57242	57.86	40.36205
129.4379	112.4835
129.4379	113.0621
129.4379	112.0862	108.4271
129.4403	105.9778
129.4403	107.9546	67.86318	50.12709	107.8633
129.4403	115.8816	2.611212	89.66276	66.50043	59.87269	33.26459
129.4403	103.7211	4.677427	72.44029
129.348	103.8576	71.63768
129.2669	104.301	129.1473
129.5524	111.3333	7.010144
129.5412	104.9419
129.0126	109.6462	52.62604	104.9361	67.09025
129.3192	105.5324	70.97279	11.27329	18.67548	107.5848	5.115931	70.19613
129.3725	107.1122	98.22034	35.68899	13.76307
129.3725
129.3725
129.3725	104.562	71.63457	81.27367
129.5558	32.24819	106.4873	25.63099	16.62301	62.54846
129.5558	115.5976	126.3513
129.3686
129.5348	105.2549	84.55768
129.5348	103.499	78.2584
129.5348	104.2511	2.917448	33.75729
129.5348	113.6014
129.4821	14.14731	105.137
129.3434	113.2424
129.5143	109.248	34.28335
129.5143
129.5143	104.8019
129.7329	104.4395
129.7329	110.0224	89.19223
129.5618	108.2137	2.793277
128.0987	104.2219	19.13024	17.7045	10.97085
129.2777	103.556	57.91676
129.6983	112.3849
129.6983
128.7447	112.0691	39.59186
128.1599	59.56711
129.1945	41.71441	113.5488
129.3297	89.26478	104.6198	54.54688
129.3297	104.9859	88.72337	36.12236	51.29431
129.3297	104.6615	96.95035
129.1815	15.08621
129.9887	20.53343	2.555497	126.5233
129.9887	113.8431
129.9018	39.79663	79.06614
130.8672	69.63233	48.80544
121.305	31.08186
114.5055	57.81392	102.5388
77.72404	15.78339	32.03755
65.97373	44.72535	12.21461	15.67905
31.72115
80.1312
31.12563
58.62526
71.45196
90.33058	38.00471	23.8063
121.568	72.64301
122.285
116.5585	50.6737	106.4011	35.15615	115.8277
118.4771
129.494	28.44421	94.12451
130.007
129.2475	13.40268	74.41295	59.47205	127.5841	58.72817
129.2475	103.6033
129.2475	104.9436	44.86491	8.276706	120.7651
129.6018	110.7272
129.8048	122.7084
129.4232	106.4838
129.4232	32.95147
129.4232	104.9089
129.4232	109.4676	123.2304
129.3143	97.44827	34.66023	80.96939	23.30144
129.3143	104.9206
129.6093	118.5099	106.9875
129.6093	130.8342	105.7344
129.3241	103.8813	75.00735	15.79812	28.44601
129.7311	113.1637	39.77952	129.9048
129.3977	49.75389
129.3977	92.43121	121.8356	27.88814
129.3977
129.4568	94.69434	17.04732
129.4568	101.4729	118.9429
129.4051	111.2279	32.18343
128.9309	32.2227	2.854751
128.7224	11.1876	123.0734	101.9093	119.2088
129.3879	104.4788	48.54303	0.09830522	31.27637	3.972955	46.1923
129.3879	106.2899	79.641	26.71782
129.3879	113.2762	47.14557
129.1888	109.9473	95.91625
129.2683	120.0926	108.5399	71.699	131.2123
129.2683	116.8505	10.07762	105.538
129.2683	109.1561	14.00601	59.50761	28.12641
129.2683	114.9734	62.2755	114.4076	30.35718
129.2404	21.49169	51.13454	49.65619
129.2404	42.6637	95.88653
129.2404	104.1603	44.65628	44.58986
129.157	50.54884
129.8911	61.42038	42.15684
129.3885	123.9663
129.3885	106.1694	17.11185	28.03541
129.1248	108.4037
129.1248	112.9311
129.4441	128.9239	119.3448	128.0198
129.4441	106.267	76.24183
129.4441
129.0682	110.136	100.868	92.12688
129.121	74.64653
129.121	76.74577	72.77745	8.979571
129.5686	52.5766	106.9392	28.61226	59.79923	26.11751
124.5018	40.94379
79.86367	33.67761
74.38071	55.61773
74.60104	43.07287
124.4507	32.81714

121.561	119.7077	46.12676
124.3856
3.63519
66.94309	50.94145
90.16068	20.12589	65.59099
71.824	68.32917
72.86773	17.59895
122.4525	112.0609
33.8851	86.82694	12.45428
6.642496	37.49095	79.3144
65.81873
58.17719





20.36009	4.233811
69.20046	54.12984	7.540213	33.34272
61.45359	49.54995
120.0726	38.05496
122.0544	82.72051
74.25616	126.8419	14.66966

72.63123
2.571598

15.75994
70.23713	24.234	61.63858	51.39577
124.4149	94.66419	74.11393	0.8403901
58.65208
116.8495	42.63881
118.0579	0.6884598
122.2986

86.447	23.62776
74.3143	130.6499	34.69386	23.87371
43.00948
6.531177



127.0417	90.19693
7.565398


74.11056	18.56756
41.63525
71.44842



15.51364	13.47373	0.03768822	5.896402



47.35214
27.27837
65.42417


124.0077	109.8871
73.18432	38.88074
129.3714	102.4961	39.26244
129.5106
129.5106	105.2711	63.50233	78.8421	25.71191
129.5106	103.6628	126.0672
129.4854	103.5734	83.65613	129.785
103.0314	129.785
129.2707	20.63225
129.4578	110.9084
129.4578	105.0606	99.64288
129.4578	106.2797
129.4578	112.3194	72.60351	53.67614
129.4578	109.056
129.0134	105.3424	47.02498	44.01019
129.5009	103.5627	13.57155	101.9332	22.63588
129.5009	104.9457
129.5009	103.9912	65.57874	117.2183	15.20022	9.311113
129.2796	84.04153	107.3671	14.04012	94.46849	25.95048
129.2796	103.5903	130.8482	130.6561
129.4983	104.8864	130.8482	28.65717	46.84836
129.4983	109.0988	45.11921	56.72696
129.4983	110.4552	22.05955
129.1364	38.92304	104.4882	25.93453
129.6655	102.7635
129.6655	104.944	85.86129	24.15695
129.0007	103.4437	127.1545
128.6508	104.901	130.3582
129.4357	103.3519	22.61559
129.4357	105.454	29.38895
129.4357	103.1006
129.4357	104.8828
129.1395	104.9653	73.59474
129.1395	103.8909
129.3964	98.49717	73.43836	38.45416	93.69321
129.3908	102.8057	72.33283	57.60503	18.43435	34.23372	101.3631	17.75448
129.3908	108.5988	128.9361
129.5385	105.5212	84.94147	29.95003
129.5385	58.54092
129.5658	114.7397	14.03933
129.5658	109.0513
129.5658	108.6462	61.49055	37.12761
129.4236	104.1113	90.49306	51.45084
129.5311	92.74517	21.66551	83.21088	90.14621
129.5311	118.17	72.60254	9.891216
129.5311	32.08586	111.7133
129.5669	111.0047	12.26104
129.6279
131.0065	0.8093166	107.877	128.8705	79.59089	15.21233
131.0065	103.5685	128.8705
131.0065	105.953	128.1804
130.9237	108.4659	129.4203	103.709	64.91543
129.4203	73.89851	105.5916
129.4203	104.9203
129.4203	97.88083	119.7141
129.238	104.4199	73.39814
129.1587	114.484	115.097	27.91294	36.26466
129.5736	114.2141	123.9952
129.3578	110.0067
129.3578	12.53209	108.173	21.83604	11.52487
129.5386	104.0075
129.5386	108.0435	54.95297	53.43818	31.44726
129.5386	104.0029	83.15879
129.5386	103.0031
129.4833	104.9848
129.3658	86.32897	104.7227
129.6887	105.9704
129.6887	102.7005	86.53531
129.4613	105.0894
129.5591	111.7711	107.237
129.5591	105.7918	37.4538
129.5591	71.36507	106.2038	94.58439
129.5591	109.3358
129.6995	105.0514	116.2719	49.82608	38.17526	2.384391	121.2548
130.0551	104.8961	10.19903	18.53654
129.4229	113.1989
129.4229	123.6415	14.41351
129.565	113.4769
129.565	105.6286
129.1418	13.29896
128.549	105.2969	55.3898
129.4505
129.4505	108.5204	80.8095
129.7309	109.3645
129.856	113.732	129.4607
125.256	66.19816	58.92189
86.526	11.39769
76.83756
72.70715	56.09616
130.4398	128.0749
62.40212


125.7797	96.03617
110.7533	105.3851



67.87595	54.82797

7.04467
69.44586	53.36445

85.64327	75.42337
120.3275	45.43902	6.265064	13.92815
126.8629	14.02294	3.851818
124.9545	71.94858
125.3022	73.90203	51.43897
120.2743	31.85067	21.39291
71.22921	30.45461
34.42996	40.94673
121.192	111.113
34.58064	16.7984
76.89748	62.90109	75.42928
71.40507
74.4685	39.96472	67.73477	26.4902
82.49794	13.21253	29.11533	22.99714
96.87365	36.45902	83.207
43.09682
41.99957



36.63551	5.630618
77.14885
90.13136
75.00779	8.412367
80.23653	31.55129	78.6926	78.36311
71.20983
126.2785
13.04542
22.8756

4.312148	126.5952
79.79486	5.03257
29.94106
46.74925	6.695801
68.17143	8.001633	67.03791
104.5587	45.16057
88.64684	56.22381	9.968878	4.291097	72.84729
73.9966	60.07721	54.88827
124.3544	87.67588	84.62054
86.56521
90.61451	11.93387
99.17173	108.9657

37.43175
84.98525
83.6966	10.37309
80.67497
28.22437	13.67866





63.6022	27.43651	38.29107


12.35481	85.06675

66.11683
127.3862



13.73446
2.61094
14.88539	9.545375
58.35831	25.95191	3.110321	67.8086
67.82234	122.6417
71.83521	74.59384	61.02381

88.36838	31.47866
72.68331	62.50514
71.55334	128.172	51.71289
64.83113

18.7713	127.7077	67.35087	126.0625

46.90068	42.54029
126.9863
125.7286	6.096374
124.3601	75.17587	49.71451	39.63529
125.0102
78.44353	24.36966	117.5569
112.607	1.613901
125.5492	94.77347
125.1493	10.48117
124.3471
115.903
112.0225

44.66689	10.07749	8.670676	16.8368	2.774057
7.146476
61.03459





9.272888
15.42161	127.5577
124.3072	45.24986	72.89162
114.3321	72.43299	63.25416	2.627814	6.816591
74.48426	52.41193	72.77816

58.98452	127.9944	30.85155


1.76332
75.30905	113.4169
70.74976	36.8576


68.89241	12.32115

58.47891	52.0832
74.43337	34.71062
90.33295	1.589506	52.11453
74.26751	22.20521
35.25842
72.03706	37.06521
38.51769
100.8185	3.715589
70.13028	51.96881
74.08449	42.27606

64.92405	100.0614
84.39426	7.9457
125.3798	77.48217	73.27433	11.32061
122.0371
74.06864	55.00422	51.88917
16.15213
9.209054
9.835782	126.2747
11.77079


66.1265
40.63532	33.145
71.34878
36.4897	13.87973	31.55872	26.41678


127.6418	25.02292	127.2905
122.6176	86.86996
129.3937
129.4418	10.45564	106.3715	106.2772	72.22686	20.62695	127.2664	78.39495
129.4551	103.7289	11.86675	92.39795
129.4551	104.8371	61.32787	60.06675
129.4551	95.32845	87.86859	36.65009	88.50725	21.9452
129.4551	56.12885
128.9994	95.15539	39.36221
123.8461	106.9463	74.02315
17.783
46.75297	124.2735
128.9865	75.26441
123.9135
91.35345
90.27697	74.34445	58.6244	85.7681
86.56455
86.00241	77.21476	40.33885
128.4337	70.86077	23.00707	15.78005	114.2604
73.84435



118.3091
84.29798	4.437695
130.8268	86.22767	20.757	75.10653

74.93718	69.64388
72.43983
82.90431
68.97134	15.28674	90.25855
59.15714	57.84008	50.00188

64.1866
89.70251
125.29	25.03307
129.5353	66.46559	5.261647	116.341	56.19557
103.763	129.5767	27.45814	15.07386
129.5767	105.7032	74.92119
129.5767	99.86097	51.31661
129.5767	106.9184
129.5894	109.5344	3.600119	56.21479
129.5894	126.3445	78.7999	107.9543
129.5894	110.5381
129.5894	113.6892
129.5894	104.8905	86.33103
129.5427	127.3176	112.5068	23.26768
129.5427	121.4012	13.78565	109.5039
129.5427	107.2257	14.3773	21.29411
129.5427	104.4997
129.5213	106.4703
129.5213	113.0549	79.44005
129.5213	103.1985	5.107289
129.5409	119.2534
129.5807	113.8775
129.4922	103.7591	30.94223
129.4922	113.8688
129.6421	66.28329	38.57598	12.75832
129.6421	94.14027	12.81616
129.6421	105.274	24.34206	125.2984
129.0625	110.6273	116.1035
129.8772
129.0156	110.8138
129.0156	96.59067
129.4267	105.4036	67.78644	22.59265
129.4267	98.03328
129.4267	29.53147
129.4267	34.38579
129.5505	113.4292
129.2297	86.51405	28.52048	26.32163
129.0876
125.0609	71.17029	56.12913
8.036328	11.79472	106.9478
86.82094	5.067912	129.4906
116.4173	74.50955	53.08144
122.0823	33.6678	109.8506
129.3996	36.65383	20.51749	123.1511
129.9779	113.1129	1.071463	127.7745
129.9779	106.5518	41.15296
129.9779	23.38622	112.4883
130.0535	109.2941
129.1447
129.5147	114.3267
129.5147	32.30591	111.3508
129.3231	114.1463	64.98043
129.5225	112.2443	49.52508
130.842	108.6271	130.669
130.842	83.30072
129.2889	99.26544	71.58854
129.2889	6.24423	73.524	50.12344	57.06652	109.6067
129.2889	109.2875
129.7295	108.1102	61.22409
129.7295	103.5374
128.6982	111.981	105.7855	52.32013	3.043594	42.50213	99.50288
129.2749	108.2607
129.7558	104.4621	121.2978	22.26636
129.2023	103.5762	28.40941	9.544833
130.0393	105.4333	80.64155	18.25946	3.770189
130.0393	46.35491	113.6397
84.93171	92.75446	130.3977
73.92417	120.7031
129.4645
129.4645	108.2104
129.4645	108.9518	35.34577
129.4645	110.9477
129.4645	107.2357
129.392	109.2035	56.26449
129.392	108.6407	83.82106	52.03836
129.3847	92.69454
129.3847	113.3655	70.28195
130.9527	110.9804
130.2319	111.5007
129.8058	109.3212	70.22681
129.1357	105.6162	98.49411
129.9235	108.6937	32.3419	108.4147
129.1605	104.0916
129.1605	117.0889
129.2467	103.6431	78.16138	14.17312	70.13555
129.2467	105.435	67.82193	44.9637	116.6674
129.2467	108.0539	74.32809	42.58471
129.2467	105.9703	82.29683	66.28904	58.23625
129.5557	116.373	15.38734	5.84237	12.82264
129.3746	106.5983	74.30867
129.4723	106.2964	9.933716
129.4723	123.8894
129.3815	90.84862	35.38099	15.5035	108.2114
129.3815	24.63882	112.5112	5.557011
129.3815	119.3745
129.6966
129.5101	95.54534
129.5077
129.3559	108.6651	107.989
129.3559	99.78993	72.31134	13.50169	82.01273	72.82115
129.3559	110.7163	29.90688
129.3559	92.02534	0.2033116	124.1326
129.3559	39.92665	62.16558
127.3495
124.5199	79.83474	123.226	8.579961
5.02727
129.1824	128.8544
129.48	77.36899
129.2306	101.54	105.7333
129.4942	108.7682	31.42665	70.18522	65.59195
129.4942	108.7707	18.09151	62.22601
129.4304	105.7076
129.4304	110.3374	74.8627	24.04029	10.29486	45.70827
129.4304	110.6084	87.86471
129.4304	90.15559	114.0325	44.35288
129.4304
129.4304	36.92416
129.4304	103.6116	29.25608	103.5021
129.3972	106.2263	95.9157
129.3972	74.50298	0.3289999	106.9665	41.90616
129.3972	105.9772	7.482918	6.344942
129.3972	75.52146	114.3517	90.1855
129.495	118.5247
129.495	104.8765	92.20257	72.86942
129.495	105.0931	80.21267	90.63669
129.495	1.86823	64.12775	103.3849
129.495	95.55587	54.50983
129.495
130.0305	109.0735	33.53501	7.480857	20.69503
130.075	109.6167	53.20306
129.4681	105.171
129.4681	110.2462
129.4681	48.31534	105.4892
129.4681	102.9459	30.74392	65.83317	67.66555
129.5082	104.3939	63.09269	119.0795
130.9187	50.42587
131.026	50.22164
71.18862	61.927
22.30979	131.0586
73.73239	63.76292
80.24747
42.99834
85.87139	39.6007	35.92956
127.9251	44.97876	38.96427	27.5487
115.5214	14.15802	11.03781	8.883699
59.08738
96.50188
56.94671


72.85001	71.10192
37.38151	34.35987
67.08322
81.64913	38.42665
71.68649	16.79505
97.75496	64.72442
41.28606
39.74126	48.00352	32.60239	30.48529	27.99083
128.8106	35.89707
129.604
129.5184	27.31009	18.36494
129.8106	106.4788
128.9801
74.88023



83.24023	2.389596
41.73974



70.51184
72.46096	55.44572
72.36629	57.42614
76.32453
88.54293
89.83317
41.36284
74.6613	6.997067
44.46032	26.44874
34.68741
58.28976	118.4224	48.34214	67.24579
1.642298

89.89653	44.06334

93.98029	21.01666
75.40058	11.00752
107.8625	70.11952	2.87668	11.11657
90.31395	5.326599	18.08762
69.95567	56.48886
72.636
74.22425



96.09396
62.17722



100.3611
91.40763	72.60339

16.20186

63.95399
128.0706	121.7071	54.72618
128.0735	102.6469	20.70297	13.83218
128.0735	106.8432
129.1784	106.4993
129.1784	105.7021
129.303	103.1356	71.41511	131.2018	107.4827
129.303	108.2013
129.303	105.9979
129.303	125.6874	29.62447	98.35029
128.1471	46.23537
128.52	77.32302	37.72582
129.4677	1.45606
129.2708	109.3742
129.2708	110.8066
129.461	113.4567	72.59209	53.80884	10.51945	99.42281
129.5385	93.8035
129.5032	117.3127	105.6779
129.5391	108.0031
129.1932	108.0604	122.6585
130.0536	104.4419	42.16902
130.0536	105.2179	101.4966	74.37359
130.0536	106.3792	106.1418	78.7728
129.7166	105.1252
129.7166	90.77424	8.839018
129.2829
129.4514	39.3452	35.14569
129.4514	32.23482
129.4514	116.592	104.4757
129.4514	8.029492
129.4514	79.32273
129.4514	107.5591	22.72417
129.4514	19.90859
129.4514	54.11478
129.4514
129.0166	103.1978
130.0721	34.15109	24.8675
130.0721	24.53577
129.1642	110.6285	75.93464	25.87549	67.00688
129.8181	108.5102
129.1653	106.4596	16.3737	13.30563	14.48553
129.3086	105.973	70.67407
129.2876	9.109107	110.4776	79.83834
130.8247	99.06059	131.134	57.08811	129.2914
129.2261	108.1295	61.12954	55.25065
130.0255	105.2689	81.43599
129.5832	105.1711	98.64107	63.74309
129.5832	102.7012
129.5832	105.7532	42.39314	37.16047
129.5832	105.3935
129.5832	104.9037
129.5832	116.3809
129.5832	106.3916
129.5832	115.7467
129.2639	105.8511	99.43065	69.63323	102.4499	97.91205	46.45069	56.85651
129.3297	103.3982
129.3297	62.91272	35.87484	8.474026	11.40472	18.35779	20.22247	117.0633
129.4217	100.1953	22.47054	84.36717	76.70348	86.65607
128.7952	30.44728	75.11626	28.86585	114.613
129.1968	43.384	10.23544	127.5336
129.7549	19.8486	16.57267
128.6926	111.29	34.10561	11.70146	30.31067
129.8976	111.3047
129.4098	112.5998
129.4098	105.0787	16.16628
129.9302	107.3699
129.1656	109.5531
129.9884	107.0203	113.5858
129.1918	104.151
129.3877	104.814	13.88288
129.3877	106.4516
128.8553	105.4232	8.048111
128.8553	41.59278	4.022098	23.11344
129.4575	26.28284
129.4575	108.1256	48.13905	40.7813
129.4072	30.71372
129.4072	41.01971	37.45303	8.516234	118.5184	117.5439
122.3185	41.46408
121.6376	7.89049
9.837902
129.5732	60.6276	57.40895	59.36501

116.9002	56.74785	24.08175	25.52167	14.91712
117.5572	3.108906	60.17554
75.00688	15.50336	4.449052
63.19612
79.48659	0.229652
71.23749	54.51324
123.5913
127.5987	52.18194
129.1838	72.36162
129.6163	113.2702	12.0536	62.82234
129.6163	95.41316	66.23159	15.47547
129.1976	109.5224	32.14839	23.73511
129.569	104.2995	114.4973	5.0831
129.569	126.1145	71.44218	7.913078
129.569	21.85918
129.5269
129.3975	105.9598
129.7085
76.04597	119.5904	20.59508
124.8075	71.94386	2.067199
122.5021	73.03248
124.5332	75.1417	102.5731	97.95765
121.7315	89.81854	85.53766
117.1088
120.3669	89.7414	43.58243	77.96355
117.5134	16.26722	67.67636	30.84439	8.973795	52.28173
118.5799	88.03737	66.33804	47.8867	39.01886	93.18583
128.5474	89.38787	15.39985
88.15466
74.16232	3.025429
72.38702	68.54787
54.91685	29.49623
37.26777
125.1639	46.14498



70.47767
76.91761
58.63468
75.38409	29.0986	15.81937
76.30359
31.53431
70.31722	59.21121
76.54824
99.48264	35.69126
100.0313	76.29441
72.72166	54.80275	9.185218	42.14284

41.08015

54.76461
89.16327
82.35637
41.28219
74.68888	3.26915
72.71795	9.101176	68.38919
93.91877


84.68371




45.48642	27.33803
38.47832	0.7011149
3.238803
3.869234




122.9899	4.377024
126.5352	75.70791	11.9798
121.9779
119.0832	43.56369	101.8871
119.5464	20.84025	11.403
75.79174	10.78907
67.05629


17.8684	15.73031
21.19697	126.7827
124.1519	7.911651
121.3334	89.61533	97.23645
3.8041	80.40543
38.28745
64.13311



74.82131	11.1459
70.10649	131.0118
123.9464	2.199883	106.7988	116.4089
62.54128
129.7024
54.82727
14.12074



19.52619
74.51758	65.89195	20.31942
119.1563	116.6447	104.4825
117.8321
126.4932	6.471416	131.1598	1.084365
12.23053
58.66313	120.6658	11.58091	115.9245	94.32633
59.3735	2.143112
10.67967	2.990751	2.370013
89.98555	66.38375

116.8417	56.53684	12.25154	90.12533
126.8295	3.908432	25.97506

7.158532
100.2163	123.8536
128.7679
124.182	49.77015	16.3329


80.38946	68.91133
74.56303
70.06053	34.10739
74.95843	48.84827	67.57183	23.74843
41.10637
56.03747	25.80898	2.543821
94.55301	4.065678
111.1713
56.33996

125.4954
2.832692
39.88422
117.0017
35.62124
35.7674
60.62858
18.18319
74.19979	58.91937

79.85936


125.9906


75.45586	25.99206

128.7591
128.6493	111.6271
130.8638	4.827619
128.3007
77.69615	34.749	9.964119
117.1307
118.8653	72.11717	57.10463	34.70936
120.4052	68.17607	45.46157
121.3607
61.68431
23.8386
83.92776	18.44857






87.75072	23.04308	41.74722
129.9952	114.5934
17.55212
84.43861	31.73498	63.30371
78.97035




100.7289	33.88637	25.48095
72.39967	40.70126
85.87567	99.38354
68.63632	24.7082	55.5649
57.59926
71.10781	34.84816	109.8785	27.18492	17.75089	2.174803
74.35812
24.74512	8.421606
39.03974
124.4167	86.1282	42.92441
120.3299	48.08676	13.14656
122.2768	14.57808	70.20074	115.777
120.0017	24.30008	20.90863
122.0587	12.83518
106.8799
73.66238	17.63052
8.541139	97.02692	74.52495	58.07346	33.15943	3.955231
81.66741
83.49052
30.30452
76.95671	118.9208	11.45514
0.3450036	24.5415

50.28551
88.72998	54.93738


3.84999	129.4208
123.13	92.57657	97.3456
76.38879


8.491077
73.34632	64.69791
89.88837
73.8105	8.278596	47.11115	63.05793
78.98156

99.1329
124.5482	124.8812	12.5694

28.7717
32.45758
117.2323	14.6215

37.93709
120.607	6.26219	72.12668
69.59967	10.53754

75.20968
74.51658
66.7646


117.9949	94.90618	16.65315	111.8873
124.1634	122.7981
130.821
60.7021
14.47518
72.67812	59.35814
16.97544
4.662571
19.34593
89.11619
84.84775	125.19	75.74153	17.99559
125.3443	82.19808

123.9689
127.6521	24.82179


77.19852
70.29968	20.3826	27.46351	57.87813
70.20105
121.9942
129.4193	103.6113	87.68517
129.4193	64.32555	50.42603	68.61808	0.2450805
129.4193	113.1238	32.4507
129.4156	111.3514
129.4156	106.3803	108.5613
129.0692	113.4222	49.56456	2.349363
129.0692	106.7643	24.58852
129.0692	13.33608
129.0692
129.2967	100.0966
129.3475	29.96627
129.3475	42.40005	42.44077
129.4913	103.3047	66.61617	87.90305	15.67365
129.4577	41.20681
129.4577	111.2459	46.90463
130.0809	111.3375	92.55111
130.0809	108.76	62.45204
130.0809	102.4156	64.94973	61.81559
130.8975	113.7543	78.09723
130.8975	108.9949
129.5235	103.034	50.16227
129.5235	102.4219	101.8714	85.74464
129.5235	112.18	111.6437
129.5235	45.88499	113.0602
129.2471	104.3178	69.73526	79.38921
129.2471	105.7283	69.12294
129.2471	88.09626
129.5677	65.44461	50.56796	101.031	24.56091	58.30619
129.8909	110.8832	62.67775	125.2533	3.797724
130.022	108.6297	82.41937	75.14874
128.9872	104.8758
129.2778
129.2161	97.02616	115.234	50.16828	89.15608
128.8772	106.4583	41.42445	37.63935
128.8175	105.4898	74.48745	66.45645
128.6708	105.6656
128.8044	106.712	70.58224	26.22298
128.8044	51.73226
128.8044	104.7033	30.52322
129.8612	29.158	12.30001
129.8753	86.61551	103.7518	115.223	73.67555
129.7774	104.7579	54.09716	130.4841	90.33786
130.064	108.4546
129.4911	102.903	1.86958	122.7391
129.5228	64.80034	109.1511	56.16612
129.5228	103.2127	56.58194	2.796982
129.5228	105.3109	84.09906	60.97168	46.34619	41.7992	57.7978
129.3431	104.1446
129.5633	103.1154	82.15819	127.2541
129.5633	105.7511
129.5633
129.5057	108.0502	74.28316	37.02602
129.5603	106.0533	65.83875	118.9617
129.3553	116.2492
129.843	72.27582	123.4575	4.243857
129.2765	104.5994	104.9029
129.7299	72.31462
122.6412	72.10577	26.97442	84.94734	120.5114	131.1874
