SpeciationRates
0.06547969	0.1102828	0.03892446	0.04132082	0.04254746
0.03770818	0.08599931
0.05909333	0.1079731	0.06699255	0.03070894	0.05692246	0.05454479
0.07607581	0.09029452	0.07081808	0.05900787	0.03240188
0.0712492	0.09782538	0.04493253
0.0846587	0.1146654	0.05678445
0.08551349	0.1089064	0.03650258
0.06513694	0.1001913	0.05326295	0.08091819
0.04543025	0.1037383	0.05079218	0.04120519	0.05920765	0.06581134
0.07619775	0.09534608
0.08702805	0.08513235
0.0714713	0.09451525
0.05342049	0.08062473	0.08822839
0.06114972	0.1025969	0.120792
0.08778525	0.09828879
0.047891	0.08802486
0.09296304	0.09483958
0.05466913	0.09048861	0.08182098	0.05106098
0.05512274	0.09763874
0.03814233	0.1050108
0.05257054	0.1089054	0.08552896
0.09856027	0.09237785	0.05193772	0.07079357
0.03387148	0.05713956
0.05521909	0.08327279
0.08991345	0.09502551
0.05829618	0.07311509	0.08929236	0.03588892
0.05973918	0.08257323
0.0559561	0.08196024
0.08209678	0.09157674	0.05712811
0.07318396	0.1014521	0.04461253
0.09015172
0.09086287
0.08926866
0.07397753	0.0967121	0.0915268
0.06364829	0.08012047	0.06565589
0.07906533
0.09999749
0.04428765	0.08695596
0.06102388	0.1023805
0.06086112	0.1082615	0.08373427
0.1003882
0.02498703	0.08828143
0.0560604	0.09127678
0.06824087	0.0881284
0.07492734	0.08128648	0.07599967
0.05910811	0.08101867	0.06532695	0.05960647
0.06890302	0.1090392	0.07028962	0.07491453
0.02780707	0.08910842	0.06072435	0.06272615
0.04676111	0.09401848
0.08467222	0.1016917	0.05456522
0.02949602	0.1102787	0.056836	0.06465987	0.07137264
0.07193698	0.1024041
0.07881014
0.0996501
0.09264026
0.07030169	0.1018912
0.04922981	0.09366697	0.07495783	0.05610362
0.09288906	0.08973192
0.06292451	0.09102406
0.08998669	0.09183537
0.08428217	0.1015583
0.06980097	0.09072609
0.07062999	0.0918392
0.08548758
0.08204943	0.08185855	0.06796493
0.06973417	0.09269704	0.06287638
0.07943639	0.1045964	0.08136051
0.0586277	0.09150908
0.06497501	0.08529964
0.05548598	0.0876151	0.05106937
0.06552122	0.09690392	0.06055236
0.0928018
0.1014393
0.0895528	0.08829382
0.07552762
0.07618574
0.07229467	0.08116002
0.05774038	0.0940795	0.05676052	0.06293497	0.05422216
0.08930362
0.07331441	0.09774397	0.08597625	0.09093031
0.09702713	0.08104617	0.08794354
0.03420585	0.09367921	0.06506666
0.05469	0.08933786
0.0657031	0.1038975
0.1051766
0.06034334	0.09301018	0.1024984
0.05908254	0.06543082	0.09121334	0.03673413	0.04346478
0.05745264	0.08158315	0.06460508
0.04439505	0.08341509	0.06251608	0.05660273	0.06345745
0.08082525
0.05119685	0.11001	0.0637609	0.04045673
0.05776173	0.08583846
0.07513528	0.09082542	0.07263014
0.09866396
0.05727399	0.1048435	0.05154174	0.04419817
0.08935982
0.0912002
0.08448848
0.09876555	0.110762
0.0534141	0.0986091
0.04285302	0.07344778
0.06806481	0.07389331
0.08771593
0.1163045
0.1050841
0.09133667
0.06462297	0.09189985	0.04350955
0.04983992	0.09157957	0.07020075
0.05825107	0.09060496	0.07743384	0.0844743	0.04697982
0.07829981	0.04687986	0.06716683	0.07661886	0.05327758
0.06354381	0.08215445	0.05625071
0.04985514	0.1127535	0.06936477
0.06587338	0.06397698	0.08027747
0.0899118
0.0785644
0.04370669	0.07644204	0.06853429
0.04483239	0.07254834	0.02378869	0.06742847
0.09796492
0.05573985	0.08610844
0.07610876
0.03965923	0.07605114	0.04597846	0.07586087
0.0495189	0.104691	0.04486563	0.09528987
0.06711852	0.07908329	0.0754363
0.08701475
0.08150827
0.08894256	0.1005009	0.06139393
0.1079455
0.1012946
0.05851437	0.08048257	0.09817252
0.1194496
0.1124733
0.1049717
0.1097326
0.10241
0.08091064
0.09932455
0.1121202	0.0965482
0.1148093
0.1230251
0.1267457
0.1176738
0.09179413
0.0629695	0.09524652	0.06734753
0.0870554
0.05785706	0.07720828
0.09042292
0.09519532
0.09577671
0.0676049	0.10203
0.06894765	0.07865351
0.07384026	0.08448565
0.01013059	0.08442783
0.05906049	0.09837572
0.0728878	0.1083189
0.06864399	0.09050777	0.04755928
0.06892406	0.09382973	0.04307958
0.05365705	0.09885227	0.0743549	0.08107898
0.02753218	0.08261079	0.04574531	0.06038026	0.04587627
0.03697629	0.09517384	0.07892275	0.06781451
0.07743759	0.05974921	0.09198167	0.07691202
0.09090685
0.1058486
0.09548022
0.05880825	0.0959009	0.06115125	0.05603548
0.06315224	0.1054589	0.05715525
0.07007711	0.1024908
0.1001598
0.08851021
0.0567647	0.083994	0.1108128
0.05803594	0.09707118
0.03978255	0.1000786	0.07674893	0.06215298	0.01186747
0.06378022	0.09754638
0.06426912	0.1085889	0.07410638
0.04600267	0.1118873	0.04167234
0.05642251	0.1108869	0.06891995
0.07901885	0.09195421	0.1133711
0.08610937	0.09943476
0.07194158	0.09632164	0.07737192	0.05160286	0.01181977
0.03532741	0.09295256	0.08159067	0.07651925
0.05487586	0.1013804
0.05678282	0.09247083	0.03112958	0.03636438	0.04991557	0.05182536
0.05314453	0.09563448
0.02172882	0.1203516	0.04191831
0.04557663	0.1010887	0.04549263
0.05717069	0.09231449	0.04487081
0.07336766	0.09867986
0.08275293	0.1041947
0.07288251	0.1013625
0.1008972	0.09502658	0.07050499
0.08272231	0.09363101
0.08145714
0.0825041	0.1003211	0.06193232	0.05792439
0.07594794	0.09065593	0.06141781
0.08342682
0.06635267	0.09661218	0.06224124
0.05761309	0.1042067
0.1175803
0.09959376
0.09986134
0.116573
0.1019306
0.09357888
0.09478425
0.09761798	0.09689922	0.05129297	0.1218387
0.08495744	0.08758102
0.06539096	0.0909755
0.07652936	0.1127269
0.0720617	0.08470401	0.05831532	0.09123541
0.06478734	0.1195211	0.05021078
0.04268986	0.1160736
0.03842865	0.1190952	0.06823988
0.07902378	0.1024076	0.06121216
0.07993332	0.0892838
0.06734271	0.08733085
0.06799727	0.07666006	0.04931981	0.04780063
0.08893155
0.04712286	0.1043603	0.08080154
0.09194055	0.08641917	0.09209552	0.05165989
0.09811318	0.07530379	0.08433651	0.09360039
0.09597421	0.09689156
0.09514246
0.09883505	0.08822258
0.1103562	0.1127901	0.07620288	0.0612442	0.04525218
0.05852123	0.09956918	0.06729075	0.04539638
0.0498575	0.06992655
0.06921774	0.1103565
0.06774081	0.06205477
0.04252891	0.09808094	0.07282202
0.08331905	0.1040316	0.05410894
0.05456066	0.07973518	0.05904755
0.06214304	0.06582696	0.06421912	0.0802921
0.102316
0.07912691	0.1213476	0.07694813
0.03700836	0.1027586	0.06751813	0.07006459	0.08045994
0.0714854	0.09634474	0.06131059	0.06207645	0.07048724
0.06790136	0.1066316
0.03983118	0.1088112	0.06161313	0.05951036
0.05724173	0.1057103	0.05476056
0.06169629	0.08545913	0.07005994	0.01933854
0.06633952	0.08716806	0.06526503	0.05846005	0.07081936
0.05629772	0.08541976
0.08920919	0.1179503	0.06581645
0.06091574	0.09779997	0.0464574
0.05842379	0.1130496	0.04416143
0.06124213	0.1016754	0.04384587	0.07456502
0.05666197	0.08178198	0.03286198	0.04260877
0.06605489	0.123851	0.03628363	0.04541978	0.05645229	0.04816859
0.07188414	0.1063437	0.04699062	0.05892329
0.06501844	0.1159644	0.03115813	0.06562426
0.05155793	0.1051267	0.03354543	0.0627317	0.04906714	0.08329466
0.05374049	0.09587733	0.04840879	0.07344982	0.04593483	0.04221689
0.07909531	0.132745	0.03130114	0.04552755
0.03923798	0.08916398
0.06691027	0.09526816	0.03676905
0.07286795	0.09934596	0.03878416	0.05450457
0.03732242	0.1186765	0.04691215	0.09113731	0.06959498
0.06042881	0.09461466	0.0299808
0.02930883	0.1181477	0.03520951	0.05078679	0.04429057
0.04102414	0.1162369
0.0555554	0.0853713	0.03800116
0.06146472	0.1045715	0.05994947
0.08335147	0.105541	0.0429801
0.06549154	0.09359572	0.06276707	0.05384933	0.03603014	0.03903567
0.08399251	0.1007087	0.04964459	0.04157508	0.06419604	0.05057498
0.05861642	0.112723	0.0319079
0.04563931	0.1068341
0.07365555	0.09702127	0.04201975	0.06885928	0.04976163
0.06142154	0.07394887	0.04486248
0.07493027	0.03950236	0.09519102
0.09362564	0.04435734	0.1043982	0.04602459
0.05680679	0.04316655	0.107725	0.09586093
0.072185	0.03728741	0.0829536
0.06924581	0.03676049	0.0822196	0.04590898	0.0495833
0.06208544	0.1097254	0.03962586	0.05231589	0.05251358
0.05934107	0.115509	0.03419547
0.05671154	0.1053234	0.03248877	0.0641465	0.06896594	0.04661411
0.05992684	0.1201507	0.04665414	0.0800301	0.04057877
0.0580764	0.1279464	0.04671392	0.04420222	0.08069397
0.06988143	0.09654679	0.03093229	0.05834168	0.05426073
0.04177767	0.1006609	0.03450764
0.04431696	0.09311072
0.06638401	0.0947666	0.03995569
0.05326599	0.08777527	0.04379742	0.05234296	0.03881873
0.05720518	0.1273194	0.0372782	0.04582018	0.05078742
0.07986415	0.1085801	0.03787699	0.04466472	0.05169485
0.03851086	0.0987385
0.04275127	0.1022211	0.05049138	0.09146359	0.05643979	0.04688226
0.05812585	0.10501	0.06031787	0.04467418	0.07059708
0.05725527	0.08936034	0.03865113	0.06036757
0.07774234	0.1097289	0.05848608
0.05531792	0.1038022	0.04090003	0.06752401	0.03221116	0.07097075
0.09739963	0.1151284	0.04675298	0.0874622	0.05792123
0.06433347	0.07833216	0.06310858	0.07919627	0.092096
0.03744051	0.09799095	0.04315851	0.06890378	0.0326457	0.04887304	0.01771131
0.03213797	0.1257502
0.05248943	0.1078397	0.03403317
0.04569489	0.0897723	0.03068938	0.09745864
0.03666269	0.09620628
0.03792958	0.1007006	0.037228	0.03420872	0.05750476	0.06102417	0.03652835
0.03717281	0.09228493
0.07825804	0.1048627	0.04137962	0.05955121
0.06662477	0.09349093	0.0556521
0.07791409	0.1123851	0.04128432
0.04125765	0.1131464	0.03435916
0.05543143	0.1064867	0.03859701
0.04676977	0.08501277
0.08412262	0.1075582	0.04376798	0.05228934	0.04488087	0.05125531	0.06866144	0.04977104
0.05546866	0.1257881	0.03855868
0.08656185	0.1101329	0.03736374	0.06496211	0.02811836
0.05374137	0.07833359	0.04402681
0.03799044	0.1057382	0.05212386	0.04041309	0.03559241	0.06309292	0.03201148
0.04321822	0.1174679	0.04140202	0.05899983	0.04723107	0.0829134
0.08263713	0.1042391	0.03893495	0.04465069	0.06929502	0.06466216
0.0632017	0.1072441	0.0331468	0.04739515	0.03470424
0.08403168	0.07462333	0.03634625	0.07067037	0.0618397
0.06427393	0.09827257	0.04105269	0.06549232	0.08112757
0.03437439	0.1107012	0.03786059	0.04988515	0.04230336
0.04854246	0.09223762	0.03885063	0.04073827	0.03652681	0.05505273	0.0615671
0.0421688	0.09862911	0.06071278	0.01372295
0.04950332	0.08466293	0.08178299
0.06243357	0.1000194	0.08625306
0.06314102	0.09393619	0.05120347	0.041124
0.06266432	0.1094178
0.08985963	0.1052943
0.0800932
0.04059843	0.08431476	0.07712528
0.07716681	0.07195824	0.1073379	0.05475876	0.04505921	0.06466459
0.07213887	0.1016575	0.05717646
0.05646725	0.07681637	0.04070719
0.07935897	0.07809991	0.06058659
0.08515878	0.08227135	0.04770547
0.08103852	0.05940557	0.07590728
0.07593468	0.09835692	0.07638523	0.04405977
0.05345289	0.1007159	0.08246621	0.0366486	0.06218286
0.07764163	0.09542734	0.05379849	0.05277835
0.06361552	0.09021563
0.07914937	0.1162356	0.0784727
0.08796544	0.07606847
0.08314983
0.06624693	0.08532644	0.09266848
0.04283415	0.1056558
0.07197547	0.08557182	0.07698501
0.03630249	0.09996654
0.07574728	0.08507151
0.05676929	0.1026435
0.08390353
0.07126719	0.09016922
0.0721131	0.1083909
0.08568913	0.1070755	0.06057895	0.05009402
0.06334893	0.1014119
0.06152873	0.09353039	0.1036544	0.06383782	0.05909871
0.05996295	0.1064924	0.04415569
0.05427679	0.1023381	0.0776202
0.06938848	0.08692909	0.008578308	0.08072977
0.05273922	0.08429719	0.06120435	0.05531503
0.06965609	0.08378759	0.05865318
0.08283258	0.09563715	0.07113741	0.06555062
0.05051491	0.09875241
0.07156367	0.07657582
0.07959177	0.09170979
0.09849796
0.07375699	0.085206
0.08798838
0.07616221	0.08965103	0.05406107
0.08402283
0.05652694	0.08305407
0.0577625	0.08365432
0.06993405	0.08884746	0.03307169	0.04455788
0.04910152	0.095856
0.0333419	0.09922974	0.08941192
0.09947983	0.0846183	0.06141364	0.086338	0.0752767
0.1123857
0.06387188	0.08980927
0.05271824	0.08326049	0.04012434	0.04019958
0.06312818	0.09642081
0.09551543
0.08641139
0.03847054	0.07860456
0.05330518	0.08025468	0.07773521
0.03609557	0.09284344	0.07673466
0.07832439	0.08557443	0.04941487
0.07054718	0.08230689	0.08253783	0.05340263
0.07333317	0.1220585	0.07878457	0.07590486	0.05925631
0.08705558	0.0985785
0.08674359	0.09522642	0.07374988
0.05321985	0.0856007	0.05146682
0.04439073	0.08135222	0.1252568
0.1012581	0.07388761	0.1090869	0.03692556	0.03282359	0.03346872	0.05537098
0.07024087	0.09664439	0.08407943	0.07369587
0.0706667	0.08000205	0.06503566	0.03218002
0.05400471	0.09865057	0.0770168
0.06537959	0.1098283
0.07574273	0.120489	0.04832368	0.08819928
0.06505114	0.0691938
0.05152483	0.0800022	0.07527113
0.1003003
0.09135016
0.09570757	0.09815153
0.09634618
0.09700037
0.08766851
0.0621202	0.08307295	0.0793318
0.07152811	0.08925333	0.1045482
0.08654749	0.0898689	0.1000151	0.02252701
0.06433779	0.09521381
0.09697414	0.08828494	0.056567	0.1039948	0.07744693	0.06503285
0.08260732	0.09252116
0.08863457
0.04268011	0.08256834
0.02923776	0.1012135
0.0796976	0.08389378	0.05826461	0.1068779
0.05767614	0.0962608	0.06607191
0.1043221	0.09848986	0.05444641	0.05351327	0.07824858	0.05381704
0.0840014	0.09729221	0.08866553	0.07835668
0.09496222
0.0641617	0.100194	0.05600476
0.04459559	0.1038885
0.1009512
0.1098758
0.09168596
0.04234527	0.1005955	0.07111133
0.06667994	0.09125594
0.06139145	0.1064617	0.07085852	0.04068962
0.05399838	0.1031642	0.05737861	0.05857609
0.0972491
0.06424731	0.08957909	0.0883512
0.07219927	0.08165456	0.1050862	0.07895627	0.08292856
0.08193448	0.1280366	0.07144864
0.09513306
0.08494186
0.1036346	0.114201
0.06935127	0.09878984	0.06718508
0.06287539	0.0892365	0.06080156	0.03136283	0.06206241
0.05756535	0.08444511
0.06444625	0.1352151
0.07209355	0.1322941
0.0628396	0.1089867	0.05094886	0.08101754	0.05608798
0.05724159	0.1018569	0.04606864	0.08301738	0.06948782
0.07162873	0.08890878	0.04384248
0.05086978	0.07930922	0.04559292
0.04422124	0.09725716
0.05301351	0.06996598	0.03574226
0.06082196	0.1128298	0.05967776	0.03886537
0.07851441	0.1123791	0.04576635	0.06301661	0.04660885
0.06207603	0.107772	0.04114327	0.05906689	0.04716919
0.03373582	0.1062602	0.04148661	0.08191974	0.06192075
0.06553277	0.0876648	0.04088112	0.08248507
0.04201365	0.08675445	0.04797522
0.06603379	0.1044323	0.04018927
0.07348751	0.1229023	0.06360658	0.0269953	0.02130244
0.07008738	0.08745857	0.04162484	0.07121243	0.04244585
0.08119213	0.09614325	0.03863423	0.06535604	0.05813068
0.07149759	0.1019988	0.04042511	0.07454615	0.043758
0.0612179	0.1130956	0.03742174	0.06815669
0.04962028	0.1026051	0.03669549	0.07066774
0.05087738	0.1169874	0.03550353
0.043714	0.1201898	0.04762264	0.04546412	0.04674496
0.06313621	0.1207261	0.03889508
0.06242684	0.09926375	0.04489744
0.07181356	0.1027152	0.04010585
0.04259607	0.1176358	0.04574874	0.04978019
0.05238491	0.1255467	0.0409429	0.04939133	0.02236211
0.03927346	0.1131743	0.04117644	0.0646855	0.07548688	0.04747298
0.08461007	0.1061527	0.04357504
0.09047811	0.1099864	0.04962721	0.06004554	0.07492827	0.08272524
0.07813787	0.08772324	0.04101946
0.0496251	0.1162606	0.05158902	0.07903399	0.03980552
0.06622921	0.08344824	0.03742689	0.05823559	0.05193468
0.03825117	0.1023342	0.03884673
0.07288991	0.1052875	0.04142908	0.05922904	0.06567004
0.05517051	0.1213078	0.05580882	0.03330433
0.06168146	0.08804093	0.06498861	0.05252027
0.06462563	0.08479666	0.03788695	0.06862601
0.03998643	0.1028448	0.04653704	0.08109721
0.0335419	0.1038774	0.04163074	0.07128947	0.04337359	0.06071716	0.02513737
0.05947051	0.09366827	0.04297047
0.05188693	0.111129	0.0345065	0.05599002	0.03946906
0.05747607	0.1001485	0.04234857
0.04766823	0.104376	0.04610824	0.06696287	0.03252827	0.03865826	0.06032109
0.05118474	0.1190187	0.03500782
0.06489002	0.09366572	0.0357567	0.05056816	0.08453096	0.0429689
0.06924356	0.09242404	0.0389409	0.0514339
0.04568579	0.1068268	0.03468052	0.06550937
0.05857972	0.1302118	0.04128908	0.07107485
0.04893135	0.1050195	0.03213056
0.05843527	0.07184362	0.0454969	0.09169406	0.04423796
0.05242451	0.1256482	0.04166553	0.07466291
0.07015428	0.1154753	0.04475269	0.08641183
0.07632716	0.07595667	0.05045063
0.05503441	0.1140889	0.03720093
0.06914831	0.1100139	0.04676026
0.03276211	0.1005085	0.03976034	0.03419886
0.0632094	0.1251989	0.0446339
0.05376969	0.07829877	0.04789707
0.05423966	0.1121254	0.04755313
0.04759426	0.08374265
0.07296013	0.1286296	0.04678133	0.07293494	0.07487203	0.04482512
0.06238989	0.1146815	0.04276686	0.04008858
0.05414887	0.1067381	0.02856702	0.03445473
0.06515089	0.1138939	0.03233895	0.06442976	0.05971192
0.04318077	0.0820213
0.06290588	0.1161193	0.05246528	0.03727348	0.07698217
0.05252765	0.09876023	0.03732026	0.06363993
0.04744071	0.1166717	0.03376305	0.04055365	0.05577981
0.05266056	0.1027262	0.04569973	0.03287525	0.01471723
0.04970464	0.1127212	0.03069305
0.03768343	0.1039587	0.03938428	0.06841466	0.09457914
0.0869689	0.1045032	0.03904458	0.01974277	0.03915219
0.07268456	0.09177213	0.0450134	0.03883111
0.04173291	0.1083228	0.04095344	0.05544822
0.05519891	0.09401668	0.0432979	0.05427774	0.05242755
0.06327946	0.1065827	0.0447184	0.05274972	0.07196971
0.06413487	0.1068877	0.04008403	0.06909295	0.06030119
0.07905806	0.1269817	0.03543768	0.05849624
0.05089747	0.110704	0.03621595	0.05404673	0.03885851	0.01233256	0.05388855
0.07726428	0.1193757	0.04281899	0.06201863
0.0816985	0.09339703	0.04603805
0.06639454	0.1070454	0.05176242
0.04652209	0.07659467	0.03752186	0.06223118
0.0685584	0.0827177	0.04031237	0.03647317	0.0593464	0.05070878
0.06095409	0.1026857	0.03584602	0.06804978
0.07451602	0.1022562	0.04368759	0.05754938
0.05067728	0.096509	0.02882868	0.07319248
0.0761456	0.114736	0.03802966	0.06748423	0.06226502	0.06214683
0.06260576	0.1199605	0.04307554
0.07639452	0.08042017	0.04777832	0.08936497
0.07083674	0.1031142	0.04570786
0.09159875	0.09198137	0.03829308	0.04663352	0.06942223	0.07478764
0.07974081	0.09059863	0.0357254	0.05320933
0.06072954	0.1236496	0.03881574	0.06405249
0.05492551	0.1125737	0.03396074
0.06319731	0.1147892	0.02888472	0.06055998
0.06876188	0.1050415	0.03493371
0.0567523	0.08969684	0.0387473	0.0495178	0.02835837	0.0387134	0.06464798	0.03489389
0.07036724	0.115033	0.03346314	0.0604348	0.08087408
0.06819199	0.1199526	0.03467498	0.05385006
0.07329808	0.09562569	0.07650201	0.05305141	0.0922798
0.04951836	0.09527415	0.04524948	0.07366492	0.04936215
0.05773384	0.1198373	0.03489691	0.06984737
0.070808	0.09349313	0.04332077
0.07921924	0.1050299	0.02983238	0.05815292
0.06084919	0.09763903	0.03205309	0.0526269	0.03384443
0.05728209	0.1051051	0.03428283
0.06910201	0.1194248	0.04752898	0.03746694
0.02525678	0.1073479	0.06870278	0.02989621	0.03581403	0.0580577
0.05886117	0.09625106	0.03845539	0.05578441
0.0470631	0.1135306	0.03945237	0.05624449
0.04752473	0.108189	0.04854501	0.06766314
0.06623368	0.1128298	0.03263453
0.04058424	0.1148063
0.04258198	0.08247153	0.04616675	0.06157329	0.05240578	0.0400492	0.05730544
0.03943606	0.1088619	0.04395003	0.07229288	0.05588433
0.006944358	0.1054901	0.06436697	0.04492899	0.06141356	0.06660772	0.03708802	0.04088307
0.006364842	0.08411396	0.06321756
0.01831342	0.08594187	0.06194783	0.03874515
0.04562294	0.1154095	0.04382187	0.07058249
0.0645476	0.09624918	0.0346745	0.0519105	0.06049563
0.05569956	0.09195782	0.04171307	0.07194003
0.09211433	0.0945904	0.03883965	0.08234922	0.0512253
0.07070454	0.141381	0.05185376	0.07427981
0.03288947	0.0952259	0.06328643	0.03954384
0.0576704	0.09130118	0.03966863	0.05925868
0.08040804	0.1000514	0.03282588	0.05746391	0.04250778	0.04588425
0.06706262	0.1140787
0.07540326	0.09580252	0.0414839	0.08493483
0.08616337	0.08181932	0.04763793	0.05014658	0.06791542
0.06554498	0.09968559	0.03766898
0.04803683	0.1305274	0.05507599	0.04715005	0.04526145
0.0382028	0.1033001	0.03982546	0.03163177	0.01046721
0.06936212	0.09373911	0.04020066
0.04536791	0.08282692	0.05642104	0.06635741	0.07699594
0.05447304	0.09024329	0.05236333	0.05897834	0.06314052	0.0373796	0.08353795	0.0364538	0.02748721
0.049506	0.109261	0.07109018	0.04432794	0.06286549
0.04695387	0.1110108	0.03729187	0.05920987
0.05102848	0.1379345	0.03071752	0.0454306
0.07186654	0.09006585	0.05569003
0.06984214	0.1101252
0.07046144	0.0948515	0.07402293
0.06483317	0.09084414	0.04623538	0.07225397
0.04457592	0.08970599	0.03591895	0.03506347
0.05671939	0.1075313	0.03991559
0.0150891	0.1011088	0.0432848	0.02998627	0.03852665	0.0232453
0.0721403	0.1156333	0.04329602	0.03086994
0.1148197	0.0813352	0.0485962	0.02780006	0.07369909	0.0709928
0.0559631	0.1040216	0.04475282
0.06680701	0.09793734	0.03767815
0.06571326	0.1165826	0.04243343
0.06401404	0.07703965	0.03841058	0.05899943	0.03517844
0.07394311	0.0953421	0.03664163
0.07525032	0.1017676	0.04017182	0.04127336	0.0639984	0.08655761	0.08268295
0.03903962	0.1043768	0.03609389	0.06309483	0.06827025
0.09509983	0.09129175	0.04226429	0.06584778	0.09362552	0.09145566	0.0699965
0.05676927	0.106065	0.05755478	0.04931964	0.02612905	0.04592457	0.04044297
0.06821343	0.09563071
0.0736149	0.07620543	0.05169322
0.06222196	0.09649942
0.05053934	0.1050694	0.04761817
0.07130293	0.08132427	0.04206493
0.08649431	0.1114982	0.04064039	0.06293766
0.07753473	0.102321	0.04930955	0.07632291	0.04288907
0.09428994	0.09085048	0.03817939	0.05893735
0.06512614	0.1185605	0.03601052	0.03867292	0.06728716
0.06768218	0.1214316	0.03536747
0.04759069	0.1016261	0.05529135	0.02966392	0.04904679
0.006636241	0.117406	0.03914261	0.0252472
0.05849374	0.1065209	0.03981821	0.0597114
0.04849285	0.1081363	0.03560663	0.06605649
0.05959907	0.1194168
0.03874879	0.09059201
0.05166629	0.09526639	0.04656362	0.08403565	0.1001097	0.0741621
0.02595983	0.101669	0.04499823	0.08432789
0.05635645	0.1069755	0.03892593
0.05426884	0.07530736	0.04748635	0.04674652	0.06357884
0.03968619	0.1174851	0.04158743	0.0703275	0.0672071
0.03686877	0.1078622	0.03739733	0.04597983	0.0718549	0.05553003	0.05125592
0.04265006	0.09612284	0.03727391	0.0505263	0.02555591
0.04001245	0.09032685
0.06254524	0.113043	0.0323843	0.02555838
0.06826578	0.104186	0.04920643	0.03136239	0.04022723	0.03863233	0.003110434
0.05547924	0.1041597
0.06894153	0.09986437	0.04691048
0.07417307	0.09696713	0.04982076	0.05400513
0.04169698	0.1002452
0.04063332	0.1103067	0.04131364
0.05345866	0.09696721	0.03483903
0.07278317	0.1219183	0.03663038
0.04675325	0.1042249	0.04556864	0.04667266	0.06227105
0.04107563	0.09072565
0.06217546	0.09669214	0.05653345
0.05990608	0.1133055	0.03893489	0.03714828	0.04925876	0.05482485
0.04858653	0.09854952	0.05989123	0.03903707	0.04771902	0.04000021	0.05892783	0.06721133
0.0689697	0.1162057	0.03483265	0.05558685	0.06911593
0.07342026	0.1060094	0.04360634	0.07556994
0.04687026	0.120036	0.0651377	0.03471037	0.03146634	0.08913348	0.08250754	0.02267843
0.06532097	0.1161966	0.03495213
0.05413003	0.1083277	0.04458179	0.06850038
0.06628003	0.08440979	0.03344205	0.05774725	0.04451524
0.06389378	0.1260504	0.03843275
0.04861725	0.102711	0.04184806	0.03881049
0.04792688	0.1117317	0.04966723	0.06202961	0.04315884
0.04451124	0.09545017	0.03552427	0.03343948
0.03687981	0.1212285
0.05989461	0.1133765	0.0334552	0.04322275	0.03689679	0.04632972	0.05833955	0.05402315
0.05575168	0.09210891	0.04981338
0.05902087	0.08247488	0.04454306	0.02805212
0.05727347	0.07943899	0.03809278
0.05012497	0.09949242	0.04065868	0.07191067	0.02762576
0.07282299	0.08163112	0.04062006
0.08249464	0.09509373	0.03886578	0.07972937	0.04708352	0.06810262
0.01609468	0.09855282	0.03759626	0.0516811	0.05534434
0.0329009	0.1008945	0.03400999	0.05411548
0.03251101	0.09143908
0.05642208	0.1116142	0.03649035	0.06714954	0.07025428	0.05679037
0.05414252	0.123775	0.04155232
0.08604273
0.05286745	0.09781343	0.06296125
0.05453193	0.09430769	0.04419259
0.0915371
0.09717577
0.107115
0.08692638
0.1006162	0.08487013	0.04643197
0.09110868
0.08665137
0.1007305
0.09323073
0.1063662
0.1107995
0.0516658	0.1024379
0.07206117	0.06665397
0.09466978	0.08353631	0.08764205	0.09404022
0.08974786
0.02773168	0.06411208	0.09119608
0.06169925	0.08135815	0.08136737
0.0491356	0.07855068	0.07555945
0.08017355	0.1012873
0.05271778	0.09435665
0.05715965	0.08510263
0.08929321	0.08262379
0.08047173
0.08645469
0.04295326	0.08312005
0.09073351
0.1019699
0.06568223	0.08296107
0.1088899
0.1137465
0.05113281	0.1053127	0.109803	0.05281087
0.07985875	0.09202825
0.09265564
0.0679339	0.08130956	0.06093332
0.07807001	0.08356753
0.0717002	0.09308289	0.05914554
0.04360046	0.08301045	0.09187039
0.05157676	0.1005359
0.1095466
0.05919488	0.09604423
0.09270603	0.08869934	0.06271408
0.1085678
0.1240332	0.09242816	0.07842866	0.05267146	0.05598418	0.02912927
0.08817691	0.1063449	0.02199219
0.06115266	0.1073976	0.0744535
0.102669	0.1107534	0.0705045
0.06291395	0.09298231	0.06357145
0.05404642	0.105184	0.07236958
0.09934538	0.02724591	0.110105
0.104541
0.09163153
0.108896
0.08454236	0.0922794	0.06651563
0.06740973	0.09625291
0.05094114	0.07806563
0.08969571	0.07629976	0.04061316
0.0677864	0.0951363	0.06932873
0.04299515	0.1082769	0.05874249
0.05437376	0.1099074	0.04358568	0.06213913
0.0429277	0.1038549	0.04175475	0.06470797
0.04879834	0.102745	0.03007168	0.04846061
0.04620498	0.09005473	0.02611989	0.02785558
0.05931829	0.04062325	0.1096731	0.07439471	0.04168563	0.04074119
0.08986882	0.04696187	0.09608934	0.07630203
0.05935555	0.04073385	0.09637994
0.1009057	0.0498053	0.109386	0.06368335
0.03955019	0.105992	0.0377257	0.07445181	0.04245207	0.07527806	0.05839646	0.03827598	0.06961112
0.05656722	0.1054589	0.04063544	0.07508459	0.08655357
0.07795474	0.1015424	0.03837737	0.04011854
0.07424068	0.08506923	0.03704798	0.05274887
0.06120339	0.09718465	0.03961602	0.06629371
0.08233352	0.09361096	0.03391829
0.07740541	0.1072831	0.03181453	0.05306072	0.02689329	0.04235882
0.04716328	0.128171	0.03530625	0.04186749
0.03686373	0.08837042
0.04087255	0.1113847	0.03612113	0.05254451
0.0644162	0.08371485	0.03600732
0.07094096	0.08857861	0.03826058
0.06786166	0.1114473	0.03872987
0.06930884	0.09885553	0.03917608	0.04996675	0.07897805
0.06850816	0.1109764	0.04409425	0.0450581
0.06335569	0.1058762	0.03908861	0.0658202
0.08608568	0.0705097	0.04515604	0.07370481
0.077494	0.1011026	0.04871052	0.07857249
0.07878082	0.09125013	0.04301104
0.05638225	0.1049914	0.03141552
0.0615657	0.09289174	0.03799478
0.08359732	0.09077834	0.038032	0.04784719	0.07629356
0.04796686	0.1096223	0.04916676
0.03116439	0.1072118	0.03233798	0.0718349	0.03841784
0.05507757	0.09658481	0.04570854	0.05822733
0.07704121	0.09352956	0.03767238
0.06199695	0.0867151	0.03804805	0.05677161	0.06092569
0.05328986	0.08162303	0.02556721
0.06517861	0.1129077	0.04265327
0.03470405	0.1186909	0.04349823	0.05772833	0.04971397
0.06328382	0.08092836	0.03586243	0.05865779
0.05248687	0.1105786	0.04215427	0.09395082	0.06178909
0.04841104	0.08395763	0.03543953
0.04101113	0.1002987	0.04598817
0.0357604	0.1054276	0.03157263	0.02847221	0.06934429
0.03299609	0.09943993	0.03814135
0.05723998	0.09173585	0.06994955	0.03162018	0.05661353	0.1142045
0.05376011	0.07016464	0.06958087	0.03893863	0.06832379	0.05033036
0.02659873	0.1265575	0.05403401
0.03732189	0.1084017	0.02988688	0.05500797	0.05255373
0.04582792	0.08796116	0.03244893
0.04645124	0.081376
0.07615341	0.09987065	0.04476258	0.03245655
0.0799814	0.08412433	0.04356164	0.05539065
0.0681447	0.1088897	0.04838149	0.06877672	0.04766978
0.07122344	0.09359334	0.02916031	0.02913972	0.05704713	0.03206352
0.04376892	0.08332878
0.05898919	0.1166989	0.03891715	0.05861511	0.03186869	0.03832088	0.06428361	0.04612755
0.06022799	0.1152678	0.04282704
0.07018117	0.1022867	0.002063541	0.05980926	0.03999625	0.0452222	0.05193101	0.05575305	0.04248016
0.03788132	0.1269263	0.03990744	0.06149832
0.06135608	0.09278978	0.04564242
0.07006993	0.1021705	0.04416352
0.07002958	0.1002993	0.04577042	0.06231548
0.08432882	0.108264	0.04531717
0.06902973	0.08228346	0.05274541
0.07897886	0.0865678	0.05632905
0.07220456	0.1013535	0.04034863	0.06207162	0.05102527
0.04703547	0.1114716
0.06916543	0.102334	0.05306514
0.05131624	0.1106508	0.06494124	0.06076907	0.06228356
0.0717868	0.09947371	0.04316453	0.06732033	0.02554939	0.06068427
0.05990443	0.09055599	0.07282832
0.06524061	0.08471872
0.07501954	0.09583002	0.06733028
0.06455704	0.08856966	0.0397955
0.08955159
0.09083289
0.09453625
0.07678938
0.1019461	0.1222504	0.08962338
0.1014005
0.05086883	0.09181654	0.05682124	0.06289519
0.07624678	0.09143447
0.07287899	0.08804061
0.06567017	0.08506692
0.08420918	0.1106416	0.06311765
0.09266073	0.08844496	0.08939431
0.07372228	0.09190488
0.09836766
0.1023279
0.03539168	0.09496548
0.06205462	0.0780934	0.07998233
0.0583547	0.08029399
0.08353126
0.09639493
0.06912814
0.06577074	0.08789707	0.07117212	0.102658
0.0755282	0.1209465
0.0755611	0.1119576
0.05036417	0.1009654	0.05120879	0.08355726
0.06660437	0.09914663
0.04076015	0.09938584
0.06997243	0.09285231
0.04124756	0.09638026
0.07903322	0.1092366	0.0909804
0.06624404	0.10465
0.09937687
0.1039143	0.1017897
0.09598348
0.04631983	0.09035592	0.03909859	0.0651973
0.05988495	0.08367382	0.07153873	0.03834319	0.09310509
0.05392327	0.08951947
0.06611443	0.1303423
0.08858392
0.1075383
0.07515113	0.1013568	0.0685685
0.0497789	0.08538344	0.06274171	0.06818395
0.04732518	0.08171084
0.06739474	0.08446132	0.07057491	0.04234194	0.08135732
0.06169781	0.1067484	0.08193456
0.06570928	0.1097009	0.06487787	0.07066026	0.05550072	0.0506583
0.05847476	0.1077775	0.08540023	0.06703382	0.04694433
0.102753
0.0805174	0.1070848	0.07574459	0.085283
0.06515249	0.1058848
0.07386274	0.09421224	0.1056553	0.08432101
0.04429246	0.085832	0.05185493	0.1034314
0.06526753	0.09076866	0.07478343
0.06922773	0.09903795	0.05151235
0.05292424	0.1156546	0.03395411
0.0622121	0.08864139	0.06447025	0.04267777
0.05536252	0.09446869	0.05137221	0.04205455
0.05133198	0.0997681	0.04168839	0.06429627	0.08034699
0.06361134	0.1155995	0.04313218	0.07421383
0.06547131	0.09268021	0.03609981	0.05608885	0.08262622
0.04158318	0.08386789	0.03735999	0.04378102	0.02445408	0.03912171	0.06169823
0.08131825	0.1223624	0.06544046	0.04020309	0.02326109
0.0817129	0.0968155	0.06287042	0.02810698	0.04426404	0.05207033
0.0702164	0.1119358
0.0873168
0.05857963	0.0987067	0.06288079
0.06348607	0.07985209	0.07652546
0.05810403	0.09220701	0.06468902	0.06666417
0.09794461
0.08576007
0.1166671
0.1085991
0.06814533	0.09776626	0.091117
0.1070347
0.1002786	0.1042346
0.04563353	0.06397166	0.08314998
0.07911267	0.0987633	0.06685945	0.08416354
0.06264046	0.1006011	0.03832718
0.07770649	0.08256519
0.09228234	0.1040673
0.07186411	0.1013248
0.05909722	0.1006859
0.05256698	0.0833346	0.04250772	0.05916446
0.07788271	0.09990426	0.08567715
0.0815962	0.0892979
0.06398907	0.07069254	0.08952071	0.03809388	0.05836713	0.02866129
0.06133147	0.1193496	0.07796173	0.04935822
0.08620183	0.08810443	0.1043795	0.05214418
0.09159456
0.04743214	0.06788476
0.06242856	0.09854113	0.04688939
0.05375215	0.1049042
0.07996393	0.125133	0.05008307
0.06146717	0.08197485	0.03644458
0.05337224	0.1165155	0.06047285
0.05512704	0.1121399	0.03829126	0.04128243
0.06022794	0.1200805	0.0249305	0.05628071
0.05626864	0.1237512	0.04706205	0.07894014
0.06337391	0.08935306	0.0628449	0.07691595	0.0462126
0.06159468	0.1067568	0.0422492	0.07292247
0.05736758	0.1103084	0.03960179	0.08942091	0.06642527	0.03761375
0.05506075	0.1190336
0.04476587	0.0907066	0.05238238
0.04741572	0.1202087
0.05569149	0.1173942	0.04266887	0.05600546	0.03118155	0.05117182
0.07083387	0.1068108	0.0440268
0.07615311	0.115411	0.03587656	0.04454104	0.06638192	0.05676142
0.04441299	0.09267363	0.04798932	0.06659328	0.03609005
0.06933052	0.1180621	0.03655253
0.1006605	0.1092114	0.0406581	0.07810052	0.05995921
0.03538457	0.09420256	0.06169405	0.04481707	0.04751644
0.05975973	0.1027606	0.04376568	0.03145522
0.05584967	0.090184	0.04082566	0.07422172
0.09707247	0.1007475	0.0400337	0.08020546	0.09190622
0.08260471	0.08545879	0.04401106
0.08465117	0.1053121	0.04423768
0.06211112	0.1086311	0.03588668	0.06472634	0.07167185
0.04640005	0.08823291	0.03266035
0.06775037	0.09493296	0.04031264	0.07750965	0.05371637	0.05287515
0.04500881	0.1057473	0.02745986	0.03955031
0.06680722	0.1105322	0.04964661	0.0310816	0.03382863
0.06013937	0.0964293	0.03199024
0.05960337	0.08873892	0.07701206	0.04018323	0.07928576
0.06077677	0.0977672	0.06868579	0.04665543
0.0573871	0.09985735	0.04921399
0.0508435	0.1086689	0.04254912	0.06294945	0.04642286
0.04008337	0.1063982	0.0332306	0.07050303
0.06707917	0.09565114	0.03722398
0.06664469	0.0986156	0.04688237	0.06274752
0.07444445	0.1043236	0.04288423	0.06503161	0.04377849
0.05719878	0.08770812	0.04080036
0.06175291	0.08085693	0.04228277
0.0644304	0.0969375	0.04073763
0.05199195	0.06193556	0.03043183	0.1042851
0.06281782	0.04106851	0.09818955
0.02505355	0.09348321	0.05461761	0.03369461	0.03609504
0.02883775	0.1187465	0.04258245	0.06275281
0.03596605	0.09044698	0.04085235	0.05887248	0.05409216	0.06658548
0.03440251	0.08284959	0.04465435	0.06189562	0.06480047	0.06225028
0.07747155	0.1046766	0.03598068	0.08643582	0.06337723	0.03718275
0.03881806	0.1096031	0.08253517	0.05911097	0.0338687	0.02582716	0.0358159	0.03304748
0.07313636	0.13185	0.03038426	0.05861002
0.05987187	0.1241495	0.03837094	0.06631364	0.06022329
0.05861348	0.1101112	0.04060873
0.05106025	0.08466504	0.04496082	0.05560202
0.03331122	0.09734393	0.03647837	0.06650239	0.02556608
0.06191546	0.1131784	0.0305869	0.07073781
0.0683325	0.09931456	0.03624705	0.03315907	0.05380832
0.07271982	0.08067374	0.03816073	0.06244166
0.06036434	0.09650046	0.0361135	0.06372588
0.05559951	0.1028642	0.04413745	0.06164433
0.06104455	0.09066285	0.04926845	0.06559357
0.05480889	0.1081219	0.0767933	0.05947808	0.03644437
0.05984052	0.1147178	0.03906115	0.06811923
0.07177588	0.09218828	0.04278202	0.07657711
0.08679586	0.1056083	0.0528651
0.07735726	0.1103534	0.04318994	0.06021902	0.04461198
0.06265169	0.08707818	0.03741482
0.07003695	0.09995615	0.04596824
0.08333022	0.120587	0.03650958	0.03967984
0.06566125	0.09328199	0.05005367
0.04802019	0.09111146	0.05012221	0.0614246	0.05744936	0.08879811
0.1134306	0.09070423	0.03120634	0.0293979	0.04993024	0.06247944	0.0390541	0.04530972
0.07852851	0.1043311	0.04081676	0.03990583	0.05498024
0.04742741	0.1216336	0.03528608	0.05934558
0.05177401	0.1028193	0.03575568	0.06468385
0.06606438	0.09026239	0.04272649	0.05853156
0.07100558	0.1179581	0.04494629
0.07017905	0.08828299	0.0330574	0.07186476	0.04981537	0.05903684
0.05378289	0.1016166	0.03209945	0.08027823	0.08206031	0.06240877	0.0317034	0.04856794	0.1135427
0.04986508	0.1039816	0.03730674	0.05059258	0.06449867	0.08467118
0.04417861	0.09686364
0.03877682	0.09740765
0.05130255	0.1274271	0.04091841	0.08715315	0.07534489
0.07584512	0.08275032	0.05865151	0.03729916	0.01365621	0.05719476	0.0557326
0.05072674	0.07923127	0.03668611	0.03092813
0.03726473	0.09539957
0.05434945	0.08863527	0.03512722	0.05075304
0.04944027	0.09912889	0.03683471	0.1055158
0.03451367	0.0836065	0.0343061	0.07149112	0.05550207
0.0587798	0.1043069	0.04477293
0.0511705	0.1075034	0.08016101	0.04568759
0.08584026	0.0949614	0.04674437
0.0700548	0.1233425	0.03599579	0.04046522
0.05032263	0.1378082
0.06278513	0.09936178	0.04074615
0.07652383	0.09941159	0.04470776
0.06686893	0.1191694	0.04488238	0.07364075
0.05965948	0.08905695	0.03734141	0.05569388
0.04899198	0.09122879	0.03261418	0.04798259	0.05813531	0.06819135
0.06066295	0.08300418	0.03595305	0.06575526
0.07632799	0.1049844	0.04544251
0.04297859	0.08733184
0.05657395	0.1003485	0.0410691	0.04589548
0.05121659	0.08407832	0.04772857
0.05966415	0.131016	0.04947892	0.03733428
0.04962045	0.1047518	0.05640168	0.03859324	0.04885611
0.04937922	0.1088984	0.03586073	0.06787255	0.06627461	0.04840062
0.05165063	0.07910559	0.04180763	0.0778548
0.07050187	0.09923053	0.03517948
0.06635837	0.08759718	0.03998464	0.06821205	0.04898713
0.07510032	0.09619161	0.04311665
0.07624729	0.09602948	0.03965454	0.04828042
0.04320928	0.1187386	0.04960161	0.02753713
0.04993855	0.1035732	0.05473875
0.0454204	0.09311356	0.07456746	0.06791538
0.08677822	0.08547642	0.1093798	0.06884904
0.05473545	0.08418197	0.08053843	0.06252161	0.05027839
0.09450314	0.09932937
0.07969753	0.1041595
0.087971	0.09337907
0.07429006	0.09378568
0.07658104	0.1207827
0.07449595	0.1058996	0.04406839	0.04075675
0.05744481	0.1144843	0.07101712
0.06265121	0.1191703
0.06486187	0.1037867	0.06241269	0.06126909	0.05227192	0.05536227
0.07341808	0.1112992
0.07822623	0.09661266	0.04959992	0.05133458
0.03796538	0.08307243
0.06954518	0.08840666	0.04978902	0.05221797	0.06702459	0.03025261	0.05894191
0.0762768	0.1102861	0.04608237
0.06765449	0.118892	0.03914211	0.06481202	0.0948595	0.03440057
0.0667725	0.1091228	0.04179639
0.04369653	0.09943389	0.03840445
0.05172171	0.09997964	0.04683497
0.06617335	0.09590372	0.03902893
0.04906902	0.1207153	0.04318199
0.05674653	0.1094908	0.03885717	0.03919194
0.04397248	0.08735572	0.03620537	0.08561444	0.07522383	0.02994591
0.04009162	0.1052447	0.03639319
0.0553966	0.1224089	0.03222817	0.03304191
0.06083784	0.07138005	0.1305756	0.0477859
0.05140426	0.1266591	0.0466663	0.08020452	0.05831914	0.05694231
0.05900093	0.05693894	0.03924638	0.06552866	0.103184
0.06479344	0.1144553	0.04824427
0.0686726	0.09902346	0.06303416	0.0466072	0.05595425
0.04501866	0.1112426
0.01792335	0.1217049	0.03721379	0.06755133
0.04148798	0.08841466	0.03847034	0.03517243
0.04701473	0.09365459	0.04339906	0.05051426
0.03882702	0.0814675	0.04892741	0.06236739
0.04815152	0.07631848	0.05663726	0.03135413	0.05723318	0.05100776
0.04721657	0.07940614	0.04394615	0.06699578	0.08658717	0.03724665	0.06628367	0.04207387
0.08379742	0.094409	0.02841527	0.0509243	0.03468496
0.07060468	0.1030988	0.03663849	0.06736806
0.0576381	0.09714593	0.03925016	0.06345734
0.07867966	0.09178163	0.05159267	0.05976747	0.08336442	0.03700188
0.04159268	0.1084999	0.04276922	0.07734982	0.04879838
0.01314125	0.09902745	0.03889309	0.07749714	0.0722116	0.05912815
0.0489193	0.1028894	0.0439479	0.06417159	0.05965159	0.04584285
0.06364237	0.09184494	0.06052933	0.0437365	0.08812771
0.05120825	0.09425547	0.04243016	0.04512315
0.06101418	0.1222111	0.0352897	0.04707781	0.05851259
0.06019119	0.09911383	0.04330015
0.04088158	0.09538714	0.04770637	0.04401411
0.03887976	0.104717	0.03634588
0.09287244	0.09575215	0.0379693	0.05968025	0.06245952
0.0523411	0.08501562	0.03731526
0.06008817	0.1085924	0.05385865
0.05765551	0.125448	0.03656561	0.05035548	0.06036802
0.04286495	0.08791814	0.04563928	0.06949965
0.03730012	0.09082753
0.08835915	0.08296686	0.04131202	0.07973099	0.06293286
0.03934339	0.103553	0.03837838
0.05404717	0.1103201	0.0622942	0.04161737	0.03167546
0.0926267	0.08759466	0.04300283	0.03244958	0.05414848	0.05537012	0.05172569
0.04415508	0.09090291	0.04422829
0.0577586	0.08989208	0.07381491
0.08923557	0.08890953	0.04999233
0.06803371	0.08063106	0.04538498
0.0949677	0.1086621	0.07814364
0.08110154
0.07144159	0.1051016	0.04992933	0.06726204
0.06387568	0.1010539
0.07403143	0.1006268
0.08337141	0.0883171	0.06300832
0.1036513	0.1087724	0.04256612	0.06611018
0.07167697	0.1123815	0.05010837
0.03407144	0.1058666	0.0763625
0.07196357	0.08598814	0.05038121
0.05383928	0.08496862	0.088537	0.05187958
0.04731258	0.08994759	0.0566382	0.09354444
0.06027038	0.09196017
0.09913497	0.09707678
0.1099848
0.09698893
0.09922302
0.0885139
0.07584459
0.05749033	0.0923026	0.0570373
0.04281629	0.08236203	0.04967253	0.05905819	0.05672058
0.08032444	0.0819704	0.06529468
0.08594689	0.08852261	0.07041578
0.05081102	0.08634005	0.06522928
0.07009558	0.06444745	0.09969187	0.07572777
0.0810939
0.08428601	0.08956549
0.02434455	0.1013597
0.08217621
0.09682143	0.06687394
0.06701691	0.07488577	0.05805539	0.02054516	0.07202814
0.02905787	0.0864908	0.05341664	0.05945134	0.0399138
0.05853257	0.07162516
0.05355993	0.09047727	0.06477251
0.02355714	0.09304911	0.05533931
0.05935528	0.1026721
0.08346425
0.06618057	0.09148333	0.0560176
0.06728295	0.06682329	0.09417046	0.03828856	0.04660598
0.05253622	0.1038813
0.07320324	0.1055161
0.1038962
0.08790636
0.08113316
0.04300801	0.08637849	0.07397376
0.03854087	0.08272381
0.09905178
0.09643051
0.08332192	0.08682224	0.05511706
0.05522345	0.0908937
0.07525706	0.08836691
0.09631538
0.1092457
0.1070238
0.06395377	0.08698519	0.07049812	0.0453182	0.04669933
0.1085677
0.08423009
0.07871116
0.07715621	0.1019714
0.06382291	0.1063134
0.06910528	0.09597236
0.09704841
0.08430657
0.08116801	0.1104383	0.06219375
0.04947835	0.0797038	0.04433022
0.0634632	0.1044755	0.04627677	0.06851711
0.0526486	0.1057299
0.0733321	0.1186975	0.04241271	0.0838745	0.07112983	0.08312266
0.07512839	0.09952265	0.04709309	0.02800724
0.05455367	0.08065583	0.04227792	0.06753947	0.0931642
0.05139846	0.03723227	0.1095334
0.07870198	0.1017547	0.04062454
0.04075938	0.1126481	0.03628536
0.05507752	0.08934419	0.03106359	0.05308817
0.04868797	0.09890946	0.03563471
0.0607495	0.1012198	0.03457727	0.07866733	0.03932625
0.07867387	0.1416733	0.04540498
0.05561982	0.08751639	0.04046366	0.06711282	0.05596886
0.06422061	0.09047304	0.0382586	0.05459733	0.05968421	0.04842133
0.06390111	0.1178648	0.04335037
0.04843559	0.08534762	0.0575993	0.0701358	0.03688914	0.04546246	0.0884326
0.04493922	0.09957553	0.07333387	0.03607095	0.06726886	0.06100346	0.06923261
0.05558982	0.09780133	0.03381103	0.0834729	0.01996677
0.08569253	0.100995	0.04268276	0.1302236	0.07546791	0.08030004
0.04701572	0.1153778	0.04296829	0.05878775	0.0599536
0.03707478	0.09533308	0.04270804	0.06745352
0.05864583	0.1029037	0.08998556	0.04966419	0.05115237
0.06101073	0.1093889	0.04796865
0.08235954	0.0909725	0.0358316	0.07881449	0.05531528
0.05344206	0.09533883	0.0341029	0.03000653
0.05159448	0.08561035	0.03924303	0.08225646
0.08129756	0.09691621	0.03367445	0.05840985
0.07224758	0.1114199	0.0419656	0.0778494
0.07150335	0.1067966	0.03442025
0.05716802	0.102891	0.03316445
0.05506373	0.09342853	0.0455502	0.07355072
0.08040276	0.08824707	0.04253772
0.07893615	0.09587011	0.04356129	0.05906231	0.06396206	0.05775425
0.04719789	0.1107821	0.03620216	0.05750548	0.02114272	0.08124193	0.03821042	0.06306837	0.05448171
0.05739839	0.09794071	0.0408709	0.05711593
0.05498619	0.1241522	0.03843663	0.077813	0.05812
0.0522167	0.1088498	0.04084423
0.05167702	0.1098198	0.0382159	0.05772159
0.06591935	0.1002795	0.04218764
0.05292051	0.115593	0.03865442	0.06780641	0.06642292
0.08083144	0.1141848	0.04169131	0.0739118	0.06072095
0.08026024	0.1104056	0.05135674	0.0657955	0.05493212	0.05904573
0.04670337	0.0939171	0.04037848	0.05392619	0.05208341
0.06482365	0.09484495	0.05576977	0.03799384
0.03877357	0.07170733	0.0396782	0.06386241
0.05382074	0.09194508
0.08517547	0.1142251	0.06239547	0.03273014	0.07260267	0.05028794	0.04893094
0.07318493	0.1302596	0.03661208	0.05752484
0.04735247	0.1071338	0.03294175	0.047216
0.07842163	0.1123809	0.03495169	0.074641	0.04309389	0.07152905
0.05325749	0.09536423	0.04951971	0.03931767
0.06668276	0.1006131	0.04102679
0.06989647	0.09488781	0.04379916	0.05635357
0.05794976	0.09730258	0.03532036	0.06207611
0.05183971	0.09145301	0.05825504	0.03903131	0.08120562	0.06894656
0.07183799	0.09701357	0.04130844	0.03068381
0.07703173	0.1080779	0.03997754
0.06096158	0.08759227	0.08189277	0.04161154	0.07150387	0.07100817
0.05333958	0.1136076	0.03200767
0.05688092	0.09583583	0.04661932	0.06749342	0.08113289	0.05360331
0.03105045	0.112542	0.03416747	0.04903947
0.05806629	0.1021353	0.04009724
0.07243142	0.08369738	0.03918419
0.05622235	0.1040742	0.08493187	0.05998592
0.06878977	0.09178785	0.03141599
0.05009632	0.109886	0.03417146	0.0533812
0.06191361	0.1239428	0.03997412
0.0583339	0.08839641	0.04273101	0.04596322
0.03722422	0.100257	0.03195744	0.05077135
0.04263908	0.1277668	0.06355779	0.03942398	0.06082963
0.07817779	0.08976063	0.03697576
0.05135285	0.10497	0.05987886	0.03779485	0.08370557	0.06142043	0.06624102	0.04788071
0.05999005	0.1129705	0.04087061	0.05819839	0.06043393
0.06337975	0.1252797	0.03135346
0.06401395	0.1000072	0.04441568	0.06596271
0.05918489	0.1177922	0.03831567
0.0640504	0.09478154	0.03584915
0.034304	0.09618593	0.04161314
0.08521224	0.1062108	0.05549731	0.07395035
0.05703869	0.1099419
0.0522515	0.09486142	0.03886927	0.06765539
0.07578142	0.1048098	0.03601268
0.06059594	0.1116158	0.04578483	0.08405951
0.04326491	0.1175537	0.0774492	0.06127322
0.07952098	0.09081805	0.07361012
0.05503506	0.08139733
0.07805813	0.09284643	0.06144065
0.07662376	0.09831703	0.07580948
0.09251496	0.09441458
0.08628854
0.09298061
0.07270356	0.08734768	0.05928757
0.07123454	0.06942624	0.04664491
0.1004782
0.0985517
0.08180048
0.07461523	0.09766819	0.07342382
0.09555603
0.07297563	0.09159599
0.1199121	0.09825957	0.05068825
0.1013575
0.0452065	0.07120077	0.04344137
0.0645765	0.1143639	0.07095674	0.03972902	0.04407845
0.09584023	0.07633061	0.0694998	0.07060939
0.03939673	0.07695091	0.05911978
0.0812869	0.1075319	0.05730528	0.03247315
0.0765142	0.08432926	0.05973619	0.06409168
0.0904915	0.1027863	0.06039081
0.06937782	0.08825213	0.09350223
0.06621069	0.1094132	0.0558123
0.05237432	0.09398358	0.0665884
0.06496864	0.09734883	0.08393992	0.0908064
0.0762025	0.1165312
0.08087726	0.1118114	0.06972727	0.05868299	0.06518613
0.041832	0.1082721	0.07091272	0.08081633	0.071783
0.05119992	0.1000222	0.06007358	0.07857065
0.07000231	0.1001518
0.07360012	0.1004386
0.1061989
0.09607172
0.09151414
0.08782557	0.1046556	0.09523606
0.07487714	0.1186539
0.0654404	0.09559582
0.05595824	0.1106787	0.05338248
0.04891344	0.1025194	0.04729198	0.008284294	0.05481281
0.05274317	0.07941919
0.07270305	0.09155616
0.08645512	0.08539274
0.07309714	0.08359509
0.07572212
0.09785841	0.07188359	0.08864325
0.05903858	0.09085949	0.04559593
0.05416811	0.09477332
0.08606476	0.09648875	0.07025292
0.05365269	0.1042765	0.05511261	0.04346583
0.08317923	0.1028486	0.09405641
0.04163992	0.1004243	0.05671972	0.05152789	0.02539847	0.07449002
0.06375928	0.0822512	0.05415754	0.05017492
0.04017135	0.09483256	0.06366132	0.04441388
0.06325278	0.08994823
0.04042022	0.09847303	0.06341991
0.05825793	0.09276355	0.1043119
0.07916643
0.04560141	0.08486131
0.07203187	0.1024574
0.04582276	0.1118308	0.0570502
0.06250773	0.07977927
0.02546593	0.07336203	0.03740012
0.08853114
0.1090908
0.08289942
0.09910487
0.09126067
0.09119699	0.1004048	0.09521823	0.07631345
0.09591051
0.09658032
0.05767605	0.08594247	0.0836506
0.08772058
0.06586797	0.08884632
0.09578317	0.09937352
0.1075896
0.08514131
0.09351623
0.02779003	0.105831
0.02964776	0.07278966
0.07389442	0.09461384	0.06066944
0.0591094	0.07739135	0.0512821	0.04005998	0.08328744
0.0508789	0.07936349	0.08978444
0.07095078	0.06710139	0.1012134	0.03295056
0.08104345
0.06211234	0.07904955	0.06067725
0.06513773	0.08011127	0.05945835
0.05857509	0.07555034	0.0778687	0.06787362
0.07604958	0.09416673
0.07381836
0.07471908	0.0674009	0.1101253	0.07995711	0.06406565
0.0940461
0.05782628	0.09059863	0.1171151
0.05158809	0.09188206
0.04449154	0.1088092	0.06616002
0.04884783	0.1037376	0.07640726	0.06383084	0.03725922
0.06547943	0.09843237
0.06306014	0.06649904	0.03520292	0.08919527
0.048457	0.07889771	0.06586039
0.07674947	0.1153847	0.05503739
0.05090824	0.0868618	0.04867321
0.06233338	0.1051891
0.08225738	0.0863693
0.08433789	0.09961496
0.0885703
0.05618727	0.09885049	0.08088597	0.04656428	0.06357868	0.03650963
0.02572617	0.09581839
0.0825683	0.09609888
0.09915083
0.1118467
0.1112141
0.1035544
0.06809865
0.05404296	0.081341
0.018252	0.07167531	0.07348406
0.06947541	0.1141257	0.05189347	0.07013718
0.0359331	0.09484444	0.06897286	0.04264641	0.08425645	0.07953886
0.06943652	0.08611774	0.0314249	0.03507508
0.08098983
0.08301177	0.07770109	0.1147258	0.05743533
0.1072445
0.09642612
0.1071364	0.1063381
0.08369546	0.1155785	0.1076273
0.06473348	0.1003979	0.05845899
0.08636991
0.08969309
0.0377906	0.08648819	0.05487327
0.1133699
0.09461058	0.07150133	0.05084546
0.05175239	0.084429	0.0637984
0.05366676	0.08885218	0.0561186	0.06535992
0.07574404	0.09885893	0.04767797
0.06690112	0.09377121
0.07180225	0.1060077	0.06935183
0.06912456	0.1042148
0.03165956	0.09461047	0.07952585
0.06699449	0.09427125	0.0485881
0.07820406	0.09219061	0.05293612
0.08136654
0.1003443	0.09443615	0.08495216
0.02626715	0.0887053	0.05387554
0.07921958	0.09670862	0.06093902	0.02854015	0.0712096
0.07833618	0.1006405
0.06190255	0.08852717	0.06734576	0.01793635
0.0602897	0.08501507
0.04786608	0.0823899
0.06493856	0.07810913	0.08485214
0.04344133	0.0944129
0.08071474
0.0851134
0.08329147	0.08975313
0.04786667	0.09255361	0.05428568
0.06093204	0.07916727
0.1001747	0.09308853	0.06332925	0.06285649	0.06601817
0.1012515
0.09560469
0.08521164	0.09839234	0.08114702	0.04627996
0.06007709	0.09590802	0.07136217
0.06488711	0.08498048
0.04517665	0.1110449	0.07392016	0.03340226	0.07754995	0.06187156	0.04035018	0.02869833	0.05005114
0.04570517	0.08843758	0.04479463	0.07308422	0.05500464
0.05046096	0.09468745	0.04595467	0.07660581	0.05057686
0.08250645	0.1246815	0.04555573	0.07263101	0.05641259	0.09034149	0.06217741
0.04940064	0.1330847	0.05539066
0.05307604	0.09775359	0.03265399	0.04807501
0.06072662	0.08910448	0.04523884	0.06563789
0.05451799	0.06721111
0.04503134	0.08869939	0.1031138
0.0469124	0.10182	0.07523106
0.06755604	0.1002927
0.07549429	0.08365266
0.06785443	0.09783785	0.0714403	0.0655034	0.04066694
0.09194618	0.1007815
0.04443077	0.1042554	0.06959563	0.05413442
0.06690726	0.1100496	0.08760877	0.06883386	0.06308354	0.08353892
0.03661501	0.09389172
0.08380865
0.1035458
0.09814188
0.07360586	0.1044906
0.06261483	0.07607722	0.05661465
0.06448731	0.1116932	0.08507544	0.04363918	0.06360492
0.08665503
0.05432025	0.1032049	0.05755223
0.07608815	0.1192172
0.0773604	0.1086066
0.03142766	0.065048	0.0638352	0.09069576
0.03320143	0.09144481	0.05115039	0.06169297
0.08544841
0.06358518	0.08467756
0.05647878	0.07878999
0.06895668	0.107998	0.05279846
0.09885124	0.09066285	0.04868703	0.03956048	0.04866597	0.04404765
0.073486	0.03612391	0.09192101	0.05701739	0.07697606
0.04433163	0.1322876	0.0350953	0.05342493
0.04733543	0.1089785	0.04814781	0.04645763
0.04290114	0.08975862	0.03476725
0.06633285	0.0772778	0.03897416	0.05593492	0.06700595
0.05685849	0.0794459	0.04742723	0.07196771	0.04379338
0.0615141	0.09926284	0.04008961
0.06243214	0.09004486	0.03554976
0.07231141	0.09990084	0.04444176	0.0820886
0.05416638	0.1137794	0.03440529	0.0332751	0.04347797
0.04136422	0.08856372	0.03983606	0.07159684	0.03928724
0.03414932	0.1015249	0.03826407	0.05925643	0.05512996
0.06068182	0.09421777	0.03082235
0.0857434	0.1208921	0.03352202
0.07116338	0.09655544	0.04200175	0.06680441
0.03362914	0.09867713	0.04751144	0.05771509
0.07660666	0.08758017	0.04764681
0.0657941	0.08646323	0.04334883
0.06586945	0.1191632	0.04243597	0.05701082
0.06405209	0.1048075	0.04927373
0.05678567	0.07118193	0.04852548	0.04506609	0.08598016
0.03644622	0.09092591	0.04286159	0.06167858
0.06848658	0.1096769	0.03352656	0.05839915	0.04326617
0.06886826	0.07460419	0.04579207	0.03409121
0.04554671	0.08270128
0.06808244	0.09599873	0.04073855
0.04990977	0.09045165	0.0377786
0.05068321	0.1265639	0.03038437	0.06958132	0.04809765
0.05375787	0.1066001	0.03428726
0.09214325	0.09200221	0.03429909
0.0639893	0.1079037	0.04177104
0.06356576	0.09995454	0.04735074
0.05702477	0.1284786	0.04230771	0.05168802	0.06290832
0.04811804	0.1132874
0.09020278	0.1218436	0.06523268	0.05253631
0.08331446	0.03797861	0.08107793	0.0691269
0.06373509	0.07662796	0.07660464	0.08585008
0.07596673	0.09613024	0.06953187	0.0390961
0.05802489	0.09322377	0.07307243	0.08786472
0.08424129	0.1035439	0.05891712	0.05878127	0.03768494
0.03782415	0.1002705	0.03702457	0.05648081	0.05578151
0.06525857	0.1049536	0.03673051	0.06289478
0.09450338	0.1054169	0.06035918	0.05135914
0.06752129	0.1098939	0.0394702
0.03741833	0.09064481
0.05278015	0.106234	0.03835757
0.03584531	0.08358834	0.03220804	0.03368438
0.04486118	0.1119023	0.026225	0.04291106
0.06022565	0.1110285	0.04043711	0.05362141
0.06667365	0.08379908	0.04126214	0.04123136
0.06231608	0.1175377	0.05080542
0.01909738	0.08930018	0.04738549	0.04254855
0.04764971	0.09239755	0.06762496	0.05070239	0.03544852	0.03085705	0.03063036
0.06794899	0.08893449	0.04716099
0.08211572	0.119151	0.04349122	0.08653033
0.05522787	0.09041865	0.03338329
0.07055729	0.0948395	0.03807094	0.0476684	0.0665926	0.09514494	0.07827453	0.06976322
0.07043705	0.07854166	0.04359867
0.0682087	0.1150842	0.041507	0.04449243	0.07110449
0.08968146	0.08486925	0.04077498	0.07697217	0.04690399
0.04612058	0.1105283	0.03365563	0.05211929	0.04263746	0.05384741
0.05373847	0.1162699	0.05262359	0.05029184
0.04978959	0.06940827	0.05890859	0.06761272
0.05316391	0.07517931	0.1089186
0.06250915	0.1159662
0.06286713	0.1045911	0.05129858
0.05219997	0.09700969	0.04824546	0.07137986
0.06486066	0.1059763	0.0429946
0.06725247	0.1078857	0.03328464
0.05737726	0.09844537	0.03271047	0.05645439
0.04400533	0.1120942	0.04387378	0.0678156	0.04468529
0.06899836	0.1060492	0.04332818
0.07637055	0.1056232	0.04162814	0.06707989
0.1162124	0.0862681	0.05716547
0.07863268	0.09950118	0.05956245
0.0561493	0.1095749	0.05041836	0.06674774
0.07543225	0.08652886	0.03654279	0.05235006
0.06939226	0.08738195	0.0488718	0.0727052	0.03688168
0.05661003	0.08728379	0.03547626
0.06088287	0.08558115	0.03698887
0.06344156	0.08592509	0.05023801	0.08734738	0.06112296	0.07689429
0.06385012	0.1008212	0.04051868	0.07497089	0.08955739	0.04867716
0.06199719	0.1150591	0.05186914	0.09300506	0.06817361
0.09094334	0.09331783	0.04700077	0.05329097	0.08152001	0.06460487
0.0603	0.09510195	0.04633903	0.08250745	0.03972419	0.07697537
0.05059928	0.08789674	0.03892585	0.06949767
0.03771671	0.1185174	0.04185469	0.06144453
0.04213619	0.09239015	0.0457848
0.05221541	0.09097539	0.04015773	0.05783885	0.02957015	0.0376847
0.05248711	0.1049888	0.05654263	0.03913503	0.05819394
0.05425459	0.1140435	0.02711716
0.05837138	0.1210277
0.04393729	0.0965021	0.04365517
0.05483417	0.09026173
0.04758494	0.1079	0.0354547	0.0699636
0.07249885	0.1170665	0.03978247	0.03600329	0.02950649	0.05952797	0.06906715
0.0600724	0.09816653	0.03638034	0.05519563
0.05046538	0.09881844	0.0407348	0.05213432	0.04090196
0.05817732	0.08487396	0.05154238	0.04097351
0.05647145	0.09549996
0.0370116	0.09611418	0.06298436	0.03994679	0.05724545
0.07271111	0.08592479
0.05990276	0.1169348	0.06600563
0.04411117	0.1053577	0.05779883
0.07417039	0.1113007	0.0565497	0.04528257
0.02839658	0.08772187	0.04151763	0.05861403	0.05695791	0.03452202
0.04074701	0.1077117	0.03700512	0.08329937	0.06738469
0.05748596	0.1133517	0.03783246
0.05145596	0.1006246	0.03471516	0.07239391	0.05845153	0.05345548	0.03628234
0.07189817	0.09132084	0.04180633	0.06265012
0.06061728	0.1148386	0.0498126	0.03788774	0.05055336
0.03736658	0.1143923
0.08416791	0.1010159	0.03480115
0.06379965	0.0919421	0.02747129	0.0610057	0.05598854
0.06179623	0.1142889	0.03917269	0.05628737
0.0205961	0.09891621	0.07494027	0.09809428	0.03908901	0.0726567
0.04398857	0.1058596	0.03150663	0.05229126	0.009718545
0.04148675	0.105292	0.05033324	0.04687803	0.05546425
0.04549596	0.08054083	0.03684107
0.05477229	0.0845522	0.0468402	0.08072845	0.09229784
0.05496904	0.09094004	0.03255951	0.05318905	0.05599231
0.06233823	0.1161534	0.0552034	0.08940655	0.03764319
0.04225575	0.08797632	0.03775256	0.04485589
0.05121357	0.1015576
0.08235572	0.1062954	0.05318756	0.0722141	0.07488657	0.03742299
0.05436064	0.08025278	0.04242458	0.06817623
0.06366642	0.1099725	0.04189713
0.0611501	0.1070654	0.03914901
0.04570937	0.1155878	0.05882336	0.03676245
0.07184735	0.09105149	0.03958114	0.05553944	0.04647509	0.05822871
0.07772606	0.1063822	0.06416908	0.08468019	0.06258207
0.0617868	0.1156801	0.05941184
0.05402819	0.1178376	0.05088481
0.06744114	0.06880435	0.04484242
0.07782707	0.05884813	0.06540334
0.04919903	0.06217853	0.01527954
0.04423567	0.08015099
0.08333736	0.0939791
0.04217439	0.09552014	0.04961405	0.04317586
0.04809442	0.09164396	0.06529805	0.03248097	0.06323741
0.03677989	0.09794979	0.07262714	0.03201811	0.0436993
0.06621028	0.09856783
0.103531	0.1020745
0.07364121	0.09290149
0.08178992
0.08214393
0.08931131	0.107404	0.007730384
0.08318292	0.110296	0.08011367
0.06976351	0.09973105
0.07125348	0.1060966	0.05645513
0.06051351	0.1015173	0.07391311
0.03471377	0.08164222	0.04640919
0.099516	0.08175651
0.04302735	0.05002744	0.08172761	0.06537896	0.06333978	0.05298996
0.07605575	0.0891703	0.0630604
0.06513769	0.1000775
0.07199437	0.08871624	0.03586404	0.05466902
0.065844	0.1017746	0.04285578
0.04771965	0.08807371
0.07133707	0.07945614
0.08562241
0.1118676
0.1102961
0.1076779	0.07955533	0.07758741
0.05914967	0.09365531
0.087645
0.1150528
0.09331014
0.07605635	0.1091133
0.07674865	0.1085331	0.05133954
0.07914797	0.1160543	0.06644915
0.07893547	0.1228188
0.07866059	0.103124
0.08653758	0.1075605
0.07349723	0.1127386
0.07239062	0.1052616	0.0737825
0.08450322	0.1018058	0.05545165
0.08842525	0.09565686
0.0582007	0.07854974	0.09504373	0.0753189	0.07081574
0.07668773	0.0976579
0.09003451
0.09047044	0.09723645	0.08221819
0.0864119
0.04726262	0.09656635	0.08418494
0.05320036	0.09984135	0.06711339
0.04150383	0.09619196	0.06459049	0.05325982	0.04302895
0.0299104	0.08353445	0.06571495	0.05614327
0.06229555	0.08242475	0.05957558
0.04582074	0.09787693
0.05849465	0.08172337
0.1015484
0.09696304
0.08582767
0.07512379	0.07504964
0.04713657	0.0821866
0.07169689
0.1000917
0.08634801
0.07575084	0.1021131
0.05115939	0.09315866	0.07651734
0.09317646
0.04982051	0.09650658
0.08800465
0.08620228	0.07299396
0.0701393	0.09883129	0.05530546	0.07955905
0.06038173	0.08319868	0.0334065	0.06243459	0.05064979
0.07495528	0.06793897	0.04408155
0.07505357	0.09624394	0.04326927
0.06982194	0.1033552	0.04791285
0.04648269	0.1088897	0.05757624	0.06928016	0.04336535	0.0405638
0.06543809	0.09928144	0.03545395
0.06448584	0.1331664	0.03611177
0.08761896	0.1367826	0.03250981	0.06219929	0.04819703
0.05417701	0.1216245	0.06285178
0.06223903	0.09294277	0.05634754	0.05655927
0.03812305	0.09645166	0.04820502
0.05162204	0.1019193	0.03218635
0.05025092	0.09704628	0.03425666
0.06990568	0.1057182	0.03792071	0.06066691	0.05639708	0.0685901	0.05327529
0.05005904	0.1148199	0.04092567
0.06485907	0.0988174	0.04281105	0.05350465
0.09188302	0.09506104	0.04615318
0.06668342	0.08918525	0.05063016	0.03041582
0.07177786	0.1072517	0.03604274	0.07931124
0.03315481	0.09882093	0.03663451	0.07073133	0.05696551
0.05031769	0.1252353	0.04329761	0.07085275	0.05487368
0.06024566	0.09915844	0.0342038
0.07809203	0.1033301	0.06084905	0.05465238
0.05445627	0.07704604
0.04454319	0.09385852	0.05003282	0.03379986
0.07654341	0.1114279	0.03907652
0.05332538	0.09980686	0.02867132	0.0434294
0.08351611	0.08360073	0.04345139
0.03439906	0.1161644	0.03496245
0.02596458	0.09998598	0.03247448	0.04274254
0.04494701	0.1228407	0.0376931
0.04264367	0.07643017	0.03668835
0.04093426	0.1083026
0.0364726	0.08513604	0.03904471
0.06119447	0.1177386	0.03545965	0.03068641
0.08638633	0.08733979	0.04587803
0.06145765	0.09282516	0.04205096	0.04613461	0.04372269	0.04848883
0.06094469	0.1143435	0.03543595
0.07615609	0.1102554	0.04198857	0.04782002	0.06861349	0.05047595
0.04364282	0.1030565	0.03355564	0.05732609
0.01784796	0.09796247	0.05852924	0.038462	0.05917865
0.08165224	0.1078919	0.03699081	0.08296562	0.06603172	0.06054424
0.05082695	0.1130391	0.04313411	0.07405396	0.04270179
0.07073407	0.1003676	0.03759932	0.07863572
0.05913399	0.1166506	0.03847713	0.07353022	0.07147783
0.06621092	0.09440759	0.03774305
0.06909432	0.1091818	0.04865703	0.06335683	0.08685557
0.08554741	0.1138959	0.04651869
0.05696167	0.08597053	0.03434385
0.03928466	0.09999862	0.03915223
0.07031486	0.07175136	0.04053979
0.06405286	0.1019925	0.03780518
0.05980704	0.08213762	0.03759878	0.05541919	0.05721614	0.07502479	0.01473748	0.0334881	0.06041955
0.06347266	0.1157367	0.04122807
0.08720414	0.08803823	0.04568717	0.06603941	0.08922547	0.09673775	0.1212576	0.05839238	0.038303
0.06783188	0.1117875	0.03667137	0.05002738	0.04394285	0.05625035	0.04376721
0.09156962	0.09859396	0.06121349	0.05770938	0.0711881	0.04732386
0.04729502	0.10044	0.04740804	0.04344684	0.03020477
0.0492721	0.1010777	0.05192035	0.06315949
0.0422968	0.1066402	0.03866094	0.06055574	0.05158098	0.07660521
0.07246858	0.0924348	0.0370246
0.08201425	0.09546928	0.04575271
0.06715405	0.1078537	0.05932497	0.1052873
0.09102959	0.1165917	0.059235
0.09340713	0.08530041	0.05948651
0.08628308	0.08362745	0.0493576	0.04378894
0.05355271	0.08909209	0.0282892
0.08115946	0.1114013	0.04168148	0.05161869
0.05092244	0.1183298	0.03493741
0.04407483	0.09384022	0.03125713	0.06116481
0.07185652	0.08140769	0.04609971	0.06609474	0.03741437
0.07840009	0.1149145	0.04589374
0.06866835	0.1011596	0.03376561	0.06444909	0.1200079
0.02951463	0.1135851	0.05217558
0.02131986	0.1181021	0.06208959	0.09195723	0.05880683	0.05368478	0.02707093
0.04254468	0.08756577	0.05626244
0.08035361	0.09014539	0.06499017
0.08080594	0.09303895
0.08190048	0.1178119	0.08371109	0.07017933	0.03987357
0.0836753
0.05531914	0.1034889	0.06858977	0.06239792	0.05377689	0.09195291
0.08599752	0.09231414	0.07053457	0.06738534
0.04343932	0.08229385	0.05397062	0.05220779
0.07152377	0.08252589
0.03431102	0.1003582	0.04584868
0.07348152	0.08368896	0.05208397
0.06849101	0.0930967
0.04801091	0.1309539	0.0652348
0.0506326	0.1121806	0.06473247
0.04639695	0.09788001	0.04250125	0.04107004	0.06343982
0.07331513	0.0864341	0.04313144	0.0622895	0.04334552
0.09849888	0.09129756	0.04046287	0.07186894	0.0381667
0.08725842	0.1153485	0.04823483	0.04504756	0.06846503
0.08863765	0.09658142	0.04575842	0.07819595	0.06212955
0.07488785	0.09695219	0.04092347
0.03722061	0.1296289
0.06837457	0.08636169	0.04356922
0.06745743	0.09806598
0.04185441	0.06739662	0.08833038	0.03953938
0.05653057	0.09844352	0.05986457	0.0332709
0.05815566	0.08927302	0.05645264
0.04749185	0.09866096	0.06165882	0.06501808	0.05151352
0.04952188	0.1130015	0.06815772	0.03344578
0.0619731	0.1026103
0.05556661	0.07776308	0.06313352	0.04547589	0.05395434
0.08703396	0.1109609	0.04295754	0.06712845	0.04388671	0.06161684	0.03785764
0.04253297	0.1148779	0.06516168	0.05682815	0.04215285	0.04297944	0.07854692
0.07267842	0.09315715	0.08481621	0.05507801
0.06924949	0.1002172
0.02870813	0.09274497	0.06075513
0.05411061	0.1048052	0.01901708
0.06350073	0.08464452	0.06897425
0.03227848	0.09077299
0.07114066	0.1106673	0.07758693
0.08706721
0.1067712
0.09086055
0.07286564	0.09900251
0.06593517	0.0953228
0.09660163	0.0928232
0.0648237	0.09900664	0.06562972	0.05273095
0.07807086	0.1053174
0.04813467	0.09208605
0.06801942	0.1041776	0.05477558
0.06697847	0.09365696
0.05672366	0.07511003	0.06583674
0.06306351	0.09885979	0.08094814
0.07246006	0.09607337	0.0342201	0.07322392	0.054066
0.08352391
0.1019499	0.09217555
0.08849031
0.09052482	0.1149721
0.0693312	0.1121331
0.08471751	0.1159371
0.07664857	0.1024981
0.02916338	0.118173	0.06287561
0.04106183	0.1156114	0.07466874	0.0357768
0.07977655	0.09523985
0.08786786
0.07349051
0.07090391	0.08711149
0.1010274
0.1168615
0.09863279
0.08996146
0.08516119	0.09981326	0.07074412
0.0505322	0.1064622	0.07640218
0.08481209	0.1066572
0.06933191	0.08355264
0.1021381
0.09838399
0.1070185
0.08689081
0.05955525	0.07926326	0.0649
0.07089493	0.1022023	0.06130415	0.04891688
0.05145562	0.0997885
0.04189449	0.09561246	0.04741595	0.05896189
0.05683082	0.114099	0.08302469	0.1082407
0.03981794	0.1013049	0.09525965
0.05482136	0.1068007
0.09180419
0.09148353
0.08004037	0.09227288	0.06620682
0.07673673	0.06844381	0.08717781
0.08982125	0.1266937	0.07375432
0.0536728	0.1122828	0.08923174	0.06997136
0.04127853	0.08435653	0.09991268
0.08236931	0.09017089
0.05470696	0.08251189
0.09051604
0.0858367
0.1081204
0.07885108	0.0855177	0.05081078
0.05398116	0.08592606	0.1074786
0.0495352	0.1151504	0.06214188	0.07149725	0.04543683
0.07474642	0.09492411
0.08116702	0.1121954
0.06950045	0.1021905
0.04228846	0.1092586
0.09555305
0.08327024
0.1016402
0.07768049	0.09977173
0.06941408	0.09976682	0.04054724	0.07123822
0.06838507	0.1198266	0.07501434	0.06876733
0.07399496	0.1289531
0.05196017	0.1201692	0.07511734	0.04643349	0.07057854
0.05745442	0.08872783
0.04248804	0.1009888	0.1116018	0.0989768	0.070938	0.08219907
0.007535958	0.0914683	0.05773814
0.005799978	0.09949795	0.08031647	0.07622155
0.06746639	0.08958638	0.05741531
0.08443416
0.04096731	0.09600362	0.06920664	0.03873468	0.08210014
0.07942806	0.1249934	0.07581842	0.08443149
0.08888611
0.06766272	0.09685976
0.07258016	0.07932755	0.08573513
0.06403731	0.09723266
0.07118746	0.09558201	0.08075453	0.07096841
0.09504765
0.09933972
0.08970199	0.09566288	0.06971124
0.05927447	0.09909164
0.06324161	0.08247027	0.05835852
0.1118321	0.08969126	0.05556897	0.07687794	0.07791852
0.06536705	0.09472291
0.07306994	0.1021158	0.0861834	0.08225369
0.08792877	0.1164896	0.09445814
0.06791925	0.1062963
0.05403758	0.1021329
0.0800532
0.08931089	0.1001123
0.03842187	0.1039964
0.04720043	0.1025504
0.08368823	0.1054109
0.05701232	0.1074784
0.07123219	0.09670981
0.06828452	0.0918679
0.07790229	0.08535215
0.07709185	0.09823165	0.03263316
0.09207849
0.1198325	0.1073946
0.1166143
0.0963871
0.09842364	0.1131884
0.115801
0.08491372
0.06154865	0.1074244	0.06335714
0.08174069
0.07402043	0.07953254
0.06205319	0.1434458	0.06157166
0.05738215	0.1044006	0.07534888
0.08603849	0.1060085
0.04840598	0.09709462	0.07043883	0.06559543
0.0720748	0.09175204
0.05751286	0.1112934	0.07708496	0.04915969	0.0485715
0.07763778	0.1188088	0.09102148	0.04737881
0.07675477	0.09724826
0.07667258	0.08875955
0.06248895	0.07352945
0.06446553	0.07346252	0.06012283
0.09398555
0.09807381
0.1007711
0.1122427
0.09537392
0.08824486
0.05923727	0.0794509	0.06172399	0.05636402
0.09247103	0.1053271	0.08824204
0.05668142	0.08933491
0.08642495	0.1150426	0.07243856	0.08165906
0.08691593	0.09232464
0.09406482
0.119115
0.115364
0.1029637
0.08582762	0.09879085	0.08459704	0.07609817
0.05791272	0.1122441	0.03943621
0.04474286	0.05942204	0.09382342
0.0536552	0.1019504	0.06966773	0.05861582
0.07126676	0.1095832
0.04359524	0.08847791	0.0716494	0.09299539	0.05479581	0.06964134	0.05849696
0.06380732	0.1064979
0.04811645	0.1050289	0.03284962
0.06573323	0.1036657
0.07060549	0.09315693	0.05312375	0.0598981
0.09006167	0.0903924	0.05942036	0.04404602
0.06724211	0.1025371	0.02741461	0.06230808	0.05223621
0.02634739	0.1139171	0.06125929	0.02795521
0.04222671	0.1170965	0.05938699
0.07044457	0.1042364
0.03906724	0.09857211	0.05809546
0.04369844	0.06306197	0.06928442	0.0709191	0.03316263	0.06958544	0.04746114
0.07800946	0.09747062
0.07040527	0.09188589
0.04443639	0.08937496
0.01954201	0.08306322	0.1113595	0.05222107
0.0524652	0.07440083	0.07729638
0.07649984
0.07635954	0.08484447
0.07310981	0.07756593	0.0590187
0.09591659
0.07682347
0.06614576	0.07767076	0.1100063
0.06206885	0.08970911	0.07333204	0.07192967
0.06005198	0.07604119
0.07217055
0.1012541
0.09898691	0.09376218
0.06240417	0.09802137	0.05342384
0.0739756	0.1030669
0.04449271	0.0913171	0.07270703	0.05633688	0.06524784
0.06670928	0.08911304
0.09838972
0.08126736	0.1023747
0.04255517	0.08247971	0.1292355	0.07818362
0.08384766
0.1176107	0.0618256
0.05799251	0.0762647
0.0711248	0.1191115	0.07620013
0.08252177
0.05841025	0.08095199
0.02839261	0.08401588	0.05262442	0.06783717
0.04873591	0.09131204	0.07095695
0.08869729
0.06188803	0.1147047
0.05693583	0.1084877
0.06181246	0.09695498
0.1054042
0.09466493
0.04238237	0.1070088	0.07371366	0.06296089	0.07229877
0.05999705	0.1037006	0.06272851
0.07702876	0.1021984
0.06749376	0.1106849
0.09861501	0.1175709
0.06701133	0.105774	0.06515456
0.02934091	0.1036146
0.0570578	0.0906583
0.05611801	0.08990913
0.05171301	0.09444085
0.0533198	0.06943641	0.1018484	0.04955383	0.06267191
0.05860975	0.08631908	0.06847868
0.08498609
0.06250916	0.09839589
0.08871966	0.07824661	0.06542373
0.0632018
0.08468224
0.07973353	0.0954596
0.1121539	0.08831261	0.05109919	0.06915121	0.06230045
0.05757446	0.0781814
0.06720994	0.08914672
0.05521572	0.1108194	0.03856969	0.06148586
0.0710158	0.09907837	0.04517437	0.08985762	0.042902	0.05230778
0.05233621	0.1136904	0.03210976	0.05170021
0.06520436	0.1121114	0.05245315
0.05230939	0.09029483	0.04030331	0.03662947
0.05472336	0.07741791	0.03320251	0.05144421	0.0557368
0.07786566	0.08953318	0.04678664	0.05074092
0.05696568	0.1073001	0.04402965
0.04286282	0.08400349
0.04869465	0.08675841	0.04198757
0.03441903	0.1000747	0.04328824
0.04439094	0.1215253	0.05183056	0.04510847
0.05451925	0.0946686	0.03370255	0.05331322	0.0592827	0.04776212
0.03614412	0.08225326	0.0439739
0.04949517	0.1026483	0.03296604	0.04286765
0.07015066	0.1088183	0.03828979	0.06951938
0.05135132	0.1083351	0.044672	0.06197991
0.04881527	0.09531956	0.04361452	0.05212164	0.08679707
0.06626496	0.1286154	0.0461446	0.07746059
0.07499862	0.08862407	0.04274851
0.07600759	0.1077614	0.03430648	0.06384696
0.03130674	0.09896053	0.03342692	0.09775202	0.05158723
0.05468364	0.1055165	0.03774286	0.02302783
0.04129	0.09167194	0.04857184	0.03447213
0.0386384	0.1085121	0.04581829	0.04130156	0.06235198
0.04296135	0.08993929	0.04719414	0.0644735
0.03657517	0.08820598	0.03478025
0.0702596	0.1206748	0.07216865	0.04283468	0.04133923	0.04616664	0.06965451
0.05726379	0.1151683	0.03917438	0.07359275	0.05271806	0.06658447
0.05828594	0.1008957	0.03933487	0.06386637	0.0712591
0.07929031	0.1045159	0.05705546
0.05695812	0.09489365
0.06939469	0.08149785	0.06054902	0.03483554	0.05161134	0.07790868
0.06690935	0.1019443	0.03863527	0.04834838	0.03172664
0.04836408	0.09534976	0.03631992	0.06252396	0.04216492
0.06872299	0.07358869	0.04740413
0.06621573	0.1008847	0.03373537	0.06371992	0.04314783
0.05577117	0.1115936	0.06091776
0.07775645	0.07827382	0.03814372	0.06376671
0.06272627	0.07620512	0.04411933	0.05681349
0.0546866	0.09203532	0.06292874	0.05249239	0.0423667	0.06334455
0.0720636	0.07271228	0.04481122	0.05822343	0.0955176	0.06164474
0.07776177	0.08497036	0.04261915
0.0566502	0.09460794	0.05411199	0.08948763	0.04177347
0.06947645	0.09224068	0.0730323	0.0419213	0.03352453
0.07623456	0.1091515	0.03290369	0.05092608	0.06612228
0.05430098	0.09982106	0.03406497	0.06499506	0.06570574	0.04884716	0.0756825	0.0296655
0.05822339	0.09309761	0.04017266
0.04817578	0.1178973	0.03783564	0.05642066	0.03948658
0.06722473	0.1065868	0.04723813
0.03808678	0.1152017
0.03229142	0.1288951	0.03944961	0.06340829	0.03834689
0.07563815	0.1073496	0.03532453	0.05845987	0.03319316
0.07243162	0.09473085	0.04184277
0.06990215	0.1012151	0.04707758	0.0472635	0.05344673
0.05188856	0.0906518	0.06309254	0.03707382
0.03764774	0.09955115	0.05616481
0.08539925	0.1003928	0.05536432	0.03440993	0.06480272	0.08259731	0.04168604
