ExtinctionRates
0.1342479	0.07922553	0.1130159
0.08346833	0.07739652	0.2368129
0.002451397	0.1259237
0.1131799	0.04159724
0.1925116	0.01503916	0.1590538	0.02606139	0.206164
0.09921781	0.1153644
0.08961492
0.08131477
0.1851435	0.1774466	0.0457316
0.1211796	0.1554836	0.08376154	0.06842571	0.1247153	0.1402399
0.1513281	0.3588204
0.2683488	0.07500881
0.1283962
0.03264922	0.07330215	0.006890633
0.1138294	0.1810856	0.08333333	0.1858485	0.01998342
0.09364638	0.1092841
0.1041937
0.03130367	0.04352122	0.07636948
0.07537965	0.1722239
0.1329835	0.1358771	0.03316188
0.03905925	0.04090576	0.09083613
0.1106107
0.1769168
0.07504448	0.167814	0.171871
0.1637513	0.08461589	0.2455875
0.04790325
0.04831165
0.1150437	0.07254638
0.01284682
0.08189307	0.06761047
0.004164534
0.1278936
0.136247	0.03600144	0.140745
0.1819033	0.05820986	0.01033927	0.08974794
0.1088824	0.2220172	0.05928241
0.06110476
0.08129025
0.2340939	0.1458524	0.01961062
0.03595838	0.08392264	0.0603858	0.1224506
0.07362903	0.04776802	0.2326739	0.06405614	0.08228978
0.07041038	0.1112442
0.1484983	0.2085643
0.1073024	0.1167832	0.001179469	0.09148223	0.1933924
0.177919	0.1692986	0.07955909
0.08704232	0.1624998
0.02789598
0.3253423	0.02314251	0.1373792
0.1308315	0.1250238
0.1475068	0.05050097	0.09260816	0.1329856
0.1484737	0.1713272
0.1370979	0.1884346	0.2051269
0.1856531	0.1510783	0.06420764
0.06959348	0.00297451	0.1219443	0.1423834
0.2586573	0.06035294
0.1335046	0.1526352	0.1992467
0.2371684	0.222064	0.1167301	0.0953945
0.09328939	0.0548113	0.1015747
0.1861929	0.1271486	0.0573663	0.1210747	0.07261711
0.1821452
0.1595412	0.1688076
0.1811772	0.16907
0.1583882	0.01801652
0.00292364	0.1636519	0.1320883
0.09316053	0.140432	0.09122692	0.2611342	0.1291542
0.2455726	0.07537909	0.06841441
0.2015907	0.124182
0.1816596	0.05204316	0.02954545
0.05805522	0.2214009
0.1771875	0.123265	0.0256904	0.07935219	0.05989548
0.03856987	0.07023433
0.1477841
0.09197889	0.1142919	0.1245073	0.04047938
0.1516319	0.06701723	0.08665886
0.048513
0.1011552	0.1651632	0.06764839	0.3480436
0.2450549	0.1855287	0.1452308
0.05702877	0.09009374
0.1034873	0.0814446	0.2894752
0.09701219
0.04719208
0.1432414	0.1377375
0.03518574	0.07738046
0.09722611	0.08534154
0.0530105	0.1729535	0.1126728
0.1034155	0.1009034	0.1357864
0.2212452	0.0486518
0.1581587	0.2286276	0.07578198	0.04771503	0.08565824
0.1965714
0.1268572	0.03269631	0.2537295
0.1211708	0.08428166	0.08816191	0.03971971
0.08993276
0.003930506
0.03513489	0.0123832
0.115385
0.1524859	0.1921343	0.1369739
0.01945594
0.04072152	0.00451439	0.04398377	0.14038
0.2677166	0.1454806	0.08237437
0.07552081	0.04595241	0.0007820028
0.2241758	0.2125988	0.02391972	0.05901226	0.08501899	0.2759492
0.1621657	0.09826248
0.2559338	0.09120973	0.03156012	0.06582768
0.1654182	0.0045335	0.03939141
0.08767577	0.03001125
0.0272973	0.09304131
0.2548285	0.039562
0.1924593	0.0259752	0.2424332
0.01521016	0.009349941
0.3513416	0.03881422	0.1390789	0.08971221	0.09389871
0.1196423	0.1666465
0.1498937	0.1121728	0.1172659
0.1707626	0.09274787
0.1426084	0.1367204	0.136347	0.003007032
0.03416074	0.1698508	0.109986	0.00165214
0.1026097
0.1008284	0.02208969	0.005270228	0.08136549
0.2909846	0.03577559
0.031923	0.07137719
0.1040261	0.1187253
0.0696119
0.1397349
0.05816833
0.006330529	0.1463993	0.07865724
0.07526042
0.06540692
0.1767965	0.05467989
0.3181776	0.1518957
0.1398642	0.07098678
0.1585239	0.01587756
0.06377206	0.04097864	0.1340393	0.04765708	0.08729671
0.2915009	0.04201359	0.3102809
0.1237606
0.1129964	0.1842258
0.3133674	0.1590269	0.08959814
0.08945782	0.1953335
0.1803878	0.1916876	0.07274742	0.1658449	0.03795694
0.1347844	0.3255453	0.2009944
0.08663398	0.2230153	0.09209952
0.02729801	0.01412521	0.07431483
0.06529339
0.1361347
0.01168392	0.003883782	0.1074498
0.02372359
0.008522037
0.08991393
0.02099535	0.03854917
0.1538827	0.05761453	0.06965217	0.06154958
0.1623438	0.2894927
0.1282995	0.06841462	0.1294998
0.06231363	0.04645618	0.1213973
0.05391176	0.1061971	0.1399156
0.1430435	0.0459689
0.06181232	0.05550032	0.04856853	0.1488533	0.1102431
0.01827634	0.07857661	0.03580435	0.1471091
0.07594549	0.1132043
0.1338773	0.06234033	0.1817752
0.03381656	0.1572324
0.1108973	0.08731109	0.117898	0.07317123
0.1087716
0.1065146	0.08856162	0.07693351
0.2991911	0.1985568	0.1132776	0.1134323
0.08170978	0.1440095
0.165035	0.1970245	0.05779227
0.07675224
0.03812841
0.06507311
0.1484269
0.09676456	0.007739609
0.1082422
0.1315535	0.1800964	0.2127335
0.2286441	0.1198009	0.00917762
0.09122272	0.1893394	0.1425839	0.2591619
0.1233081	0.06040282
0.2369662	0.1845454	0.1361913	0.03719499
0.1327417	0.02848821	0.1120455
0.06217029
0.1054817
0.1600913	0.08148093
0.1103209	0.07406013	0.191398
0.1895933
0.2707472	0.2378484
0.04846978	0.1109286
0.04390345	0.0940777	0.1150908	0.0511932	0.2795712
0.08630371
0.02823128	0.07959236
0.05111411	0.01264081	0.1907996
0.04640287
0.004964917
0.1016046	0.1222051
0.1475505	0.01677998	0.1423908	0.151707	0.1329569
0.2158476
0.2188589	0.1490234	0.1727125
0.1590282	0.0403348	0.01127602	0.07944013	0.1253655
0.2369967	0.07090282
0.2311888	0.06552021
0.001759821
0.1294926	0.1597877	0.0241122	0.08342807	0.08924412
0.1406376
0.1410675	0.1160649
0.05759964	0.1998751
0.09759864	0.06559115
0.08224424	0.09057656
0.09879594	0.2055901	0.04980694
0.1410685
0.05254693
0.1495741	0.1460098	0.0642558
0.2098991	0.04637502
0.06053697
0.04721205	0.1202419
0.1423636	0.394249
0.192463	0.1207874	0.1360212	0.1290488
0.03653494	0.1630388	0.05361726	0.2364276
0.03586214	0.01253458	0.1431032
0.1445416	0.1509759
0.1426582	0.06555425	0.02173938
0.3488539	0.1584519	0.0835774	0.1382361
0.074077	0.1078414
0.1775384	0.1043295	0.02378804
0.2108794	0.04207621	0.1898328	0.1716944
0.1567113
0.2812194	0.150924	0.03584043	0.01733716
0.1520555
0.1650988	0.1431088
0.1906761	0.1045578
0.0819819	0.0935719
0.04769177	0.03142291	0.1262871
0.2433191
0.1685626	0.194763	0.06075578	0.1680375
0.1343049	0.08575978	0.1379918
0.063984	0.2659638	0.1281856
0.001194137	0.1271681
0.1060652	0.2247046
0.04647946	0.09236948	0.009054678
0.007328189	0.01611363	0.0127453
0.003646014	0.09694245	0.06883378
0.3566322	0.1833761	0.1142975
0.1242238	0.1577532	0.135102
0.09216614	0.1929498
0.1434234	0.02386451	0.1420554
0.08040788
0.03584071	0.1782456
0.1488001	0.1027862	0.08405104	0.3494645	0.2122526
0.08425551	0.004177173	0.07030683
0.05711926
0.153796	0.2665356	0.09257506	0.1170509
0.008223996	0.05785925	0.0994323
0.1699535	0.1212069	0.1087089
0.2948044	0.1385441	0.06814389
0.1862963	0.06241003	0.124604
0.1006279	0.04412782	0.1431162
0.2063007	0.07195111
0.01354786	0.1092431	0.03940924
0.01957786	0.1780071	0.05545154
0.09996535	0.1846542	0.1039147
0.197261
0.1107253
0.07182635
0.1403516
0.1599898
0.1495396	0.06385839
0.2582751	0.1960511	0.02385724
0.2144539	0.1496983	0.1229336
0.1892197	0.03032002
0.1545216	0.002669776	0.1398229
0.08736413	0.02420823	0.3400798
0.3750533	0.03621945	0.2580377	0.03188157
0.1422993	0.1627293	0.3525772	0.09500756
0.1285865	0.05211988	0.05405662	0.03834396
0.2052716	0.338448	0.1483844	0.0274359
0.1383883	0.2400788	0.05685954	0.1065161	0.09379342
0.03671798	0.1956893
0.1449393	0.09841185
0.04987421
0.1133418	0.09543961	0.07022919	0.01364109
0.1447683	0.1142717	0.1389688
0.0416037	0.1475506	0.1175163
0.2338462	0.05090835
0.1205877	0.07995576
0.1692209	0.09081955	0.02784269
0.02192671	0.1283703	0.1537878
0.1678225	0.1188157
0.08948709
0.08081932
0.3139484	0.1067652	0.04355438	0.1990273
0.1076049
0.05816306	0.1599862
0.02304835
0.1658098	0.00467414
0.07283819	0.02743207
0.1082018	0.153123	0.2153998
0.08720391	0.1245315
0.1413935	0.1842609	0.0586326
0.2131007	0.1327077	0.1423886	0.1572347	0.3158186
0.1079567
0.1113571	0.1634677	0.02366951
0.1660841	0.1644882	0.1281203
0.09678213	0.1484491	0.1399246
0.1263341	0.03745268
0.1749018	0.1923754
0.1031604	0.1483703	0.05290519
0.007813468	0.2077757	0.2825735
0.1137866	0.147005
0.1734947	0.04970995	0.1906301
0.07070055	0.09941179
0.03788721	0.1175713
0.07086647	0.1069489
0.08015209	0.114775
0.1694407	0.003515516
0.2045495	0.1169101
0.2354289	0.007341076	0.02094454
0.1836009	0.0407577	0.06123185	0.05459025
0.05954952
0.04054603
0.06549043	0.2263567	0.01201442
0.1448507	0.02516333	0.04800887
0.0262895
0.07214675
0.09858814	0.07627239	0.04742983	0.147971	0.2119165
0.1905493	0.06383556
0.03568865	0.04315961	0.05437593	0.07627277
0.1819664
0.09007774	0.1843142	0.2896555
0.07761211
0.215424	0.1059852
0.0821356
0.07915323
0.2055686	0.04351129
0.05162133	0.2261437	0.03742088
0.07198549
0.08726395	0.08851353
0.02564353	0.01776249	0.1187283
0.1558143	0.04264736
0.08547431	0.08550481	0.2053674	0.2786876	0.0501085
0.09721904	0.06280782
0.08534887	0.1426278	0.1615566
0.05479743	0.1357673	0.3027208	0.159046
0.2324384	0.1012177	0.02400953
0.05618968
0.1487723	0.2880368	0.1954252	0.2169549
0.260175	0.05577806
0.190025
0.05313685
0.07213177
0.0002913027
0.003105584	0.02608627	0.1095425	0.06683185	0.1274265
0.1635859	0.03172552
0.1208418
0.0004583641	0.06559669
0.09139331
0.06118798	0.02893252
0.02042834	0.1499982
0.2191197	0.02760903
0.2172459
0.2261784
0.01530939	0.08390453	0.06212518
0.1220613	0.003732221	0.005650089
0.09037356	0.007850217
0.1158473	0.01821961
0.1792491	0.09968371
0.04020681	0.020557	0.1124775	0.1258584	0.03252415
0.1135496
0.3146637	0.06335335	0.1036426
0.022033
0.1303476
0.1965197	0.3711265	0.1619277
0.1928161
0.1262442	0.04053893	0.0710415
0.07787617
0.1046742	0.2083013
0.01977391
0.08391238	0.03761765
0.105782
0.1039564	0.05368306
0.1965957	0.07313215	0.2977084
0.1433898	0.02689232
0.004843878
0.1397311	0.0547458	0.185734	0.1744401
0.1180091	0.04076085
0.05038134	0.0008726091
0.1569185
0.1230216	0.01590288
0.1132163	0.02799679	0.103729	0.05089556
0.006826834	0.04330437	0.207525	0.06210124	0.180066
0.09863841	0.2282172	0.09757318
0.1702275	0.1584614	0.09681676	0.09881902
0.02872909	0.004394482
0.1460741
0.1229501	0.1000329	0.09584906	0.04582957
0.06181834	0.03736561
0.1911491	0.1207596	0.04002936	0.1394491
0.1466932	0.1253185
0.05661107	0.057899
0.05976593
0.04544427
0.1256176	0.2609058	0.0702024
0.06602864	0.1598523
0.1254962	0.07853189	0.2494064
0.0507975	0.05637183	0.06911236
0.04568652	0.04459804
0.1563726	0.1661037	0.09270704	0.1367749
0.1113659	0.149285	0.2229788
0.0180474	0.1277682	0.03851093	0.1445441
0.1206835	0.03669011	0.06282191
0.05877487
0.01192979	0.09092001
0.1260345
0.2453615	0.1095065	0.1179492
0.02521474	0.1966115
0.1365589
0.08687816	0.1183117	0.1450881
0.3288116	0.0117939	0.01874597
0.207536	0.06188751
0.1092831
0.08190721
0.1344129
0.08927121
0.3192197	0.05896381	0.1349099
0.1145181
0.02937599
0.05831428	0.1652061	0.1181853
0.05036762
0.2379364	0.1130618
0.09396798	0.1372439
0.05170485
0.02260207	0.1844638	0.1680744	0.306522	0.09593022
0.0947445	0.04966526	0.1600713	0.1287675
0.02998327
0.03449846
0.05742429	0.03427602	0.2404531	0.1252181	0.2452116
0.225943	0.04635194	0.09899852
0.2167192	0.02092021
0.07850102	0.1302835
0.1166169	0.04267543
0.1019462	0.01822671
0.08628651	0.1090688	0.07371124
0.04199724	0.01319301
0.12183	0.01696735
0.1405044	0.004190593
0.2765531	0.05763925	0.180976
0.0476332	0.1155041	0.09029796
0.1486006	0.06420097
0.2024926
0.08762794
0.0706803	0.1849296	0.1862199	0.08400229
0.1818081	0.0692991	0.1447171
0.00645888	0.1453803	0.03542956	0.0003077559
0.02251953	0.03459063
0.04161235
0.1114986	0.03920923
0.04732652	0.01241166	0.06964043	0.1699182
0.106495	0.113703
0.2249203	0.07060203
0.05995983	0.008398755
0.02190335	0.05956153
0.07217362	0.06748283
0.06712886	0.1791965	0.1109724
0.1842684	0.2114834	0.07134094	0.1017686
0.05962618
0.06714973	0.1515315	0.05326109
0.1474398	0.06761734
0.1113945	0.1030138
0.08636264	0.01405429	0.2059364
0.1984015	0.02750312	0.1344835
0.2209839	0.09929951
0.08862183	0.109844
0.1173325
0.02321173	0.08951023	0.1456811
0.1844456	0.01317867
0.2179753	0.05362072	0.1580897
0.2246479	0.09814051
0.2462827	0.1362425
0.1503751
0.211666	0.006617909	0.1486025
0.07975563	0.03038322	0.07705125
0.1705937	0.1443852
0.01862649	0.2006338
0.09078281	0.02195739	0.05014789
0.1515774	0.1133143	0.03258235
0.1995281	0.1535815
0.04831798	0.1304496	0.04189055
0.08872914	0.01099649	0.04616113	0.09667085	0.2002498
0.008647245	0.1293813	0.1834505	0.1212167
0.1811658	0.1603142	0.1708023
0.0225208	0.0229868
0.114446	0.159065
0.3370039	0.0782835
0.1824735
0.1951239	0.05213443
0.1157916	0.05767047
0.05993515	0.173836
0.1591678
0.1420793	0.2312091	0.1477682
0.1804291
0.2198047	0.1581332	0.03664814	0.121938
0.2224421	0.0278544
0.1738081
0.1609695	0.06631029	0.184215	0.1311434	0.0340197
0.128026	0.03037061
0.1259871	0.04054782	0.06362706
0.2415264	0.3212744	0.2147698
0.2141253	0.1091336	0.2810072	0.1695998	0.03723448
0.1545628	0.07168938
0.143654	0.1207884
0.1841511	0.2166985
0.250967	0.08981115
0.1877753	0.2976799	0.05845758
0.2287456	0.02796609
0.08387514	0.02862653	0.0130939	0.2156274	0.1267285
0.02065941	0.09839062	0.06554002
0.2747622	0.07362123
0.06153583	0.05932012
0.1480017	0.003981617
0.1751019	0.1313799	0.03086522	0.209579
0.07602538	0.115462
0.1176594
0.043805	0.08713269
0.1075692	0.04933154
0.123383
0.01822702	0.004904071	0.1010516
0.06962856
0.1106281	0.03325416	0.08075704
0.03970661	0.1809887	0.1564836	0.06078012	0.04140648
0.346532	0.06816239
0.1884476	0.07322972
0.1641295	0.1640303	0.03167412
0.07416053	0.02473262	0.1164196
0.1169068	0.0510705	0.1738045	0.04808475
0.1539502	0.09521764
0.1762102
0.08288569	0.1565525
0.02521787	0.001935375
0.09911833	0.223839	0.01431394
0.09383917
0.208048	0.1181277	0.008067466	0.2754746
0.04191332	0.1899887	0.08211444
0.1473575	0.2342213	0.09271465	0.0766854
0.001486363	0.1040859
0.2043842	0.1018935
0.006061463	0.2067058
0.07800643	0.02359194
0.1740734	0.1172403
0.1499452
0.2695188	0.1529174
0.05222747	0.03038328	0.006291469
0.1892442	0.04536288
0.2064418	0.03013021
0.02412736
0.1368584	0.1762619	0.03519786
0.02041267	0.01948212
0.1597741
0.1371316
0.1442811	0.06172608
0.06807121	0.08343736	0.1741115	0.1185521
0.0635071
0.03630328	0.1739911	0.0284161	0.1528173
0.1294027	0.1000227
0.01605012	0.05077423	0.05607097
0.0888693	0.2269483	0.05483771
0.1074969
0.2175429	0.2118527	0.04246426
0.05683184
0.02821038	0.05080889	0.05171131
0.05260242	0.08656909
0.06038612	0.1632804	0.05464908
0.09766903	0.1003347	0.04143134
0.1799986	0.07707279	0.07968746	0.08928621
0.03404136	0.02305507
0.158588	0.08491292	0.1232677
0.1362615
0.02975829
0.03345717
0.2214525	0.04781101	0.03425114
0.03781074
0.1187437
0.1225268	0.1627225
0.1659746	0.1318572
0.05543221	0.08698846	0.09992757
0.1184194	0.1501412	0.0009961001
0.09775799	0.1953082
0.05305238	0.1017144	0.1194411	0.2511091
0.1826587
0.2299583
0.1209712	0.1893571
0.1407189	0.06825414
0.03369075	0.1882246	0.1057019
0.1372609	0.1866033	0.02403722	0.09362221	0.3466383	0.1084298	0.06325889	0.1210222	0.02487746
0.2266221	0.1071838	0.06468951	0.1459538
0.1545512	0.1267459
0.1565152	0.06994574
0.1124347	0.06114988
0.1489743	0.0215845	0.2013426	0.02984927
0.2153122	0.1205683
0.02868474	0.05835188	0.03788908	0.1274957
0.184566
0.09622443
0.04836257	0.1403385
0.07713851
0.0957102	0.04397792	0.1696582
0.05476943	0.04662576
0.0698211
0.1489146
0.06224446
0.092157	0.1674315
0.1963211	0.08335066
0.1621274	0.2814761	0.1202222	0.2022077
0.1854894	0.09616776
0.0354715
0.08022098
0.02484706	0.01658574
0.002238751	0.06780241	0.1483359	0.0452285
0.0690444	0.2212079	0.004961491	0.1185303
0.09826109	0.02662778	0.1386507	0.0396264	0.08371997
0.045751	0.08888715
0.1053457	0.002112036	0.09380856
0.1110678	0.1415178	0.02253517	0.001083672
0.04158328
0.03611817	0.02189592	0.1461391
0.02119933
0.04405591	0.2585091	0.07494377	0.2210328
0.1150998	0.1027053
0.2856741	0.1444243	0.1274137
0.1548332
0.1519565	0.1929402	0.004706838	0.152756
0.1242628	0.1119391
0.008248643	0.08685276	0.224261	0.04240153
0.1254493	0.01162681	0.08622823	0.04491123	0.1269487
0.2439142	0.03728882	0.1568365	0.009998201
0.123465	0.02384043	0.1493281
0.092111	0.08880196
0.1472987
0.0391943
0.08830261
0.1532141	0.07302327
0.2060646	0.02554735
0.1295521	0.04424268
0.2049842
0.03023626	0.1724636
0.1681617	0.06992489	0.06484639	0.07793513
0.2457819	0.1569091
0.1490628	0.126829
0.2564863	0.142914	0.1268596	0.155176
0.1214431
0.06841178	0.0637129	0.09299738
0.1653487	0.1558532
0.1461518	0.1181097	0.0569416
0.02957894	0.1578361
0.1248495	0.00552577	0.1175551	0.3375331
0.2764516	0.08087566	0.05524591	0.2795358
0.1162806	0.06610844	0.2390529
0.07927857
0.09814286	0.1132739	0.2707951
0.06214256	0.03399051
0.07999655
0.03942456
0.07558
0.0481331	0.04830358	0.1309856
0.1557358	0.001342641	0.1643972	0.1501884
0.04061305	0.219999	0.2996213
0.3047007	0.08412842	0.03375666	0.09205614
0.1417204
0.0859015	0.09042503
0.1506433	0.04087051	0.09945778
0.04549296
0.1030431
0.04687725
0.1375943
0.08201219
0.03484522	0.05833102
0.2383617	0.0765534	0.1564381
0.06981843
0.1752057	0.09456978
0.1370237
0.1918494
0.1995682	0.1023937
0.1864884	0.0804879	0.1540915	0.159037	0.02689264	0.04381034	0.2599498	0.005971486
0.248732	0.1897986
0.2619603
0.2769544
0.1121424	0.2393505	0.02569563	0.02858431
0.08371244	0.1053983	0.08348295
0.2021445	0.1149752	0.1441062
0.1417509	0.1356312	0.1011152	0.214078
0.0137911	0.07093489	0.08802815
0.1420222	0.1057355	0.1953708	0.08105997	0.1510432
0.1769471	0.1220503
0.1387657	0.05586932	0.02663008
0.06113985	0.1471732	0.07535506	0.04011711
0.125173	0.008225065
0.09659108	0.1884452	0.1863736	0.1152443
0.08760507
0.1123377	0.05152448
0.1554905
0.1046446
0.05018775	0.04447554
0.233325	0.03911523	0.04135993	0.17162
0.0294493	0.07834853
0.2023186	0.06117956
0.1366917
0.05753817	0.02228542	0.001849227
0.3253522	0.1272442
0.216267	0.08758897	0.1331595
0.04651622
0.02147882	0.02580208
0.2962533	0.02125684	0.03852859	0.08391002
0.2080867	0.1673365	0.08192809	0.1293611	0.04236544
0.09859162	0.05954916
0.1608255	0.1237139	0.04927086
0.05981012	0.01951407
0.1230287
0.119007
0.1168383	0.1182709	0.05362205	0.07396313
0.1881102	0.04460496
0.1843777	0.1749469	0.2057431
0.1916082	0.07996145
0.2594547	0.08636063	0.07874867	0.05135232	0.07089872
0.1095599
0.01834423	0.1688444
0.07877195	0.2357641	0.1405689	0.2220823
0.01018296	0.1021481
0.1801316	0.07298826
0.1867212	0.0818369	0.1169264
0.05999394	0.1597117	0.05351423
0.1775961	0.04457647	0.1547463
0.1845501	0.0424024	0.2232338
0.01367641	0.0829966	0.04529496	0.03072259
0.03544548	0.1445967
0.03694705	0.09937951	0.1073244
0.1776581
0.1262404	0.1184979
0.2048281	0.1143824	0.007345062	0.1397657
0.1487991	0.04238791	0.110275	0.07211556	0.1767397	0.1624509
0.123896	0.2524348
0.2183875	0.2100238	0.0008205381
0.1207293	0.06893481	0.1933616
0.2114921
0.1492918	0.06878263
0.1190443	0.111045	0.1650027	0.1618825
0.1055647	0.09153227	0.0945721
0.03032111	0.167206	0.02011452
0.1526074
0.1850032	0.001278317	0.0608406
0.1353895	0.08000041	0.08368824
0.004217632	0.03591607	0.01583162	0.1923238	0.1112483
0.1304974
0.090256	0.1457015	0.1162851
0.127388
0.263575	0.0842162	0.06994952
0.1165143	0.1799794
0.08014948	0.05163746	0.1180179
0.09915989	0.1170898
0.1510605	0.0497343
0.124829	0.1104657	0.2278402
0.1543513
0.05077236	0.2473693
0.1429438
0.1601685
0.07900992	0.19221	0.0737541
0.02945768	0.1159522	0.03102809	0.1497797
0.1077791
0.2980757	0.1415281	0.01643969
0.01353331
0.09107066	0.02813492
0.08066175	0.02109492
0.1904153
0.2148502	0.1729467	0.06257226
0.06496793	0.09992621	0.2045841	0.05144689	0.08143787
0.1465707	0.007012302	0.1058037	0.1499883	0.01167683
0.1106841
0.2177746	0.02994475	0.1367642	0.06403817
0.1771498	0.02936431
0.1908842	0.07790152
0.1116331
0.1013386	0.05557653
0.146387	0.01733019	0.09927795
0.07534981
0.1908232	0.02675583	0.1548379	0.1245621	0.1596756
0.09157574
0.138888	0.1349624	0.1895848
0.04424468	0.06961835	0.04633762
0.1340044	0.1864871	0.0287341
0.1937508	0.1479458	0.1740948	0.05198759	0.1146197
0.2655578	0.2292612
0.1328806	0.06194536	0.1217484
0.0817114	0.2969906
0.0978197	0.1353701	0.1369893
0.09235509	0.2267388	0.01751664
0.07453493	0.3121225	0.09043066
0.1146745
0.1608524	0.1821712
0.1666507
0.07072095
0.06084837	0.1122017
0.1306831	0.004135554	0.2442536
0.1556204
0.1716775
0.1487828	0.1046687
0.1169224
0.2574087	0.09573526
0.08611604
0.0951603	0.1884194	0.08454382	0.1489462	0.007531408
0.1056588
0.2216612	0.02450064	0.09668972	0.1062074	0.03565804
0.2520984	0.03947768
0.1845858	0.06700877
0.04561508
0.128301	0.06921714
0.04064815
0.2327074	0.05808215	0.01798042
0.1427252	0.116501	0.1364407
0.1239016	0.04657276
0.00210564	0.08101385
0.1011265
0.1312411	0.1035215	0.1430611	0.1737354
0.06786194	0.1834765	0.1318516	0.008952058
0.09774632
0.2001314	0.1440574
0.1216325	0.1037507	0.03063617
0.03806424	0.02154198	0.1142361
0.2283237	0.08648997
0.1246402	0.1191183	0.2153521	0.06205111	0.1062262
0.2004055	0.09600803
0.0110081	0.1075713	0.05038021
0.1311418
0.04844519
0.225335	0.09120153	0.1671254
0.1378623	0.2680663
0.1530636	0.1294335	0.2490516	0.1440796
0.2273658	0.07627038
0.1899502	0.100135	0.1871393	0.07460271
0.1027272	0.1904954
0.1799604	0.09916902
0.2019093	0.09729914
0.08028511	0.06107706
0.099484	0.06965755
0.04594064	0.258512	0.3010106
0.05711856	0.02922494	0.1637445
0.1246924	0.01758903	0.007962671	0.2502755	0.1070622
0.04186811
0.2157578	0.2173544	0.09537727	0.01178155	0.0144918
0.1313177
0.1277411
0.1167562
0.1833537	0.1642484	0.09779212
0.08756152	0.1626385	0.03598297
0.1619838	0.05393113	0.07003397	0.02052131
0.167787	0.04695225
0.2721567	0.116681	0.1495488
0.1617171	0.1073809
0.06456481	0.2545741
0.109644	0.3072444
