ExtinctionRateChangeTimes
61.02166	36.77341
2.502032	55.41669
60.05864
66.13807
22.2711	63.6241	3.08179	62.99464
23.48467


15.15001	31.07179
10.37026	49.59127	42.69438	42.54562	35.29974
54.86282
65.65845

16.91585	52.08626
62.65708	46.2711	17.29969	15.39516
55.12701

44.74779	42.80022
21.72792
50.21031	41.88733
38.50101	4.446279


64.88956	27.65102
16.46509	5.727682


4.487475

50.20486


61.98749	0.5144605
66.04455	15.92128	12.70265
58.06891	25.57646


8.208687	11.5947
66.81376	44.21431	58.55424
32.54656	31.43181	7.67109	45.9332
5.257985
44.83552
50.0461	46.65637	21.80055	46.76041
46.05301	6.499839
67.37379

22.67833	7.33635
27.30274
59.79201	22.15941	57.87595
51.67061
56.07389	55.35421
23.13858	6.336571
9.082897	37.19331	62.61135
38.21088
16.84525	67.23875
52.7156	57.91677	34.92503
47.0767	25.83448
40.73312	50.66289	40.84246	14.74594

28.29489
49.19246
52.74122
23.36669	11.67635
35.89932	28.85495	22.36336	16.62263
29.00242	39.10707
15.72116
10.17109	10.17097
55.11978
18.00408	37.37758	53.59707	50.8931
56.46063

66.86703	6.403455	4.76625
25.61986	66.06163

49.62026	54.98969	64.82629
0.4877599	17.40773
16.86841
39.61132	15.6481


22.33459
4.86355
39.65446
37.95734	24.16934
16.69795	11.26489
11.72082
61.38985	41.00672	50.08251	39.40987

15.78617	62.61362
30.25348	31.36549	16.8153


0.6770627

44.9348	7.363753

28.55361	65.48706	30.59149
57.32796	14.31479
56.72604	33.19748
53.29413	66.72818	32.09583	64.96065	2.522692
35.07522
13.5848	46.19981	42.20347
39.62792	50.76884
1.495384
5.115922
40.03545
38.86584	29.34252
46.67508
38.85849	14.19874	61.68583	26.24644
26.00997
42.93203	13.64082
43.12037
66.4043	18.91482	7.629844
24.64984	0.7258474	13.88812

22.12214	67.10865	20.35932
9.594178
0.839968
34.71897



65.66603	14.31195


23.185
2.299791
0.7194995
42.9256
12.61758	67.09995	54.6559	7.646851
20.32995	1.239143

62.84389
34.34223	24.16105
56.08873
20.8147	4.263855	59.89629	67.62232
63.52486	67.11389
50.75148	5.457632
5.519932	3.600496


16.73822	61.22226



40.70959
38.0372	57.48055	29.2685
58.41047
58.05958	9.922148
23.05258	39.73364
7.154792	16.05334
28.9947
8.909389	44.62361	27.47088	49.71257
9.196558	34.06901	7.446615
27.02535
13.69193	57.46886
34.15076
24.79282	14.44964	16.97242

42.04915	2.145693
3.285615	53.63601	39.75493
57.7786
49.1162	63.29913




63.67053

5.393274	35.73321
6.814583	3.759674
23.12893	6.964072	61.57699
25.37703
38.27457	40.4889	27.66341
13.77529	3.798122


10.84412
58.29143	40.5049

21.8873
18.91323
12.63902	17.02712	4.265333	15.37085

33.40843
46.59147	10.5175


59.99273
31.64672	16.01495	9.704819	30.14662

24.13021	55.55033
32.27386	20.3231	47.83385	21.79782
0.3184985
2.261956

55.22526	36.17397	45.82498	51.17774

31.27294
56.63964
60.74299
12.46365
56.45616	37.98347


59.21904	55.2457
44.50971

61.83136
62.38725
44.24847	56.35213	46.37023
55.18994	23.32944	6.157067
14.22958	65.88242
60.603
3.69382	59.41832
9.036406	14.30098	67.15215
56.46458
35.74563	56.53719
55.69482	9.074091	49.82471

39.16553	22.66094	63.89638

49.67136
1.617272
32.50254
46.00556	37.01851

63.1753	38.43732	10.28908
61.01946	41.41895
55.43585	65.41969
11.64297
33.8874
30.71174	7.751267
27.34487	1.839668
35.95675	61.46582
11.63658	67.03693
42.85524	4.304774
52.46688
47.71291	19.82095

41.06105
20.52139	44.71231	28.43569	57.62221
48.72737	59.81341

24.94511	39.24604	15.48334
12.77176	46.86226
43.13661	34.64875
55.55724	20.89853
30.38169	13.53684
23.71548	11.51296
4.342165
57.29314	61.48655
15.18596	18.69179
0.006895324	50.89747





17.27692
58.94598	40.37883
40.56599	49.41976
47.77076
31.49491	66.77365
27.88386	63.32226
41.06306	24.92788	5.958718
55.13676	5.419235	16.69063
60.58733	26.42031	57.93249
12.87986	34.08104	16.8519
58.79211	45.50629	57.14852	15.7903
50.74133
11.03963

33.47028	47.81832	19.60551
38.2912	4.271942
7.397542	25.82282
20.2198
2.935005
32.55638	9.710175
8.86974	40.7512
63.46182


32.99243	41.40981	13.6082

53.03895

15.19869
3.475013
65.94411	2.545349
7.144817
2.597677	66.41223
38.14859	43.54153	62.12462	18.36158

12.74471	42.07509
6.802753	64.22998
20.43212	17.79347
51.51154
60.01931
38.4258	59.95535
20.86895	10.36254
55.1633
10.68864	52.8417
30.35388
62.03518
3.020473
49.12068
13.76466
47.1058
23.79393	31.96364
55.2527	15.14429	9.054995


23.33	30.40222
22.19919	12.40609


6.214274	60.80236	2.72969	13.36687
6.931207
30.85422	36.66494	16.99811

4.67183	3.655675

8.939525


62.69381
46.70918	65.55042

48.22188
35.28913	63.78834
32.97262
38.69695	8.877728	29.1252	15.36299
10.6571
21.23067	28.55655
26.63662	4.514226	46.39136
31.86394	66.11445

25.11522	26.36961	7.486867
54.28707




53.56794	13.19079	47.52824	44.75305
50.04837

38.90277

41.58542
46.50926
13.6029


4.524906	52.12445
42.51624	32.13042
3.93076
61.63178
66.1225
49.9343	13.88731	21.13208	56.75264

65.45434	6.588862


59.08151	45.22398

32.32891	44.87391

47.44437

67.82085

61.56183
37.85802	33.40863
22.85317

41.54094	17.82265	37.56048
16.64318
47.9865

42.46082
28.88344	12.49355	9.237221
5.945396	35.57532	9.468355	31.82939
54.20961	37.12811
55.0181	59.4251	26.81943
4.785119

59.52909	59.45245	33.45597
15.53721
33.94056	1.342521	29.11432
0.325115
17.40228


57.54124	63.41685
56.18221
66.10099	33.42105
52.04578	42.0099
22.31376
5.615227	32.17071	15.78494
25.21108	1.598547
38.39731	47.75502	19.50463
2.704608	32.54475

0.4532343

22.80686	14.91403
0.9805361

51.67608	52.3232
43.99566	52.06124
54.90832




13.25442	40.03466


55.70625	63.99849

35.53403
19.30402

25.71841	63.0992	12.41856	53.90797
47.60785	42.21706	20.17856


7.67017	58.51603	65.21553	3.447083
58.44665	61.72379
42.88
50.89663
34.43532
55.53186
25.80515	21.87766
40.55125
28.93757
35.00647
40.11926	5.57894
4.248261	25.97696
52.37983


23.90845	29.92443	16.70219
34.6043	4.230059
4.626197	17.95005	41.89276
64.71824

11.11623
30.40291	4.060773	57.00079
66.40097
35.77927
40.50161
9.164793
27.96389
58.67934	42.09297
53.96337	0.9581485	25.58768

51.04531	20.80455
39.35714
16.41657
29.24057	21.22144
19.1357	10.11519
30.91339
57.25011

13.02618	57.97031
9.899227
33.7811	23.5606
19.05603
34.5069

29.67167	14.86315
60.35887	19.81361
58.3931
56.34467
67.67673	14.9591
9.835555	25.8029
10.93384
43.77607	13.02494
54.14033	48.08438	32.20431	62.43012
37.16596	24.63798	59.08341
58.60709	41.81184
27.8378
2.642227
7.333435

51.59495
27.67219
19.69323

42.13715	63.17701

53.85162	34.85633	16.7614
17.76423

38.34352	57.51947	19.4192	42.64014
47.39008
42.43924	22.02823
47.55851	11.37662
34.43866	31.48495	12.17326	51.16905
21.399
42.42936
60.17905
6.823152
59.40493	17.83265
17.8372
65.74157	56.66837	0.06947322	43.54644
63.58609	56.63349
43.73861
18.37368
59.61016
52.9391	60.70731	40.36674
23.28065

10.15961
6.064382

42.32226	64.22889

16.86851	36.04465
50.10402	20.37689	47.10743	43.09938
9.49542
13.34471
55.53616	6.558944
29.21239	55.93166
45.70564	65.87626	19.81735
65.90817

48.53845
13.54657
51.77123	0.2634329

42.18353	31.66643	58.90624
58.75403	53.35939
52.06082	11.22054	47.26286
49.20627
1.992926
48.74008
61.9797
15.21016

40.36516
6.96882	40.51845
38.7304
41.53367

56.83506	60.90885
40.96609


44.44549
30.12798	3.070626	13.49578

49.15549	35.33112	50.83019
49.9258
65.95597	59.3012
46.00555	24.50594

39.78982	16.8346

35.91599	21.40805
37.8378
56.60441	18.02518
31.77501	15.66147
27.39599	33.76701	38.95916
66.2626
57.06573	15.26316



50.056	39.99683


56.29082
13.45711
35.1757	0.4317644
43.45046	65.61804
4.842371
22.48094	6.933388	8.103164


45.705
3.779111
46.63601	25.83368
53.8711	35.29229	24.03197	67.69648	12.12217	15.70467	16.15502	5.362113
50.516	61.46605	3.05869
62.18496
52.70795
49.67362
37.38661	18.70745	33.32225
54.89663
6.493289	60.91841	35.39257


47.71022

16.84517	60.72494
35.4541



32.74756
1.592716
57.14369	41.99751	54.84092
0.3993227


58.15333
38.73928	12.80474	58.1201
51.46105	46.71353	20.12836
54.56447	48.53015	59.66214	6.68559
65.88962
31.75306	67.38093
55.36738	1.248445	9.269036

16.06949	5.414991

55.61243	6.646654	4.654138
30.82022
17.4034	23.05093

45.2089	44.38891	41.03128
63.11076
38.17066	53.43081	42.83154
11.30112	30.89202	60.88628	16.16933
5.58567	56.39634	26.43526
37.81191	29.21424
53.6942



28.00359
16.20565
25.18056

12.91845
15.68919	63.10522	16.12661
12.18945
33.96608
63.29052	37.65727	55.39125

25.82726	17.46079
59.80624
44.7853	64.27665
59.76914
4.814404	57.85889	50.91884
13.59604	35.67667	8.735559
26.18921	25.80718

38.05312	27.07856
46.93113



23.74296	38.61612
31.2539	28.55214	38.54608
64.21182	30.0449
35.64713	62.8849	50.05709

46.68193
38.44303	65.75299





8.819323
21.04711	58.80301

42.89879


18.80753
66.79269	51.6436	2.02232	16.85774	43.98119	5.74307	29.16564
47.4455


50.93063	56.54898	45.04076
7.098168	56.99345
39.24367	17.65484
42.95226	2.46546	9.352896
20.472	3.19169
50.55678	47.51458	28.31827	39.6806
45.57712
26.41027	39.3327
2.803423	23.36502	19.14174
66.2588
40.26268	38.23621	50.14387

27.22418


46.87442
31.82356	56.02735	31.0249
29.3606
54.76303

17.93916	65.83773
18.74299
22.60109	62.00231

49.37857
19.23706	43.65266	25.80423
33.64203	38.10491	7.426233	16.50432
38.68965
20.27732	49.25988
36.35818


59.58927	60.34217	28.44383
20.76253
65.17147	1.318438
46.09719
14.62724	45.41119	64.05313	33.02052

13.87503
57.81694	9.721023	61.98706
63.84059
12.33639
22.70118	28.79816
61.47049	14.07987
49.18201	4.308032
57.48403	59.65259
23.18734	15.93199	3.114527
25.18187
0.4916795	60.37916

11.08233
9.605663	64.13485	54.17726
18.83618	59.45738	45.61594	23.85754	43.46974
63.96346
58.89069	63.89277
30.02948	18.93181

64.98218
35.49968	5.244426	57.23355
33.34265	11.23032
28.34731	17.98857

41.18818	19.05868
12.11828	65.03512
18.39351	46.72665	2.677545	54.17958

65.6264	44.78577

32.77278	10.11919
52.75585
21.76556	20.92566
2.549421
43.10321
27.80239	25.13837

65.51324


41.81449	11.43634
37.43231	26.54553	63.1277

28.2675	65.08883

49.7446
2.67695

58.50519	48.9304
38.41542	15.94538	67.34311	36.46466
27.68353	44.33157	58.06916	49.12956

43.73932	13.20521	28.72364
32.50152
20.18303

60.23393
37.80189	49.41019

38.58936	22.50662	67.55235	16.70617

33.19049	61.70326
26.98043	11.4172
13.27825	58.06696
24.38464	37.63269	16.61141	59.94448
23.61593
52.50101	42.22041
56.90372
7.154046	32.21011
53.49766	63.73974
56.4662	38.40477

58.46292


36.81329
45.17796	44.13559


33.16525

19.62823

61.73136	55.56115	24.5318	23.96351

20.5	58.68137	17.05584	38.37377
16.01479
11.73248

48.70998

40.18018	38.4633
31.64035	27.10497
52.60036
16.2612

47.01526	15.83695	39.15952
60.17094	12.66721	0.9295422

8.23144
45.72758	29.80307
46.84039	14.74401
3.620398
50.86854	59.38623	23.00349	19.22412
13.63757
25.38205	20.2854


1.274407	63.56259
55.84384
21.17253	57.72236	52.86186
66.76456
9.221906	55.482	3.313217
5.63931
12.99501
28.9257
61.40138
49.8471
52.7704	52.06706
33.87233	50.13285
29.49607	30.78137	61.10507	57.03245

25.36318	27.88031	13.08133	55.38723



6.226261	35.87217
59.83301	7.281091
25.56448	33.57062	17.03912
58.66722
27.3316	12.10716
21.89493
8.377843
22.31898
