MassExtinctionTimes
64.63177	63.16321	35.71282
13.99968	35.18643	24.18747	40.67412

64.93456	20.17326	34.07433
26.01089
64.50772	26.23646	11.35189
60.6753	35.03476	62.32887	62.47632
63.0463	8.872254	19.70326
63.0463
63.0463	52.01285	17.83687	63.37021	53.92087
4.467119
64.24329	6.559175
13.45855
8.996943	63.26728
64.46884	27.268	22.64699
6.314263
32.83605
21.11476
44.80549	63.64166	46.73336	12.93281
28.3513	63.33865	1.121677
62.99987	32.07269	28.08663

35.53389	9.039383

59.06414	44.60742	10.9327	34.98286
12.11727
20.86153
23.24049	46.57494	0.150337
22.41096	63.36731	15.49753	19.74957	58.84701
61.55715	59.98896	25.42001	66.62609
64.61671	12.74832	26.96064
62.81205	2.524537
1.793367
7.506253
63.81313	43.87187	10.88723
13.77967
28.43537


65.49814
12.90866	63.20997
62.58869	0.2133893	14.61661	58.40999
5.474719	26.23139	31.18257
61.49214
61.03582	28.24941	10.84279
4.49248
63.74764	20.02953	39.14932	19.62592
37.24537	52.78256	26.73794	4.822385	7.840623
63.07836	17.66014
27.91881	18.26847
63.04678	4.716695
21.99273
63.02057	6.527757
63.02057	20.34309
63.33765	28.09818	2.776053

62.5428	35.67237	50.61846	10.66311
62.93607	29.61646	36.97128	50.94629
64.94131
60.36014	30.64378	14.04628	11.15716
64.63383
61.72724	13.52775	17.46669
6.613989
9.573911	61.44134	14.11398
62.87767	14.46924	38.67933
62.88901	33.93596	2.372016	44.9832	63.84757
62.88901	34.88139	19.79765	5.86601
43.79414	58.19815
61.73944	58.68064	27.70145	57.84752
62.10369	61.87342	44.27362	30.08661	2.52934	17.81512
62.67613
64.99268
62.82674	16.10289	41.47043
62.17477	59.42898
55.57868	62.47151	7.935971	9.765611
62.72464
20.07558
62.61479
18.73342	65.77109
63.4613	21.40329

61.75132	13.29662	37.9876	9.50622
61.75132	1.157102
63.21385	22.05935
63.04517
63.04517	14.01898	13.28985	56.1097	9.919404



3.509341
64.8921	11.65672
8.382656	39.75077
29.85667	11.08175
10.31452
24.57275	9.272011

28.66951
16.30095
13.25797	11.54534
55.66236
62.51329	24.42762
30.37349	60.87905	8.554589	31.59195	0.006393675
59.96915
16.56631	24.26508	19.78615
61.50997	12.42351	29.90602
25.30083	63.66214


6.100521	32.18659	63.08778
64.45309
63.72341
64.37464
53.64424	13.09882	57.82773	63.7661
37.61901	45.11888	13.37362	37.02671	50.96009
24.00515	66.05708
39.25043
62.5287	14.18053	15.91458	58.41276
64.20685	3.866772
51.48874	8.947697
64.93029	45.71605
61.57416
63.0037	23.89081
62.52879	61.85246
41.54426	58.46283

63.86121	21.36438
63.75534	1.923208
64.02202	50.5158
39.13313
62.5277
64.6084
5.531932	11.09032
22.30504	9.961184	62.44594
65.15709	10.78838	28.48113


63.11698	2.480167
62.18673	9.151261	35.58968	38.01933
61.57948	3.594221
62.98143	36.48872
64.37311	12.69188	6.201012
8.624215	13.92376	52.30122
13.0073	5.397901
48.06147
35.5875	22.62817
63.03519	25.37552	19.44271	38.0773	44.80892	38.98041
62.91188	37.68409
15.97529	15.60727
62.83794	30.85019

27.3057	60.3903	32.76273
42.65952	63.94979	29.64289
53.11571	8.026485	5.602276
10.59545	12.04592
61.99559	67.63319	62.49148	7.7221
62.48142
62.99077	28.49161	12.22458	10.37704	3.049761
62.51602	21.8465
63.04259
62.65976	13.0739	9.20637
61.6373	48.51144
40.15818	35.60203	56.40506
46.34133

3.090672	62.63871
63.36587	5.46504

63.93511	63.29175

15.40487
63.42466	53.78175
22.90972
61.84887	64.72562	45.78572	54.24877
67.43555
45.90048	37.21933	27.32469
60.70858	23.06594	54.78506

62.32133	37.56242	47.66805	46.23839
14.82742	10.38657
40.65303	1.025441	64.5427	59.935
64.53985	67.11219
62.46569	9.666526	33.91669	21.98874	44.07065
39.91368	65.82717	60.67048	27.97001	7.287603	4.749999
46.15042	64.71707	28.61954	36.08916
63.02896	46.54916
63.99056
64.57748	59.03109	23.58601
64.64769	61.73927	36.27524	55.95895	40.90056	16.78186
44.87029
64.51466	40.27631	11.44011
61.9153
60.34093	67.67291	9.679025
64.11125	21.19522	60.33685
10.16769
66.00356	46.7599

44.93704	44.73363
58.6088	64.04153	10.3529
60.82459	61.70024
61.70959
63.90021	40.63818	10.52019
14.46936

26.47744	64.02644
61.61877	9.87628	23.5145
15.01233	61.66466
27.30737
7.346893	55.96054
19.57184	58.52266	2.518396
61.91324	47.75161
61.3979	3.484633	10.52769	62.28721
61.56019

61.91954

34.22789

64.24665
64.24665	2.355731
0.9316041
64.60295	14.88908
59.93112
60.61534	43.0069	22.58916
63.66478	26.67053
1.632377
64.22609
64.269
64.99593	7.212256	12.15669
12.33312
36.47803	16.28863
66.17541
64.34244	23.30302	20.01201
64.34244	17.60653

11.47483
21.21457
10.37891	52.23815

62.34555	34.94136	5.079911	24.03982
64.15456
63.29489	34.68545	19.43201	51.98248
28.48615	46.71883
64.19884	7.987972
61.87866	55.7891	39.72357	5.436611	9.131676	45.20393
60.85757
60.72843	2.855222	27.43319	26.42226
63.69002
35.78121
35.44744	36.64309	53.07251	57.6528	10.20788	8.683635	64.01683
47.33857	37.36449	26.42761
8.144892	33.04296	64.80543

34.18017
14.47891
27.82924
63.4407	27.24943
61.65752	24.05928
62.79404	22.05566	17.67406
63.35408	7.931646
63.59847	35.87162
36.37645	56.38143
51.47047	20.81686	7.99974	35.9184	60.47269	6.044394	27.95439
17.8358	19.56804	57.08544	23.17997	20.50488
14.60854
12.53194	12.89294	2.075469
17.3002	11.79707	15.67386	62.49772
13.66477	3.541843
62.10901	24.08011
14.00117	18.44512
4.44487
10.4359	26.84461	65.33758
16.89707
57.83595	24.98048	14.41239

14.74709	8.170935
60.22974
64.74927	38.53933	8.336995	43.97262	62.90729	59.39687
60.28152
62.58558	11.08594	26.00767	29.76036	13.49687
62.43229	38.88939	24.85852	14.19213
64.15416
61.52902	24.07506	3.063055	26.04446
11.5535
62.63155	55.51668
62.75145	24.47321	33.46259
32.06708
2.554639	26.23295	3.572129	65.65747
65.4148	13.9649

42.19802	59.66658	9.978595
10.21088
31.30816	62.33031
63.47887	0.5286437
64.27014	64.91108
62.4165
62.63532
62.4087	12.34412	22.99892
62.61464	5.891601	28.84446	8.394273

64.13304
62.99711	43.2083
64.36765	34.61662	14.70812	37.27342	63.70373
17.96568	46.02906	31.65421	19.09069
63.9671	64.10172	13.84582	2.436231
62.31545	19.47936	5.374951
62.81957	5.012794	12.11824	60.45968
62.80278	33.30252	38.48774	9.056635
64.37559	35.88347	27.29355
62.98269
62.98269	11.97866
62.98269	65.05804
62.98269	60.89508	37.83971	37.08141	20.50329
64.55252	64.34179
58.32771	40.95766	18.19266

18.51611
64.48582
63.46686	11.12542	48.18398	61.53717
22.12404	4.967357	56.76913
64.95893
64.23993	12.99413
64.61173	51.03753
62.84141
62.71828	13.96754	25.84649
62.6876	20.02956
27.27289
64.41808

62.93635	53.27962	29.27497	7.911367
0.8416936	11.88346
0.2078714	4.444053	56.36107

62.81525
23.36779
21.81782	8.484025	42.0631
62.43922	14.23715	7.276578	39.00627
63.78316	61.97013	20.68745
61.17214	62.53174	18.20492
64.20059	39.88664	9.39399	25.7541
63.01592
3.737808	2.041109
62.81272	15.74024	31.87057	4.211117	62.92523	35.35801
57.00116
63.60587	17.9223
62.48885
42.97291	64.79143
7.550248
27.43433	3.579708	34.09561	7.695365
5.70596
29.47316	28.96685

45.61576	33.54101
19.35046	5.433226	32.64783
62.5276	36.34077	2.380963	0.6646859
38.35074	63.36087
40.71527	43.53401

64.16861	18.8666
60.8679	31.40608
64.55414	38.09176	61.48422
62.55075	49.96398	64.71633	28.17305	14.18003	61.56881
63.68372	13.99547	37.49766
64.62404	7.304616	4.47624	18.81602	2.373854
62.01264	26.80333	50.83322
39.81827	36.98412

62.79464	36.86498	45.91687	23.619	24.34011
63.08724	35.91907	54.35602	60.27843
58.06166	12.61041

61.09773	64.9622
14.57183	64.07247	4.388292	50.71117


62.5354	25.92829
10.91548	12.42881	7.320253
39.44026
13.49577
21.73921
54.60189
62.24983	62.28987	44.10165	64.90115
61.39525	34.04351	14.09434

61.48838	5.017748

62.88609	25.32643	46.97407	42.63707	54.5473
29.26278	4.248459	36.64987
62.825	8.519665	11.21261	47.28173	38.27528	52.54566	17.58871	23.32855
61.90803	34.55113	0.6395557	40.10233	24.43317
61.75519	28.03896
65.0291
3.325187
62.55326	13.14908	7.572983
62.51161	21.64532	56.67612
39.2852	13.93642
10.34914	42.06911
34.63743
8.503727	31.49693	5.239601	43.37542
42.96676	33.71208

64.36473	39.90108
16.16843	61.03048
16.61749	55.26987
38.98864	22.20531
0.4763247
64.2415	36.28889
63.55953	24.59876
42.23862	10.21418	61.00076	62.4973	34.79635
62.80883	55.65838	24.06489	7.63196
63.1879	64.03345	5.120431
64.47085	49.92326	63.74119
64.69136	55.76998	10.15825
64.73956
27.22335	19.96328

9.106829
22.27409	36.13064
11.74509	9.331634	11.25219
5.938947	63.32337
3.137528	36.70009
62.02033	32.82241	11.31645
53.055	6.473926	7.058908	23.27572	2.986984
22.13299
61.49091	16.67753	61.55592	14.25658
56.14838
63.08754

22.35563	13.94637	5.76152	33.24466	64.26339	47.37844
61.46592	46.92737	38.11584	31.7265	50.29367	7.679715
64.40835	1.932771
62.40875	55.71639	37.14844	3.732398	32.89499
64.22054	48.03881	10.87011	23.3957	42.71394
62.10342	9.933285	20.6885
62.88986	1.297102	22.38674	14.36891
62.88986	26.15669	63.53443
65.9966	35.86369
62.2513	10.81517	32.58413	25.03221
11.40857
62.55259	60.61102	25.72934
64.12029	4.359908	26.75848
64.12029	61.58593
60.13133	20.83476
62.01145	13.3982	30.51621
58.63486
63.62969

62.01743	34.71341	42.83537
64.95234	52.76914	35.50639
58.0328
9.762905
64.57088	50.19656	38.96451
64.59736	12.11286
2.04839
62.75853
32.86573
25.70521	8.956531	35.07258
3.385067	44.39159
64.4147	46.5707	7.562666	33.73811
60.87422	13.09208	44.28271	6.140509
26.23644

64.78375	38.17022
64.38374	13.55192	51.64836	37.34226
64.29399	59.5481	3.340323
18.50914
64.36558
62.46412	62.27153	37.7657
3.930302	25.17016
63.53139	40.89139	64.01009
63.53139	27.186	37.42626	5.041681
61.80852	5.627089
61.85912	15.00356
12.85628	65.53414
64.70152	33.38908	4.251381	64.3419
12.72852

60.46722	31.86866
54.1313
46.91783
59.4743	32.9978	3.033677
32.95207	7.761237
63.66545	24.0438	14.45069
49.82704	59.42366	53.54929
63.28468	13.99123
63.15656	7.092769	19.58208
60.78338	13.09109	28.51413	64.05189
65.03533	55.63378	23.18455	34.1484
62.91444	12.80064
62.91444	12.00078
36.04607	56.97216	40.15875
58.22482	39.09242
1.092321
63.07596
19.06653
34.96899
61.48814	18.88218	39.87856
39.37945
11.63073	64.08703	9.990875
63.99852	8.252829	60.569
24.76006
63.02144	21.75909	7.205314
48.32355	62.61876

19.21218
16.87411
26.10768	15.07274	59.69026
62.35476
62.75831	2.388809	52.84619
61.95106	41.69016	61.16663	37.72739
51.5753	61.88109
64.1786	52.13022
60.62405
62.844	30.86129
62.844	28.84553
61.67693	62.39512	34.37683
38.9131	49.15828	9.649941	35.80636

13.27326
62.96015	34.95059	34.03058


18.42046	15.2733	51.00187	28.32841	46.54789
64.0978	35.9191
62.66938	13.72876
32.03766	30.10171	28.12547
27.61459	56.6143
16.71711	35.20784
62.07708	58.94501	62.32969
11.20471
62.45236	8.383123	53.47656	11.29842
47.13302
10.45132	26.78547	3.086734	27.10112
62.79367	5.464037
26.48293	39.89172
33.26168
13.99671	64.47027	17.04011
27.81396	35.97874

35.44741	37.15033	23.42335	40.93537	13.97357	19.35923

42.91748	3.727412
64.89815	31.13819	59.34681	33.46311	9.947329	13.05971	30.94258
61.7427	41.51481	37.93108
62.70162
62.29774	37.26619
51.61947	14.38105	59.74042	7.735165
62.6142	7.266355	12.42071
63.19917	47.23392
64.24699	14.53327	5.022746
63.81866	9.988122
64.77473	6.501319	31.29307
61.45682	60.38184	54.00529	52.85496
36.8772
31.98	12.28679
6.894401	35.12385
27.19613
38.36948
57.66154	32.21794	45.72845
21.59766	12.44789
3.407229	14.14998
60.94885	5.343585	31.93487

59.87957
12.01413	61.77405
5.5903	4.282027	66.44435
63.95034	37.41583	9.497761
64.09434	64.63975	27.44073	25.06987	55.78209
64.09434	62.79751
62.97147	14.63682
62.97147	64.81201	27.74052
62.97147	9.559783	39.62579	38.68086
62.66637	22.66037	4.915778
63.99004	16.8844	30.14273
59.87634	9.511584	7.70585	10.16861
3.239552	54.13567
59.12559
60.65788
22.98295
39.55914


61.51857	26.28681	9.641391	13.58855
17.62392
29.39305
7.130174	22.07644
10.4857	44.24904	16.98706
3.178555	64.65107	61.60865	47.26094
64.65107	39.747	21.82205
63.02861	21.23189	63.74279
64.56473
62.95743	46.54131	33.43565	62.70713
37.67815	15.98977	59.97436	67.26049
34.56011	52.46188	57.68687

45.37251	16.88013
7.568129
64.59278	62.83178	15.41288	42.82817
62.29417	8.893857	14.31866	34.18	0.1274301
32.87828	13.51474
24.0546	39.2397
62.69073
64.17415	3.951265	30.19398
63.59561
13.86763	64.13892

36.6561
59.47309	14.20241
62.6661
61.84678
61.15297

58.01154
59.92083	62.53609
34.41149	23.53551	20.6277	35.58147	20.83719
7.19849	28.00348	12.53583	28.94587
55.45038	37.98779	27.92009
40.17615
64.6593	12.69079	12.26034	45.44179
33.29671
62.57602	41.40344	39.24679
28.33645	0.9616895	64.67578
60.66113
62.3494	3.067903	24.10302
62.74603	17.09955
36.11411	34.97892	60.27037	28.13884	10.93923
26.49257	10.5453
32.5707
3.764194	44.81999	65.39587	14.67002	28.82081	62.14237
64.41071	51.8771	0.3527908
63.85589	28.45973	10.49753
62.35203	9.987904
62.35203	20.59495	45.45135
63.08405	33.78825
13.12763	1.914178	37.75951
24.4852	6.69491	61.70487	17.49986

47.72316	59.64177
61.65709	62.04708	2.951609

24.17138	61.89842
41.49021	44.27501
32.1386

25.59851	34.38867
62.56396	14.87958
62.96864	12.48193
26.86805
58.34768	62.94553

47.91149	47.29394	27.71003
21.04812	32.73278	0.3314444	42.33635
65.59735
2.933468	53.87268

34.54072	52.7021

63.49373	29.62899	43.01593
9.516373
63.5936	15.94613	43.48402	39.0436
12.17581	48.91873
62.87372	60.19882	42.3408	20.09913
62.73471	29.00866	0.9187599
57.66986
19.44267	41.04498	7.984829	64.38448
61.96622
62.28123
63.92364	46.69483

58.93376	13.41113	57.55365	9.692766	35.33419
61.51735	26.76898	3.125609
64.64105
64.18905
36.70938
62.03162	39.15021
32.71607	30.69068	11.75668	9.516553
64.55914	61.05581
0.9715588	12.64484
64.56126	54.03749
14.3427	56.58787
19.21584	51.84278	38.86023	1.053132


62.82662	20.87515	6.369557	65.15661	57.32167	49.75639
63.40965
25.32729
64.37364
64.74321	32.59614
26.47119	27.41569	45.05325
62.9733	18.22626	63.35001	54.34269	25.53983	11.53313
24.31755
6.718823	65.87393
64.45143	0.7977727	33.2956
15.05056	36.06121
43.55347	0.9256172
31.09245	41.75611	8.85949
12.58988	39.32149

6.237174
62.14151	30.2134	46.4491	3.517619
63.69005
63.90877	28.28589	65.09535	37.53827
62.21295	14.5271
4.788728
61.44312	28.56291	64.38948
63.10023
62.48907	45.23992	34.75082

63.53602
63.37891
62.38076	49.22537
62.95413	10.34045
62.54071
60.99027
63.00032	13.83075
64.96771	53.46968	4.126329	62.72865
62.71152	37.20216
15.12321	61.18722
29.14964	14.43525
4.289944
46.63956	36.41062
1.276842	51.79883	36.72115
61.91191
62.46412	38.80508
63.98968	32.21121	14.62672
60.99146	39.41512	25.20139
57.93834	5.872839	4.785354	48.37891
64.8049	4.764912
27.18501
62.65443	23.24657	41.45526	1.448303
64.57941	27.88114	55.06011
35.37997
62.1807
64.55135	9.897098	5.001409
62.84526	43.61795	36.45429	64.73787
5.73595
62.94791	32.2114	52.26896	3.150199	28.23189
62.94791	12.72359
64.01933	35.96261
64.46307
60.34775	6.115189
61.37441	13.14083	5.859108
35.68622	21.65442
62.39533	16.25078	7.526704
62.34634	55.38041	54.45478	63.20764
15.57513
13.77818
62.43626	18.59948
50.65689
63.03181	23.25732
63.03181	23.44704	64.63752	5.189508
63.07294	28.38802
63.49886	15.39823
64.15273	36.49238
54.66232	38.15167	61.24215	61.80564	46.95602
23.2553	59.15026	18.17389
63.61708	12.59946	26.19511
26.13234	65.05485	20.30465
63.2922	30.55874	27.65394
63.00995	0.6157559	37.38272	43.83009
62.22692	35.82839
59.81534	34.17555
50.69656	4.219909
44.08015	37.17604
64.66829	16.30867	3.913141

64.21155	4.841679
62.06618	59.32413

62.96031
62.79499


16.55805

11.40972	46.04796
63.31991	28.18279	58.10783	27.68773
21.91664

62.94553
63.49927	46.82027	26.47816
61.73803	66.28096	26.59734
63.63976
62.63682	13.5026	46.54518
44.32194
62.1086	20.45855	60.20374	2.750079
12.33881
64.03838
55.59473	10.05049	10.5248
24.5176	38.97313	61.35194	14.16041
64.34595	63.63817	39.39785	5.118868
60.62823	21.1101	14.95663	38.26308
61.86273	0.791377	24.43505
61.4736
55.80736	12.86026


62.72765	27.47419
64.35575	40.0286	22.12786	8.31499
8.510755
40.67545	56.2727	0.2395672
61.39169	60.18175
64.02293	26.02038
60.06635	61.69568	63.68195	33.15731	15.27075
63.1065	0.7004547	54.89784	23.50881
35.58529
63.13173	4.819958
64.44418	2.882133	33.58834	61.35697
64.44418	47.57993
64.44418	16.28643	21.3967	36.09971
60.89894	12.2965	64.51212	2.767779
26.50087
63.03655
64.29614	11.13373
62.37565
65.09044	37.90339	25.1571	58.23806
9.437464
60.51771	11.20008
61.96041	19.14594
18.53587	3.49118	27.2836	55.09549
62.73259	12.68808
60.87127	59.3661	29.84447	9.010776	41.27904	10.59583
62.52293
60.81824	25.8971
62.72255	23.64813	43.16159	29.4006
64.61934	41.83924	12.02794
9.611578	32.05241	15.05778	17.58996
63.18369	20.89326
22.22257
63.75129	5.79714	65.97455
64.68763	36.0588	7.737929	3.273133	0.587495	41.49506	52.30967
62.19597	15.68908

60.14784	27.92049
57.4294	63.29732

24.72028	42.10038	14.17344
23.50721	5.453176
37.17849
61.57643	18.03516	45.16362
63.91029	47.67639	0.7706292
64.85447	1.736336
61.75103
60.30172	12.80577
56.6408	25.61109	39.95655	28.66194
35.54496	61.87455
14.95516
0.1214625	25.93768
41.96146	3.267845

36.49538	25.68881
