SpeciationRates
0.06746603	0.1569115	0.2236652	0.07898658
0.1699361
0.01250835	0.2119636	0.05237653
0.1450723
0.06438088
0.1780059
0.23039	0.1913373
0.06516652	0.193321
0.1536135	0.3213608	0.04933129
0.2240646	0.0002511378
0.125105	0.005729389	0.2732937	0.02414528	0.1646578
0.2375005	0.1500372	0.2580461
0.191679	0.1441944	0.1252955	0.1948643
0.115845	0.1575924
0.2616452	0.2317269
0.1000034	0.1657115	0.02645956
0.05010069	0.1633067	0.08745145
0.007723528	0.08196918
0.0462104	0.2067291
0.1023214	0.1922846	0.255808	0.191472
0.1216441	0.1503189
0.1198787
0.1931649	0.02956972
0.1331433
0.2986312	0.09921702	0.03289789
0.08614453	0.02986151	0.2583788	0.0473261	0.07968375
0.06359323	0.3434879	0.01125628
0.08521588	0.08072199	0.3271598
0.1071952
0.1024199	0.1054542	0.09409315	0.1637183	0.1511592
0.07240956	0.1424832
0.1477844
0.1775477	0.162632	0.04299261	0.04492773	0.172696	0.03068713
0.05436157	0.1923439
0.1201312	0.1909102
0.06750659	0.1759583
0.0743541	0.2858784	0.05685455	0.09902358	0.1464801
0.09153595	0.153797	0.07724635
0.05648168	0.1578369	0.05283146
0.2350414	0.1089014	0.05729492
0.06424768	0.1489691	0.1107658	0.05878722
0.2438811
0.07390739	0.1462531	0.03167504
0.08396798	0.001046757	0.2218312	0.2255007
0.1319948	0.1865171
0.06726028	0.190459	0.06319929
0.09388126	0.05691359	0.2810745	0.07420618
0.004131678	0.2042314	0.0606927	0.2018098
0.139868	0.07814254
0.123465	0.1771707
0.1627654
0.008318088	0.1827116
0.05507324	0.1291264
0.002720361	0.185111
0.1960201	0.0128424	0.141054	0.3134467
0.1231282	0.1245668
0.09483735	0.07045955	0.1759309	0.1841268
0.185951
0.2133955	0.2555572
0.2239067	0.01567913	0.2027667
0.01641109	0.02728915	0.2235098	0.2346835
0.1972885	0.06532818
0.1305567	0.1682967
0.05164778	0.150644	0.1642421
0.1922469	0.1892844
0.07661368	0.26035	0.1695919
0.08178714	0.09922508
0.1269956	0.1058032	0.2016259	0.07219145	0.2447332
0.1936757	0.1954539	0.1458206
0.1333718
0.1776081	0.2016863
0.1524486
0.027557	0.2021588	0.1928976	0.06727345
0.02415605	0.3450977	0.1581709
0.1681946
0.1407971	0.08880333	0.1871634	0.1711308
0.2027451	0.06255268	0.2101595	0.1691614	0.07354624
0.1966083
0.09333057	0.1001124
0.04182636	0.1533069	0.1763985
0.1314043
0.213679	0.1330363
0.04247174	0.1590334	0.1242456	0.100619
0.1726438
0.1389228	0.1897745	0.06141863
0.08636147	0.3112284	0.09963731
0.1281351
0.144808	0.2093505	0.05348847	0.221837	0.2905852
0.05207653	0.3267491	0.0130701
0.1088654	0.01349238	0.2136707	0.03163774	0.14002
0.1261254	0.007194223	0.2961624	0.2327611
0.02443835	0.03139807	0.3136789
0.05893215	0.03248982	0.3169225
0.09205172	0.01584063	0.2432732	0.08617132	0.2096616
0.01603694	0.06435259	0.132796	0.2142857
0.01666362	0.01936432	0.3090201	0.1131105
0.1193145	0.01086069	0.3909954	0.07721895
0.2048501	0.05312965	0.3052072	0.1511526	0.1209036	0.191382	0.2697763
0.1271409	0.02660131	0.2806537	0.08899496
0.05037827	0.08618096	0.2517132	0.1098553
0.1092258	0.0411135	0.3452096	0.1801836
0.1158186	0.06999557	0.2875759	0.05063731	0.1876972	0.1652834	0.005748513
0.08465078	0.2502191	0.03582356	0.1473678
0.09009957	0.283996	0.05567681	0.04850124	0.06673328
0.08574174	0.3109561	0.07556637	0.1716746	0.1486043	0.0907953
0.1770997	0.2791483	0.03701733	0.03476703	0.1957823
0.1027599	0.2780875	0.02094124	0.01859364	0.1503683
0.03438122	0.3550272	0.04132841
0.1372978
0.08892299	0.2331272	0.2242851
0.1286858
0.1553602	0.1570128
0.05619554	0.1719689	0.2198893	0.1319155
0.2238059	0.03482968	0.1648451	0.2553345	0.1940422
0.09824779	0.2382747
0.05391368	0.2117337	0.002753135
0.07426745	0.01539846	0.09298251	0.2740498	0.09099621
0.1301052	0.0158197	0.08606562	0.1991219	0.02400183
0.1331975
0.08439661	0.118541	0.1078064
0.06986832	0.1926892	0.08563035
0.05183389	0.1819064	0.210583
0.07663316	0.1640467	0.1299286	0.07941825
0.02870478	0.06833909	0.09953466
0.08940224	0.3132585	0.0006035306	0.04282314	0.1132973
0.1298669
0.1574778
0.1443676	0.1327971	0.1809859	0.07119668
0.07726792	0.3163703	0.03021911	0.1654286	0.1506556	0.2019004
0.04508432	0.1282336
0.1253821
0.1809505	0.1018777
0.1468128	0.07946801	0.1472709
0.2844624
0.008782933	0.1273745
0.1674632
0.06571697	0.09296453	0.2164388	0.2473158	0.06334252
0.01527816	0.01445148	0.1957816	0.1045344
0.040054	0.09360764	0.1997544
0.01561545	0.2042007	0.03398111	0.1096121
0.006497085	0.03128332	0.2346569	0.1055024	0.2704736	0.2200503
0.1168723	0.0945202	0.1303987
0.02638812	0.2256884	0.004340888
0.1979223	0.2628572	0.005129798	0.04489619
0.1250337	0.3079573	0.1102497
0.1761769
0.1885481	0.167768	0.01254441	0.1641951	0.1513557
0.201865
0.2067034
0.07497234
0.2006006	0.04119359	0.2965043	0.1200697
0.1205648	0.1447538	0.2387522	0.08927682
0.125228	0.1174768	0.1857473	0.03562412	0.08668703	0.1291257
0.0907558	0.1226838	0.0610822
0.02868895	0.07726741	0.1087285	0.2806315	0.2414284	0.1129192	0.09112621
0.1153383
0.205788	0.03400702	0.3579236
0.1241886	0.1806576	0.04262337
0.131338
0.1150755	0.1448595
0.1642047	0.2533257	0.2202193
0.1262393	0.1410952
0.1538416	0.1755098
0.0946015	0.2528477	0.04915426	0.1264275
0.003567486	0.1444916	0.08554446	0.04636299
0.0877904	0.1886869
0.1778415	0.1128155	0.149308
0.1279223	0.1471505
0.02293832	0.0916226	0.1413747
0.1274436	0.1925915	0.2221553
0.09585344	0.1577827	0.1473108
0.00386304	0.2920356	0.2026096	0.229335
0.1427934	0.1543706	0.1069713
0.207398	0.2625978	0.06234488
0.1423972	0.2775056	0.03179466
0.1007297	0.1901172	0.1213907
0.136288
0.1617749
0.315789	0.1324714
0.2089012	0.2223029
0.1205679	0.1165761	0.2705308	0.04043563
0.1053775	0.0018463	0.2339086	0.2419042
0.05204947	0.2081366
0.08228152	0.1179893	0.1860552
0.07002344	0.1382244	0.1309045	0.1212806	0.08387305
0.1453775	0.02198495
0.1410888
0.04076543	0.1757991	0.1480374
0.1209155	0.1499819
0.01342607	0.1190634
0.001003707	0.2324496	0.2108748
0.005595754	0.1950852
0.001980232	0.1861625	0.01173232	0.3348029	0.206088
0.01716149	0.0954962	0.2353134	0.01956516
0.1028372	0.3058771	0.007231161	0.02069809	0.05614468
0.03733284	0.2100134	0.06007657
0.1933357	0.05895591	0.137806	0.1232876	0.2915829
0.09672878	0.1211153	0.2328104	0.2506108	0.1040725
0.004729369	0.1590771	0.170754
0.03349293	0.1584763
0.05827423	0.1600046	0.1163512
0.009929118	0.1793692	0.115669
0.1276967	0.1268526	0.04342569	0.1837262
0.1600705	0.3153411	0.02629114	0.1866068	0.04165083
0.06005865	0.2812742	0.05620972
0.07818919	0.3247897	0.1051288	0.1568439	0.09302444
0.128578	0.2867658	0.03871738	0.0591442	0.1751901	0.03428812	0.2049921
0.1131581	0.266493	0.0353538	0.05872571
0.04552883	0.249487	0.04346352	0.05235975
0.1674134	0.2451593
0.2016013	0.2270587	0.01982781	0.1465213	0.269811
0.02817655	0.09990625	0.2584206	0.1182371	0.01045409
0.04197886	0.2418507
0.01771279	0.1582548
0.09405821	0.08766817	0.05504782
0.153291	0.09015526	0.01237696	0.04016011
0.07973037	0.1141034
0.1755643
0.2230623	0.08635796
0.1106302	0.1765819
0.1563527	0.1678907
0.1921241
0.01693884	0.1784991
0.2229597	0.1489599	0.1446405	0.1565444	0.0289536
0.09496907
0.1432763	0.1811365
0.1410029	0.2768737	0.1429239
0.1713893	0.1215314
0.1326088
0.036582	0.118831	0.2059187
0.1346507	0.3767785	0.05303501	0.02436689	0.1658995
0.2190268
0.1170322	0.1092068
0.05193108	0.1492911
0.05972419	0.1065561
0.06025935	0.2186829
0.1840656
0.0385759	0.1585983
0.05729649	0.1175977	0.1748824	0.1621178	0.1518238
0.1370281	0.302464	0.04932648	0.1645564
0.1693333
0.225401	0.1145264	0.1668985
0.07002901	0.1068838
0.05919285	0.1136479	0.1670792	0.2974335
0.3970492	0.167918	0.4297328	0.189008	0.08499324	0.2007968
0.1685364
0.1786116
0.03161715	0.1095385	0.2331878	0.0498083	0.1266315
0.131479	0.1607354	0.06454586
0.1089894	0.04236035	0.1376313	0.2092168	0.1395391	0.08682945
0.1947507	0.2775949	0.07882864
0.132094	0.2503819	0.05318819	0.04890532
0.07372455	0.1820798
0.1240711	0.1797297	0.07842829	0.1964359
0.2128908
0.1614719
0.1045582	0.1328038	0.07774953
0.1971729	0.2659444	0.09236348	0.1775798
0.1685515
0.122507	0.01650749	0.2768958
0.3183443	0.1334487
0.07420921	0.1606649	0.1714603	0.2920494	0.03202563
0.2267904	0.2981954	0.04031865	0.06790514
0.112432	0.294682	0.02743297	0.01042618
0.02452779	0.05929401	0.09227887	0.4566015	0.08444307
0.1675291	0.003331233	0.3176359	0.0190769
0.09010091
0.1286193	0.1880512	0.170819	0.1007669	0.03479949	0.09443443
0.1166953
0.1382256
0.06185868	0.1244931	0.1680441
0.1024548
0.1132798	0.1752896	0.08962676
0.06999769	0.1673029	0.06221066
0.1092371
0.1619557	0.2008791
0.182119	0.1604019
0.1684429	0.3732592	0.07063188	0.1289716
0.1607579	0.1367953
0.1504574	0.2941249	0.1057086
0.1753819	0.07866613	0.2781568	0.1797308
0.1405119	0.1302984
0.07031467	0.1461033	0.01965621	0.008782994	0.053157
0.1521012
0.09223136	0.153803	0.108412
0.03363153	0.1874832	0.09394529	0.07192233
0.2302204	0.2770024	0.09027006	0.03924641	0.1747982
0.05303343	0.06352214	0.3589024	0.3406047
0.04633465	0.1652558	0.0552471
0.2524997	0.1385248	0.1009875	0.1268062	0.1577649	0.1926746
0.1863407	0.1379184	0.04777559	0.1509742
0.190642	0.2014025	0.2438625	0.06884536	0.03344015
0.2281073	0.03051046
0.09038459	0.1660957	0.2616033
0.343818	0.1467443	0.1241731	0.118794
0.06824811	0.2335749
0.19291
0.1704872	0.162297
0.1805197	0.1418743
0.09227027	0.1987188	0.208842
0.2682871	0.2480528	0.1291201	0.2167567
0.169188
0.1374969
0.1285289	0.2045789	0.1635092	0.05685941	0.1299969
0.1314481
0.1167623	0.173414	0.03303727	0.1096044	0.2157719
0.166294	0.04373677	0.2033094
0.1872936	0.0009380199	0.1870213	0.1826172
0.2690322
0.08137003	0.3059907
0.1229391	0.3398415	0.1331039	0.1116963	0.1576739
0.2026043	0.1524386	0.150531
0.1617472	0.07778795	0.1129477	0.2003259	0.04669514	0.1396869	0.235729
0.2193365	0.08039353	0.2060928	0.06768388	0.09377111	0.1466399	0.01718703
0.08210235	0.2143148	0.03701416	0.06618749
0.01912758	0.1896369	0.02806562	0.1312457
0.03952127	0.1017666	0.2282822	0.1203862
0.2719233	0.1126537
0.1385787	0.1053787
0.04704735	0.09123889	0.1556626	0.1732521
0.2170702	0.1923824
0.2236835
0.1296901	0.1577138
0.1414769	0.06481868
0.09027601	0.1600455	0.1099502
0.09809351	0.09834448	0.3212713	0.07427541
0.03749993	0.2372496	0.2322709	0.1706992
0.1381954	0.1434036
0.07933207	0.1432741	0.1950281	0.01249206	0.02629557
0.064788	0.2295646
0.04879868	0.3000467	0.0857083
0.1481954	0.1530579	0.06386266
0.1581094	0.01201767	0.2095618
0.08187534
0.1991007
0.1820624
0.1895917
0.003249164	0.1214682
0.1117707	0.23202	0.2632333
0.1767147	0.3224867	0.1830685
0.2081009	0.2340583
0.09685246	0.2195858	0.2124718	0.02599388	0.2369021	0.1532787	0.1852577	0.1599832
0.08038575
0.09971645
0.1427281	0.3226349	0.1767156	0.1275918
0.1361307	0.2301679	0.01885412	0.05653395	0.151466
0.1157242	0.3301199	0.003581069
0.06683215	0.3280151	0.01789731
0.09551196	0.3240025	0.1278476
0.08414669	0.2434608	0.09363459	0.04097851
0.08285881	0.2452785	0.0498343
0.1276069	0.168253	0.05499902	0.09865863
0.2750675	0.1307608	0.2216027
0.2516328
0.1009363	0.05123345	0.1660803
0.03659893	0.22538	0.007965825	0.09969602	0.02218613
0.03947066	0.1890369
0.1097895	0.3477764	0.181766
0.09913725	0.2356502
0.1344271
0.2297437
0.2290158	0.1656121
0.2631602	0.1443066	0.1297729	0.04332721
0.1686399
0.2306713
0.2072917	0.08174384
0.1186584	0.2219226	0.1581441
0.1915008	0.2070715	0.09224259
0.1677669	0.2115515
0.03259372	0.1623749	0.02491631
0.08886987	0.1577413
0.1250625	0.1549761	0.1283018
0.05315786	0.2103784	0.1044501
0.1471162	0.1707352	0.04439119	0.07238685	0.1883699
0.06326751	0.2535587	0.06551858
0.04846957	0.174051
0.1645975	0.1885274	0.03133051
0.04516592	0.1826668	0.01378988
0.05967476	0.3180013	0.06687185	0.02213484
0.1379008	0.1961596	0.140407
0.0774859	0.08835758	0.1288809	0.1048258	0.1467117	0.03924201	0.2311601	0.185012
0.123385
0.1260271	0.1522712	0.03892586
0.04594237	0.1987837	0.1587003
0.09157866	0.03389375	0.1278861	0.114699	0.2427272
0.044673	0.1147248	0.074821
0.1485787	0.1296496
0.0944855	0.1710733
0.2044943	0.1187101	0.02687285
0.258494	0.01903314	0.2218351
0.1228081
0.01273619	0.06227684	0.1755032	0.1460533
0.01709542	0.1075944	0.02881391
0.111551
0.1256174	0.01431653
0.110183	0.1246927	0.1646811
0.2651874	0.1325805
0.1860748	0.2248853	0.02990724
0.06676655	0.1637333	0.04907718
0.08378318	0.09340725	0.135784
0.1772093
0.09498345	0.07365288	0.1644304
0.06684931	0.06120999	0.1207294	0.09668149	0.1597382	0.07076396
0.1087448
0.1937666	0.1637723	0.07738016	0.00677655
0.03250684	0.1974178
0.1318976	0.1529842	0.2481507	0.1309199	0.1493479
0.1902277	0.2686795
0.1590925	0.1944026
0.06198549	0.178045	0.2189459	0.1153434
0.06389354	0.3576829	0.09628568
0.02050099	0.2674685	0.09161234
0.03651216	0.1994706	0.1464382
0.07610417	0.1276096	0.1062063
0.1376287
0.1174684	0.1288617	0.04649507
0.1877878	0.01053637	0.1779721	0.0213586
0.1582803	0.1252239	0.291581
0.09656781	0.1886591	0.05935816
0.04473023	0.1354939	0.02147293	0.2575938
0.1342955	0.1526002
0.185074	0.09010377
0.1806005	0.1733972	0.1216118	0.1401017
0.14263	0.1579255
0.1585872	0.06401263	0.156583
0.1206413
0.03148945	0.1742444
0.07032078	0.1469301
0.0413264	0.1949268
0.2480049	0.03128657
0.1463056	0.05562063	0.2447479
0.08325896	0.03583077	0.2421276
0.1860102	0.2229329
0.1109149	0.1164047	0.1873165
0.1900414	0.1677931	0.02598028	0.1528379	0.2612858
0.03389921	0.2046763	0.01237702	0.06503867	0.05241451
0.1880121	0.2053897	0.06679183
0.1137248	0.04894307	0.1469738
0.1426403
0.1915517	0.1897096
0.2789033	0.228386	0.110151	0.06894791
0.2311716
0.1623356
0.2206039
0.1221745	0.07069596	0.1531712
0.08085667	0.2467198	0.02729868
0.01240642	0.05317103	0.1260373	0.05701607	0.03734995
0.1251542	0.1308181
0.1147593
0.05169188	0.3024841
0.04941516	0.2760728	0.1208633
0.1686248
0.04145772	0.1682215
0.08886746	0.1434979
0.04642572	0.1674749	0.08252594	0.1403123
0.2521351	0.1436569
0.114195	0.1692999
0.1144218	0.1859975
0.0471287	0.1938723
0.1588728	0.05714429	0.1758717
0.1155884	0.01489083	0.1957017	0.3211983
0.07115925	0.1339507
0.08796712	0.1313938	0.2168381	0.06090401	0.1586296
0.1511946	0.2133362
0.1140662	0.09412366	0.1397691
0.1286483
0.1990325
0.08201441
0.1905896	0.1273002
0.1745874	0.03152724	0.1799516
0.1698846	0.07554012
0.1672092	0.2145324
0.05314888	0.1909465	0.08243391
0.09765302	0.2036154	0.3422068	0.1288839
0.1193618	0.2071922	0.1031295	0.1687939	0.1180931
0.1564029	0.1507115	0.03217613
0.0773839	0.15571	0.08907161
0.06493306	0.09785028
0.196747	0.1705104
0.06062849	0.1197282
0.08991957	0.1659659
0.1596911
0.1135388	0.2828402	0.06681465	0.2035581
0.003571319	0.04944069	0.1524755	0.1364394
0.2005718
0.1217377	0.1536607
0.2929113	0.1495064
0.03003314	0.1781384	0.1763891	0.02120248	0.1976192
0.1205364	0.1878471	0.3710755	0.07390389
0.02883923	0.1971773
0.2098862	0.1845759	0.2622325	0.24867
0.02020106	0.1897839	0.1005856	0.2215948
0.09493255	0.1668891	0.2392753	0.1947917	0.3295435
0.1238484	0.1043045
0.127809	0.2564667	0.05701414	0.02338994	0.08970286	0.0684078	0.08879021
0.1076249	0.3778556	0.1256386	0.07627557	0.3025862
0.1156103	0.1949173	0.02972411
0.2683916	0.1888375	0.03216447	0.06783482
0.05433943	0.1743768
0.1516509	0.3032902
0.1839131
0.09252627	0.144234
0.01627273	0.1680011	0.1424113	0.04374916
0.1615553
0.1221953	0.1434416	0.04806193
0.2520059	0.1605844
0.06875411	0.247722	0.09705169
0.144219	0.2200765
0.1228769	0.1540456
0.2438675	0.2722296	0.1083574	0.1243508
0.09438956	0.1950251
0.2186319	0.1585088
0.2080224
0.07097126	0.2225115	0.01411648	0.05430437
0.2813174	0.2030261
0.1538823	0.1261878	0.2082483	0.132657	0.151472
0.08224171	0.2043488
0.1463632	0.2274469	0.007676043
0.1005042	0.04144776	0.3099208
0.1106415	0.05798555	0.2697843	0.01158063	0.1122947
0.08651213	0.0199129	0.3604199
0.1529242	0.02189969	0.3245682	0.1649345
0.1320398	0.1971344
0.1498692
0.1220803	0.1581671
0.1096982	0.1386045	0.06475345
0.06764727	0.004236107	0.1955543	0.02208953	0.1154793
0.1056245	0.2177411	0.1101558	0.1184855	0.2667614	0.249273
0.2244568	0.2027232	0.04890108	0.2392271
0.1701669	0.1490165
0.03513841	0.2133592	0.02276594
0.1868901	0.1489341	0.1067454	0.109141
0.1203706	0.1527551
0.2225832	0.1854619	0.004206967
0.07125838	0.103072
0.2238139	0.0334502
0.1023877	0.2471026
0.1259609	0.1654279	0.0004324172	0.1038072
0.1437784	0.1526769
0.09458678	0.2029651	0.01687141
0.09364746	0.1730338	0.1281631	0.1175982
0.2159893	0.0966007	0.2537902	0.1271002
0.2624057	0.2552723	0.253862
0.06991778	0.1285991	0.03674371
0.1901501
0.02248209	0.2270951	0.1266532	0.1326598	0.0379164
0.111378
0.187606	0.1283762
0.00696651	0.03843497	0.1033532
0.05413813	0.1513545
0.03499396	0.209269	0.2267286	0.110401
0.1212046	0.1497664
0.1001019	0.2242547	0.01860823
0.06945343	0.1598892	0.08003386
0.2452754	0.1290371
0.09921573	0.001563273	0.1872393	0.1318833	0.240132
0.06817576	0.001731297	0.1484656	0.08590025	0.159855
0.1209579	0.1826713	0.05813594	0.2049259
0.1720188	0.2244761	0.04412654
0.08730509	0.2096232
0.1246707
0.06272669	0.2838429	0.1729791	0.03335377
0.03171893	0.1532927	0.01900759	0.09964059	0.1125691
0.1268829	0.1270241	0.04758212
0.1057292	0.1663555	0.1174432
0.1027961	0.2202778
0.06217307	0.009505543	0.2444602
0.1709299	0.2610251	0.1138306	0.1598333	0.2968282
0.2464143
0.07860123	0.2610831	0.04407865	0.02617047
0.1681088	0.2163204	0.01103747	0.009852266	0.111184
0.00225616	0.1999532
0.1020264	0.2319741
0.2282181	0.07314538	0.1689428	0.1677389	0.2046032
0.1720705	0.3480669	0.005977631	0.1594815
0.165637	0.07633527	0.1750515	0.04858065
0.09964583	0.1338961	0.1307477
0.08045968	0.1701271
0.2146117	0.2157135	0.182075
0.1450012	0.00965233	0.09143683	0.108459	0.1148726	0.05716342	0.1856175	0.1741785	0.1992468
0.2974745	0.01809701	0.1908178
0.1540345	0.09973648	0.2934544
0.1083336	0.1273109	0.24941
0.1104103	0.08695308
0.1512669
0.080825	0.1325042
0.03479178	0.1969733	0.2116056	0.1816197
0.1882275	0.3140189	0.02821018
0.02444916	0.002323152	0.233561	0.2097374	0.1590643	0.1665528
0.1443314	0.02705312
0.2405042	0.2077609	0.1892677
0.1990529	0.1465943
0.1082508	0.1557623	0.1572312
0.1437834	0.2541296
0.1049523	0.2513929
0.06696261	0.1447725	0.1309369	0.3354371	0.03782604
0.2941399	0.1192381
0.1193533	0.133758	0.03919294	0.09379973
0.06076539	0.15591
0.123337	0.1844393	0.09307326	0.02749686
0.142315	0.1495713
0.1839422	0.09082289	0.09947704
0.1211362	0.1984372
0.1293725
0.01993077	0.1773061
0.1093424	0.2604965	0.1491833	0.1377804	0.06340391	0.06661484	0.01554769
0.08373392	0.1147858
0.08554138	0.2332083	0.1093545	0.04429211
0.1331055	0.1814722	0.09074433	0.06967592
0.1297134	0.1177559	0.01157241
0.07561736	0.1701896	0.1993374
0.08746832	0.2355489	0.005803003
0.09135261	0.1511264	0.05057416	0.1339526
0.1031735	0.1409636	0.01387296	0.05363483
0.06895005	0.2424986
0.04715897	0.149417	0.003589776
0.07329172	0.2490518	0.0508175	0.009185798
0.06778001	0.1566248	0.05274471
0.1362844	0.1475116
0.1511753
0.1725333	0.1712256
0.1605254	0.190983
0.1801183	0.1937841	0.2247701
0.1633743	0.229226	0.05176979	0.2181069
0.01690319	0.1621269
0.1553548	0.08919293
0.09185962	0.2403464	0.06458306	0.09133684	0.05244376
0.05192663	0.1427466	0.08621335	0.07305452
0.1334946	0.2250604
0.17276	0.1980879	0.1146576
0.0662419	0.1746131	0.07748991
0.1614865	0.1516571
0.1594078	0.1385432
0.0617738	0.04407127	0.0314302	0.2774454
0.09631784
0.1907124	0.1481593	0.271842
0.1967158	0.2355673	0.0009375954
0.06521067	0.1389249
0.1384662
0.1615762	0.1832959
0.1611517	0.2185366	0.1696439	0.05361811	0.2648511
0.1106394	0.192302	0.000822535	0.1973842
0.058316	0.008355452	0.1277528	0.134122	0.1437988	0.1863101	0.1038208
0.2443987	0.247006	0.03746216	0.05301293
0.09022608	0.3617618	0.07091153	0.05048773	0.1606017
0.1100779	0.1043823	0.2725094	0.07072943	0.1227022
0.1309765	0.1203309
0.08522709	0.1453257
0.06791005	0.3694136	0.02467679
0.1129489	0.2644161	0.005221094	0.07016768
0.02594345	0.3132677	0.1129358	0.280887	0.02819897	0.2693532	0.1240021
0.1071432	0.3324664	0.09398108	0.02257418
0.106371	0.2728242	0.09933064	0.05652467
0.06496121	0.3125301	0.009829756
0.09927865	0.05787549	0.2254599	0.01615754	0.184084
0.07114034	0.1449392
0.1704711
0.05588433	0.2864629	0.008155255	0.2382327
0.1851593	0.2339915	0.0583647
0.1737518	0.2726567	0.006275941	0.00925286
0.1204752	0.1522315
0.156203	0.0248394	0.2098662
0.1215362	0.1937873	0.03985377	0.0916897
0.01757865	0.2095449	0.1216046
0.1500352
0.1231276	0.249563	0.09576653	0.09740568	0.1254385
0.1010596	0.2116263	0.1092177
0.06029008	0.1041569
0.01678063	0.1675315
0.02959187	0.1302433
0.1457992
0.02201546	0.1815306	0.2582991	0.2261196	0.2714056
0.1583609	0.1959855	0.1425135	0.1122035	0.2428235
0.1433251	0.2089017
0.1645764	0.1035535
0.2780462	0.0932078
0.1738994	0.3282236	0.09849596	0.1911029	0.2562055
0.2336102	0.360702	0.2281466
0.2543527	0.1616953	0.176486	0.1053705	0.2750728
0.03021414	0.2991387	0.004697831	0.2319269
0.1547963	0.2617962	0.03742321
0.06097115	0.1385673	0.1912397
0.1129574	0.2135872	0.1771408
0.04933585	0.1803044	0.1054073
0.136553	0.2398195	0.0326722
0.06132295	0.117023	0.04426138	0.1206886
0.1179993	0.1325449
0.1181027
0.2187188	0.01260152	0.3074567
0.1636905	0.03100239	0.2103522	0.02844521
0.08281336	0.03719746	0.1964166	0.0717357
0.1808571
0.3676777	0.1202305	0.1758172	0.1043594
0.09358207	0.2655247	0.03647651	0.06307609
0.1623521	0.06554385	0.3550514	0.06537985	0.1744996
0.08535171	0.1458587	0.0454407
0.1809713	0.1660703	0.006856679	0.001213243
0.16818
0.238099	0.08022059	0.2750333	0.04196238	0.06934835
0.1925773	0.1596604	0.1329505	0.1015086	0.2801552
0.2052299
0.1721053	0.2178158	0.185737	0.0636033	0.1266991
0.06021991	0.1686844	0.07555333
0.1208319
0.1903839	0.1693309	0.1102084
0.02873917	0.1913125	0.1220231
0.08755046	0.2659416	0.1396698	0.04182075	0.129836
0.1155322	0.1158463	0.1556225
0.1850047	0.1602025	0.151914
0.05714692	0.1950291
0.1572872
0.164	0.1308092	0.2085465
0.2272783	0.2629385
0.1975327
0.2198907
0.1531262	0.1203572	0.1580038
0.01064533	0.1787279
0.1530903	0.09798728	0.2719284
0.03292171	0.1832214	0.07866402	0.201628	0.02727428
0.2183186	0.1324137	0.07252826	0.05310379	0.01723377
0.1844458	0.2057654	0.1637768
0.06593832	0.1543223	0.1583284
0.1830934
0.1614984	0.1763228
0.1068512	0.1301326	0.151002	0.1146437
0.06724746	0.1375759	0.1518225	0.09116597	0.1893736	0.09663603
0.09651122	0.1160425
0.1038102	0.1286177	0.184743	0.2576353
0.1371708	0.02541251	0.1927104	0.04559957	0.2557614
0.1200845	0.1186551	0.1776662	0.2875322	0.1489071
0.08188989	0.04702134	0.2292699	0.1627256	0.2054161	0.1686398
0.1341805	0.2296318
0.1643015	0.2387267
0.2459356	0.1230314	0.2415036	0.1292958
0.228088	0.05026744
0.2746637	0.02322617	0.2080535	0.2692245	0.07012224
0.2360714
0.1534562
0.0785237	0.2043756
0.2510056	0.1698232
0.1061096	0.180835	0.07915899	0.06827715
0.09701452
0.1095507	0.1232843	0.07568332
0.01867135	0.2014532
0.1074008	0.2029264	0.1536791	0.1043642
0.06127442	0.1337572
0.1900795	0.1378569
0.1181209	0.009399505	0.263472	0.07807171	0.1762718
0.04356339	0.01015052	0.1414818	0.1654981
0.2506673	0.1991988	0.1946013	0.3535619
0.1208044	0.2060919	0.1667191	0.1721054
0.1609097
0.05570139	0.1827034	0.1970981
0.1627239	0.1142288	0.05505202	0.2552647	0.07668529
0.2131955	0.1307996	0.3132313	0.1665102	0.1500363	0.1490143	0.2325267
0.1550761	0.01432824	0.1978594
0.03463422	0.2392017	0.139531	0.1435427	0.06722572
0.1167081	0.3075673	0.1330314	0.02451798	0.08372134
0.1879511	0.1737904
0.09238926	0.1853274	0.2521739
0.09509668	0.08051099	0.2231435	0.1656957
0.1418115	0.1350595	0.04001161	0.09192209	0.119618
0.1194375	0.2538434	0.007959493	0.05915773	0.08038551	0.09152626	0.008503926
0.2300047	0.1415266
0.2145458	0.1300345	0.1414361	0.1436434
0.1320634	0.1196839	0.07961811
0.05675876	0.283313	0.009636052
0.1149436	0.1548164
0.05246209	0.02569647	0.1090028	0.1819565
0.1520934	0.1557461	0.08919156
0.1078348
0.1477427	0.2728337	0.06100896
0.03910656	0.1273869
0.1261535	0.1188166	0.09059457	0.09580792
0.1933317	0.08027606
0.143295	0.2215353	0.1369859
0.08135553
0.08238477	0.1838643	0.1602115
0.0590812	0.1716457	0.07610255
0.2074374	0.2578543
0.1060962	0.2155455	0.1554642	0.2931172
0.0717764	0.2158703
0.05234669	0.1477637	0.1229809	0.1220315
0.0585394	0.2086908	0.1605131	0.2309339
0.2844696	0.2253494	0.2078586	0.06816239
0.1159005
0.178852	0.2429457	0.03142343
0.1428439	0.1295071
0.1367965	0.2543342	0.335532	0.1599924	0.1947243
0.04855251	0.2186529	0.1661239
0.1180822	0.1267659
0.1303733
0.1322231
0.1075544	0.1772883	0.08773752
0.2021388	0.2014735	0.01045111
0.07826182	0.04745984	0.2696306	0.1246719
0.1111992	0.2019563	0.1951409	0.06103511
0.08788601	0.1756106	0.180891
0.1522014	0.05438164	0.1096882
0.1574778	0.153495
0.1284859	0.01451792
0.1151052
0.1493097	0.1586712	0.2421158
0.06141421	0.1653482	0.1436914	0.06525394
0.05970688	0.2652904
0.2190827	0.1484411
0.1065513	0.2032366	0.1420196	0.1666694
0.2241915	0.1557606	0.3590097	0.1767768
0.1835395	0.01508423	0.2149483	0.235536
0.1554729
0.07915217
0.2394796	0.1638653
0.05292405	0.1723798	0.2003848
0.130541	0.2005916	0.0216365
0.1827478	0.07514122	0.2395046
0.1700136
0.05213062	0.1151945
0.1156353
0.1138266
0.07792026	0.180932	0.1033444
0.162106	0.1936173
0.08162716	0.1935719
0.2421011	0.107975
0.08208857	0.1953459
0.1132376	0.1341905	0.2452544
0.2121387	0.2431372
0.2227136
0.2101706
0.1681679	0.1765833	0.264982
0.005699172	0.06640004	0.1417139	0.2227454	0.2062736
0.09388444	0.1262594
0.09246618	0.2221467	0.05251179	0.1642127
0.09569448	0.06930379	0.3275036	0.113129	0.0772967
0.2375852	0.0178151	0.1782131	0.2141928	0.0975454	0.1266893
0.07041827	0.2411734	0.2718711	0.08161828
0.03680436	0.005460068	0.1287516	0.3056521
0.07366144	0.2331632
0.04865987	0.3028337	0.05836037	0.05777497
0.1384011
0.005677142	0.2193875
0.06418946	0.2049762	0.08831471
0.1891094
0.2282824	0.162505	0.0833438
0.1581456
0.1263909	0.1369575	0.07898108
0.08410752	0.1979052	0.06833905	0.2454481	0.0916287	0.1511443	0.1561157	0.247065
0.03835488	0.2744903	0.1173854	0.2361605	0.05588706
0.1480087	0.1767437	0.09583764	0.1445991
0.1637509	0.01711072	0.2562459	0.249349
0.2799213	0.0397323
