SpeciationRateChanges
66.56617	27.92171	3.659798

64.73616	10.52073



11.94672
21.96155
57.44106	66.53716
66.73502
66.85838	33.2834	32.03462	31.02897
66.34923	21.58791
14.71367	55.11032	1.480121
60.24284
42.11837
61.0168	49.1547
11.70524	51.34282
0.8856031
9.027633
33.21941	26.48852	63.0015
11.69686

66.56548

20.95388	15.61816
6.809214	64.2491	66.65885	39.27775
64.96147	66.5296
66.68488	65.54998

12.60619	40.10467	62.55357	67.01815
32.78769

64.38513	51.14551	66.52049	27.86731	13.8087
62.95378
37.54861
63.76008
64.37369	30.27704	27.51379	14.51372
63.63206	14.83128
64.0659	7.744561
4.72156	3.972279
37.60944	18.9162	67.23065

27.29384	67.23111
66.7017	39.25292	50.55627
60.58013
63.96352	46.6276
66.77632	59.40132	48.65943
62.07883	53.98239	11.31291
57.86594
10.42628

15.342
35.40918
6.978437
66.81715	56.9155	64.15822
30.18477
31.94215	35.86224	6.135099

12.34635
66.53547	49.85983
66.53547	5.403031	5.737555
44.70654
7.434715
16.41969	42.94098
20.92001
37.55928	17.16368
38.68194
1.69385	32.58033	25.28102	22.29884
18.55791	48.88892

30.76523

1.736835	40.04073	24.76584
38.67194	46.10661

12.04223	16.27321	52.14909
61.88981	64.54285	6.357449	35.63077

55.61967
45.02283	15.83832

57.96047
27.72381	58.32614	58.20205

32.05951	6.260714
44.4059	54.11489

64.31821	59.99096	32.47146	65.26381
64.08592	66.64255
66.52585	62.84078	52.11251	28.01766
66.52585	65.03115	64.70771
66.52585	64.62252
66.52585	64.62897
66.51207	64.73947	50.23221	25.20644
66.51021	12.21462	27.80983
66.51021	65.08418	64.6126
66.51021	65.08418	57.06318
66.51021	65.08418	7.92859	33.49078	25.23001	5.356731
66.51021	65.08418	27.51841
66.51021	63.65181	3.265708
66.51021	63.96272	48.4365
66.51021	64.64361	50.35779	42.80399	27.13953	59.9727
63.90259	66.58896	62.96618
64.90323	66.58896	6.203676	36.49782
64.37851	66.58896	9.025394	5.070252	50.44424
64.37851	66.58896	49.33733	19.3932
64.37851	66.58896	48.44771	7.932749
65.02506	66.58896

16.43844	29.33239

49.92981
18.13455	2.393867	67.29934
54.82467	63.46452	34.94168	50.94322
64.33745
64.65047	66.74282
66.82789	63.48236	65.8226	27.5409
66.82789	23.3897	51.57707	20.08588

13.58497	65.7233
16.76522	4.881634
34.11107	65.32311
44.323	0.7969288	66.63285
66.42313	18.9286
62.25318	54.44139	11.09072	35.36541


17.4306	30.68706	57.42816
64.50054	46.67608	65.76574	43.03476	3.294427
31.52622

52.51344
52.75363	0.9922232

11.12352

66.61335	39.68142	22.3364	9.989378
66.61335	24.6446	14.51619
66.61335	43.27484
39.26538	66.56216	5.853028
66.50822	29.68858	12.29015	33.07987	26.74543
43.36532	15.49739
64.70649	66.79253
64.47967	66.75661	2.20661
62.16552	66.75661

28.18453	30.85746	37.38164	20.71967



66.52597	64.45824	62.87232
66.52597	64.54848	46.839
66.52597	64.54848	55.87591	7.353402	27.78725
57.85701	24.11192
6.492354	50.86331	64.09391	35.74538	24.71219	57.3307

66.54768	60.0296
54.02397	66.48083

19.17287
17.32837	13.38517
42.09728
31.40163
64.08866	46.72585	0.4236243
64.09952	6.864914	44.31335
61.73772
66.92763	8.03005
46.06131
12.42564	63.0058
32.44151	64.49879
44.42645	20.44186
12.80841	5.81866	34.75868
25.26895	8.062118
64.39833	49.85544
63.17076	49.42272
62.87054	36.76571


6.873562
32.57283
67.0432	17.03168	11.98916
67.02379	26.50366	66.27709
13.63681
6.130172	2.442139
35.75535	62.95168	13.0686	9.652823
66.62933

17.4011	56.5302
29.48773
1.341407
14.73325	41.22168
12.87161
18.97135	8.661257	13.50941	52.82117
9.602479	64.6199	53.51618
64.6199	66.61913	51.03303	63.06152
64.6199	66.61913
52.77854	64.89153	45.09765	39.6868
20.45278	35.60742	10.15859	27.42602
10.1295	33.29994
28.40294
8.043696	28.65178
63.86292	1.085279
0.9409686	66.76327	63.84931
64.19562	66.53663	13.9406	2.771596
65.02592	66.53663
64.35537	66.53663	7.65844	64.08164
64.35537	66.53663	39.73484	8.29922	59.02378	12.03286
64.56209	66.53663	8.910338
64.56209	66.61367	22.71071
37.41561
31.81685	66.65896	15.71479	11.44781
66.65896	63.37706	22.65626	2.104214
65.17247
11.39336
64.65648	25.90062
63.70287	49.62275	50.30648
35.9061

67.56162
23.69621
62.78035

4.672946
31.36329	4.466502	28.02452	20.62832

54.67341
23.10137	66.82258
17.95367

13.75844	65.65583
64.52173	66.53208	57.13305	37.4372

7.654037
64.065
44.1558
15.43191

29.47197
66.94375	18.41542	31.34918	15.21309
57.85838	66.57759	51.84169

54.47846	60.90473
41.96102
2.689558	36.3654	1.114662
10.77543	50.46797	24.17301	57.94907	65.16015


20.52164	63.9729	16.26511	13.16987
32.69076	17.18609
46.80706	62.05623	35.69118	21.31562	14.12458
64.0518	51.38553
62.6135	33.34018	4.167004
64.62913
11.32257	50.24662	62.96314


64.67034	15.66039
23.68677	15.74081	32.0789

66.79252	63.27025
36.60674
64.04159	2.964379	4.245549	53.03826
64.40255	42.28661	66.47166
64.40255	17.96342	66.8077
66.51713	5.937303	63.60668	35.81526
66.51713	64.3702	50.6771

64.72218	33.25995	24.36569	55.94421	60.78733


64.1067	37.359

62.45736	2.833882
64.13445	15.60611

63.73565
34.8013
65.01695	66.58239	18.91878
50.89779
28.12264	67.24002
66.46906	50.90865	61.15214
51.75269
62.63396	59.63629	67.66221	53.35361

26.33621	66.22464
60.10069	26.69246	58.00517
64.13599	66.61059	17.44964	67.43683
66.61059	63.99031	63.67214
65.03435	54.57014
26.88657	7.840796	56.86619	10.79613	23.61613
3.330804	67.51826	17.60844
61.96878	14.06237	55.94274	66.87283
66.59213
16.39892	49.33599
1.146105	22.28413	49.96969
13.76952

10.95583
57.21926
31.02406	49.70878
26.70174	10.11187	20.07825


1.928626	25.91143	20.24853	22.97991

10.28916	9.992917	7.469035	58.77482
66.96693	34.86048
66.64927	41.43927	65.93842

45.41558
45.70648	18.23487	20.32162	58.05766
28.85034	39.15746
56.21187	15.98173	54.48397	47.05197	33.68705	60.76924
62.3568	63.05218	48.55837	11.2628	29.43434	7.116257
65.03076	66.62454	41.31526
62.94381	45.44875	14.14858
4.467619	62.9604	67.27087
51.07656
7.663978
31.36899	39.85847	35.61182
55.65705

61.87722
67.1396
32.80849	13.01105
66.95223	64.50653	46.12602
8.216833	67.59691	58.4324
8.488863
34.26017	44.38419	31.4974	14.11392
64.99235
64.29071	67.19652
61.68727	30.96617
66.82601	64.14994




11.99007
13.13024	65.09248
40.03313	48.4325
23.0071
37.18258	65.06	58.85112	67.79392	13.96521	8.785664	16.55312


65.82144	47.56756	66.52301
64.87145	66.52301	45.1276	34.74561
64.87145	66.52301
64.42554	66.52301
64.24152	66.55667
64.50568	66.55667	34.38098
64.68096	66.69128
63.69852	50.71775	37.99228
46.36195	51.75203

55.80921	59.94959
64.31956	46.51428	31.97718	66.47147
62.85197
10.10666	11.1386
21.85882


6.915584
44.24986	13.42345	26.02377


66.98551
30.06823	10.82728
9.387107	66.49377
47.57854
63.23134	55.90785
38.27698
23.19736	16.51771
64.85477	27.29218
64.36537	42.24708	46.82625	17.58612
64.43898	66.84494
61.71228
63.51591	51.97011
63.11247	56.51046
64.24428	66.49012	50.58052
65.08075	53.73997
49.45197	15.73345	19.0289	61.00231	1.053463	15.70163	41.00417

14.79319	6.750657
27.42829	26.11481
49.60748	62.91051	15.31243	39.7627
44.37374	13.86689
57.147
44.38393
60.55577	56.17678
0.4484457	14.36739

18.65098	63.22814	67.19989
19.57448	12.87009

67.4238
32.78237	7.240234
58.14133
62.57972	19.45611
64.59563	38.16042
38.1591	62.99933

47.70267	18.29374
54.33317	63.12427	13.32281	41.53467	46.44718

64.41858	53.1311	50.64129
12.66573
50.12122	29.13472	4.577981	20.61868
7.956251
21.20619
38.00795	47.22075	28.10636
9.698505	66.70218
7.752106	67.10159
46.36206	27.93191
13.08223	18.39445

64.55085	50.70116
53.63083	63.88695	62.19589
3.559006	64.8613
64.88234	30.96434
24.55473	4.998544	3.778212
56.54367
43.84369
36.35886	47.49596	54.44544
52.76013
67.82934	38.18526

62.85732
52.39646
7.801709
66.52888
66.52888	8.015839
66.52888	37.75462
31.48289
5.288473	31.43909
3.648529	66.72716	46.66361	58.60643
62.47258	50.74368	7.85463	49.43373
64.50701	21.29214
31.49151	62.7996

43.1226
24.57964	4.469807	22.74646



66.66365	58.04159
63.77576	18.5417
28.72272	58.31435	17.9335	0.3144816
38.71917

65.04711
25.05197	66.12178

63.45916
65.04687
62.22457	45.77074	29.51931
2.746435
12.4137
32.40981
2.209037
9.802588	65.13434
54.99332	64.78685	64.26314
23.7959
16.1479	45.0259	39.18151	34.7836
61.28993
13.06253	59.87999



55.57272
66.17186	54.17854
67.30796
0.955809
64.68217	7.336579
65.36314	62.6195	15.96768
10.26231	5.567841	13.87973	59.76732
35.53566	13.7983
64.10941	9.78126
63.62739
53.32617
17.86238
60.57937

19.60801	1.019976	49.28593
7.612185	64.33142	44.17417

45.5372
47.73128
7.85566	55.63	67.17001	29.81828
54.41034	49.06855	49.56376
3.355596
50.99988	37.87424	49.63079
12.2962	3.227458	11.586
22.03393	10.57815	45.05331	39.667
34.67779
64.58882	66.66654	48.3539	63.06145	31.32396	7.062572
64.2541	66.49839	52.91795	8.516887
64.5833	54.26622
63.38195	66.63532	34.72709
10.6387
36.67203

64.88988
5.896513	52.25817	49.56857

64.17877	51.53939
1.621186
63.19065	13.84763
5.166752
60.87598
35.88805	48.01514	42.45337
45.94821
22.55902

35.23506	67.15569	16.32664
16.67519
48.27724	36.42599	49.75445	38.97326
64.01113
62.74212	66.5406
66.5406	59.60061
66.5406	64.3538	56.15536	1.11059
66.5406	64.43527
66.61976	64.4738	5.564696
51.8127

64.5507
62.57457	53.42786
55.31469	63.08908	3.923904	12.88128
37.60038	6.674996	63.21276	35.49132	17.07689
62.60011	55.45889	47.51562
59.10684
64.02303	53.75893
61.84217	25.62338	43.27603
0.9491421
25.48022	15.42087
23.58486
66.79902
63.45885
62.25843	55.77793	31.84787
49.82823
64.09641	53.19246
63.44132	26.45579	59.67705
3.34332	27.89978	56.85697
15.4983	1.794559
39.03685	2.682998

18.20799	9.745416	58.88193	53.0886

65.25625
1.21065	32.20806
1.716168
7.342185	60.80187	56.70895
45.90015
64.68575	51.55203
63.61522	43.8392
5.906389
54.57876	62.68056	45.54828	19.89813
52.7279	62.77184	40.49855	52.71387
50.08259	5.794522	16.91933
61.96838	52.57974
33.03593

62.75517	65.43766	49.88333
63.74802	38.62619	38.68588	10.94585
36.18489	9.698126
64.6015	17.37237
0.7576093
66.51982	38.66579
44.12646	41.85818	34.92573	30.22176

40.11962	30.45178	66.37335
17.43011	4.510141	1.248583	16.54173
7.865981
36.52971
6.827688	12.36293	43.12504	18.30011
62.61501	58.1733	30.55612
60.78126	26.91794	7.922235
7.047307	6.853244
2.142613
14.42355	18.16082
66.8697	42.97391	35.79736	53.08799	15.65297	2.254198	21.24288	62.82779
66.97339	20.38556
67.0146	3.464774
50.63279	29.18306
57.74447

4.16111
42.90806	20.38935	3.410323
43.87744	66.88812
66.56146	15.03405	51.94662	34.32622	41.90243
66.56146
40.887	67.17958
52.77873
37.82553	8.338612
64.82409
63.96678
26.66273	45.32555	65.06146	23.24802
5.920942
31.81862	7.960961	67.03286
64.50596
64.3273	19.08497	67.15278
5.10305
66.44516	66.98384
12.57329

8.054177
64.21407	55.09921	5.344107	67.23282	57.63708	56.78254
49.53359
8.755527	24.56496	13.31163
50.94977	66.82463	0.3143802
16.91637	67.0633
11.08281	34.67895
62.4463	67.29176
63.65631	56.56534	34.34406
63.39507	40.04558	58.29629
60.63234
62.7309	52.767
64.65851	67.44075	52.98476
62.69919	4.144506
3.629223

28.99303
58.19147
32.00851	47.94193
21.92087	3.899798	49.87877
23.2399
5.702495
63.49031	15.22562	67.13173	4.536668
62.01699	2.014362	55.47302
61.497
47.58718	40.83739
41.01409	4.375962
62.4683
9.778692
26.90009	66.69236	64.4878

50.1674	18.70247
62.31225	61.32205
26.80779

44.58234
2.369849	63.17179	53.0994	61.33495
62.64392	53.3343	40.18201
53.3014	43.72645	63.17055	67.11777	66.26527	18.80091
64.4844	50.69291	67.25393
64.4844	56.06202	22.76057	27.32291
55.55507	64.83881	10.18935	3.368298
61.47293
36.91515
63.98881	66.56486
63.92043	66.56486	54.64801
64.47797	66.61576	9.792024	55.64361	32.79956	41.5104
64.47797	66.55847	52.87738
65.15018	66.55847	42.21132
64.42183	66.66276
66.66276	62.84752	52.3281	42.35326
27.96924

24.99128	16.7733	59.8281
64.92737	53.85082
63.07734	53.74803	66.56401
14.55567
66.42773	24.39898
63.45131	37.52798	58.22972
63.34715	4.50906

30.756	66.33306	8.828959	67.12371
62.30181	23.38986
32.73057
15.34979
6.436474

32.42186	15.0269	61.74774	32.07285
4.093646	53.54942	51.15042	64.33779
37.47671
56.26688
66.93643
19.66244	66.24148	59.95595	46.91332
39.77142	28.99891
0.9588887	52.37299	66.82917	64.40129
64.61222	49.89927	1.850904
63.09491	54.4151
42.90336	13.92281
45.67348	27.85822
26.9251	25.64575
62.11889	53.62471
61.1544	29.88647	19.12995
56.32849

66.86643	51.68388
66.76154	62.7663	53.85286
53.9527	61.31789	3.786665

16.44493	60.76507	58.81384
62.42035	66.51923	49.90394
66.51923	64.53915	26.05555	16.37204
64.53915	55.26311
60.45281	53.165	55.85378

2.209751	63.26691	66.38172	14.10237
27.99712	52.81848	18.29232	49.78541

42.92918	64.1109	2.978908	53.70328
64.77174	66.75782

61.75744	50.0262
6.436987	33.91685
62.56624	66.93198	50.87652	18.84148
66.90147	41.75596
22.8658	47.96272
16.42572

0.04492127	61.44572
18.59345


54.34173	1.834307
6.269757
63.40912	63.93089
64.71787	66.7524	65.55092	51.82571
61.6795	39.91966	13.00013	7.569548
65.9268	0.7417572
31.98194	67.75295

31.78606
32.25612	54.43623	48.14397
50.17732	14.19974	61.66733	64.17285	51.85597
9.601748
49.20103	14.47082	46.07728
66.56428	19.95008	7.676237	44.85793
66.83639	35.02342	62.69025	30.92134
43.49614	61.54596	27.85012	36.90858	10.13921
37.04791
9.915964
66.19254	45.88184	20.61965
66.66281
66.63861	34.2377	42.89621	17.24383


31.2933
13.64693
60.02261	55.32605	66.31009

49.06923	17.55209
14.58075
63.34025	10.09711	45.9991
3.547446
66.76463
66.77518	64.14144	54.15366	42.66898
66.69021	21.36785	61.90549
36.49868	6.906615	0.5941587
29.25163	27.83671	28.06722

3.17726	43.12404
17.27738	3.575817	64.8858	58.88458
28.16412	29.58139	3.230431	0.4586582	50.15421	14.26474
66.65729	5.347156
36.14799	29.1696	59.00811	33.92642
65.03585	66.23297	67.38562	55.25343
5.633878
32.17422	5.533431
28.61523	64.60857	26.98615
64.60857	46.95187	9.317978	42.61584
64.60857	52.74797	48.4093	30.69305	50.41475	46.6021
64.43962
43.84807	35.847	18.23842
29.81709	11.92303
51.84087	66.83804
60.04456
66.56529	3.738175	52.22745
21.47788	7.32644

62.77609	57.25096
12.87087
64.97872	35.99937	65.95517
48.91568
41.57795	9.157988

37.8405	46.12746
38.11057	20.86545
44.14877
49.09213	29.26313	29.66097
4.792013
29.69259	6.455653	18.67982
25.75564	38.3876	33.65988
27.90015	0.9342191	19.84647

38.37734	2.724897
42.18572
35.15031	13.43081	53.58232	2.771515
12.90733	65.09366
33.70532


8.78154	67.0741
63.39042	53.47814
56.82946	64.38237	13.92296
35.00059	25.60661	18.17827
5.267928	54.4352
50.46535	60.88849
40.66872
67.19655

59.7394	53.49058
53.62883	21.67278	53.07215
65.11339
12.97709
46.39948	47.50554	40.05053
66.49673	61.23714	41.66708
58.06764	26.37557	62.96906


16.48994
8.928622	31.28699
35.06365	66.70563
66.70563	63.68745

10.76594


7.521339	67.32287
43.2463
44.00565
66.95846
12.97951
11.62123	62.86551
54.86245


63.95356	65.66572
66.61994	13.17896	29.9417	67.47418
27.43251
64.23852	51.61896	21.62218
55.24514	63.66919	12.45059	44.85283
55.67846	64.53477	35.82862	32.87033	4.53791
64.53477	42.2151	55.57392
67.1408	17.0172	64.20711
62.60635
64.49308	66.23237	64.38166

13.13897
5.074993	30.48537

28.00111	9.355102

40.56512	53.49387
64.60915	35.21617	38.00874	49.45771	19.64055	25.47443	47.76294
64.27483	40.21191	3.319814	45.30806
64.36826	49.53637	23.529
66.6604	9.703576	7.156406
66.68823
