SpeciationRates
0.1213215	0.0373995	0.1964562
0.1233602	0.07461449	0.1850588
0.1116768	0.1888882	0.05258556	0.0453915	0.04465694	0.09803506
0.08132133	0.1957716	0.08957887
0.05748874	0.1561167	0.0674084	0.06100836
0.09313531	0.1561167	0.07562639	0.06714595	0.1518861	0.06967166
0.08716509	0.1561167	0.04180863	0.03088942
0.02863232	0.1744359	0.03471111	0.1483065	0.09657399	0.005806036
0.08034789	0.1921706	0.01538676	0.02634526	0.1268632	0.0478478	0.1310967
0.128212	0.1903356	0.005819123
0.0739007	0.1912385	0.05165181	0.01827839
0.1002355	0.1569141	0.06933106	0.03752336
0.07452185	0.01367051	0.1407032	0.1427187
0.1867355	0.02716144
0.1807495	0.02439879
0.1993128	0.0489536
0.07344518	0.03247302	0.186523	0.03076032
0.1022291	0.05552265	0.1954521	0.009110728	0.09337328	0.1015413	0.06007357
0.1209047	0.06469321	0.1922501	0.05867895	0.02272624
0.09074366	0.0742527	0.2140023	0.02423247	0.1049983
0.1001789	0.07455867	0.2206536
0.05332636	0.02143197	0.1876694	0.1293408	0.1347698
0.1292292	0.03771737	0.1453649	0.08227972	0.03300931
0.1001418	0.05989928	0.1253366	0.1826013	0.03215768
0.2019421	0.024776	0.1358139	0.1915454	0.03517584	0.1372552
0.08862914	0.05738955	0.2092567
0.1020507	0.01423272	0.1759008	0.06887539
0.07567569	0.07969512	0.174903	0.1001178	0.01839179
0.1624949	0.06997418	0.1613788	0.05769117	0.106998	0.03417183	0.06943824
0.1241117	0.02668155	0.1794055
0.1391959	0.06370532	0.143728
0.1090913	0.04168299	0.1561338
0.07642307	0.0557348	0.1742115	0.08149977	0.1076845
0.1163428	0.03489034	0.1830674	0.001667238	0.1221969
0.1660752	0.04846885	0.1966651	0.08758096
0.08435914	0.02949586	0.1927489	0.06337311	0.1051995
0.06824213	0.03502843	0.1964436
0.1173681	0.06447538	0.1726518	0.1380085
0.1313293	0.01079336	0.1962654	0.029961
0.06395242	0.07787098	0.1757972	0.0906494
0.1328186	0.03266587	0.160732	0.06284424
0.1301993	0.1804263	0.002580857
0.04214221	0.1765952	0.06074304	0.05650039	0.1722845
0.1114519	0.1690023	0.041984	0.1457545
0.2019339	0.1916745	0.02284842
0.1949841	0.06176638
0.1910275	0.06289523
0.1732603	0.01198058
0.1401449	0.03691642	0.1835759
0.1287315	0.07531407
0.1712928	0.0176986
0.2066156	0.03588344	0.2127203
0.2173637	0.09279207
0.1341538	0.02891267	0.2090117
0.05791322	0.09327575	0.1950444
0.1429312	0.01541407	0.1950444	0.07266887
0.07713748	0.1803018	0.09791742	0.05236949
0.136578	0.1846733	0.0446382	0.1633569	0.01995152
0.1680406	0.05523569	0.1237138	0.1350962	0.1326677
0.09259	0.03955985	0.1641852	0.08438315
0.1624026	0.1104729
0.1327168	0.02341853	0.1376303
0.1910941	0.02081837	0.1832945
0.1888657	0.05935395	0.04598681
0.1977736	0.04668706
0.1244073	0.08158989	0.1772076	0.00377356
0.1468104	0.1961453	0.07733084	0.06189756
0.137105	0.1944574	0.01608278	0.120254
0.08664623	0.2117663	0.04356439	0.01917019
0.1235755	0.1648155	0.02681373	0.02785225	0.1021672	0.1519139
0.1326995	0.1699408	0.07456936	0.03743996	0.1446022
0.1217868	0.1935616	0.03909253	0.1325482	0.0003230323	0.156905	0.04635199
0.1562825	0.1936149	0.09344645	0.004323547
0.05499941	0.1953661	0.06318185	0.07365562	0.133569	0.01603963
0.1212013	0.1995023	0.03309897	0.05680419
0.05099415	0.1520706	0.01711894
0.1114468	0.2006283	0.01529548	0.1074684
0.09857088	0.1885598	0.08935556	0.002670914
0.1215419	0.1889507	0.04468112	0.01292093
0.05054484	0.2042094	0.03992425	0.06351304
0.08258717	0.1828569	0.01437483
0.1899751	0.1909295	0.047792	0.07786882	0.07453124	0.02582078
0.1751593	0.2296249	0.03851852	0.1398522	0.06926315	0.03720926
0.0484572	0.1801746
0.08789965	0.1858677	0.02979625	0.001701009	0.1468272
0.1672757	0.1991814	0.02709784	0.09854494	0.03117316	0.1683567	0.06695049
0.09468853	0.1878337	0.01560674	0.06397075	0.1131485	0.1230282
0.1104451	0.156803	0.02456299	0.06001963
0.06110456	0.1811885	0.008898487
0.09850389	0.1762964	0.03259442
0.07080763	0.16589	0.02328129	0.0182237
0.1288631	0.2175002	0.06304794	0.01476329
0.1262981	0.1770707	0.03103182	0.007859648
0.05377425	0.181816	0.005452307	0.1441397	0.1000477
0.1449437	0.2181794	0.04460418
0.1265357	0.1776261	0.06894166	0.03123901
0.05928096	0.1855151	0.04556012	0.0621025	0.153433	0.1025649
0.06383868	0.1886424
0.0240885	0.1964313	0.07717757	0.01542607	0.09432358	0.1213371
0.06039691	0.1833653	0.04963825	0.06354793
0.09075598	0.1953688	0.04255055	0.0587512
0.108702	0.1743592	0.01060322	0.08353082	0.1360063	0.1061378
0.1287305	0.1954961	0.05990274	0.0596454
0.2097173	0.1779492	0.03611267	0.0799747
0.07788493	0.1367289	0.02431416	0.07154637	0.06726633
0.1422633	0.1862978	0.03649573	0.1103701	0.1160267
0.1203696	0.1021263	0.1712805	0.1575836
0.1111341	0.1796998	0.1604961	0.09325037
0.1473527
0.1839158	0.1196493
0.1408287	0.04446151	0.1603965
0.1855028	0.05048204
0.1639246	0.02931709	0.126222
0.1983972	0.07559378
0.2093493	0.04127208
0.06005436	0.07851293	0.1784369
0.1149961	0.02616043	0.1835526
0.09553121	0.04138895	0.1626069
0.1403316	0.05594027	0.1983791	0.1059574
0.0759979	0.03932622	0.1636859
0.1417216	0.06609829	0.1778381	0.09602481
0.1390614	0.1778381	0.03733262	0.03709558	0.09464498
0.09381381	0.04273101	0.1776323	0.01769156
0.06794697	0.08388785	0.1773435	0.01173895	0.03358188	0.07436394
0.03929945	0.04007852	0.1919356
0.08992417	0.01752504	0.234493
0.09542136	0.06983337	0.2121568
0.06404404	0.007487123	0.2360596	0.1080181	0.04372363	0.05619154
0.1153967	0.0163592	0.2015442	0.06681147
0.08461812	0.02076725	0.1644416	0.08536941	0.08431338
0.06156922	0.03612555	0.1647438	0.187378
0.04052826	0.03741767	0.1625932
0.03883538	0.01113983	0.180254
0.09498419	0.0777736	0.1472281
0.09825409	0.1738106	0.07618062	0.1440567	0.05897138
0.1744446	0.2003504	0.0297531	0.02411472	0.1099473	0.1442271
0.08029473	0.2338618	0.06321812	0.01829588
0.06352226	0.2203281	0.03023469	0.01327973	0.1200731	0.06282188
0.08766977	0.1703415	0.01877301	0.0117761	0.1368046	0.1097041	0.02054133	0.04682074
0.1043088	0.1713579	0.006143537	0.02701309	0.06771413
0.2129721	0.1698646	0.007688809	0.02234481	0.07525344	0.01099888	0.1278746
0.04460733	0.1578358	0.008656945	0.01770732	0.1251319	0.01616947	0.07768701	0.1083744
0.1432377	0.1944252	0.01163593	0.02595651	0.1129471	0.039077	0.1315473
0.153405	0.1587516	0.0578179	0.01544922	0.09922519	0.03124737	0.08122811
0.04359488	0.1859503	0.05850409	0.01056526	0.1110016	0.08208809
0.04903471	0.1879637	0.01278924	0.02888873	0.1137273
0.1026799	0.181624	0.02784429	0.1736366	0.01503535	0.0834635	0.1052038	0.09820035	0.01384394
0.06248899	0.1726996	0.08130511	0.1600552	0.02021972	0.02398504
0.1215259	0.2032502	0.08549477	0.1128567	0.06253063	0.07706824
0.07687067	0.01336695	0.1840465	0.08694453	0.002913644	0.05592971
0.1734154	0.178116	0.09580028	0.09838745	0.09496217	0.1164842	0.1424134	0.03761133
0.04344614	0.1388019	0.024646
0.1567416	0.03053316
0.1300486
0.06571234	0.02259507	0.1074015	0.2236091
0.1283319	0.04232658	0.1236618	0.1853663	0.0271999
0.08647294	0.1244429
0.04419784	0.1162523	0.03753882	0.1091816	0.1513332
0.1330132	0.1757388	0.08025772	0.01446654	0.08956524
0.1167922	0.1835123	0.07262006	0.008939462	0.05285676	0.149836
0.08417721	0.21095	0.06688269	0.01171028
0.09368274	0.1759823	0.06975032	0.01306353
0.1573261	0.1628143	0.04777384	0.03901285	0.08047556	0.06129763	0.1311118	0.01318871	0.2022384	0.07098531
0.1145806	0.1861849	0.03366419	0.006186411	0.0821346	0.09170848	0.1579858
0.07828378	0.1552869	0.04468042	0.0107184	0.1416062
0.1368037	0.2158972	0.03876844	0.03437893	0.1289614	0.06402195	0.02828533
0.05392068	0.2198242	0.02042572	0.01009098	0.0837712	0.1104635	0.1166138
0.08716178	0.159314	0.02882808	0.01579965	0.1427816	0.05842977
0.1453012	0.1810386	0.0309244	0.1575017	0.07894902	0.05361043	0.07800506
0.07619011	0.1811972	0.01221853	0.1167614	0.002468874	0.03680953
0.135616	0.1879201	0.01894161	0.003283959	0.08725341	0.1229153
0.1120305	0.1751902	0.03670876	0.02156229	0.1358711	0.077198	0.006478732	0.08749906
0.06901836	0.1715627	0.02533862	0.03436592	0.1280166
0.1248265	0.1375654	0.02736175	0.02655634	0.1163036	0.1396845
0.1591857	0.1624275	0.02148866	0.04239335	0.08043895	0.03162709
0.1517282	0.1762827	0.05177348	0.03252807	0.1185399	0.03387063
0.1043299	0.1786136	0.05905602	0.0617296	0.01511062	0.1261183	0.08502952	0.1522416
0.1368893	0.1675524	0.05844965	0.07767957
0.144814	0.02171068	0.1360794	0.1682153
0.1197111	0.01971252	0.1961854	0.02221128
0.1224419	0.018261	0.1767829	0.01081963
0.1017474	0.04127348	0.2428975	0.0170902
0.07307589	0.0665502	0.1848016	0.01923955	0.08616095
0.06494174	0.1369412	0.01095728
0.1406183	0.1477398	0.02685963
0.1316438	0.1353417	0.007275462	0.1236231	0.05395416	0.06355581
0.04888635	0.1798919	0.01870518	0.03811169	0.06332324	0.108561
0.1591897	0.1175391	0.04098608	0.1329952	0.01486733
0.1265893	0.1654738	0.02028209	0.176366
0.1760941	0.153713	0.04099047
0.171883	0.2007746	0.02951168	0.01527213	0.08532265
0.129094	0.1954809	0.04514548	0.02500228	0.1066102
0.1514441	0.2050617	0.05888577	0.03476174
0.07997818	0.171155	0.04235637	0.03913668	0.02203357
0.1557063	0.2522459	0.02619535	0.02369548	0.1699766
0.1637419	0.2061625	0.0350834	0.0395715	0.01264275	0.1687325	0.004676062	0.1109187
0.1237344	0.238316	0.04540707	0.0156501
0.1234544	0.2175287	0.01889854	0.02419266	0.1217434
0.1254058	0.1803417	0.06167647	0.01294491
0.07315712	0.1418033	0.00609592	0.01895508	0.08887132	0.134728
0.1166111	0.208896	0.04053053	0.0362313
0.03152316	0.1950139	0.01186243	0.02204336	0.1111198
0.08990307	0.2007868	0.04644984	0.0191946
0.1043384	0.1890297	0.01327692	0.02196374	0.1400494
0.1328137	0.1478426	0.02174086	0.09279326	0.05146565
0.05410307	0.02197994	0.03677792	0.1337744	0.2193493	0.07786845
0.06692081	0.02186374	0.1662851	0.07875052	0.1792722
0.08724746	0.197854	0.014437	0.0271234	0.1167291
0.1230801	0.11927	0.08698872	0.07567829	0.02865493
0.0884515	0.1214215	0.05887106	0.01020018	0.105723	0.005648266	0.1070365
0.07131198	0.1700303	0.1399898	0.04370902	0.09415219	0.02850213	0.125953
0.08966808	0.04513316	0.02659433	0.1529033	0.1885135
0.08162601	0.05601761	0.1579933	0.1839966	0.01220347	0.03401272	0.1247711
0.1206554	0.008192446	0.1810655	0.01596399
0.1081811	0.01215755	0.1637575	0.01330576
0.0770989	0.01075436	0.2026233	0.02017883
0.1110564	0.03833135	0.1863726	0.02028895	0.08169972	0.1436355	0.07574327
0.1181726	0.04752949	0.1677858	0.02020047	0.07216371
0.07483129	0.08246737	0.1822335	0.03278806	0.08804658
0.1175541	0.05922611	0.1773935	0.03051677	0.1161091	0.1509066
0.1643226	0.01649553	0.1761867	0.02579341	0.07352363
0.1057399	0.02495044	0.134562	0.02211646	0.03665724
0.08505416	0.1563767	0.01983705	0.08719711	0.1328042
0.13068	0.1215858	0.02007536	0.07872938
0.09690293	0.1542106	0.02325645	0.1144647
0.1768586	0.1764261	0.06403573	0.01016769	0.04914542
0.1328134	0.1833111	0.006699065	0.02317775	0.1691523
0.1308128	0.1728294	0.03248502	0.1004749	0.05309479	0.0760577	0.1160294
0.0788084	0.1213593	0.01464831	0.01985068	0.06925526
0.1084357	0.1776066	0.02694843	0.1211588	0.02840674	0.1348238	0.1448732
0.1260986	0.2304973	0.01362115	0.06448217
0.1749665	0.1757712	0.01732943	0.08253651	0.117975
0.1810494	0.128589	0.03669908	0.0192915	0.1746949
0.1861713	0.167518	0.02088403	0.03931026	0.1443168	0.1145396	0.1251843
0.1179826	0.1653196	0.01837759	0.03864591	0.1251679	0.09068849
0.1276309	0.2001466	0.01870831	0.03545337	0.04192477
0.053705	0.1574143	0.008751268	0.02215274	0.1010192	0.0860341
0.164744	0.1863912	0.02399122	0.02893862	0.118679	0.1652793
0.1498975	0.1637287	0.09258645	0.02616961	0.07920036
0.1822487	0.1673331	0.01882954	0.03270511	0.09175798
0.08121594	0.2321665	0.02520554	0.03775979
0.1329246	0.1803766	0.02786914	0.05122465
0.08477545	0.1452976	0.02120856	0.05607563	0.002558168	0.08793999
0.1663235	0.1813441	0.03680429	0.03040961	0.0007127467
0.07068287	0.1512955	0.0004265748	0.1199761
0.09231236	0.1623587	0.0022303	0.004335947	0.02594758	0.1220609	0.08284089	0.06666977
0.06035499	0.1548221	0.005018982	0.02930211
0.06974581	0.1393156	0.02180158	0.0778386	0.06502829	0.1459821
0.1894052	0.1361659	0.02345328	0.1961945	0.02252903	0.05583947	0.1009265
0.06528532	0.1802685	0.02059033	0.150958	0.00635019	0.05105082
0.07620365	0.1708285	0.02954342	0.1267097
0.1292186	0.1292607	0.0250524	0.1167405
0.08770949	0.1176969	0.01176018	0.09542159
0.01653066	0.177894	0.01427317	0.1832213	0.04378745	0.1114701	0.1251448
0.1238106	0.1694828	0.01698652	0.03567375	0.04071699	0.1095516
0.1458558	0.1448106	0.02923687	0.0502715	0.1339468	0.05512105
0.1189539	0.161371	0.01345839	0.05432747	0.1149091
0.1675269	0.1842448	0.07973074	0.06737181
0.1221562	0.1434591	0.02865037	0.0253197	0.1247932	0.1310622	0.1678124
0.0801403	0.1606981	0.04566583	0.07221626	0.1746353	0.06651544	0.08182803	0.113986
0.07934148	0.0788486	0.1827641
0.1001811	0.03698255	0.1846061
0.009240905	0.05303909	0.1544522
0.0736639	0.1991862	0.03944846
0.06148936	0.1937496	0.09311364	0.02524821
0.1288269	0.1918371	0.06936803
0.1199423	0.1819647	0.02719344
0.1076806	0.2045199	0.03254973
0.2219354	0.06914191
0.1822623	0.01346685
0.2120926	0.01327515
0.1503255	0.07365721	0.1851168
0.1086435	0.01004309	0.1329712	0.19492
0.09488086	0.0615358	0.1584017	0.03283629
0.1436727	0.1642623	0.0009930108	0.08176445
0.1566217	0.1609096	0.02171094	0.06970863	0.1205449	0.05033749
0.1379017	0.2071612	0.02352357
0.100338	0.1753411	0.03535283
0.06119049	0.1497591	0.01453984	0.06415918
0.1324413	0.1317	0.04753078	0.06171542
0.1258005	0.07021897	0.1395123
0.1665805	0.1779895	0.004720898
0.1227985	0.1225453	0.008713695	0.1260555
0.1340975	0.07173224	0.03569649	0.234784	0.157665	0.1060098
0.1284041	0.005979978	0.1666694	0.1207946	0.01860243
0.144481	0.006586409	0.1958598	0.1607438	0.07275078	0.06919668
0.1072554	0.1636553	0.004055159	0.1075912
0.1226178	0.176235	0.02447472
0.06734217	0.1938008	0.07192924
0.1047994	0.1839744	0.0522764
0.05131062	0.133045	0.1096547
0.03263847	0.1867257	0.02400882	0.1307884
0.02818545	0.1769522	0.05999949
0.09073852	0.212851	0.08103197
0.1704751	0.1943311	0.02104114
0.06019541	0.1772452	0.0548399
0.06998053	0.2097174	0.01583851
0.1279088	0.0752789	0.1996258	0.1322507
0.2048693	0.09154042
0.2042727	0.01964111
0.2208905	0.02820377	0.2046468
0.163817	0.09256932
0.1766581	0.009754334
0.182833	0.08243442
0.08622116	0.07162308	0.2316492	0.0633149
0.0990409	0.02431359	0.1946957	0.2369597
0.1973909	0.01412577
0.1881278	0.03569436
0.1746139	0.11984	0.1597021
0.2003	0.03403593
0.2349547	0.06944711
0.2344652	0.01073317
0.2272981	0.09565634
0.2367927	0.02321495
0.2368127	0.03433071
0.2385717	0.1317998	0.06885362
0.2073543	0.05399913	0.09370742
0.2249486	0.06846006
0.2173853	0.05032425
0.1684644	0.006671778
0.1225043	0.02733738	0.1384899	0.1106092
0.07650353	0.02960034	0.1739268
0.05710513	0.02080546	0.1739268
0.1897443	0.1163267
0.2184314	0.01993041
0.2378915	0.02100704
0.1894648	0.01965597
0.05932795	0.03853935	0.1245995	0.1415961
0.188539	0.007344777
0.1115783	0.03355987	0.1493189
0.1786756	0.1250819
0.1322079	0.007652883	0.1636823
0.08312615	0.03746533	0.1789531	0.06143185
0.1106036	0.06807331	0.1631878	0.08763686
0.0927403	0.1350198	0.07546461
0.1148187	0.1427175	0.07074831	0.07516094	0.064986	0.1245555
0.09729916	0.1772086	0.03386196	0.1741693
0.1359056	0.1814316	0.003386837	0.06056753	0.1718645	0.1177668
0.06940136	0.1439411	0.1102513
0.07896963	0.1706829	0.04038133	0.06803838
0.06926113	0.2208116	0.04671482	0.02666916
0.0997897	0.1922429	0.06155934	0.09830596
0.09469095	0.1811361	0.009272222
0.1534926	0.1568645	0.05646407
0.1333833	0.1337597	0.02226892	0.1033611
0.05440364	0.1277791	0.01481423
0.07035202	0.1495248	0.05274236	0.1376288	0.07523614	0.1257258	0.0888665	0.07476995
0.1122708	0.1702112	0.06153792	0.03209299
0.08243571	0.1872826	0.04303848
0.07390783	0.1563822	0.0387037	0.05664303	0.009872045
0.03712494	0.1525956	0.0882376	0.1760726	0.1589915	0.04873447	0.03104743
0.08085938	0.01855199	0.1587277
0.1415186	0.03137974	0.180585
0.1386228	0.06006323	0.2025552
0.1230118	0.02235999	0.2022279	0.1510185
0.1218395	0.01475085	0.1863685
0.1105625	0.04988545
0.05786664	0.04983827	0.1760438	0.01737172	0.09546064
0.07260029	0.03194501	0.1709919
0.1350191	0.05106986	0.1812841
0.1469255	0.02772365	0.1765967	0.02305147	0.08474475
0.08373926	0.114808	0.1935457
0.08152296	0.09348271	0.1592868	0.07062884	0.02988435
0.1300995	0.1682198	0.005594078	0.1584994
0.08266447	0.1570398	0.06859921
0.06944668	0.161396	0.035553	0.04363515
0.07907276	0.2306833	0.024535
0.1285429	0.2585307	0.04527295
0.1596441	0.2362436	0.0225663	0.1020343
0.04204139	0.2362436	0.05895035	0.04312873	0.06713323	0.05693755	0.06400629
0.09251154	0.2261869	0.0317472	0.0188799
0.1625169	0.2186869	0.02435512	0.06955519
0.1316766	0.1707049	0.09290311	0.02885878	0.1164469
0.09581504	0.1645407	0.04989665	0.05013189	0.1011293	0.1355834	0.03636447
0.09444818	0.1747277	0.02695461
0.06429573	0.1747277	0.03777625
0.1890955	0.02284012	0.1731963	0.07179155
0.05745347	0.03297352	0.1717569
0.06197017	0.1491069	0.04169138	0.03691896
0.07866138	0.1677559	0.03110596
0.04157334	0.2116403	0.04851118
0.08362923	0.2045831	0.03091137	0.06304691
0.1484625	0.04973488	0.1942952	0.1718272
0.1032398	0.04590425	0.1962959	0.02353979
0.1647473	0.01866679	0.1897228	0.06070946	0.1246925
0.1299145	0.005538534	0.2452443	0.008414277
0.0756035	0.03088384	0.1888962	0.02365566	0.0871641
0.1066065	0.06179077	0.2622546	0.06918889	0.01691635
0.1259737	0.04411915	0.2377672
0.09451054	0.03707248	0.2083125	0.0955206
0.08612162	0.01569189	0.1867638	0.1046328	0.008556479
0.1267126	0.05796116	0.2175984	0.006167932	0.05444784
0.07459532	0.1862044	0.0180944
0.1490711	0.1643285	0.08085548	0.05655821
0.1204639	0.2035074	0.01689478	0.08338113	0.06749382
0.06221653	0.200611	0.002334591
0.09108282	0.1963546	0.03106115
0.1444034	0.1714011	0.04721862	0.104252	0.01952318
0.1233102	0.2117282	0.0457435	0.06548067	0.1888361	0.07944674
0.1762233	0.02727565
0.1473552	0.04859339	0.2033978
0.1321437	0.1654788	0.0256466	0.06910781	0.02491544
0.08942153	0.1603762	0.01225726	0.1549062
0.1757119	0.04738682	0.1529501
0.2390885	0.1018183
0.2096346	0.0203583
0.2007165	0.02643069
0.2072756	0.05898719
0.2133429	0.03342448
0.19462	0.02942615
0.1924027	0.02900279
0.1965876	0.04225336
0.2029723	0.04585394
0.08709999	0.03147232	0.1672374
0.1064557	0.02532796	0.2025001
0.02642803	0.03287449	0.1977417
0.04181071	0.08628434	0.2131425
0.04000738	0.05502264	0.2438272
0.1316617	0.2019558	0.03657155
0.128498	0.2178246	0.06782811
0.1288242	0.2175596	0.02565295
0.06880034	0.2266731	0.1214385	0.05734213	0.08013428
0.05694342	0.2111895	0.08295703
0.1245661	0.2039676	0.02843089	0.09967679
0.2196079	0.0109847
0.2002667	0.04079832
0.2003511	0.03979074
0.201199	0.06740824
0.1413465	0.0706713	0.2083319	0.1174678
0.1042362	0.04355136	0.1834581
0.158048	0.03062468	0.2265727	0.05522567
0.112031	0.06262894	0.228004
0.1118204	0.228004	0.08463317	0.02398251
0.1231684	0.1914966	0.05798921
0.06977624	0.2026638	0.05299101	0.1825407
0.1495226	0.1630135	0.09771744	0.1322049	0.06046261
0.09711279	0.04832681	0.1522189	0.01876255
0.190789	0.0435
0.192889	0.02165614
0.1810583	0.0180323
0.0931797	0.07005388	0.1401948
0.1125518	0.1198771
0.07341639	0.162718	0.04260255	0.0660465	0.1365445
0.06066961	0.1985625	0.07300689	0.02768393	0.1103952	0.1680114	0.1196869
0.0833846	0.1729769	0.03857767
0.1197364	0.1780895	0.02173467
0.06519534	0.021282	0.1846578	0.1108994
0.07622006	0.0436128	0.1539733	0.1960293
0.1193029	0.1003637	0.02955617	0.1442253	0.1097872	0.1509543	0.2169949
0.09421733	0.009238067	0.2101743
0.0767518	0.08090022	0.2227828	0.03211717
0.1203946	0.0311112	0.2242712	0.09422551
0.07314635	0.01903125	0.2058869
0.1098828	0.01323907	0.2025456	0.139368	0.04771403
0.1083639	0.04535838	0.2025456	0.08094651	0.003844077	0.08589855
0.1137938	0.04023162	0.2009914	0.06853392	0.01917647	0.09363649
0.08317182	0.01387857	0.1927464	0.2724562	0.05705526	0.1563345	0.07622326
0.1333687	0.02193723	0.1165306	0.2572936	0.0553707
0.1578153	0.05457937	0.2512946	0.01597427	0.07092583	0.07396648
0.1643993	0.04641283	0.233261	0.1297615	0.05315174	0.09278197
0.1105947	0.03623958	0.2388053
0.1302273	0.1947651	0.06191077
0.1654948	0.03178212
0.1818527	0.04680555
0.1935086	0.0632626
0.1855563	0.04799048
0.1413672	0.0228588
0.1804201	0.03073296	0.170633
0.1940612	0.0454191
0.1803484	0.02640698	0.0711422	0.1160481
0.03857257	0.007855835	0.1737588
0.1451464	0.0009061838	0.2444023
0.07642027	0.01478091	0.2315083
0.135793	0.06044741	0.1925372	0.001126511
0.1135053	0.1001181	0.1855769	0.06673792
0.09813046	0.1641961	0.1000852	0.07864697	0.1475674
0.06182071	0.1664108	0.05445613	0.06921519	0.1811683
0.09743862	0.1849261	0.06541621	0.03370472
0.07807346	0.1949735	0.05060317	0.1111052
0.10304	0.1951865	0.02441366	0.03905268	0.09141208
0.2007825	0.005174688
0.182188	0.03221277	0.2444526
0.1481922	0.040862	0.1499266	0.0474409	0.1637122
0.0762897	0.09699436	0.1659653	0.03119645	0.04898924
0.1285446	0.2060604	0.03606539	0.1175311
0.0529622	0.2142357	0.05772677	0.03030158	0.1084968
0.1593952	0.1941451	0.04395687	0.07504329	0.0347639	0.05047763	0.1371098	0.09455511
0.1696225	0.2081144	0.04211891	0.06618459
0.06111826	0.2248571	0.03781252
0.1193968	0.2023936	0.01771937	0.1144072	0.0180887
0.1437736	0.1827188	0.0182442	0.008886296
0.0772998	0.160451	0.0237529	0.04520276	0.04853514
0.1967222	0.1814615	0.03986206	0.08656929	0.05699657	0.046042
0.1837877	0.1995921	0.06649448	0.09664967	0.08888674	0.01769483
0.1487707	0.1869786	0.03831977	0.04556782
0.1338036	0.1904829	0.03362929	0.1338658
0.1031425	0.1792262	0.004379727	0.1151879	0.04834326
0.1096578	0.1976263	0.0101073	0.07772504
0.1059977	0.1969196	0.03941114	0.01685163
0.06706679	0.2227352	0.0630807	0.03765123
0.1524113	0.1979954	0.03784036	0.08957765
0.05027476	0.1768022	0.03574848	0.04212045
0.08355457	0.186059	0.06765841	0.05712802
0.09617196	0.1875885	0.01336868
0.09840325	0.1728326	0.03754476
0.1143024	0.02853467	0.1841427	0.05173212
0.1450861	0.03872863
0.04331465	0.01562705	0.1784973
0.2254252	0.02350239
0.2439237	0.06724595
0.2402638	0.007475466
0.2174758	0.03672312	0.1956955
0.1169688	0.05841801	0.2254429
0.1289463	0.07949706	0.2642724
0.1739649	0.04505178
0.1549247	0.2267757	0.01598022
0.1268517	0.2225802	0.05904285
0.08109755	0.01337103	0.1773368
0.07205129	0.05785137	0.207494	0.04096336
0.0922453	0.03433874	0.2169389	0.0254371	0.0989028
0.1269323	0.03941403	0.1621443
0.1318582	0.02265464	0.2012932	0.1045463
0.2080096	0.04635761
0.1765282	0.02351167	0.2268237
0.184308	0.08094357
0.2179358	0.04465807
0.106664	0.009986249	0.1969727
0.1774199	0.09090636	0.2219205
0.1735757	0.1945244	0.1231387	0.04700953	0.08617955
0.06978422	0.06797507	0.1685247	0.1728494
0.1149653	0.05305627	0.2268533
0.07186314	0.1836389	0.06682691
0.1852193	0.004489459
0.2015452	0.01087147
0.2046338	0.0827482
0.1833644	0.09848938
0.1926028	0.02949581
0.1817352	0.03981321
0.06555487	0.0865328	0.1525918	0.05425325
0.02933863	0.03522156	0.2350804	0.1395533	0.07684821	0.1546374
0.05057987	0.01604567	0.2486254	0.1506853	0.02259984	0.1312327
0.150633	0.06533147	0.214725	0.1264365	0.09781844	0.0632907
0.1021256	0.009693771	0.1603187	0.01340169
0.03452126	0.09160398	0.1088241	0.1697175	0.06810926
0.05289827	0.04924327	0.1813381
0.1355046	0.04135557	0.189336	0.0499171	0.08441324	0.003128154
0.07771058	0.04510834	0.193336	0.02886203	0.1369355
0.1444274	0.02892315	0.1824043	0.04187899
0.1063472	0.02366987	0.1777086	0.1747314
0.1287395	0.1104213	0.2138323	0.0504381
0.08892593	0.1816248	0.03743038
0.1037804	0.2054153	0.01705518	0.06074665
0.06519486	0.2006252	0.0194643	0.04564866	0.0807821	0.1227213
0.09397361	0.1816565	0.02480043
0.1330776	0.1297262	0.01439629	0.09355373	0.1838838
0.1376415	0.1597249	0.005639611	0.1495622	0.0003524906	0.06672821
0.09766149	0.1494388	0.00747931	0.001870972
0.1225142	0.1889916	0.02385169	0.002035618
0.06643799	0.1718924	0.0447806	0.1070553	0.08786297	0.01013506
0.1583754	0.1844873	0.06330365	0.01237962
0.1700387	0.05120229
0.09577018	0.1305486	0.1820259
0.1183761	0.02333695	0.1635806
0.09967328	0.02582306	0.1711088	0.0594424
0.06544956	0.03479263	0.1761194	0.008459674	0.1225236	0.04985877	0.01337544
0.1667989	0.06093112	0.1999313	0.00458242	0.0147103
0.07691781	0.07403557	0.2007423
0.08675469	0.01742999	0.2021531
0.1185671	0.03335609	0.1750292
0.07095695	0.01784588	0.1841697
0.07522611	0.2401928	0.0272165
0.09236714	0.1793393	0.03239116
0.1406081	0.07109892	0.147889	0.09251264
0.1314483	0.05959585	0.1666234
0.19351	0.05872144
0.1005847	0.03110544	0.1708576	0.1960675
0.1561983	0.0572965
0.1906261	0.03888806
0.1983173	0.01235905
0.2221074	0.04109376
0.1287286	0.0314333	0.08003596
0.02844166	0.1795951	0.07419482	0.08926194	0.101511
0.124621	0.2321374	0.02643892	0.01052291
0.08433931	0.2077543	0.02220154	0.008439631
0.09495944	0.1816687	0.03472011	0.02000465
0.08237823	0.03045919	0.2063074	0.04339047
0.08191269	0.07980842	0.2144294	0.04871154
0.1078571	0.03036187	0.1488256	0.06148812	0.04613798	0.1006915
0.1464162	0.04886886
0.0571556	0.1578672	0.04128508	0.1741189
0.1716464	0.07327637
0.1835555	0.05356267
0.2055955	0.03059734
0.1969972	0.05175197
0.1686262	0.02184347
0.08878159	0.05152121	0.1685475	0.04928362	0.1424396
0.08429505	0.05245012	0.1721618	0.09827871	0.02831576	0.09055625
0.07018313	0.0178382	0.1780879	0.04063556	0.04764144
0.05421778	0.02812868	0.1855513
0.119416	0.01811707	0.184365	0.05317754
0.0654753	0.04458953	0.21375
0.1609977	0.03733354	0.1972179	0.03177305	0.1288038	0.02058708
0.09513486	0.02215678	0.2230405
0.1215786	0.02374581	0.2240674	0.002312703	0.1575525	0.01973114	0.06496943
0.1388371	0.06129952	0.187441
0.1173395	0.02337975	0.203838	0.01428842	0.08032809
0.04692641	0.03382977	0.1890368	0.1164783	0.1568171
0.1305807	0.02116633	0.1453782
0.09728793	0.02564106	0.1860486	0.06563229
0.1047576	0.04369513	0.19191	0.01731274
0.1083408	0.0126306	0.15274	0.06984117	0.1648548	0.1161095
0.090497	0.01532666	0.1998811	0.0578853
0.1560516	0.03775511	0.1896246	0.08436913
0.123926	0.02829034	0.2006582	0.1174688	0.05738544
0.07510515	0.0173183	0.194189	0.07924332
0.1079113	0.1181972	0.1864135	0.04739975	0.03097327	0.04292558	0.06358531	0.09161224
0.2008324	0.05350329	0.161281
0.07520785	0.1406377	0.02965382	0.09952641	0.04247967	0.0508607	0.1850656
0.01318004	0.1831128	0.03063607	0.08983134	0.06627736
0.08560004	0.2607163	0.07039714
0.1219875	0.2398064	0.05541378	0.1122544
0.06368722	0.2299811	0.03747759	0.01901286	0.02792893
0.0972599	0.2298486	0.03588725	0.03620643	0.1791372
0.0785837	0.2076828	0.01179864
0.09891076	0.1954036	0.02822608	0.09740427	0.07728817	0.1471385	0.09401738	0.05726863	0.05311327
0.05410678	0.172565	0.008292582
0.1388848	0.2266491	0.00220005
0.04318233	0.0007616445	0.1540248	0.1419645
0.1443499	0.1646986	0.1478936	0.1316802
0.08061183	0.1417934	0.002904027	0.09340503	0.05806317	0.06211858
0.1086091	0.1609076	0.03131754	0.1880301	0.06921415
0.1054509	0.2015894	0.03522373	0.03730661
0.1696423	0.1969821	0.03203108	0.08442839
0.0616783	0.1854225	0.04208139
0.05277186	0.179294	0.06299755	0.06479716	0.1393165	0.1400562	0.1032684
0.1625415	0.1704903	0.003973667	0.175437	0.08904167
0.1234418	0.1651786	0.01188977	0.0643216
0.08238114	0.1808393	0.041961	0.09301445
0.1340429	0.1321523	0.09777012
0.0901587	0.1883885	0.02456495
0.1058672	0.1859048	0.008176808
0.1710409	0.1883849	0.005521226	0.04267904
0.08129535	0.2172286	0.02706922	0.1316948	0.06422172	0.03325428
0.1044799	0.1802048	0.02530378	0.03151098	0.06550443
0.06954548	0.1596255	0.03321799	0.01989483	0.1306735
0.1013049	0.1939644	0.04687032	0.009220322
0.1151012	0.1805156	0.03531883	0.03147667
0.1190891	0.2017276	0.02410778	0.07047578	0.07779868
0.07762513	0.1940153	0.04193376
0.1335979	0.1898355	0.01293926	0.1287247	0.07308392
0.0660335	0.1659157	0.04662899
0.1478146	0.18243	0.03312738	0.06927872	0.1861562	0.09524533
0.07889568	0.1726019	0.0246925	0.07013859
0.08907127	0.1943403	0.0465372	0.04493559	0.002004906	0.07408867	0.06685449	0.08729227
0.1476121	0.1823565	0.03180835	0.08904154	0.0907966
0.07827722	0.1570484	0.0264236	0.1634325
0.09712506	0.1785601	0.05067696	0.07754384
0.1401196	0.1815632	0.07433766	0.06066449	0.05479119
0.1204582	0.176771	0.06860634
0.1427329	0.009297912	0.1615128	0.03549791
0.05460471	0.02631357	0.1887003	0.1206795
0.07911763	0.1869947	0.05152289	0.1717256
0.10743	0.038583	0.1887311	0.0731644
0.1188267	0.06094956	0.1848005
0.0586314	0.04063093	0.2034238
0.02348905	0.02149267	0.1912896
0.08873272	0.06182719	0.1901079
0.2354601	0.0492721
0.2205761	0.06198673
0.2198365	0.02465744
0.2113936	0.04250438
0.1599821	0.02637112
0.1664384	0.04078286	0.1509653	0.08434813
0.2075819	0.02760421	0.109461
0.1780961	0.02788678
0.1594696	0.06291813
0.108039	0.01722274	0.1844116	0.03432049	0.07463882
0.0748316	0.04548428	0.1770333	0.1088081	0.07040124
0.09974163	0.1422485	0.04285031	0.1182761	0.006009344
0.08053738	0.1442166	0.03590819
0.06136392	0.1287046	0.04026157	0.2324328
0.1481561	0.03117247
0.06172913	0.0293813	0.1492505	0.09128796
0.1197677	0.1321631	0.1967549	0.09638031	0.05275259	0.05874101
0.111675	0.2047373	0.04668397
0.1310395	0.1873898	0.02047218
0.01731344	0.1652658	0.01244298	0.09433355	0.06035019
0.08823209	0.1617229	0.04381174	0.05693695	0.1003725
0.10108	0.1527677	0.09302389
0.0379075	0.1313374	0.03526599	0.002918307
0.135738	0.1790133	0.02256142
0.08079754	0.2477488	0.009976321
0.1226827	0.2149896	0.04611614
0.14001	0.1956741	0.05529184	0.05669457
0.1708664	0.03694769	0.1833365
0.1661509	0.005801869
0.06844869	0.05598192	0.1851032
0.07808751	0.01890463	0.1771303	0.1834898
0.03968214	0.03725086	0.2085224	0.1288863
0.07241078	0.01431829	0.1668645
0.06568479	0.1809881	0.07236897
0.1846753	0.05645752
0.1867131	0.01665636
0.1342486	0.04863161
0.204595	0.02525577
0.1964263	0.02623335
0.2248085	0.04831022
0.06890809	0.03350429	0.1759677
0.1517016	0.04994954
0.1180187	0.05292129	0.1584073	0.07212391	0.101057
0.1026903	0.04425907	0.1563738	0.06237709	0.0001335353
0.1122075	0.01803582	0.1881012
0.1658072	0.06376923	0.1757931	0.0244938	0.07319127
0.1175731	0.04474185	0.1662265	0.01876207
0.06548932	0.01198183	0.1515617	0.03603043
0.1598437	0.0248939
0.2025028	0.0353807
0.1905152	0.02535131
0.1675177	0.0354352
0.1548194	0.06813207	0.1722405
0.07245724	0.03142393	0.1154865	0.1633694
0.1131256	0.1493906	0.08743859	0.1263916
0.1788573	0.06900468	0.1745299
0.1678036	0.0918094
0.1991128	0.05198871
0.1634686	0.04896152
0.134347	0.06377492
0.1903949	0.03870339
0.1428281	0.01799527	0.1669171
0.1469571	0.0209834	0.1375736	0.1405054	0.1628752
0.07767922	0.051968	0.1759783
0.1680638	0.004197092
0.1263122	0.1614888	0.05975225	0.189545
0.1074052	0.1856406	0.04453882	0.1498882	0.04645093
0.08283434	0.1883881	0.02772692	0.05074291	0.1641144
0.07318664	0.1992184	0.05409752
0.1251441	0.1915884	0.02759258	0.0255546
0.1493719	0.1853329	0.0528217	0.05584457	0.1648463	0.04567621
0.07759094	0.2145677	0.01516066
0.01764677	0.1759529	0.03735128	0.1374893
0.009235322	0.1605119	0.05756815	0.1155789	0.1312561
0.05335876	0.1821541	0.01724084	0.07879348
0.1199804	0.225106	0.05398256
0.09976718	0.1957664	0.03592948	0.0276602	0.09005915
0.1371858	0.17535	0.07811441	0.03827829
0.08863302	0.1468417	0.09984029	0.07013152
0.1149169	0.2232862	0.08563887	0.07302354	0.06141664
0.007035142	0.2132922	0.0426643	0.09345097	0.03238313
0.06236217	0.1918239	0.03823006	0.03618022	0.06883838
0.111268	0.1800632	0.05445654	0.04691332
0.06268451	0.1719033	0.06619853
0.0804181	0.05658214	0.1638935
0.1117773	0.06004923	0.1846239
0.1971475	0.04849532	0.1576484
0.07597354	0.03101695	0.1888996
0.1527026	0.053664	0.1918657	0.1872722	0.1193554
0.142913	0.06568982	0.1750357	0.08667253
0.07927445	0.04886875	0.1333427
0.2029613	0.03105313
0.151013	0.03615422
0.1916824	0.06850562
0.1792376	0.03639419
0.1885323	0.03392713
0.1721615	0.04946894
0.2095663	0.02618907
0.1481108	0.0364387	0.2143127	0.1050275
0.1419998	0.09084595	0.194875
0.07656753	0.03518187	0.1952041
0.184774	0.002451203	0.1438724
0.1789067	0.01385939	0.153394
0.2068924	0.04787803
0.1465848	0.03328906	0.178153
0.1408022	0.02479037	0.2101932
0.1051945	0.04730951	0.2162667	0.07943182
0.06522556	0.05700067	0.1729959	0.08687219
0.05911812	0.1827496	0.03412503	0.06723266	0.03646464	0.08864979
0.1074351	0.008449302	0.1483782
0.102555	0.03425272	0.1414546	0.1525469	0.08062617
0.07495806	0.03422894	0.1175548
0.1053079	0.06826945	0.1851585
0.09559402	0.01064533	0.169867
0.1199899	0.01112058	0.1866433	0.04142154
0.04681516	0.05487691	0.174903
0.08440979	0.04222932	0.1958798
0.08860457	0.04994439	0.1866945	0.0980111	0.05281152
0.1084151	0.07080296	0.195473	0.1792941	0.104063
0.04688657	0.0234745	0.238018	0.08494773	0.2236409	0.003370592	0.1211552
0.1123348	0.06725983	0.1816561	0.06410092	0.04150287
0.1145087	0.04218838	0.1975402	0.09335321	0.1150088	0.0699035
0.04182938	0.01493099	0.1686739	0.05041378	0.0277302
0.05738643	0.04791435	0.2035146	0.1572032	0.113092	0.1179392
0.03592421	0.03111231	0.1846941	0.1491555	0.04341589	0.1139674	0.02720858	0.1027309
0.09515532	0.1794994	0.06492169	0.04514145
0.09742184	0.1756619	0.03156847	0.004861585
0.09281337	0.2214621	0.03404394	0.1358895
0.07084793	0.1843176	0.00722868	0.0523405	0.1273844	0.05936056
0.1223926	0.1773078	0.03995635	0.01659195	0.08660787
0.08617017	0.1487077	0.07580165	0.04834995	0.1359711
0.1265058	0.2202878	0.01545268	0.1814985
0.09225364	0.1994104	0.04213841	0.02870768
0.09117868	0.2151213	0.04260347	0.03840455	0.1320469	0.08080823	0.08680504
0.05260717	0.1972082	0.08491033	0.03966289
0.03594547	0.2115344	0.0173105	0.2221905
0.09435927	0.2101064	0.01264562	0.03069975	0.1139031
0.1133709	0.2022326	0.03252899	0.06056518
0.1220203	0.2089738	0.01707106	0.02069026	0.06359585	0.01329855
0.0946368	0.2125024	0.02195349	0.02326867	0.1614581
0.08927856	0.2361562	0.002755014
0.1482135	0.2055265	0.06262621	0.1220076
0.08235922	0.1855931	0.1242217	0.03409694	0.05534402
0.0608744	0.2070224	0.01074188	0.04387082	0.1977346
0.1434135	0.1904545	0.05504914	0.05621992
0.09456389	0.1893068	0.007930828	0.008643632	0.1939867	0.0767832
0.08667236	0.1560647	0.02442469	0.162785
0.0805088	0.1774109	0.02833521	0.05298551	0.01552904
0.112817	0.1774109	0.0284634	0.1869004	0.1219152	0.09415415	0.1697496	0.01647486
0.09401848	0.1485771	0.03550837	0.05013639	0.1268019
0.08433057	0.05271448	0.1559734	0.08790264
0.07972206	0.04685179	0.1194058	0.1907576
0.141411	0.1386901
0.006249448	0.13642	0.1022941	0.06346652	0.04481211
0.0801487	0.08858338	0.1625415	0.1735709	0.1396761	0.106563
0.14164	0.1830501	0.1241804
0.1960259	0.0345662
0.1444639	0.04085895	0.1762936	0.08609686
0.06566484	0.2055247	0.03680817	0.06241121
0.03586281	0.1695962	0.07770579	0.05393362	0.1181359
0.08285675	0.1544602	0.009412745	0.07735976	0.1275068
0.1345558	0.2038557	0.05264141	0.08675499	0.1015118
0.08052564	0.2033722	0.01492046
0.1050618	0.2146095	0.0625631	0.0775703
0.02652467	0.2248566	0.02373632	0.1588657
0.1125169	0.2262862	0.002328035	0.0468838
0.1098174	0.2523791	0.07172229	0.0630991
0.08113414	0.259167	0.09972911	0.04681989
0.1004585	0.2120852	0.07013937
0.05867484	0.1960386	0.07641034
0.1386365	0.1960386	0.02574019	0.1172952	0.06278571
0.05519706	0.1651904	0.004765585	0.05547949
0.0398282	0.1996437	0.04356338	0.09090877	0.05012357
0.1375947	0.1755077	0.02422397	0.1023174	0.02528682	0.06027293
0.1670127	0.2176235	0.05716076	0.1442967
0.1807213	0.03080149
0.06532282	0.1927763	0.0684061
0.08632797	0.01393104	0.1995357
0.06470159	0.05787003	0.1850061	0.01605266
0.1049638	0.04041208	0.1854367
0.1465688	0.03143719	0.2033048	0.1144976
0.2117768	0.0175148
0.1909084	0.06916689
0.193669	0.03051987
0.1985984	0.00446222
0.167171	0.08717908
0.1801372	0.06741719
0.1662299	0.006000506
0.1076177	0.02029634	0.1926284	0.07107009
0.2192259	0.01262812
0.2350076	0.03742294
0.2404235	0.04242633
0.1764259	0.01190072
0.2010812	0.02236227
0.1952202	0.05121353
0.2118747	0.03530411
0.2070345	0.08698886
0.2184416	0.02496643
0.1458212	0.04910507
0.1876913	0.0232447
0.1710174	0.07564552
0.1912828	0.05132509	0.1501755
0.212673	0.02440518
0.2178315	0.01632331
0.2034655	0.06439845
0.05104488	0.06286582	0.1912606
0.06232556	0.2000518	0.03320758
0.06991712	0.1711563	0.04895784
0.08938194	0.216407	0.05004026
0.03231531	0.1616264	0.01797134
0.1659793	0.01628885
0.1980584	0.05292287
0.1973193	0.05652085
0.2026167	0.02312668
0.1699021	0.08791322
0.1872966	0.02146247
0.2070616	0.03509504
0.1526543	0.0161469	0.1917504	0.01929701	0.1566237	0.09476007	0.07405388
0.1371136	0.01243467	0.1727951
0.08698034	0.005661403	0.1827829
0.08649701	0.03385712	0.2211985	0.1595679
0.19211	0.03378456	0.2206365
0.1098171	0.001243257	0.168688
0.1312458	0.01630986	0.1540357
0.1686157	0.0526822	0.1165449
0.1556879	0.07239615
0.178813	0.06975515
0.1955363	0.03158057
0.1865011	0.06472303
0.2434241	0.03538567
0.2042678	0.023408
0.2201561	0.03982442
0.1622536	0.05837217
0.2141306	0.09336068
0.166909	0.03561731	0.1588366	0.08998137
0.1638948	0.1012016	0.1539928	0.1352085	0.1153213	0.1558088
0.1532408	0.05362707
0.1017028	0.0122368	0.1870454
0.138543	0.04321102	0.1899532	0.2046882
0.1014965	0.04990261	0.1623936
0.1012049	0.01694007	0.1617978	0.2088141
0.1368693	0.04200564	0.2438105	0.005148688
0.1593619	0.2398587	0.05109578	0.1183114	0.08458992
0.2123109	0.03184364
0.2037004	0.04723707	0.2137107
0.2213066	0.01816106
0.08247382	0.0251652	0.1912178
0.07837509	0.02590028	0.2144933	0.06397999
0.06191116	0.2026294	0.08201217
0.08919079	0.2085001	0.0280988
0.1054035	0.2061107	0.02442683	0.2285415
0.1423104	0.2441174	0.03662189
0.128006	0.09591091	0.1599833
0.1937936	0.02875029	0.1568945
0.1318139	0.1645097	0.05527582	0.1249576	0.09342461
0.02342604	0.06145688	0.1860925	0.05101658
0.1374076	0.02994381	0.1735393	0.1250596	0.02291036
0.125995	0.07292958	0.1749709	0.04345654
0.06824074	0.1792087	0.02255959	0.06772868	0.1162983
0.09162057	0.1821191	0.05008389
0.1491119	0.2032463	0.02023586	0.06419081
0.09652806	0.1499292	0.04032059	0.04068672
0.1246828	0.1252608	0.01661053	0.121775
0.1009389	0.1535385	0.02536711	0.06278142	0.1125743	0.00562646	0.0903012
0.08319491	0.1549843	0.04184319	0.006539495	0.03759091	0.1610286
0.09284224	0.1578905	0.08077606	0.09276394
0.156816	0.1921211	0.02182317	0.1610001	0.01333179
0.1335012	0.2058332	0.05078278	0.04846332
0.1162913	0.1791903	0.02268516	0.05976683	0.06110918
0.1066422	0.1877604	0.03796264	0.0446925	0.08086445	0.06635817
0.1023135	0.2200143	0.08883107	0.04730286
0.09625685	0.1923994	0.0468612	0.1034844
0.1562967	0.1923994	0.05699885	0.08718523
0.08058026	0.1910491	0.03700831	0.00282944
0.05706568	0.1723522	0.07568355	0.206357	0.08773541	0.04310963	0.1426496	0.1202395
0.1031981	0.184825	0.02096963	0.05478925
0.02987321	0.1478969	0.07126919	0.02685565	0.02126102
0.1685905	0.0411279
0.04755846	0.0240257	0.1596166	0.191875	0.05345467
0.1570844	0.2073407	0.05032518	0.03666828
0.08941124	0.2110335	0.04216546	0.1566036	0.1032183	0.0466129
0.1484308	0.1799049	0.03908255	0.02958035
0.1335579	0.1829727	0.02666806	0.1204658	0.1663304	0.1148925
0.1503753	0.0344641
0.1720234	0.02372007
0.1717729	0.01420468
0.1472615
0.0526331	0.03306745	0.1919215	0.05391134
0.1906668	0.06613208	0.1527604
0.05560075	0.007235877	0.1752699	0.1489219
0.09120774	0.02638747	0.1462305
0.07863947	0.02343838	0.1879528	0.1434425	0.09301848
0.1840258	0.06611612	0.1726561	0.04306822
0.1499647	0.008688748
0.09124407	0.05487993	0.2046114	0.01274848
0.1438773	0.03550527	0.2498088
0.1440266	0.006813734	0.2446325
0.1871035	0.03739109	0.213589
0.1884889	0.02550057
0.1778527	0.0241807
0.1422419	0.02241524	0.1245897	0.1276378
0.1526187
0.1691918	0.1346434
0.180791	0.08794404
0.2055376	0.06046763
0.1723298	0.004815996
0.1883064	0.04435154
0.1837958	0.05756235
0.1921563	0.03149165
0.1713522	0.06104808
0.1784145	0.04344015	0.1661657	0.1295418
0.06543079	0.01668665	0.1838376
0.1514863	0.0241526	0.2340112
0.09439007	0.07261378	0.2038246
0.1953654	0.01587997
0.1352118	0.03318033	0.1894469
0.0877781	0.1673251	0.03873257
0.1057623	0.1703838	0.02833253
0.1559015	0.006808842
0.1776746	0.002133138
0.2664462	0.03554033
0.2432398	0.0299101
0.2104128	0.06480725
0.1895303	0.02365667
0.0701653	0.03151064	0.1844889	0.1785974
0.05736659	0.01898664	0.1476987	0.1746423
0.01862129	0.05599227	0.1344477
0.04944105	0.03516769	0.1535429
0.1052834	0.1576183	0.04997108
0.1858335	0.02926178
0.193166	0.06182039
0.2134361	0.05174707
0.1923902	0.07581739
0.1545311	0.02698121	0.1962132
0.1689597	0.04682458
0.2000129	0.01740254	0.08759232
0.2391616	0.02767013
0.25754	0.06431026
0.2145106	0.03048214	0.007009283
0.2382819	0.02871646
0.2072888	0.02904512
0.2392442	0.07525476
0.183332	0.01985275
0.2040213	0.04897391
0.2042349	0.09078149
0.08131684	0.04608803	0.1640973
0.06232969	0.09452297	0.2009734	0.02895011
0.08526259	0.05504537	0.2015194	0.02338784	0.06719044
0.1114622	0.03756932	0.1810263	0.06782319	0.1283273
0.08630402	0.03244723	0.2086788	0.0142054
0.04111074	0.06527322	0.2046974	0.09687877
0.1071289	0.04384417	0.1742797	0.09452431
0.07644302	0.08275631	0.1975548	0.04822113	0.002799532
0.152544	0.03167947	0.1777503	0.04151156
0.07585301	0.05944142	0.1829084	0.004915219	0.1187837
0.1321127	0.03886491	0.1848805	0.0002597099	0.04805978
0.1391537	0.0157289	0.185398	0.009228806	0.1338781	0.04999
0.06312513	0.06162326	0.1780454
0.05067034	0.07991775	0.1697389	0.09721775	0.04919618	0.1069059
0.1223016	0.02716378	0.2037347	0.02682389
0.0882357	0.008827788	0.1665032	0.1499813	0.04654819	0.007157317
0.106236	0.0277836	0.1996633	0.01403428	0.09875205
0.09843751	0.05548083	0.1892492
0.08692916	0.06523801	0.1801194
0.09000883	0.1723523	0.04937289	0.02633829
0.1875815	0.1462371	0.01642817	0.07635408	0.1662745	0.05587368
0.1385375	0.2181112	0.06567867
0.09579301	0.1952071	0.04376344	0.1933558
0.0152755	0.2050979	0.1233568	0.1402903	0.06982817	0.1188368
0.04591741	0.1788468	0.0514301	0.0700702	0.1670857
0.1408513	0.1858803	0.03002747
0.08004608	0.1975451	0.05204154
0.1074453	0.214648	0.0121742
0.1425918	0.214395	0.05204268
0.1312038	0.02135475	0.1661567
0.05532714	0.07390231	0.1682889	0.0938057
0.07180666	0.2163777	0.0387597
0.07548885	0.1849515	0.04774127	0.1134923	0.08996329
0.1106431	0.01954851	0.1744432
0.08773259	0.05143608	0.1839229
0.1802619	0.02962924	0.1889313
0.2068942	0.02729771
0.1857599	0.0677654
0.1833447	0.05114228	0.1972363	0.1333737	0.1359007
0.06028742	0.02645619	0.2057377
0.08247876	0.02847356	0.2204361	0.02713901	0.06524648	0.05329586
0.05413494	0.007185812	0.1704607	0.04307589
0.1084883	0.06933497	0.1337849	0.1740893	0.08386694
0.1094881	0.2133639	0.08465949	0.05640075
0.1883385	0.2090233	0.0555035	0.09695532
0.1384306	0.210686	0.05846485	0.01526524	0.05389926
0.09086473	0.1585891	0.08547185	0.02857335	0.08061091
0.08367277	0.1780766	0.04780697	0.1189134	0.05401682
0.1285399	0.2131541	0.05728812	0.0008811845	0.1691027	0.04421769
0.04208825	0.2131541	0.1108067
0.1284536	0.2184837	0.06303686	0.06422355
0.09512908	0.1857429	0.05260244
0.1164404	0.1725923	0.03109441	0.03777365
0.06180088	0.03103916	0.1770453	0.08319007
0.06402705	0.02707375	0.2044079	0.07582787
0.07315126	0.1212784	0.2303081
0.08473033	0.04021425	0.2437752	0.1493072	0.0416989	0.081253
0.08355616	0.003997005	0.2054513
0.1134278	0.03483448	0.1852985	0.04780071	0.03765619
0.1191793	0.03555293	0.1809355	0.09451302
0.1803204	0.1881342	0.1308056	0.09046696	0.04593354
0.1126445	0.1836074	0.04639112	0.0148425	0.05363552
0.1074859	0.1769149	0.01301661	0.04830179	0.02989593	0.03498756
0.09147957	0.1818382	0.01498237	0.123524	0.05122396
0.09903323	0.1758395	0.04627769	0.06571303
0.1350422
0.1598932	0.0576125	0.183561
0.1242952	0.02225493
0.1146394	0.007862404
0.1905776	0.02893721
0.1790587	0.04406373	0.0640074
0.1093772	0.01825476	0.1961291
0.1189491	0.05331076	0.174425
0.1336922	0.02778742	0.1453986	0.1367807	0.0487461
0.09460889	0.04523673	0.1922553	0.05090347	0.10993
0.1024372	0.03020639	0.1402137	0.05505577
0.1773859	0.03118117	0.1480502	0.06878695	0.0339893
0.05709079	0.17533	0.04618435
0.1294972	0.1511623	0.04908696	0.02933547
0.05888813	0.1708303	0.007473713
0.09059778	0.2067343	0.07682755
0.05829849	0.179697	0.0472201
0.06284988	0.1430861	0.08119272	0.2028989
0.08048661	0.1452662	0.03668999
0.1642287	0.1724503	0.05945232	0.09556232	0.1686183
0.1953682	0.03399985
0.1907284	0.01573711
0.1730011	0.09342939
0.1518165	0.01859836	0.1746047	0.1426659
0.1766848	0.01704515
0.2069544	0.1621641	0.07834013
0.2110796	0.02768179
0.2035927	0.02760088
0.09199138	0.01878293	0.1808973
0.1230124	0.04520512	0.1404589
0.1164645	0.0343197	0.1703823
0.1527249	0.009448394	0.2025541
0.2112134	0.07160974
0.15155	0.04481173	0.137899
0.0768401	0.1421241	0.1551964	0.02911659
0.03544053	0.02818731	0.1519095
0.158405	0.01360068
0.0975812	0.04215979	0.1670054	0.1512723
0.04293998	0.06596312	0.188864	0.1131333
0.07315741	0.05711144	0.1919996	0.04217081
0.171489	0.1919996	0.04116263	0.02796876
0.1798016	0.03006685	0.2165731
0.1804313	0.04432251
0.1845663	0.003904537
0.1981431	0.03231691
0.1966955	0.009497605
0.06439078	0.006400416	0.1820936	0.04661583	0.1363649
0.2042053	0.04443115
0.1919773	0.00999144
0.1952793	0.02405523	0.1766342
0.1811174	0.0586824
0.1718718	0.02211217
0.1673086	0.04795527
0.1207699	0.05493125	0.1112077	0.1970696	0.126877
0.09083652	0.04947739	0.1465622	0.01640857	0.05258479
0.1032576	0.04896615	0.1781151	0.002879753	0.07894408
0.1153067	0.05997834	0.01994928	0.1881765	0.05233479	0.07027435
0.06922683	0.1671362	0.01534741	0.05763473	0.1894686	0.1216886
0.1223966	0.1770645	0.02200116	0.01152594	0.08296502
0.136896	0.1685636	0.05306427	0.02034407
0.1095404	0.1877674	0.0176612	0.05859945	0.0852386
0.1204944	0.1917335	0.04155505	0.01859289	0.08865445	0.1565272
0.1127734	0.1844816	0.03824518
0.1460615	0.2091332	0.03214098
0.05260983	0.2125291	0.05155404
0.04286095	0.2272015	0.03585798	0.08359984	0.03416709
0.02985589	0.1903892	0.02114811
0.03767613	0.1914846	0.02319375	0.1852177
0.05893035	0.189701	0.05648077	0.04169567
0.1036152	0.1901848	0.03983471	0.003901026
0.074494	0.1850505	0.02041811
0.06782077	0.2057785	0.02516815	0.05495258	0.05860839
0.08229731	0.2057785	0.03235612	0.09941885	0.09039486
0.1368396	0.1557031	0.02263008
0.1042594	0.1545703	0.03279316	0.1221419	0.1592767	0.02171747	0.1354843
0.1216149	0.1545703	0.05350415	0.06940987	0.08645528
0.1126846	0.2396837	0.0224809	0.02805602	0.1187746
0.1084809	0.2030376	0.02752414	0.05156047	0.05784973	0.08700397
0.1458442	0.2117591	0.03297361	0.08023269	0.08825311
0.03113331	0.1903271	0.04114945	0.07415712	0.05006777
0.0855722	0.2243226	0.08172844	0.04598962
0.102762	0.222793	0.02978174	0.009261155
0.08243855	0.225743	0.04908739
0.1835329	0.2075241	0.03704236	0.08693997
0.1239362	0.1933862	0.07923839
0.08903469	0.1752457	0.06224692	0.02865314
0.05636391	0.009174813	0.1325942	0.05010683
0.1173476	0.05305511	0.2133014	0.09010935	0.114736	0.1069424
0.1097032	0.054814	0.2133014	0.1364946	0.1043577	0.0969278	0.119864
0.09025932	0.001481875	0.2113973	0.07160546
0.1070334	0.007881433	0.1810474	0.04262527
0.07510417	0.1593627	0.03382725	0.04131219
0.1011501	0.165353	0.05490965	0.07138506
0.1122762	0.1747137	0.03425814	0.05489537
0.0891881	0.2389282	0.0782708	0.0424191	0.1200042
0.0883104	0.1997386	0.01386807	0.03496873	0.06206367
0.07582722	0.2035159	0.0512334	0.01795231	0.1127305	0.06076421
0.05789286	0.170501	0.03931691
0.07558076	0.170501	0.09570344	0.00976263	0.1143385
0.07432164	0.189619	0.003271124	0.1046024
0.1351964	0.1739718	0.02340894
0.1541329
0.1449602	0.02493477	0.175864	0.107153
0.1585497	0.02936271	0.1828924	0.1557173
0.1832309	0.07005254
0.1694864	0.04289362
0.134451	0.01377834	0.1509022	0.1808229
0.1318437	0.03537692	0.2179193
0.1320604	0.06164213	0.2027163
0.06424129	0.07985746	0.2309224
0.06988549	0.03346955	0.2515219	0.1446031
0.1589309	0.06155304	0.2368458
0.1857055	0.03341392	0.2600976
0.05532867	0.09109155	0.2508149
0.04629522	0.0527569	0.2203589
0.09007128	0.01145906	0.1992047
0.01753151	0.04726836	0.2384293
0.1260903	0.02162353	0.1875299
0.1721121	0.06583502
0.1944598	0.04881949
0.04841077	0.03581123	0.1739545
0.1823831	0.03087872	0.1757486	0.07094972
0.1837238	0.009632694
0.06942072	0.02912985	0.1183449	0.1740504	0.1586881
0.156937	0.1927945	0.01668824
0.1405776	0.07119209	0.2000648
0.01879889	0.01627729	0.1693771
0.1074786	0.04682572	0.1921209	0.05560462	0.1826083
0.121004	0.2211921	0.06572577
0.188614	0.03307199
0.1951157	0.03855293
0.198411	0.06511764	0.01597382
0.1854029	0.01912737
0.07264738	0.05876112	0.1502527
0.1414363	0.01928208	0.1887121	0.09213749	0.1730666
0.1189971	0.04205351	0.162844
0.06894395	0.01692835	0.03963781	0.1852155	0.1330318	0.08269644
0.09315975	0.1844501	0.02124051	0.04912126	0.03493509
0.1299192	0.1829313	0.07872789	0.0167249	0.1020742
0.06936264	0.1634181	0.02818068	0.009138027	0.1397118	0.1807818
0.0864019	0.1551807	0.02459317	0.03567341
0.06302313	0.1961791	0.02931305	0.09563037
0.1045208	0.1975013	0.0303113
0.1351147	0.2134	0.03476745	0.07982777
0.1439457	0.2341246	0.01414481	0.09174982
0.07410084	0.2468574	0.04672089	0.0645535
0.1482498	0.2504972	0.03860052	0.0306391
0.0522444	0.2304595	0.06784435	0.06911284	0.02469933
0.05237782	0.2152843	0.03455383
0.07178251	0.2084027	0.01175179	0.004327423	0.04627473
0.1508055	0.2143008	0.09270609	0.06728824	0.03329228
0.1196743	0.1635792	0.06566857	0.02460729	0.1990881	0.07906867
0.1032148	0.2238641	0.01209892	0.06689866
0.1577087	0.2028312	0.00712929	0.03053697
0.1318861	0.1998833	0.02132496	0.02233554	0.09464025
0.1052794	0.2004423	0.02061276	0.03224657
0.1318284	0.181297	0.02041317	0.06361676
0.03231104	0.2027208	0.01884244	0.06726934	0.1839305
0.1364395	0.2216903	0.03602601	0.1086924	0.07466703	0.02184511	0.0732781	0.1325031
0.09331025	0.1105175	0.02770097	0.1736953	0.1113959	0.07606054
0.08898634	0.1672644	0.02470379	0.1284378
0.1769028	0.1692269	0.01670172	0.07478231	0.08782004
0.07540109	0.01900364	0.1482946
0.06586127	0.01392076	0.1422973	0.05018399	0.05342806
0.07927854	0.03706543	0.2067178	0.06661289
0.1449967	0.02673704	0.1973186	0.09162908
0.05197732	0.1794861	0.06449136
0.01397877	0.1836902	0.04375906	0.08631163
0.01296441	0.2016464	0.02251163	0.08055568	0.02030048	0.08892638
0.0946366	0.1676682	0.04100621
0.1090654	0.2288069	0.045568
0.1014351	0.2347682	0.04508643
0.07296754	0.2581207	0.07764075	0.1352013	0.1211291	0.08077758	0.2142386
0.1173735	0.2449864	0.02925147	0.0296175
0.08746623	0.2195568	0.03300498	0.06058242	0.09111396
0.2277241	0.1833981	0.05480229	0.07360952
0.07371946	0.2040883	0.04272399	0.03885223
0.1213307	0.06744324	0.1871991
0.1127898	0.2066465	0.03020321
0.08526487	0.1866349	0.02572847	0.01358278	0.1433798	0.0905053
0.08957434	0.1903177	0.04118955
0.08286182	0.2104223	0.05197245	0.05545383
0.1294223	0.2029445	0.08268537	0.07514503	0.06393466
0.1489739	0.1894672	0.0447943	0.03444337
0.07772774	0.1641119	0.05401359	0.005863789	0.08792081	0.08505196
0.0779646	0.1875582	0.03975372
0.07148257	0.2045077	0.05491543	0.06200243	0.06636011
0.102209	0.1840567	0.04760935	0.0599326
0.09351135	0.01273665	0.1894563	0.002982094	0.08488865
0.1448098	0.02981025	0.1867899
0.1152023	0.0189305	0.1433639
0.1675345	0.1072593	0.1500699
0.2066412	0.03705301	0.1722504	0.05592485
0.1072682	0.05188306	0.1573274	0.1508509	0.09008914
0.02331958	0.01859033	0.2008443	0.07374327	0.05413355	0.06911714	0.03536885
0.1156332	0.1801604	0.07452406	0.01256271
0.06934718	0.1813563	0.06107775	0.01992895
0.1120956	0.1836917	0.0914227	0.08190231	0.08135997
0.07689289	0.165874	0.05748868	0.03987301
0.07423653	0.1607099	0.07662094
0.1014736	0.1621405	0.06072616	0.03268489
0.133965	0.2118552	0.005517591
0.08106388	0.1877545	0.003485014	0.02783189	0.1323436	0.1056676	0.0685728
0.08356417	0.1729084	0.06071214
0.1063319	0.2102621	0.01083293
0.1139037	0.2230778	0.08672011	0.05036664
0.09763777	0.2332189	0.01236938	0.03987505	0.13677
0.09323717	0.2077281	0.02549179	0.05175911
0.1393626	0.1821617	0.008815692	0.06322953	0.08198791
0.04536476	0.1967015	0.02524528	0.09575132	0.09199885
0.08625903	0.1805608	0.03925943
0.1147015	0.2008647	0.04513935
0.03939667	0.2055538	0.07156974	0.001954741	0.07152541	0.1519923
0.1154739	0.1743581	0.09508263	0.09692858	0.1349043
0.09638097	0.1580359	0.02877093
0.08372124	0.1886209	0.03921666	0.1297104	0.06411344
0.08929644	0.1620484	0.09886903
0.05343548	0.1886635	0.06722589	0.05027196
0.2246902	0.07849667
0.1804655	0.05705069
0.2033831	0.05990194
0.1809091	0.0523503
0.138281	0.05135056	0.08093279	0.2261826	0.1608363	0.02957314	0.09112328
0.1329876	0.1122989	0.01405208	0.2018112
0.07454023	0.0160596	0.02942585	0.1872859	0.0583499	0.08139755
0.1335288	0.004456507	0.1809341	0.1724785	0.005778439	0.05498511	0.06024648	0.07542852	0.1797935	0.1368809
0.1406979	0.008533717	0.1778037	0.1178333	0.008138303	0.04583303	0.01821583
0.1210971	0.05630926	0.1771584	0.1472094	0.02132625	0.03875877	0.09315472	0.06885399
0.145331	0.08913154	0.1661917	0.01684693
0.1312825	0.02964514	0.1699679	0.03632493	0.108876
0.1211713	0.08284615	0.2068727	0.01832121	0.0901549
0.1107656	0.02129882	0.1739111	0.03135456	0.08676338
0.144658	0.05123896	0.172934	0.02512893
0.1220477	0.1502659	0.01407087	0.03461923
0.2011865	0.1618602	0.02062008	0.03599553
0.09005624	0.2136283	0.04399009	0.01184973	0.1447476	0.09564281
0.1464534	0.1787805	0.012376	0.02029773	0.223904	0.1182084
0.1112163	0.19005	0.01621082	0.0517964	0.1297626
0.09724962	0.2375448	0.0247128	0.01853575	0.1125991
0.1178413	0.1908142	0.01629277	0.01522849
0.1113777	0.1762994	0.02073412	0.02155952	0.01552784
0.09941243	0.2032151	0.0269254	0.03497658	0.1055606	0.05565697	0.101505
0.1327955	0.1624434	0.02541723
0.1459391	0.2219289	0.0296609	0.09110228
0.1350451	0.1948243	0.02782242	0.06072977
0.1352278	0.2026663	0.03772113	0.03172638	0.03288561
0.1088142	0.1987888	0.05352676	0.02065175	0.04249395	0.1343801	0.05593544	0.05658197
0.166929	0.1860473	0.02780332	0.2230704	0.1287311	0.01337791
0.05795525	0.1555169	0.02562176	0.2174823	0.01331246	0.059528
0.1293779	0.1583716	0.03002998	0.02029184	0.09714137
0.1637656	0.1711155	0.012202	0.008899922	0.0496698	0.06271922
0.05864823	0.1987311	0.03179873	0.05482311	0.1068294	0.06263989
0.1161045	0.1788443	0.01723777	0.03535271	0.1482095
0.09910687	0.215566	0.0237008	0.1451666	0.04276539
0.1490741	0.03039634	0.1042384	0.1720052
0.1466327	0.09009076	0.1789347
0.05969434	0.07242282	0.171744	0.1047021
0.05514918	0.08751736	0.1783694	0.07317483	0.1149687
0.1089141	0.04703457	0.1806406	0.1426164
0.1358636	0.0138662	0.1945969
0.08853722	0.012381	0.181749	0.1139007
0.1648166	0.04547343	0.1634254	0.1958663	0.1069793
0.2255228	0.003952446
0.2099599	0.02541995
0.2099599	0.03826002
0.18818	0.08538799	0.1311732
0.1530873	0.05550787	0.1971796	0.1234304
0.1876476	0.06549671	0.1926238
0.201868	0.03045645
0.195215	0.05234037
0.168172	0.0393163
0.04394549	0.0473864	0.1659633
0.05157326	0.02029762	0.1681802	0.1023458	0.09358535
0.110735	0.06339326	0.169389	0.181938	0.0700296
0.1252412	0.02448831	0.2037818	0.06221239	0.07775976
0.05986479	0.08716391	0.2105144
0.1694073	0.02657407
0.1408632	0.03873361	0.1579434	0.1248159	0.1124873
0.1511207	0.1877345	0.06524766	0.03362834
0.1237647	0.195919	0.06152448	0.06584596	0.1513179	0.06616768
0.07216868	0.1657939	0.04325278
0.05922082	0.2205575	0.04048408	0.007266743	0.06244933	0.1265991	0.06337408
0.07870311	0.1550227	0.03219301
0.05771542	0.03826931	0.2334078	0.05206235	0.137274	0.07336492	0.04567485
0.09286485	0.06651505	0.1473796
0.1187197	0.159794	0.0327564	0.06647548
0.08894984	0.01684844	0.1749921	0.05349282
0.1082583	0.01173852	0.224521
0.1101431	0.008993276	0.195948
0.1858042	0.02055002
0.2326101	0.002809452
0.2434111	0.02611518
0.214083	0.03663114
0.1696719	0.03275149
0.1761641	0.05553548
0.1815209	0.08403597
0.1007819	0.05156923	0.1643737	0.09462816	0.1440458
0.1056743	0.1685689	0.04580825	0.1330457	0.1505911
0.09761956	0.1816104	0.02017843
0.1321917	0.1804777	0.01466715
0.1268903	0.1715069	0.0533991
0.1715403	0.03225192
0.1982813	0.04534691
0.1803318	0.07717229
0.1522212	0.06312916	0.1917877	0.1689243	0.1333263
0.1711267	0.0380433
0.2048681	0.04729796
0.1888272	0.06329845	0.2268365
0.05389405	0.02087722	0.1324529	0.06214203	0.1600446
0.1197183	0.07800318	0.1800585
0.1449803
0.1694466	0.1434427
0.18879	0.02686124
0.2038462	0.03795435
0.08654849	0.02546597	0.1710131	0.08288543
0.1180466	0.01532064	0.168627
0.1154166	0.01635829	0.1552452
0.1172602	0.2102907	0.1080062	0.0399775	0.03550198	0.1226304	0.1446525	0.1009124
0.1724113	0.01129508
0.1732984	0.07340422	0.1837344
0.1580184	0.03273061	0.1971309	0.1334894	0.08633202	0.101004
0.1553854	0.0449423
0.1709469	0.03517074
0.167231	0.01031667
0.1426805	0.01883283
0.1397538	0.05153782	0.1684917	0.001753311	0.038855
0.1152346	0.09445235	0.1832656	0.03428927
0.08876165	0.02137795	0.1900808	0.0236241
0.09950701	0.07368422	0.1413497	0.06440975	0.2209379
0.1052611	0.04289002	0.2130285	0.05363337
0.1385806	0.04481094	0.2303448	0.07710631
0.04094648	0.01696508	0.2354494	0.08776553	0.05206983
0.1382338	0.08502512	0.2391356	0.0896413	0.05372601
0.139111	0.07220657	0.2199554	0.00824922
0.08598218	0.03277012	0.1923779	0.003175001	0.1192597	0.1271019	0.0834049	0.07569962
0.05423488	0.003758423	0.1925259	0.02442166	0.07712764
0.09743389	0.02603048	0.184081
0.08828875	0.04597718	0.1911382	0.09370414	0.1024337
0.1377124	0.05154257
0.09581686	0.1701729
0.2146727	0.01804389	0.1398706
0.2140775	0.04883857
0.2247689	0.103077
0.2041263	0.03722731
0.1684525	0.06991208	0.1880902
0.2111827	0.05973015	0.1695245	0.0829584
0.156744	0.01089925
0.1944222	0.01113118	0.1823489
0.2064106	0.04950546
0.1961966	0.03755099
0.2148116	0.01399726
0.1840827	0.03223983	0.1610618	0.1776272
0.1830188	0.02726462
0.1792019	0.03812573
0.1470835	0.1517182
0.09386744	0.1315315	0.1113322
0.09355456	0.1322636	0.05719238	0.1762792
0.1061033	0.002516008	0.1522086	0.05403532	0.04684845	0.158193	0.1279714
0.1271516	0.06699613	0.1538901	0.01641869	0.08921102
0.06406184	0.06005988	0.1655986	0.01503357	0.08320957	0.1028436
0.06947699	0.1340067	0.199776	0.02813275	0.06477958	0.1414143
0.07760344	0.03846419	0.2162073
0.197229	0.02789274
0.2016573	0.06187316
0.1920339	0.04254391
0.1174239	0.1234492
0.1329843	0.1420781	0.10104	0.02362642
0.1592734
0.1607828	0.01055777	0.07740979
0.1576827	0.02005938	0.1657705
0.07813138	0.03413313	0.177651
0.1501229	0.01857125
0.1465848
0.04952509	0.1167699	0.06782927
0.1785644	0.1620501	0.0130516	0.02997236
0.1462759	0.1367167	0.04229611
0.1502048	0.161235	0.01841241	0.04407399	0.08394178
0.1437728	0.1864571	0.02296397	0.06931855
0.1000001	0.1689959	0.03749397
0.05404373	0.140395	0.1426242	0.05767479	0.06942118	0.1838797	0.1381474
0.09754985	0.1459307	0.003890913	0.1297377
0.09081228	0.1703346	0.04231208	0.07945536	0.04546712
0.1168785	0.1805036	0.0996137	0.04591272	0.07231816	0.1152224	0.1441722
0.08985976	0.2013786	0.02553785
0.05742292	0.2278961	0.0238847
0.03480403	0.2064517	0.03453655	0.08005055	0.06068374
0.0631383	0.1588017	0.01478461
0.1109453	0.1696078	0.05522293	0.006591042	0.1183329
0.07197791	0.1638795	0.03226393
0.07622975	0.1785204	0.04448087	0.06548983
0.09910632	0.196297	0.04484878	0.0251874
0.06993562	0.2288821	0.0392942	0.02927807	0.1716784	0.01462886	0.1161974
0.08692032	0.2121802	0.0214539
0.09061835	0.2071918	0.03739895	0.1718689	0.1204666	0.07888438
0.06909051	0.2258568	0.03745914	0.07260609	0.1852362	0.05139108
0.168464	0.2273529	0.01802476	0.098059
0.1102051	0.1842147	0.02125498	0.1131729
0.119032	0.1856823	0.03193354	0.1273135
0.1168859	0.1856758	0.03765147	0.01581009	0.1050192	0.07174368
0.1353193	0.1836918	0.02522379	0.05029374	0.07647589
0.08300033	0.196447	0.03829648	0.1135407
0.06622063	0.197901	0.07184441	0.002113681	0.09962403	0.04175378	0.05598153
0.1090556	0.2346947	0.03534263	0.003898525
0.07619224	0.2298633	0.08118275	0.1943236	0.09900774	0.06571755
0.09000543	0.2220528	0.04093414	0.0439256
0.07314065	0.2329337	0.03625408
0.1016977	0.2025259	0.1097111	0.05322838
0.1738037	0.1783358	0.02916534	0.1776966	0.04264841	0.07890988
0.08160028	0.165896	0.07401827	0.1644638
0.1603244	0.1856545	0.0205837	0.05719315	0.102345	0.10105	0.0808402	0.001427481
0.08615033	0.1762091	0.02744903	0.08330593
0.06174571	0.1197842	0.04055582	0.159817	0.04585994	0.1091236
0.1266386	0.02277366	0.1624937	0.05961034	0.003922637
0.06329257	0.100559	0.1677465	0.1162351
0.1174307	0.03359014	0.1666713	0.007009186
0.1431194	0.02138581	0.1570343	0.1661903	0.1061738	0.01535654
0.1168611	0.01273784	0.1482733	0.01090637
0.08421069	0.07664876	0.1964869
0.08386967	0.1025324	0.228042
0.06639519	0.2023586	0.03109038
0.05767156	0.2070417	0.03705904	0.006663589
0.06817052	0.161913	0.04613034	0.007385123
0.1067731	0.1600564	0.1095547
0.1011771	0.1499514
0.202193	0.0472036
0.1458561	0.007922422
0.1712549	0.003866925	0.1766228
0.1819251	0.02147558
0.1925638	0.02989002
0.133073
0.09281407	0.02202059	0.1738264
0.2169429	0.02051924
0.1764294	0.02712408
0.1659631	0.04406096
0.1197047	0.0286608	0.1722551
0.1406501	0.02613214	0.2138003	0.1763541	0.04370807	0.03913767	0.07289386
0.06357765	0.05032979	0.1699168	0.1717482	0.02746896	0.1165191
0.08123839	0.07299185	0.1512792	0.01221912	0.1769868	0.09015504	0.04208967
0.06889055	0.156746	0.1258252	0.08394892	0.09138346	0.1239817
0.1541963	0.1104536	0.06017216	0.1215312
0.1132904	0.1321309	0.08822833	0.05463588
0.155394	0.06221915	0.08240448	0.1928863
0.1026369	0.04187816	0.1930406	0.01568878
0.09087872	0.02750396	0.1568385
0.06672322	0.02233022	0.154132	0.09762807	0.1704386
0.1302146	0.04111857	0.1845566
0.1994888	0.01159593	0.2244825	0.1737375	0.02457549
0.204657	0.05981675
0.0899451	0.07067313	0.1685168	0.06438577
0.08759604	0.04592066	0.1730326
0.166528	0.04330747	0.1876391	0.07128049
0.1629442	0.06119884	0.194241	0.05003328
0.107975	0.05886051	0.1737075	0.1805782
0.1781857	0.02615985
0.08103882	0.07175983	0.1587763	0.2032855	0.168406
0.05882418	0.03342428	0.1492037	0.1799602	0.1566078
0.01647947	0.01360865	0.1055897	0.1979371
0.0184875	0.06963859	0.1606973	0.1906397	0.06677459
0.04661133	0.0103795	0.1931445	0.07938529
0.05612796	0.01750054	0.2014533
0.1127935	0.1630529
0.08469256	0.173726	0.02473641	0.04653148
0.1270824	0.1549636	0.06644643	0.06326947	0.1075828
0.05817272	0.2021794	0.04723646	0.06225865
0.05253882	0.1952724	0.03174902	0.007559002	0.09139961	0.09545918
0.04275396	0.1952724	0.03024957	0.1010506	0.04644356	0.06323733
0.1375789	0.1952724	0.02796606	0.05720394	0.1304125
0.09628319	0.1952724	0.02364985	0.04575137
0.06045847	0.1665298	0.02084335
0.05352543	0.181318	0.06876929	0.03233225	0.05659656
0.1289602	0.2294081	0.02386871	0.1288436
0.1335148	0.1751388	0.0465017	0.07579616
0.1328297	0.1844186	0.0710127	0.1386082	0.1224876
0.1322775	0.1759815	0.01714779	0.01065021	0.1123335
0.05570964	0.1809685	0.08493084	0.09151196
0.08478896	0.178731	0.01500274
0.06691447	0.1786673	0.07472237
0.08419869	0.1846565	0.01886321	0.06327543
0.08799	0.02262633	0.1805387	0.01976459	0.08488429
0.1211583	0.0358416	0.1520325	0.03483378
0.1135006	0.01337813	0.134691	0.06700962	0.03296229
0.08640798	0.1636587	0.08019551
0.1579847	0.1613463	0.01803735
0.1438951	0.09674426	0.05403679	0.1763121
0.09138373	0.0452484	0.1370551	0.189346	0.08840313
0.07797342	0.0283697	0.1667249	0.1290997
0.1567256	0.02153095
0.2023014	0.04287507
0.179846	0.1050889
0.1705524	0.03425277
0.1890462	0.06801905
0.1726394	0.01776604
0.09212469	0.05208609	0.1627514	0.09117533
0.07751441	0.02695742	0.216049
0.0986206	0.0699985	0.1901631
0.09638956	0.1663206	0.02547128
0.169524	0.03485998
0.05718227	0.09535412	0.1516027	0.1627663
0.1659879	0.04003441
0.05796726	0.05931021	0.1498891	0.1322348
0.08353375	0.03507803	0.1520403	0.1245656	0.1187917
0.07597157	0.03417259	0.1523399
0.1837609	0.03909402	0.1476544	0.1088576	0.1939547	0.1500934	0.08610833	0.1293375
0.1407834	0.1622967	0.07250966
0.1742514	0.07300755
0.1742071	0.05725442
0.2044465	0.01436435
0.2247771	0.01323232
0.1712311	0.07857182
0.1713008	0.04217435	0.1964143
0.1740614	0.04591098
0.1630137	0.0405296
0.1608938	0.03713118
0.152206	0.02998777
0.1503867	0.05750522
0.1816329	0.05949604
0.1895277	0.07041449
0.1997019
0.195467	0.05208623
0.089903	0.0226539	0.1539099	0.1483052
0.08668649	0.01152533	0.1782439	0.05656589	0.03007585
0.1687582	0.02034494	0.15006	0.05129513	0.1179526
0.06202256	0.03972537	0.1859358	0.05084946	0.07577315
0.09679541	0.01116549	0.1796337	0.1327027
0.1677966	0.03828444
0.1012795	0.08607246	0.164395
0.07051339	0.03724187	0.1747724	0.1480623	0.09556422
0.1170665	0.172146	0.1219844	0.06014111	0.02765015
0.07845131	0.1331835	0.01193232
0.1583838	0.1596132	0.016926	0.09153724	0.03682071
0.1292667	0.1344385	0.04304086
0.09483712	0.1137366	0.05568119	0.1663847	0.1144618
0.08394676	0.1888879	0.04335436	0.09541497
0.1060956	0.2114095	0.07934963	0.05207834	0.1002715	0.1411526
0.1066171	0.2215148	0.03108793	0.02098362	0.1333601
0.06849889	0.186654	0.08991681	0.09584131	0.05206077
0.1253796	0.1702671	0.01998284	0.08715062
0.1448621	0.1527223	0.0564481	0.0665658
0.08739385	0.1929753	0.09444582
0.1014653	0.209837	0.0548209	0.1051232
0.07103061	0.1490165	0.0154725	0.1092662	0.108471
0.07424608	0.1781793	0.04958445	0.1383538	0.04378869	0.1101411
0.1104133	0.1918903	0.05018198	0.07887294
0.2104599	0.02368294	0.1981819	0.0856444
0.06953888	0.02938165	0.2227216	0.01452019	0.1267486
0.08129091	0.04393594	0.1876305	0.05697152
0.08914685	0.1876305	0.01636803	0.01060393	0.08073699
0.04642129	0.2268185	0.02812362
0.1212983	0.1927757	0.009505542
0.08754196	0.1847809	0.006858895
0.1254741	0.1970996	0.02588482	0.1517788	0.05851728
0.1703773	0.03087902
0.1696901	0.02522357
0.1331031	0.007468676	0.1595202	0.1029453
0.186973	0.02346945
0.2034921	0.09191994
0.1730357	0.02681154
0.1536335	0.02422062
0.1193327	0.02689082	0.1820178
0.04773083	0.02923315	0.1146222	0.1629582	0.1679366
0.05792313	0.07186269	0.1775728
0.102806	0.02955395	0.1801058	0.07352283
0.1843968	0.02605013	0.2036143	0.1643282
0.1174984	0.01251441	0.1722691
0.09813052	0.003908616	0.194618	0.06581264
0.1263813	0.04958416	0.1780847	0.114589
0.175027	0.03579245	0.1680957	0.06714513
0.07715003	0.03177536	0.199501
0.06772271	0.02861198	0.1560134	0.1561096	0.07978164	0.1646719
0.1198928	0.03347406	0.1586925	0.1366202
0.117202	0.1040119	0.1666969	0.1195018	0.08276477
0.1310502	0.03044355	0.1774937	0.05531914	0.1026665
0.114609	0.1372206	0.1931959
0.07203277	0.03780866	0.1721897	0.07709925	0.09302593
0.0716048	0.00443863	0.1536131	0.04796556
0.1071182	0.05097881	0.1730026
0.06602447	0.08180902	0.183421
0.06454836	0.03448037	0.1924724	0.05109479	0.1175642	0.1681653
0.1007671	0.02488403	0.1792222
0.07816573	0.07612408	0.1904159	0.0751231	0.132488
0.1032063	0.04480466	0.2193736	0.1060668	0.08722514
0.2127858	0.04550549
0.2390106	0.02428834
0.2330286	0.01555402	0.09879996
0.1919085	0.07853044
0.09913145	0.03910547	0.1806429	0.1359132	0.175623
0.05111477	0.0175782	0.1840668
0.08219139	0.02725968	0.200225
0.1021949	0.01315115	0.1789187
0.1382109	0.03652902	0.1732627	0.06331622
0.1017556	0.02432226	0.1744297	0.02329245
0.1873023	0.0192804
0.211757	0.0223691
0.2721452	0.07341053
0.2194993	0.08737022
0.211648	0.05064245
0.1836409	0.0935357	0.06644468
0.1854663	0.02965948
0.1788096	0.07358363
0.157264	0.09747687	0.1760633
0.05897391	0.02385258	0.1539114
0.1377862	0.04887704	0.1452817	0.1216756
0.07507216	0.03103001	0.1745836	0.04210548	0.07895709
0.1149832	0.1022564	0.1589072	0.0136748
0.1230647	0.03551565	0.1906587
0.1271152	0.06825901	0.2094092	0.1241103	0.0546455
0.1004403	0.1968618	0.04243308	0.1959931
0.1051548	0.21061	0.04492205
0.127904	0.2338627	0.008915789
0.05722605	0.202984	0.007744657	0.1280307
0.09344888	0.1913368	0.03046712
0.04997172	0.1879469	0.01776729
0.1716548	0.1619339	0.02957418
0.06017917	0.03216529	0.1548089	0.1022473
0.1488277	0.006577076
0.1968438	0.01865815
0.1029338	0.04009917	0.1926638	0.1511918
0.1657857	0.04413659	0.1594957
0.09659005	0.04808234	0.1363623
0.134251
0.1930295	0.07010374
0.1457706	0.06183145	0.2130445
0.1552203	0.05165629	0.2223659
0.1103895	0.007962507	0.2033607	0.09568785	0.04604141	0.0995417	0.09503049
0.09372106	0.06213178	0.1810482
0.1267983	0.03262255	0.1917829	0.09103246
0.08533629	0.052877	0.2296528
0.072035	0.01531828	0.2215945	0.04080282
0.09121219	0.01268223	0.245309	0.0663343	0.07984159	0.2024347
0.07580105	0.2138606	0.03448679
0.07138049	0.2021524	0.04248982	0.006285949
0.1402137	0.2252319	0.01953873	0.02781017
0.1201151	0.2337285	0.04443089	0.02256594
0.07434533	0.2357836	0.05397098
0.06043316	0.2285798	0.02811178
0.0724864	0.2628394	0.03520658	0.09898914
0.1340607	0.2710012	0.02184884
0.1657828	0.2371188	0.06758747	0.09564712	0.07277865
0.0604811	0.2558802	0.04888518	0.01012753
0.07687568	0.2421761	0.06347868
0.1179384	0.2595172	0.05981977	0.1070288	0.0969615
0.1309175	0.2255144	0.03650159	0.002848682	0.03209379	0.08809923
0.0986078	0.221806	0.02723612	0.01056995	0.09171097
0.10224	0.04122311	0.2387049	0.006892688	0.1136085
0.0805832	0.01947215	0.2268376	0.001683079
0.09835129	0.01587037	0.2268376
0.08306432	0.201396	0.07669217
0.1449084	0.2216611	0.05117827	0.1340829
0.1775578	0.1877037	0.05485415	0.116388	0.1609362
0.05013967	0.1729511	0.05302628	0.09519427	0.1068089	0.04592313
0.05407172	0.1690452	0.06615442
0.04662669	0.1899836	0.04562073	0.03335562
0.08333933	0.2263816	0.0276212
0.1542362	0.2204542	0.02262433	0.03779237	0.1172766
0.08871907	0.1822012	0.00949605	0.07812321
0.0641558	0.165857	0.006769493	0.04037861
0.09201826	0.2148662	0.07544278
0.1031566	0.2349197	0.07087742	0.02855745	0.1235914
0.06931913	0.2421909	0.01236044	0.1124855	0.02378585
0.09022653	0.17261	0.03310047	0.03458164	0.2034814	0.1196686
0.04096121	0.2091506	0.01396737	0.07217121
0.08620773	0.1709236	0.03407421
0.09234228	0.1924913	0.03644929
0.07727337	0.1971763	0.0338915
0.05841765	0.1856018	0.0203287
0.1274203	0.1714056	0.06761762	0.1135634	0.02220215
0.1169534	0.1694855	0.01084789	0.1045089	0.07498796	0.05138207
0.1610784	0.2243733	0.0162412	0.1007992
0.06922952	0.1791432	0.007444667
0.1085944	0.1791432	0.01068777	0.0579005	0.1696757	0.0295962
0.03616502	0.2031839	0.02158337	0.06305171	0.07231287	0.07050164
0.1413656	0.196545	0.05490118	0.05010329
0.08769533	0.2259366	0.04393266	0.01310041
0.1549426	0.2267658	0.05164974	0.08283021
0.1473351	0.2109683	0.05247964	0.07290809	0.03458514
0.1254824	0.1955515	0.04373784	0.07254341	0.03638456
0.1218385	0.2059487	0.04940973	0.125608	0.05954706
0.1039694	0.1850082	0.03169652	0.04728437
0.1057945	0.2020553	0.06448712
0.1005745	0.1880386	0.04943765	0.01049005
0.0991499	0.1943587	0.01633223	0.01865022
0.05846163	0.2161961	0.07092459
0.05892127	0.2162428	0.04099193	0.04694231
0.1117067	0.04252351	0.1626059	0.1450171	0.1003679	0.06617427	0.148463	0.0536894
0.151796	0.03372669	0.1626059	0.04413614
0.1653221	0.2106039	0.07651697	0.09654334
0.05967494	0.1796549	0.1226367
0.09779918	0.1597511	0.05652933	0.2321443	0.06698629
0.05088207	0.1559278	0.0150744	0.1698423
0.1116313	0.205575	0.02440424	0.1981794	0.0004676658	0.072269	0.1154914
0.1310683	0.02578574	0.1893722	0.0005217123
0.08852681	0.01895757	0.1545125	0.0004755216	0.1459837	0.06307602
0.01357283	0.07014455	0.1939868	0.001768689	0.1321496	0.06456944	0.1262301
0.1290681	0.08089733	0.2104297	0.005538447	0.1238608
0.1133549	0.04547737	0.2220162	0.04257759	0.1089056	0.04056416
0.1283814	0.00812603	0.1782494	0.08488582	0.02293588	0.1200192
0.1814075	0.08990666	0.1413915	0.06953817	0.01645208
0.1090952	0.05727639	0.1483366	0.02025724	0.1512568	0.1349893	0.1295651
0.1425272	0.05127555	0.1897366	0.09778872	0.04233628
0.08144936	0.03465318	0.1650114	0.02321812	0.1627981	0.08681802
0.07330224	0.02926729	0.1801897	0.0127074	0.1331276
0.09536312	0.05574564	0.1827793	0.02506219	0.08784289
0.09440183	0.01439095	0.2078184	0.02062023	0.04104537
0.1514168	0.05064143	0.2025137	0.01171685	0.1370473
0.1664679	0.01814979	0.1814116	0.03007588
0.1119022	0.01774014	0.1938047	0.03705816	0.1025345	0.1054157
0.06513023	0.01768388	0.1758634	0.1104478	0.04081244	0.02337265	0.03851256	0.04379202
0.117277	0.02392168	0.1829017	0.1329929	0.04460406
0.1569852	0.1874912	0.01018519	0.01873995	0.1056361	0.06987841	0.163597
0.03219886	0.1844693	0.006445803	0.03582804	0.1325272
0.09691866	0.1536476	0.04866643	0.05017546
0.05896898	0.1418313	0.02429948
0.05373156	0.1242533	0.01689497	0.1223089	0.07749539	0.1549506	0.1191913
0.08939248	0.1380328
0.1191143	0.1564788
0.1298984	0.06394984	0.1297004	0.1506674
0.1449712	0.01427776	0.1839799
0.1551902	0.0171835
0.1103566	0.04689751	0.1707986	0.1273985	0.05643377	0.1013878	0.1682082
0.1545385	0.017183
0.08639914	0.02580293	0.1631443	0.1443991
0.1171282	0.146165	0.0009291152	0.07199971	0.1174773	0.05556084	0.1796785	0.1128403
0.0736092	0.1414057	0.005275915	0.02827447	0.1194221
0.1179448	0.1663071	0.04728803
0.1170472	0.1924422	0.02677655	0.0007197777
0.09086501	0.2078817	0.03787182	0.0901688
0.1567734	0.1732417	0.01317826	0.009168057	0.1054673	0.09974193
0.1865753	0.05400858
0.1589005	0.003895576
0.08304545	0.03229828	0.1842952	0.09712793
0.1085139	0.1795348	0.008251463	0.1895393
0.0734557	0.008150379	0.165166	0.163471
0.04658493	0.1960812	0.05796173
0.06085731	0.1884352	0.01628682
0.1601004	0.09363017
0.1032718	0.1697759
0.02991155	0.1757283	0.04281491
0.05007953	0.1957651	0.03269301	0.1830993	0.09881979
0.09794307	0.1508883	0.02589624
0.005719773	0.2073583	0.05465756	0.06641321
0.05232862	0.02817993	0.1879141
0.09111319	0.2048164	0.02443971	0.1177284	0.1028465	0.1592366
0.08858882	0.1829304	0.05538517
0.07117558	0.05370202	0.1827929	0.0353689
0.1025337	0.02656698	0.2062802	0.07195254	0.09004226	0.07919227	0.02497343
0.06234451	0.03742991	0.225825	0.113151
0.08726302	0.0509642	0.2076427
0.09146683	0.0281872	0.2100764	0.1121025	0.01574674
0.0747788	0.0247241	0.206033
0.1354037	0.05740339	0.2020942
0.1063118	0.1723417	0.07072672	0.08012955
0.1798816	0.1903306	0.005887884
0.1972231	0.02619271
0.2393005	0.007172721
0.1680325	0.01563141	0.2063242	0.08629927
0.1448319	0.04191126	0.1984318
0.1138667	0.02471584	0.2008954	0.1855059	0.1062723
0.1112487	0.01853023	0.2333937	0.1667663
0.08227244	0.0908703	0.1978892	0.01092375
0.04504768	0.1978892	0.04149707	0.01935124
0.1110782	0.2295923	0.04355946	0.09117222
0.1099686	0.1465565	0.01423011	0.06464899
0.0909265	0.1673534	0.05168015	0.09488763	0.04832261
0.1606342	0.1026517
0.1351347	0.02630858	0.159705	0.0961591
0.1251484	0.05125825	0.1744718	0.006344052	0.08844403
0.08983307	0.0324328	0.1855542	0.0009745598
0.1517684	0.09510495
0.1082089	0.02522557	0.1927392
0.1245737	0.01954249	0.173599	0.05756533	0.1692703
0.1879534	0.0287967
0.2333974	0.0124608
0.1971344	0.03412819
0.2111371	0.03509853
0.106417	0.04267678	0.1827466	0.152647	0.07891851
0.1287193	0.05213324	0.1659862	0.04186757
0.1168513	0.03146216	0.1768671	0.1870515	0.05736253	0.1709812
0.07348316	0.01687931	0.1942826	0.08814203	0.01958884	0.09561881
0.1275607	0.02334581	0.2037951	0.08244188	0.06659823	0.03442498
0.07338324	0.009310161	0.1620672
0.108369	0.0769757	0.1661093	0.07271102	0.02326404	0.05783342	0.02971807
0.0934788	0.1767408	0.049506
0.1141453	0.152729	0.02151422
0.1313763	0.1656005	0.04334995	0.06818517
0.1238578	0.1961195	0.08776928	0.04837732
0.1098989	0.1791876	0.0951867	0.05461788	0.1572932	0.05898673	0.1176308	0.05001479
0.06467113	0.1956619	0.046807	0.06046619
0.04123311	0.189653	0.01851509	0.08436702	0.04942188	0.04305693
0.1322951	0.195317	0.07552342	0.01025789
0.07308829	0.1996687	0.05090099	0.000948732	0.09062638
0.09278532	0.1996687	0.01588486	0.05953619	0.06642926	0.06662869
0.07787332	0.1911873	0.05737985	0.05071958
0.07572576	0.2005461	0.02247068	0.02868556
0.06581112	0.1806616	0.06314494	0.043033
0.07705464	0.1727185	0.0617088	0.06254621
0.0506823	0.2071263	0.03318758	0.07760244
0.1693908	0.2064203	0.05833694	0.02686467
0.07994573	0.2128067	0.0702526
0.08617714	0.1927343	0.02795599	0.03662025	0.1028346	0.1179654
0.1013574	0.212513	0.0199215	0.1211832
0.1173302	0.1914882	0.09700117	0.05116131	0.0902721
0.1039027	0.08661568	0.1809014	0.03805638	0.01744804
0.08952488	0.01106379	0.1494648
0.1537159	0.01545975	0.1799713
0.1930507	0.01735002	0.1821895
0.1648305	0.01139517
0.1855198	0.01388927
0.1043165	0.1958482	0.0600666	0.122519
0.1333263	0.0312153	0.08986913	0.06077518	0.1782707	0.04956739
0.1337697	0.02243483	0.1778939
0.09662762	0.05068123	0.229541	0.1530493	0.1464566	0.05011225	0.1568941	0.1226375	0.06552776
0.08146918	0.04586872	0.1784245	0.1289203	0.01636409
0.08241569	0.03413177	0.2436103	0.1156294	0.02009749	0.04883145
0.03751488	0.143285	0.1180375
0.1381383	0.05528515	0.1680195
0.1332234	0.05551901	0.192992	0.06767997	0.1485762
0.1015773	0.01463156	0.1663208	0.03772933
0.05255135	0.03585492	0.2101949	0.05068544	0.118668	0.1062344
0.174095	0.07160089	0.2211895	0.0003210236	0.08770501
0.06268956	0.1938889	0.006979222
0.1575023	0.2214309	0.01630818	0.01778377	0.07889057	0.05774633	0.1157221
0.1613017	0.2214309	0.02613806	0.09086935	0.04225296
0.1089781	0.1896834	0.008921928	0.0353437
0.08739594	0.2083974	0.02917738	0.02301259	0.1552536	0.1401991
0.08944441	0.2258812	0.02667869	0.03416742
0.09658188	0.207848	0.02541718	0.08414275	0.07104422	0.1236227	0.05599836
0.09346899	0.1884792	0.02646659	0.009418267
0.05915321	0.1756103	0.02089648	0.007592155	0.08579838
0.0543441	0.05005856	0.1901738	0.1218236	0.1108957
0.107507	0.01208605	0.1821548	0.006371662	0.05939707
0.09730485	0.2136634	0.0573812
0.05781144	0.2081166	0.05338131	0.1188244	0.1066442
0.1495341	0.1945953	0.0970761
0.1580581	0.02697712
0.1650172	0.05467013
0.165458	0.07786427
0.1892061	0.03615882
0.1980842	0.0420517
0.1736269	0.03754688
0.2055351	0.009730225
0.1824821	0.02160262
0.1880265	0.03090053
0.2086699	0.02166156
0.2104107	0.02911942
0.2174964	0.02549426
0.1993671	0.04726981
0.2150282	0.05445321
0.1626122	0.05012727	0.03133591
0.1858666	0.06884609
0.1999561	0.03884172	0.1483785
0.1151774	0.06565514	0.1962268
0.1600859	0.1787957	0.09369962	0.08932744
0.1757065	0.03705417
0.1809316	0.01603652
0.1678276	0.04173584
0.04598938	0.06544203	0.1757103
0.1098335	0.1899832	0.03108819
0.1836561	0.02626962
0.1118758	0.03295681	0.1898995
0.1611608	0.01730076	0.2207626	0.03642067	0.1332381
0.1523559	0.04426014	0.20552	0.09833174	0.05698311	0.1597696
0.1214232	0.03017699	0.2070777	0.1572177	0.08352499
0.07201601	0.02748407	0.1862406
0.06100083	0.01447888	0.1813548	0.02033546	0.01614516
0.0260326	0.01221334	0.1914523	0.06205704	0.09470909
0.06677532	0.02490253	0.1685235	0.07249996
0.06842735	0.04121706	0.1933737	0.02130168
0.1095911	0.04261713	0.2003266	0.1628729	0.1165897
0.1335708	0.01674019	0.192332	0.05459643
0.07809078	0.02784704	0.2516663	0.01790638
0.04043764	0.02974374	0.1231378	0.1363451	0.1331718
0.08451637	0.0180142	0.1597433
0.06414051	0.02917817	0.1863011	0.09572147
0.06831217	0.03020231	0.1782842
0.1273202	0.03327344	0.08416859	0.1999531	0.1522618
0.07197583	0.02754439	0.1467373	0.04818485
0.1053394	0.1502893	0.05038132	0.057734
0.08366392	0.0426107	0.2132427
0.09223374	0.0573924	0.2379214	0.01210914
0.1481788	0.03082305	0.2167992	0.04764716	0.07631459
0.06878852	0.06128377	0.2299678	0.06350359	0.1216937
0.1022337	0.02541041	0.2399746	0.07834061
0.1297416	0.05700514	0.1801846
0.1670837	0.02309062
0.08179789	0.05588389	0.1315727
0.1018927	0.04648856	0.1524963
0.06480173	0.01100794	0.177555
0.1736435	0.0231485
0.1964028	0.05605356
0.2085897	0.06719525
0.2157782	0.03267424
0.2268219	0.01189985
0.1898871	0.04552892
0.1976981	0.04917482
0.1823656	0.01788517
0.2093786	0.0289306
0.2302586	0.02115862
0.1619927	0.08394747
0.0153873	0.1588377	0.01430528	0.1742148
0.07299887	0.006440414	0.1924426	0.2452686
0.1108442	0.04578092	0.1927983
0.1504957	0.03412922
0.1650697	0.03922735	0.1556002	0.1363185
0.1668323	0.03816277
0.1886712	0.01473138	0.1851438
0.1781361	0.02022537
0.1918715	0.01733651
0.0958098	0.02651441	0.1837622
0.1376404	0.01990966	0.1654714
0.1148654	0.08968258	0.1752989
0.1942395	0.01388998
0.1902655	0.03939658	0.1478675
0.1503124	0.08636886
0.1764316	0.08304295
0.2001715	0.01986046
0.1848752	0.1410444
0.1560942	0.05968636	0.08408034
0.1475524
0.09349452	0.1684012	0.01192404	0.03371995	0.08208412
0.05866626	0.1526734
0.1588963	0.09523797
0.09591389	0.0076464	0.1437576
0.06244454	0.03546204	0.1703627	0.1320344
