SurvivalProbabilities
0.0194356	0.02496893
0.0194356	0.1692366	0.2962858	0.499061
0.01468838	0.4092012	0.826241
0.0134516	0.7597813
0.05604997	0.4949866
0.11541	0.9789031	0.4066305	0.8294305
0.1036005	0.9874772
0.06597192	0.3410453	0.3723852
0.0265414	0.6251242	0.8564686
0.02502592	0.2792803
0.02967397
0.1369954	0.6485005
0.07691401	0.3431383	0.8824221
0.04872283	0.05175842
0.04542842	0.051301
0.1139671	0.04356355	0.3589452	0.8360321	0.9746895	0.8556199
0.111509
0.03087081
0.06674378	0.9846264	0.3137512
0.05005226
0.02629533	0.8541889
0.02457254	0.3094398
0.05097668	0.9734679
0.03917177
0.04529835
0.03302393	0.6824202
0.02353367	0.834758
0.02946859
0.07508114	0.6129961	0.6042492
0.04647372	0.6128555
0.04647372	0.2603787
0.04997676	0.6566978
0.0248406
0.05287527	0.8584188
0.03745443	0.4725758	0.6254726
0.04528342
0.02803894	0.9057647
0.05092113	0.2474592	0.4728331	0.7442663
0.04459077	0.4407221	0.7753504	0.8906545	0.8410212	0.8405365	0.6817891
0.04505364	0.8073356
0.04051741	0.6247809
0.07723005	0.6928947	0.5844346	0.9644473
0.0208491	0.9535269	0.501501	0.256899
0.03392591	0.5236567	0.3103797	0.8244916	0.5091666
0.03029485	0.02584699
0.05424736	0.08768512	0.8899354
0.01692559	0.2576335	0.9599811
0.02939163	0.04514871	0.428405
0.06633623	0.3867104	0.5793286
0.0725436	0.1779312
0.1064396	0.08544957	0.3908694
0.1133502	0.044708	0.3076877	0.7269325	0.8565047	0.6363517
0.4766464	0.186893	0.6096013	0.7113142
0.3487803	0.0903588	0.7785037	0.8549488	0.3528359	0.7228875
0.07516662
0.04291127
0.07096641	0.5840187
0.03883757	0.3318163	0.8873694
0.05554813	0.4535933	0.6990577
0.04420889	0.6570838	0.9124923
0.110338	0.2659472	0.7063519
0.0560458	0.8667702
0.0853847	0.1289816
0.104476	0.5545956
0.1277936	0.2639728	0.7467522
0.03791391	0.9474301
0.04248758	0.7698396	0.4715181	0.7534804
0.03881139	0.4192717
0.01801198
0.05581273
0.02926209	0.8269625
0.02052141	0.4671153
0.03353571	0.1879282	0.4570544
0.02063273	0.9954659
0.01748909
0.0468691	0.01432895
0.02261468
0.01626864
0.01662602	0.4256326
0.01906298
0.01906298	0.9267688
0.01143488
0.06636915	0.3732654	0.7969846
0.02038367	0.8452513
0.0220176	0.8418273	0.3257393
0.0704521	0.411683
0.1610151	0.1798827	0.4492175
0.04652029
0.02706581	0.89871	0.9616304
0.01902285	0.7882803
0.03174594	0.8669554	0.6839511
0.04389736	0.1547089	0.3397306
0.02835	0.9896893	0.9928886
0.03139658	0.7679961
0.02176945	0.516343	0.8089564
0.03398514	0.7393286
0.05082168	0.3611915	0.9898148	0.6293337
0.05189286	0.31876
0.1382854	0.2632499	0.7822399
0.05636385	0.887747
0.05662359	0.3822249	0.780163	0.8779894	0.8949731
0.09421105	0.5020146	0.9924322
0.05183909
0.03090988	0.4816283	0.5216001
0.03490613
0.03259572	0.1152433	0.8112288
0.09973393	0.5567824	0.205081
0.08329555	0.0527963
0.06375125	0.04481658	0.9816199
0.06007606	0.06573825
0.05637072	0.2616006	0.7630456	0.5775635
0.0653502	0.07201378	0.8222881	0.8489212
0.06299118	0.03731663
0.03041648	0.04337199	0.3711295
0.0244945	0.09166065	0.6629592	0.06805255	0.7796526
0.0244945	0.1681116	0.7285578	0.652683
0.01862179	0.07010201	0.5051535	0.9798285
0.03797531	0.1121486
0.03797531	0.9673139
0.03825375	0.5162092
0.01995235	0.8179534
0.07740029	0.2708869	0.8190221
0.01974384
0.03429564	0.984768	0.895978
0.01656682
0.01370706
0.0128659	0.1966451	0.9339196
0.0128659
0.01661248	0.717771
0.04599175	0.9388832
0.07143711	0.0743257	0.9526606	0.6978969
0.04707053	0.2881923	0.7756615	0.9273178
0.04135098	0.2448499	0.4176747
0.07357123	0.1801629	0.4303795	0.8025323
0.2442518	0.2077607
0.3857883

0.9331019


0.8334575	0.1743021

0.4805785
0.7371349	0.8783828	0.6894031	0.4848957


0.2565525	0.6359252
0.2757917
0.110158
0.05964173	0.4067262
0.08976052	0.4231723
0.06445476	0.6491694	0.5036379
0.04428184	0.1232493	0.3856283
0.1192698	0.8048567
0.1023374
0.1189527	0.7185029
0.1578011	0.3809951	0.5622039	0.6081308

0.1188304	0.3597906	0.1463905
0.110337
0.9779796
0.5893036
0.4032213	0.8216989	0.7507717	0.8884433	0.7043033
0.9301025
0.3884127	0.2302024	0.8711411	0.6362457
0.3004741	0.1396732
0.5147648
0.6254985	0.6419644


0.4473522
0.679195	0.4199693

0.3400416	0.5227556	0.620218	0.4928098
0.2323969	0.3870946	0.7691779	0.9129226
0.06152666	0.6046158	0.7617709
0.6547392
0.1299499	0.6091855	0.6894414
0.1862583	0.4483277	0.3455082	0.4942805	0.7171729	0.3277061
0.2133884
0.2278786
0.1872992	0.9175234
0.9226229
0.7915642
0.2261823	0.9294373	0.7556376	0.4194271	0.6715108
0.7551846
0.8565144
0.1216081	0.6720521	0.6250608	0.3279498
0.08770844
0.4073076	0.3256821	0.9365947
0.07192349	0.4334048	0.6525921
0.07854094
0.240274	0.201995	0.5899593	0.7823698	0.5926241
0.4722138
0.3271697	0.9910691	0.5331511
0.05475774	0.5916803	0.7905498	0.9130024
0.9494818	0.3953012	0.8957976

0.2591567

0.2865267	0.5363169
0.2753525	0.8932684

0.2359476	0.9430749
0.08652474
0.2291889	0.3637711
0.5424853
0.1328918	0.5886961	0.2361967	0.3686095
0.5991572

0.6428358	0.6115196

0.3853888	0.5218631	0.331342
0.3826752	0.9242142	0.4313778
0.1926986	0.9884362	0.8163694
0.9732573
0.7529615
0.9679953
0.8433508	0.8735061
0.9986545
0.05055729	0.1977891
0.6369017	0.3743621
0.4799745	0.7514341

0.3877024	0.4276943	0.7248492
0.2273529
0.2850345	0.641997	0.7426664
0.2701076	0.6543076	0.8083623
0.8952622	0.8726398
0.1468664
0.3861822	0.8764903	0.4796915
0.6024403	0.1735177
0.1325974
0.3679928
0.1180555
0.1735066	0.6495835
0.6216777

0.180663	0.83161	0.1740014
0.1517273

0.08614401	0.5895493
0.5898536	0.477247	0.796834

0.2951061	0.3550572

0.7003235

0.2451689
0.9956268	0.4850658
0.2380684
0.4159776	0.4919586	0.8567145	0.9889344
0.1895156
0.9605088	0.7294261	0.7022297	0.73596
0.2453708	0.3005455
0.3225849	0.3751117
0.2420357	0.1341158	0.7307894	0.6019824
0.2108511	0.1848215	0.05519904
0.06922029	0.3507084
0.1504415	0.09067706
0.2030704	0.04339937	0.4732913	0.8908579
0.1958525	0.04339937	0.2992734
0.215052	0.0547699	0.9765159	0.171285
0.02244853	0.01989511
0.04531758	0.01989511
0.2497689	0.01999703	0.4057682
0.02097264	0.1142265	0.9480198	0.6854092	0.9183524	0.4860986
0.02891578	0.03266076
0.02662054	0.1302184	0.4452077	0.2980036	0.8679509	0.2559056
0.02333838	0.1851249	0.6426063
0.02059497	0.08470984	0.4265869
0.02071392	0.2256388	0.3388631	0.5632594	0.9667213
0.02071392	0.2150575	0.9812356	0.1951316
0.03390036
0.04360351	0.971029	0.8541534
0.03898705	0.8932514	0.519631
0.02761713	0.15951
0.04412164
0.1009787	0.94083
0.05632422
0.1356386	0.5869046
0.1518372	0.06656113	0.9926447	0.5012768
0.4689459	0.2253657
0.05884505	0.8674037	0.816368
0.05864902
0.1056525
0.04577873	0.9701044	0.2261138	0.8732333
0.04211722	0.2369209	0.7954891
0.03009687	0.6958208	0.4307245
0.04765964	0.6766889
0.08293381	0.8254174
0.08981709	0.6685804
0.04217526
0.0125943	0.0536412	0.3374236
0.04828368	0.05421725	0.6931267	0.9897822
0.0465541	0.04874255	0.6919716	0.4298306	0.8187344	0.3708423
0.02237592	0.1239913	0.3658353	0.4643343	0.6052979	0.4669024
0.04636801	0.2010536	0.910204	0.5430356
0.06244589	0.05863415	0.5059892	0.4830322	0.9565262	0.7430007	0.7750917
0.08114206	0.1488175
0.02083707
0.05764662	0.1317344	0.6973772
0.02600417	0.04822837
0.03041597	0.1203784	0.7740987	0.9488328
0.03041597	0.1720097	0.1825641	0.4686537	0.9475975
0.02825581	0.07821433	0.8464569
0.04840089	0.1965491	0.2562934	0.7954995
0.02440581	0.1115815	0.9462112	0.09588522
0.03937455	0.3249918
0.01098578	0.03928374	0.2520064
0.008658339	0.07763666	0.04688339	0.758077
0.008658339	0.04278843	0.6777679	0.9340272	0.292389
0.009956451	0.03575391
0.008729788	0.04363597
0.008367275	0.05648744
0.01435255	0.3348157
0.01167775	0.1790701	0.9237468
0.01406606	0.1012128	0.7601127	0.2292155
0.01074178	0.1445	0.7153511
0.02594357	0.5037935	0.3721014
0.1885335	0.1859125
0.036777	0.1721807	0.9986221	0.9868639	0.02881409
0.03396849	0.05948615	0.01094679
0.03889973	0.351315	0.4212339	0.9709091
0.08925955	0.1262701	0.4450247	0.9052242	0.2548988
0.07479232	0.02921556	0.8274756	0.5612191	0.7858649
0.1222721	0.1270282	0.208473	0.6429163
0.06959059	0.1213283	0.9168563
0.1722762	0.2571884	0.6628536	0.5484666	0.1475853	0.3292612	0.4558528
0.1250518	0.3866999
0.07317397	0.1804129
0.02856303	0.1505125	0.3756148
0.0219186	0.510903	0.9610341	0.5602571	0.8912067
0.06236813	0.6044915	0.6985049	0.9594222
0.1277538	0.9093822
0.05919373	0.7382051
0.0564381
0.04453158	0.6194404
0.09831228	0.3687232	0.6125004
0.03919424	0.1988632	0.9328367
0.03208647	0.5198535	0.5192758
0.02909666	0.7505202	0.6161875
0.05716257	0.7235144	0.3862967	0.3653235
0.1243908	0.6181643	0.7632902	0.1906184	0.6169492
0.09609931	0.7114507	0.8344183
0.06209333	0.7567134
0.08382394
0.03772597
0.0790007	0.524357
0.5070259	0.1343148
0.3965263	0.133734	0.9810596	0.4731279	0.8768068	0.5053353
0.1337334	0.2264969	0.1075886
0.3302301	0.07048001	0.1177587	0.2602169
0.6585265	0.03796034	0.05809602	0.9748996	0.5578424	0.8148537
0.08716992	0.1409561	0.8090432	0.7341499
0.04158861	0.1575314	0.1738302
0.085927	0.7335885
0.04552577	0.9591048	0.4711006
0.05366515
0.05588531	0.3021555	0.8247013	0.6529679
0.1049052	0.3381241
0.04186154	0.9798485	0.8130241
0.04105245	0.9359776
0.03339962	0.7571369
0.03339962	0.4206812
0.04183334	0.2934336
0.06084012	0.1525941	0.8731942	0.4781582
0.1868392	0.09955606	0.8031405	0.6651348
0.1792261	0.1508149	0.5428067	0.7244721
0.02764515	0.9915305
0.06965938	0.9150861
0.05799607	0.8804367
0.04444749	0.9065756
0.2032432	0.9067382
0.05348469	0.5846265
0.03847246	0.5472829	0.48977
0.1021819	0.5382264	0.4377006
0.03812804
0.03673189	0.5818009
0.02253783	0.3072438	0.9202739
0.01185361
0.03025408
0.02947794	0.3278914	0.4930251	0.5872751
0.03004351	0.9089254	0.1991465
0.0742373	0.5541403
0.0284559	0.772839
0.04509454	0.2291369
0.05798051	0.1671417	0.82701
0.02910517	0.4070822	0.6843062	0.3645411
0.02910517	0.8087632	0.5899413	0.4924941	0.3806702	0.9592382
0.03897946	0.5072248
0.02307415	0.5470672	0.8869391
0.0766411	0.5657107	0.7410784
0.08771436	0.6660871	0.8180172	0.6774005
0.01986998	0.350433
0.03639351	0.6177406
0.04829503
0.05157435
0.06051278	0.3040926	0.5044131
0.07225007	0.197303	0.6168837
0.07774037	0.8536465
0.04423541
0.0890328	0.9441939
0.09840771	0.3225463	0.9974765	0.8817077
0.04852093	0.1098643
0.06499216	0.1929464
0.06084972	0.2351161	0.5952694	0.7703939
0.02408711	0.110475	0.840349
0.009894229	0.1854874	0.5311824
0.02034937	0.1152217	0.9149882	0.8456451
0.02034937	0.182562	0.3591278
0.04058054	0.04580594	0.7143025
0.02059923	0.09275313	0.5053731	0.579903	0.3227505	0.7170364
0.04667571
0.03496868	0.2716425	0.6775104
0.05584256	0.01755248	0.775012
0.03029841	0.06023611	0.8217967
0.03459935	0.1117994	0.2753778	0.709162
0.01491145	0.07030596
0.01491145	0.02057143	0.7813872
0.01491145	0.03048466	0.988895
0.01491145	0.04568303	0.9428111	0.8899551	0.8649252
0.04381991	0.02820443	0.9425896	0.7141365
0.03854911	0.02303679
0.03964965	0.04362949	0.6068613
0.02939711	0.04039333
0.02444131	0.1050862	0.3717174	0.9307805	0.6323104
0.02906095	0.1753577	0.2761407
0.06131811	0.4302756	0.2781224	0.7417542
0.03795587	0.08949256
0.037646	0.2364994	0.8705878
0.037646	0.1491001	0.4464291
0.03390627	0.04975858	0.3486027
0.04074055	0.2075239	0.1594411
0.02706829	0.03366549	0.9175309
0.1444458	0.1330173	0.7154146	0.7385326	0.6511579
0.06984795	0.09819366
0.09705832	0.07829889	0.2297304	0.9558853	0.279563
0.0971131	0.2932778	0.4720935	0.255521	0.643286
0.07080305	0.1887055	0.1919269
0.08979521	0.08214467	0.6876804
0.2097465	0.2349031	0.8520285
0.02943058
0.03303532	0.1714594	0.7944855
0.04467929	0.7925018	0.8925831	0.4504631
0.05563383	0.3270206
0.04806898	0.0720721	0.09832049	0.8622927
0.04226855	0.09040829	0.9060385	0.6905573
0.07694811	0.1477129	0.5881541
0.04338274	0.2128642	0.3484421
0.01234974	0.1295211	0.5103369
0.01791497	0.1812385	0.4702884
0.01310987	0.124629
0.01505477
0.03427227	0.7017288
0.02363345	0.6604916
0.01750411	0.9878277
0.02745114	0.3421848	0.565809	0.573304
0.02745114	0.5956101	0.1775675
0.01963669
0.03630286
0.02633069	0.9326463	0.7537244	0.3947681	0.5624222	0.8540031
0.03313475	0.09287776
0.03621239	0.2002098	0.3567108	0.8305336
0.03661243	0.0799476	0.2259791
0.03661243	0.1664082	0.277205
0.05087791	0.2669461
0.0242431	0.06307325	0.8619294
0.0242431	0.02945463
0.03925226	0.04007717
0.03116159	0.2848739	0.5867669
0.01686868	0.2330154	0.6120947	0.197227	0.4860807
0.01926128	0.8788026	0.460333	0.6392821
0.05206246	0.8032337
0.05137799
0.0565071	0.6113754	0.5764226
0.01744025
0.03214602	0.8404993	0.7324748
0.02163108	0.1962793	0.8148442
0.04579205	0.755361	0.4139464	0.7152042
0.02417459	0.2016459	0.308239
0.02417459	0.05487623
0.03798175	0.1285902	0.7419588	0.7771285	0.6917377	0.03747035
0.03023491
0.02982261
0.02708805
0.05532724	0.9222834	0.6870525
0.01687829	0.711599	0.3627197	0.6425677
0.01687829
0.01866099	0.3665303
0.02740764	0.2150745
0.02914579	0.9353678	0.5545386
0.0788191	0.7819406
0.06690114	0.9316263	0.4263854
0.016363	0.5116279
0.1336068	0.4340817
0.2280553	0.2391474	0.7065489
0.3824956	0.1095453	0.5677572	0.6282839
0.136459	0.3415962	0.4671303	0.8395733
0.2020368	0.09227698	0.4756363	0.8835473	0.8207723
0.1488806	0.5587817	0.4460108
0.04891273	0.8144823	0.7550112
0.02290352	0.7425289
0.04136075	0.4030123	0.6543355
0.03758794	0.27372
0.04704703	0.9558659
0.04346267	0.05934387
0.02263	0.3959749
0.01855494	0.1528067	0.3249949
0.01270649	0.1223667	0.3997041	0.4213033
0.008294143	0.04787742	0.1696693
0.03400105	0.01755133
0.02451379	0.03650411	0.9693822
0.01673614	0.04293263	0.3030115
0.04262721	0.07838844	0.7324783	0.575481
0.02381746	0.06735163	0.5138175
0.02381746	0.05209979
0.09418275	0.321042
0.08285687	0.2111489
0.01697151	0.5265478
0.04916341	0.09873469	0.9729	0.6607075	0.1896079
0.01398904	0.1344264	0.9029067
0.01027031	0.02797212
0.0115213	0.02797212	0.7531243
0.01218203	0.06324115	0.2534293	0.2876988	0.9581161
0.02230528	0.00737198	0.388442	0.7712617	0.7277083
0.07077943	0.1583414	0.2502743
0.05188349	0.2564384
0.04159244	0.09776025	0.9572587	0.4000593
0.02399436	0.2071051	0.9482562	0.4302452	0.644493
0.02602618	0.04279983	0.9334909	0.8921168
0.01671103	0.05718389
0.04641715	0.05884789
0.04641715	0.2080621	0.6563754
0.02668922	0.1086587	0.7406958	0.3563754
0.02360297	0.3061637	0.908291
0.02360297	0.04234098	0.6754022	0.8191338	0.7101854
0.0312771	0.09664477	0.2214506
0.04325908	0.2113552	0.6234874
0.02750132	0.3453469	0.4753577
0.02263494	0.5795876
0.01962776
0.06597813	0.9256678
0.04612181	0.6455188	0.9534338
0.03009806
0.04107609
0.0339533
0.05913873	0.7587411	0.7561629
0.06426402	0.9614679
0.04127373	0.6193664	0.6931142	0.4880782
0.01859501	0.4713961	0.7145079	0.7727622
0.02061283	0.3368226	0.3350376
0.02111171
0.1027877
0.1181593	0.603126
0.05719869	0.6427167	0.6104958
0.05595641	0.6349678	0.274689
0.04799255
0.04143311	0.522632	0.7116294
0.0129458	0.9834501
0.03425599	0.2475266
0.0397798	0.1234156	0.8483656
0.05392558	0.3126142	0.6480931
0.03389268	0.4497665
0.04754112	0.6627956	0.9725872
0.01500118
0.02383059
0.01655256	0.9232029	0.5243155	0.4955476
0.05075008	0.2957712	0.8794675	0.5291428
0.1016412	0.2094842	0.8286998	0.88734
0.0390791	0.05329198	0.2198776
0.03246946	0.2449541	0.461848	0.7737642	0.5915271
0.07241709	0.1522119
0.05873717	0.221606
0.03299704	0.3276915	0.3786424
0.06384772	0.06954604
0.04640129	0.05532193	0.1987663
0.05644922	0.1312297	0.4439284
0.09559176	0.07938789	0.8779443	0.6206885	0.839447	0.8917015
0.06588146	0.06137725	0.5937691	0.2986032	0.8734357	0.4925759
0.1966446	0.2402118	0.3146881	0.9222021
0.1473975	0.3957592	0.118564	0.6969189
0.04993701
0.01710212	0.8668896
0.02373886
0.01967847
0.01438109
0.0497115	0.4998624	0.822368	0.5400572
0.07904511	0.4582152
0.04541186	0.1232083	0.630017	0.5698156
0.06038717	0.0803219
0.05121853	0.3639229
0.03045453	0.08684471	0.7936163	0.9100615
0.09814961	0.03639973	0.4524253	0.6385276	0.8788888	0.604174
0.07359147	0.03153471	0.03842653	0.9121101
0.04666963	0.6405165	0.9455643	0.6728057
0.02561843
0.01467975	0.6131618
0.01877738
0.02016912
0.04680918	0.2749672	0.747464	0.999688	0.5613608	0.5561297
0.01980911	0.1866972
0.02855462	0.04889662
0.02855462	0.2369828
0.0191077	0.1932921
0.02715711	0.6277744	0.9064327
0.04588559	0.7053704
0.05833483	0.3473666
0.02513822	0.5260311
0.02513822	0.8441941	0.5937004
0.02799596
0.02236901	0.8531794	0.5648128
0.02236901
0.02948709	0.6397438	0.5241122	0.8665037	0.6951913
0.1193582	0.448367	0.1276445
0.08307255	0.8354683
0.06751237	0.01402939	0.8380351	0.933921	0.6792312
0.02758972	0.8971839
0.02313405	0.3188386
0.02522969	0.2019675	0.4369128
0.02522969	0.2819892	0.626722
0.01676962	0.8442129
0.02759975	0.9728249
0.02287365	0.5422251
0.03505402
0.01525159	0.5564553
0.02816326	0.3442881	0.5536609
0.07476535	0.4179232	0.7309345
0.1151952	0.4516979	0.1499453	0.5428817
0.04433361	0.6593846
0.03870772
0.0244681	0.4039071	0.7191718
0.02545699	0.6261596
0.03036499	0.3496128
0.03036499	0.06610687	0.7018191	0.8447503
0.02898163	0.7177581
0.03051047	0.2391034	0.4826287
0.03747867	0.9803674
0.06796483	0.5378036
0.04456885	0.8142516	0.7363753	0.8455549
0.02351822	0.8452164	0.9208051	0.609041
0.06659661	0.9986315	0.3549467	0.2625319	0.4714867
0.05470106	0.5652552
0.02855327
0.04342239
0.0222115	0.6676766
0.02431354	0.2504773
0.0334251
0.04000808	0.1311795
0.02805308	0.2891651
0.1320493	0.7277105	0.8223905	0.9910389	0.8657398
0.03199706	0.7885419
0.02188335	0.8977771
0.03698229	0.7225198	0.3234953	0.9070872
0.03551455	0.9426862
0.05364747
0.02617365	0.5152167
0.0315427	0.9985492	0.6046436
0.05706103	0.1959156
0.03090169	0.6480808
0.02822476	0.04209875	0.2682938
0.02890885	0.09685348	0.5873799
0.03738621	0.07369857
0.03786699	0.257897	0.2627209	0.5913066	0.986142
0.01673183	0.3029667	0.478898
0.03028511	0.1372729
0.04759292	0.09696716	0.4787121	0.6632483
0.01440159	0.0359625	0.8953319	0.9616449	0.4663431	0.6412406	0.9460761
0.01110674	0.04153213
0.01110674	0.02912902	0.4493359
0.01827849	0.038331
0.04564536	0.1256256	0.4182253
0.1666841	0.2659725
0.1356729	0.05673049	0.2408783
0.06412676	0.1611843	0.8561406	0.9005612
0.04656996	0.5261662	0.5090021	0.1349055
0.08264643	0.1558733	0.6237483	0.9846276	0.06769505
0.03571468	0.5598938
0.05118516	0.6697642	0.9365616
0.03611865
0.1062259
0.04847569	0.6918307	0.6288643	0.3892177
0.05854114	0.226197	0.5555036
0.0400728	0.1159444
0.02083137	0.05634955	0.6033172	0.3130095
0.0224839	0.3812415	0.5077866	0.602787	0.7944942
0.06213695	0.2992661
0.02028513	0.6937614
0.06280508	0.2177899
0.07942423	0.5965644	0.6089564
0.0273241	0.1866802	0.8169798
0.02853168	0.03403759
0.03227508	0.02348417	0.294305	0.7369926	0.02022461
0.04191328	0.1121612	0.3698086	0.3238676
0.02702437	0.07057386	0.9723931	0.5397852
0.02538375	0.1856069
0.05325904	0.133205	0.967689	0.7933111
0.03386614	0.04361572
0.0261551	0.05688915	0.5120687	0.6127316
0.02673856	0.1037778	0.3888424
0.02673856	0.1161036	0.8850105
0.04249728	0.09103111	0.4941099
0.04249728	0.06152546	0.4968071
0.07361073	0.4131811	0.4198773	0.9920855
0.0589721	0.1197273
0.03143898	0.1081232	0.6136325	0.1330653	0.8669989
0.04676931	0.0505332	0.207908
0.06947559	0.4206523	0.6602498	0.3747908	0.3981938
0.06453362	0.04071959	0.4625813
0.05106773	0.5143602	0.5545442	0.5219926
0.06665995
0.05014384	0.2597487	0.6855747
0.05055371	0.2157838	0.7013078	0.5887852
0.03941213
0.05330801	0.8244227	0.6110295
0.03205304	0.06574817	0.2640753
0.0282364	0.05326528	0.990113
0.03233814	0.1464572	0.9178016
0.03218834	0.1308025	0.1539772	0.654627
0.02341595	0.2827095	0.8092106	0.3066346	0.7666526	0.8040015
0.0716763	0.4801999
0.04050509	0.1787168	0.5292631	0.8504029
0.03075405	0.2268606	0.6736646
0.028387	0.5090633	0.8343756
0.02620145	0.05493762	0.7700094	0.605319
0.02620145	0.5468162	0.3257149	0.4034754
0.08249574	0.1290193	0.3726347	0.7527923
0.08378606	0.4469838	0.9255439	0.5917242	0.5840883
0.05631127	0.8281295
0.06986552	0.1501752	0.3835192	0.1463936	0.188179
0.06143349	0.1746383	0.8505961
0.03026895	0.1082044	0.2203544	0.9054171	0.8313743
0.03750572	0.3540518	0.7473656	0.555365
0.09365838
0.03131421	0.3493716
0.02426022	0.5322655	0.8188457
0.02025186	0.9520627
0.09114916	0.2726981
0.0282646	0.9256151	0.7749325
0.02753407	0.6162834	0.2384108	0.7176242
0.03684727	0.2909959
0.1392919	0.3490112
0.07384999	0.7360103
0.02075816	0.5362611
0.05499628	0.7856771
0.05440259	0.5434085
0.01912596	0.4911128	0.7658533
0.01696852	0.8488309	0.7830871
0.02290469
0.08313741
0.04760077
0.0553954	0.3550686
0.02707679	0.3978825
0.02716297	0.033263	0.9738239	0.970704
0.0166927	0.3896805	0.6368087
0.0166927	0.2881065	0.6355399	0.8686553
0.02343048	0.05546445	0.9264996
0.05646509	0.3459775	0.5595498
0.1170058	0.6666654	0.2739653	0.5903588
0.04776915	0.1441266	0.1962329
0.02595465	0.06948442
0.02595465	0.2187342
0.05611132	0.0610118	0.5184101	0.7445437
0.01943601	0.07497161	0.4788381
0.03269679	0.04271672	0.6138689
0.01248933	0.3708642
0.01248933	0.0563114
0.05404907	0.9911583	0.4500924	0.5020009	0.662899
0.06445538	0.3660989	0.2228084	0.7582813
0.05980555	0.07332987
0.03023082	0.3085214	0.1560886	0.3261159	0.6768755
0.02300401	0.06315781
0.02841081	0.07146841
0.03936946	0.05677032	0.2743464	0.7462979
0.0815586	0.2176448
0.08274693	0.5932077	0.7271621
0.05469361	0.9016908
0.0457717	0.6205846	0.9728183
0.06886273	0.401572
0.05138642	0.3253966
0.02526609	0.2262366
0.02949788	0.09105112	0.7956599
0.03940125	0.08335006
0.03871522	0.7232632
0.1111356
0.06587064	0.2781881	0.893628
0.09814703	0.9892256	0.875089
0.04882665	0.8816535
0.02226443	0.3642045
0.06358998	0.3804688
0.07961609
0.03586108
0.03823161	0.8560152
0.03583072
0.02131807	0.3976737
0.02131807	0.3536356
0.05270676	0.7809845
0.0305606	0.5400668
0.01986183	0.2854208	0.8769713	0.712182	0.4728686
0.01590152
0.01156467	0.0737507	0.8106477	0.4239876
0.009298331	0.92624	0.9144119
0.00850176	0.8318966
0.00850176	0.05675272	0.2010611
0.01904763
0.0177314	0.6783928
0.0177314	0.1851397
0.01952186	0.9784545
0.01672997	0.3616094	0.4956946
0.05892527	0.6292423	0.7469975	0.6532272
0.1517064	0.1237776	0.1609817	0.3840613
0.1129246	0.3687366	0.8093349
0.0731696
0.04265146	0.8586146	0.9666625
0.06320032
0.1827983	0.2038967	0.2814622	0.7220336
0.3265065	0.1460794
0.1014176	0.2083202	0.3545298
0.09283561
0.04067711	0.2004115
0.04928717	0.8395246
0.04810387	0.3014167	0.7920237
0.03434857	0.09332445
0.03257025	0.05938134	0.6677282	0.7580245	0.7056733
0.03257025	0.08227886	0.777814
0.02726541
0.04852297	0.3271921
0.1067364	0.1989279
0.04128437	0.5601639	0.3450996
0.02026195
0.01668191	0.7077447	0.8496069
0.01784828	0.435513
0.0154756
0.01525772	0.8888952
0.01525772	0.9095359
0.02801858	0.6182425
0.04855139	0.9037737
0.08634215	0.3240787
0.09913812	0.3664059	0.9740722
0.0774512	0.9076503
0.1078818	0.5821464	0.8174781	0.9268784
0.1001254	0.4773652	0.1852446	0.210219
0.02885946	0.5024463	0.6795656	0.1777656	0.4495217	0.9245838
0.02961882	0.1764282	0.6919573
0.02225459	0.04994538	0.3633569
0.02177175	0.1361917	0.7939672	0.6082788
0.03159647	0.05964143	0.5582639
0.02146312	0.01748303	0.8572412	0.8115333
0.023809	0.1347737
0.02211738	0.07647272	0.1253858	0.9295225
0.06244548	0.2345588
0.03319978	0.09255611
0.04088462	0.1064199
0.04388114	0.2237036	0.364044
0.04334417	0.1244129	0.8083804	0.8678571	0.3833481	0.6613006	0.9593298
0.02985369	0.02799128
0.017294	0.1312736	0.5712585	0.9434158	0.9587137	0.8426868
0.06771272	0.1166634	0.7016052
0.02656666	0.02486696	0.7853881	0.55502	0.4374457
0.03161985	0.06801424	0.9084706	0.9379951
0.01820135
0.0191579	0.06016668
0.01443664	0.1036515	0.8400081	0.7975866
0.01443664	0.1213599	0.3947185
0.01673646	0.1220638	0.7694385	0.8862477	0.8276537
0.0532339	0.07320643	0.9716877
0.02992003	0.1403596	0.1100072	0.7541343	0.2692787
0.03730187	0.3133819	0.2796922
0.05323384	0.09720728
0.03852158	0.1739057	0.5579007	0.4654886
0.01828215	0.06603461
0.01828215	0.03294864
0.01440861	0.03421394
0.01823739	0.1352908	0.8168995	0.9359622	0.3011438
0.010892	0.1565797
0.02041553	0.04031235	0.2917304	0.5883853
0.02463119	0.08611644	0.8744616
0.02703262	0.4358579	0.8777341	0.7206555
0.02277916	0.2822659	0.525392	0.1758625	0.1013655	0.7610419
0.02169184	0.1497872	0.2379096	0.9282083	0.6819081
0.02765293	0.3618105	0.6434303
0.03411826	0.1180724	0.8672833	0.881735
0.05982707	0.0425767	0.4685713	0.4568014
0.02302905	0.07430388	0.3708833	0.9753786	0.687252
0.1135514	0.4318073	0.6838012	0.9484946
0.1858224	0.3436256	0.1650887	0.3094761	0.439218	0.7878082	0.6633842
0.2751431	0.1472138	0.2719728
0.04991086	0.4043707	0.2643846	0.7253015	0.3001076	0.6523861
0.02422588	0.1615786	0.8636889	0.7397964	0.6186254
0.04366589	0.09003904	0.4201352
0.09113873	0.06801679	0.5075259
0.03758278	0.1373517	0.9684859
0.04109805	0.1002112	0.6931845	0.451178
0.0348108	0.04085507	0.7467692	0.6712326
0.02550169	0.147465
0.02187358	0.217988
0.02108397	0.06012142
0.05561196	0.03673347	0.311359
0.04334824	0.2515233	0.4712371
0.04334824	0.1410283
0.03519331	0.07993405
0.09458122	0.6110927
0.09913849	0.6241503	0.2721352	0.8207673
0.04837829	0.08658602	0.8852186	0.2699623
0.03292988	0.07757471	0.9851771
0.04671205	0.4227987	0.9655068
0.07179044	0.3232108
0.02900264
0.02304152	0.7443503
0.01725089	0.1821645	0.7980691
0.01725089	0.03895159	0.9387157	0.4469521
0.02032637	0.07920886	0.4551213	0.6967569
0.01955334	0.399441	0.1829097	0.9032685
0.08824059	0.0966941	0.5543865
0.03871951	0.1477086	0.3588427	0.8059157	0.7950427
0.0377975	0.4686034	0.1275992
0.01488602	0.05651771
0.02742417	0.3412257	0.2695169	0.7573278	0.8025052	0.4960832
0.02742417	0.05156954	0.2247589
0.04538866	0.2732888
0.07570762	0.815614
0.07432578	0.4666133	0.6929724	0.7162127
0.04823702	0.5305346
0.0329102	0.8946155	0.942267
0.0439084	0.7676397
0.03605423	0.8453782
0.02088152
0.0271314	0.3934818
0.0768437	0.3798362
0.07428959	0.3840222
0.08155189
0.05582045
0.1105584
0.05346696	0.6749863
0.06620069	0.9259319	0.3208512	0.4569491
0.03226865	0.1367217
0.02684559	0.5873376	0.4840997
0.02683999
0.01997108
0.04909911	0.7465672	0.6701184	0.676408
0.06242777	0.4932702	0.6934676
0.1085504	0.8716935	0.4698517	0.8901359	0.9029942
0.07649934	0.5614796	0.8576832	0.7419956
0.03900341
0.06754968	0.1816928	0.4638105
0.06825929	0.1917764	0.6359326	0.4985471
0.1460116	0.2069141
0.4085562	0.1134637	0.8032372	0.4411292
0.2909907	0.2289926	0.951639	0.9875898	0.1478862	0.9714882
0.138371	0.1346345	0.6459607	0.006961342
0.06169935	0.1544977	0.5485819	0.8113508	0.04148665
0.03552632	0.07559379
0.06901254	0.1639725	0.3898629
0.09001066	0.1996998	0.2220719
0.04421146	0.08448386	0.8422425	0.8981941
0.03747738	0.09463521	0.6167792
0.03357771	0.1483523	0.7768237	0.9359554
0.05409721	0.1308542	0.886641	0.9867633	0.4747484	0.6896552
0.02499351	0.2777476	0.8852513	0.9139469
0.1424373	0.08291205	0.2460053	0.7227665	0.8211878
0.1314087	0.06534986	0.5859104	0.9122625	0.9739607	0.5577437
0.1792866	0.0383577	0.2885977	0.3410716
0.1289564	0.0703291	0.1302071	0.2384356	0.5173878
0.09283206	0.08206898	0.2300244	0.5203735
0.1379013	0.0912361	0.4489975	0.7166407
0.1194953	0.3963068	0.2983805	0.5355934
0.09601383	0.1390467	0.3454527	0.4759768
0.06913361	0.08670552
0.03571366	0.1365342
0.04357367	0.0803784
0.03736987	0.1197123	0.860297
0.03511677	0.3636037	0.5742848	0.4990298
0.1239241	0.2258742	0.2524283
0.2017818	0.09936596	0.1316055	0.6120902
0.151462	0.03238521	0.1750547	0.5743252	0.9303245
0.3842512	0.08269936	0.2903571	0.8865389	0.8722217	0.3872728
0.06940837	0.2188724	0.08264556
0.06131564	0.1214737	0.5764171	0.8602473	0.7740535
0.04731982	0.08146986	0.388335	0.8800853
0.03744347	0.3266542	0.3206052	0.3623592	0.3168758	0.7620073
0.2347065	0.2958061	0.1544334	0.5712603
0.1180977	0.2631164	0.06097431	0.26855
0.07531839	0.3807387	0.1781667	0.7634196	0.9476576	0.7527086
0.05375111	0.6031461
0.05621574
0.09250216	0.3554812	0.8191165	0.9516374
0.1275649	0.06806155	0.4172016
0.1572695	0.03955079	0.07520359	0.8985272
0.05446365	0.07664852	0.3848079	0.6184611
0.03580096	0.2445285
0.01958312	0.05009486	0.7730545	0.964687
0.06455599	0.3934876	0.8916111	0.6014047	0.7496666
0.08963289	0.1748398	0.7446003	0.8302928
0.09520658	0.2382258	0.9903924	0.3497354	0.7313996
0.07192598	0.09747473	0.7140404
0.05963481	0.09998079	0.906874
0.03982249	0.07889316	0.5699717
0.03230677	0.08013537	0.4184414	0.6400462
0.02603976	0.2133075	0.8223528
0.04144635	0.3759193	0.9895415
0.03229982	0.211693	0.8481351	0.9650139	0.5219913
0.03046022	0.07434829	0.2660373	0.8936622
0.01568072	0.03763874	0.4352648	0.8055905
0.00943047	0.1527771	0.516954	0.7497836
0.00943047	0.2332883	0.8134352	0.2141176	0.8031731
0.009460633	0.1483537	0.3237845
0.009460633	0.05116279
0.01155515	0.0455922	0.5720911
0.01239969	0.04161658	0.9459525	0.7404336
0.02211825	0.0845302
0.01403384	0.0896565	0.5290155	0.6123475
0.01403384	0.02504263	0.9038116	0.4036825
0.04393874	0.4402163	0.7187302
0.01863418
0.01671921
0.02515994	0.4793447
0.01883526
0.01898635	0.4848616	0.6328114
0.03072523	0.1954361	0.909927
0.04558354
0.04017689	0.2367591
0.03937481
0.06163487
0.09228239
0.1128205	0.2827951
0.03891675
0.02637249	0.9672595	0.5985593	0.6964992
0.06691457	0.4796743	0.8260906
0.09784618	0.3596186
0.1975137	0.4165307	0.2980295	0.3462571	0.3688067
0.1069981	0.3582876	0.9213605
0.08300525	0.4167019	0.8712739
0.09263999	0.5123095	0.4147956
0.02640116	0.1462363	0.8975003	0.9859099
0.03893213	0.3398195	0.3429339
0.01229745	0.3241285	0.2090751
0.08262109	0.07621194	0.464406	0.7553353
0.2139123	0.339649	0.1816582
0.1533265	0.1945035	0.1653209
0.05068154	0.08081906	0.471706
0.03616118	0.1133391	0.5373905
0.04655803	0.3344635
0.06941011
0.04912431	0.736874
0.03563358	0.3926932
0.06583088	0.2359706	0.226894	0.6741746	0.1040351
0.04174336	0.05757845	0.6844372
0.01329097	0.05298402	0.8111116	0.07804117	0.4936815
0.02175652	0.1331368	0.3298299	0.2666722
0.0231445	0.08406395
0.03128005	0.4792765	0.7119213
0.01771033	0.7374407
0.01629381	0.909452
0.03758143
0.03759953	0.914527	0.03437788	0.9357042	0.9518047	0.5161846
0.01822848
0.03059305	0.33074	0.3905991
0.01908127	0.7685216
0.05910639
0.08655621	0.1562479
0.1298775	0.4491182	0.425802
0.05042369	0.2257598	0.4566624
0.0544847	0.3284238	0.6352931	0.2628677	0.7748227
0.02829387	0.8271397
0.02682666	0.02857997
0.04129265	0.08728895
0.04420568	0.7135295	0.1458743
0.02453574	0.1812795
0.02350071
0.02126768	0.7965187	0.9479522	0.8704123
0.05073572	0.8476374
0.02953769	0.5193418
0.06949511	0.4206566	0.6786761
0.02197702	0.4543054
0.02952841	0.8011191
0.0345458
0.03153275	0.7936455	0.8362679
0.06227057	0.1639974	0.4625094
0.03742014	0.831959	0.4556138
0.09342128	0.5525179
0.1382661	0.324081
0.1223219	0.5435545	0.1661328
0.1229766	0.3349503	0.1529184	0.6384406	0.7456091
0.2462628	0.108399	0.06067132	0.6843097
0.09718341	0.08653525	0.9730216	0.6557281
0.07330307
0.1012891
0.0856292	0.8301445
0.04539104	0.5792386
0.03419572
0.06618037	0.8301288
0.0322806	0.7392968
0.01444354	0.4934142	0.9966528
0.02277346
0.07734315	0.3132866	0.818128
0.03328135	0.690364
0.08625391	0.1892439	0.3562792	0.5335565	0.9018735
0.02388232	0.05887284	0.2703731
0.0310003	0.02931167
0.04312535	0.1279069	0.6259542	0.2367165
0.03420112	0.2042077	0.4297444	0.5638454	0.1591777
0.07811115	0.2186062
0.08816142	0.06359103
0.03255451	0.03781186	0.9110283
0.02918461	0.4174147	0.6248533
0.03331217	0.2194732	0.787844	0.7958904	0.9342457
0.07126012	0.8371749
0.02654477	0.1330698	0.8924056
0.06250451
0.05516559	0.09534473	0.306278	0.9601784	0.5981881
0.04703841	0.06044547
0.04555555	0.2420406
0.05520487	0.7874365	0.9883262
0.03992925	0.3250806	0.4332494	0.3288801
0.04652875	0.2609322	0.4336425	0.7887501	0.2899245
0.04062261	0.1193948	0.5501599	0.02558468
0.01769844	0.9209987
0.01871654
0.04279791	0.2280684	0.6945632	0.9992087	0.1968837	0.2222963	0.6610486	0.2321901
0.02931485	0.05813043
0.02488641	0.1388523	0.5894618	0.9505348	0.6947245
0.01914265	0.06085713	0.2603878	0.8162719
0.01914265	0.07104056	0.8607303
0.04348756	0.0623959	0.5990101	0.6898374
0.02217632	0.9211955	0.6356509	0.5790547
0.08645122	0.08616062	0.2941836	0.3785171	0.6871537
0.06892984	0.1253157
0.04120254	0.7246668	0.799596
0.03623375	0.220783	0.6490809
0.05403516	0.1461611	0.9097656
0.07490211	0.3362027
0.03204308	0.5838457
0.07315726	0.9732283
0.03269786
0.0593227	0.6360415
0.03704747	0.7689991
0.03184477	0.5194249
0.02065103
0.09857137
0.05090328	0.3841904
0.04798175	0.499341
0.03169719	0.4003168
0.02434832
0.02782281	0.815568
0.009662073
0.0232829	0.6368499
0.017986
0.017986	0.4339672	0.286148
0.03436362
0.03333303
0.05950824	0.5132564
0.05516056	0.3713471	0.9360163
0.04748694	0.9112108	0.769193
0.03015075	0.9485162
0.0251998	0.8045201	0.8352125
0.0251998
0.0133226	0.6661589
0.0133226	0.4837336	0.9951929
0.03276607
0.03506507
0.04056399
0.01409519	0.4186168
0.02002056	0.9894851
0.06615556
0.01751964	0.4944465
0.01311619
0.03916794	0.5621953	0.4356541
0.01401514	0.3012129
0.05803281	0.5435732
0.08059756	0.6799993	0.8632978
0.1506391	0.1920208
0.0962257	0.2818169	0.7618841	0.1356874
0.09193808	0.2875719	0.1222817	0.9285682
0.05422305	0.4569378
0.03703833	0.7405155
0.05639614	0.4624501	0.4782351
0.04447986	0.3107793
0.04466129	0.3645976	0.5828133	0.645846
0.08400358	0.2717347
0.1292642	0.1281021	0.3976813
0.05835719	0.1536412
0.09690634	0.5558074	0.7711123	0.3373067
0.04260534	0.7746468	0.7388054	0.7993219
0.05178931	0.159979
0.05353648	0.1556061	0.7273032	0.7107051	0.7276682
0.05280914	0.2018551	0.7546175
0.0172231	0.04967853	0.6146464	0.6947736
0.0172231	0.03565796	0.860707
0.01496259	0.3168605	0.1752337	0.245636
0.01496259	0.1821958	0.7039733	0.4261949
0.01310136	0.01740505	0.8756502
0.01960015	0.01358041	0.908862
0.03607113	0.05638023	0.50386	0.6421022
0.02108315	0.01671113	0.3142604	0.842271	0.3657343
0.02429531	0.09254565
0.02242921	0.3510453
0.03229164	0.07841253	0.03560276
0.03169171	0.2729436	0.9180769	0.9565775
0.1293872	0.13464	0.4052729	0.7816809	0.9155438	0.7313339
0.05287469	0.5170547	0.1801412	0.3091306	0.9410923	0.4455666
0.01909308	0.1851683	0.6376871
0.02163157	0.2684101	0.7948412
0.05372608	0.7027131	0.5431829	0.5515375	0.3776833
0.04104153	0.2046346	0.2337164
0.02271205	0.3446561	0.710284
0.01542288	0.8838355	0.2302282
0.01650623	0.1214387	0.3223523
0.01538874	0.09131815	0.6318651	0.8936039	0.5359645
0.04270649	0.03762906	0.5270258	0.7757598	0.5996846
0.03199894	0.1092096	0.5020096
0.06629374	0.08507437
0.03666105	0.1594561	0.8012596
0.02996003	0.2280306	0.7456578
0.02996003	0.1190861	0.9329182
0.03027635	0.0847499
0.04315124	0.6057818	0.8682067
0.04455897	0.314149	0.3402397
0.05104745
0.05579093
0.02909372	0.4643331	0.9065251
0.2125689	0.1270623
0.2179023	0.1898076	0.4101543
0.07849115	0.1104725	0.5626214
0.03265693	0.165135	0.2337928	0.9455509	0.9174461	0.7870737
0.03249439	0.5367817
0.007436478
0.008614353
0.01405257
0.04109652
0.06723288	0.4387054	0.462074
0.06540984	0.449004
0.08173398
0.03606977	0.4923116
0.0364948
0.0363841	0.5133694	0.7016363	0.8449465
0.02927111	0.8078208
0.0348193	0.8198361	0.567004	0.613626	0.8778785	0.9194761
0.03791881	0.9374844
0.0909447	0.6666754	0.2981884	0.7877117
0.08730271
0.02496251
0.02957213
0.03118916
0.03118916	0.6434531	0.5519054
0.04982409	0.8094503
0.02256627	0.9073732	0.7918198
0.05079249
0.03203258	0.7538978	0.8683149
0.023845
0.02146231	0.4153789	0.504917	0.6737757
0.0269069
0.0204517	0.784176	0.8347372
0.0204517
0.01521427	0.1642442
0.01220352	0.4884513
0.04019835	0.1858186
0.02660548
0.02217656
0.02464109	0.5611606
0.01184062
0.02443252
0.06049442	0.4574312	0.9626186	0.5332247
0.0598665	0.2671247
0.1232085	0.1490147
0.13153	0.2347226	0.8786583
0.0470749	0.5313739	0.08019886
0.05783049	0.6815864	0.3324676	0.9381998	0.6189	0.9551477
0.2114686	0.1320527	0.6400261	0.4936877	0.9956393
0.113979	0.1390275	0.3131964	0.9919115
0.05477263	0.1494273	0.553209	0.9596818	0.1925887
0.08448021	0.9157704
0.1151819	0.7487035
0.1267279	0.3823011	0.508782
0.03098793	0.384172	0.7466929	0.9529552
0.03255895	0.3315985	0.7922594
0.03418073	0.5543404
0.04898794	0.7840701
0.08397028	0.4186727	0.9660125
0.07712175	0.5123324
0.1743792	0.2389382	0.4215865	0.8194694
0.1124256	0.4732867	0.9831766
0.04419294	0.2357785	0.7499784	0.08769848	0.755311
0.05651971	0.4747162	0.9820099
0.05580769	0.5072547	0.7186704
0.04480579	0.6794417	0.2201041
0.03835778	0.7733889
0.04585953	0.1451187	0.4137169
0.02836748	0.883175	0.9622886
0.03821368	0.4365327	0.350663
0.02354797	0.9897703	0.0726738
0.04945637	0.8574312
0.03194888	0.4424992
0.01874211
0.02404181	0.21896	0.9877171
0.03593914	0.1185386
0.02402164	0.1687882	0.7611069	0.6397909	0.08949498	0.1401408	0.3949486
0.03589668	0.6617421	0.4384995	0.5582136	0.4048974	0.6230941
0.03939742
0.08008001	0.371825	0.6255153	0.3444588	0.8967992	0.7075253
0.2342932	0.2068785	0.7610486

0.9498326	0.3385922
0.7794436
0.7819264
0.5033761

0.4432063	0.8310054	0.9744506


0.7854717	0.4904533	0.9190766	0.814393
0.2151011
0.4183015	0.743672
0.2750316	0.7425605	0.7801848	0.04926262
0.4494241	0.4279468
0.06344896
0.8148884
0.9643877
0.3625855
0.6120846

0.2499531
0.6652756	0.9078172	0.5346646
0.08993363	0.3881013	0.7277802	0.0125173	0.7892615
0.06947784	0.8991879
0.2744557	0.2145979	0.2868408
0.9870829	0.09711674	0.418032	0.6783694	0.8928022	0.7555767
0.2276123	0.5534476
0.2418313
0.1323791	0.837025
0.2964419	0.5165316	0.6092648
0.4214918	0.2402944
0.05709272	0.2512235	0.7953707
0.05839466	0.2556573	0.8191163
0.03003711	0.3022563	0.3537099
0.024043	0.09513148
0.02252938	0.1232279	0.4447485	0.6073667
0.02364875	0.172106	0.6920939
0.02364875	0.2657579
0.02105954	0.03501179	0.0432298	0.5680212
0.02883566	0.06477207	0.5405441	0.5747855	0.4367241
0.1093842	0.107799	0.008764818	0.273887
0.05342572	0.1350083	0.375343	0.7631196
0.0539284	0.2980864	0.6898447	0.730404
0.03235574	0.7167852	0.3998389	0.8745901
0.04909831	0.09124781	0.5421979
0.09419988	0.1439555	0.774965	0.5634693	0.97182
0.1263158	0.04026468	0.3477698	0.5890277
0.1281355	0.06107543	0.1581859	0.726488
0.04600527	0.05435004	0.9036469	0.7638678
0.02726251	0.04262989	0.9830517
0.02443338	0.05062749
0.01536143	0.1141645	0.9626719
0.028608	0.2246752	0.6773182
0.08105121	0.2361423	0.4962265	0.5362532	0.7629847
0.07174985	0.3711474
0.1075163	0.3467474
0.05704182
0.3007631	0.2234986
0.06842327	0.07465858
0.1307544	0.4377009	0.9711189	0.4789303
0.1585168
0.07870362	0.8647627	0.4120179
0.0667004	0.7030234
0.04713329
0.02428621	0.3171881	0.3099814
0.04603241	0.3585544
0.025348	0.06229596
0.03077483	0.07088063	0.6691423	0.2371169	0.7513652
0.03366396	0.1886545	0.2105896
0.05238661	0.1457595	0.3845434
0.0342017	0.09083231
0.0342017	0.09498486
0.01821463	0.1229016	0.5012915
0.04951875	0.1153087
0.03759837	0.1642829
0.03108638	0.1643964
0.06479737	0.04240905
0.06821109	0.2310954	0.4436744
0.2330302	0.2743234	0.148126	0.9536855	0.2933023	0.9642503
0.1432382	0.2592747	0.1362356	0.3324603
0.119711	0.3728562	0.1301107	0.1850528	0.7095207
0.05561582	0.4056019	0.4024415	0.7981191	0.9084083	0.2885675
0.1412132	0.06180479	0.4097469	0.7038496
0.07465807	0.1437468	0.4171519
0.09685418	0.3261779	0.9743731	0.7904008
0.08231231	0.0712222
0.1274218
0.05532872
0.1063928	0.3586751
0.03269055	0.1167448	0.3562541
0.03580973	0.1195303	0.488881	0.7009945
0.04936061	0.4270725
0.05120413	0.1566807	0.4983243	0.9979697
0.07849932	0.8767733	0.8752038
0.05885792	0.4921185	0.7354996
0.0279934	0.1124952
0.02370917	0.7670203
0.0975753
0.04420655
0.06680589	0.6869852	0.2509046	0.6922965
0.04480492	0.2174821	0.3707567	0.4069019
0.1559913	0.2099848
0.121477	0.2448398	0.7629014	0.1031183
0.1015309	0.183506
0.05535166	0.710407	0.8391978	0.8500694	0.9330572
0.06266091	0.5747852	0.4472227	0.6765167
0.03288168
0.01361519	0.9704876
0.02371876	0.575574
0.01330094	0.2737124	0.1182142
0.01678711	0.7323642
0.01879572	0.01285499
0.01537727
0.08027098
0.09700495	0.6658133	0.513081
0.09274619	0.1205564	0.8832618
0.04825709	0.3989932	0.4130317
0.04306531	0.02597298	0.6345859	0.5939529	0.7173901
0.04145152	0.0516633
0.02421185	0.03176963
0.02097438	0.06847179	0.2428732	0.2949611
0.03790733	0.09625496	0.833402	0.05587756
0.07014033	0.1399297	0.7985234
0.06385369	0.06063872
0.04929765	0.2580497	0.4162393	0.8835545	0.7322504
0.03981792	0.6966635	0.6556761
0.092194	0.417669
0.06553675	0.3467622	0.20587	0.148257	0.6558885
0.04839089	0.06325179	0.4007444
0.1198701	0.1327279	0.7201034	0.5259221	0.6109102	0.5937383
0.1512312	0.03696345	0.1050846
0.1845308	0.1077646	0.2690522	0.1771839
0.1890615	0.1975825	0.3930243	0.7716417
0.07086939	0.8363072
0.04645615	0.9629071
0.07709498	0.624787	0.6200626
0.09252502	0.4473564
0.04008609	0.4764115
0.05843692	0.2759492	0.8883036	0.4008311
0.02658796	0.02847201
0.04280583	0.08053953	0.3542328	0.5645979	0.9429247
0.04224095	0.2157917	0.6291039	0.4235115
0.1136179	0.3774951	0.7781376
0.1020024	0.252072	0.8748426
0.05917071	0.1384538	0.6754379
0.05349948
0.3307867	0.425225	0.2906153
0.2368513	0.2187586	0.5647169	0.7468276
0.2627858	0.2071747	0.3411396	0.5136663	0.9291544
0.06207713	0.3105605	0.6952381	0.7179679	0.9223367	0.4202911	0.5180961
0.08768239
0.1331907	0.9380657	0.5787426	0.141511
0.06941763	0.7778309
0.04833125	0.5150094
0.03329754	0.5309228	0.7749276
0.08726086	0.3034103
0.0539648
0.04789679	0.380384	0.7194327
0.0675656
0.07279552	0.7804389
0.0530791	0.6490614
0.08021273	0.1322495
0.01593073
0.02723515
0.05214985	0.2043901
0.03460595	0.9933381
0.03657982
0.02561255
0.01559236
0.0282993
0.03407465	0.7987888	0.6527016	0.7491311
0.03875543	0.651359	0.8106848
0.06730979	0.2320748	0.1437425	0.234941
0.03556729	0.3601599
0.02902046	0.2205917	0.8505085
0.02386153
0.02028649	0.3976319
0.02505669	0.4695087	0.7616848
0.0186484	0.7343937
0.01295103
0.02098107	0.8558146
0.05545098	0.6800972
0.00737487	0.402715
0.02104111	0.8884855	0.691312	0.5555941	0.2973981
0.03787928	0.5811678	0.2280209	0.4637043
0.03029795	0.4878138
0.02661505	0.5885544
0.02523509	0.9117507
0.02024534	0.8455782
0.06639595
0.05462622	0.3136383	0.5983605	0.8819815
0.1018331	0.4634783
0.05972166	0.7866768	0.8961354
0.1155209
0.07192537	0.2815913	0.9559985	0.7483029	0.1841608	0.9855456
0.08545197	0.3966801
0.1525906	0.2842739
0.03973162	0.5704258
0.02273054
0.08837961	0.2278414	0.9784045
0.0775199	0.1789756
0.07115392	0.241976	0.5524909	0.559786
0.05853441	0.3327617	0.9816537
0.03400336	0.1184314	0.6007849
0.02895094	0.06574054	0.3024698	0.3589637
0.02702704	0.1177431
0.08837965	0.1188004	0.8833658
0.081138	0.1654846	0.8849925	0.9367501	0.7784918
0.07492346	0.06703324	0.8933798	0.7451866
0.03559598	0.1366748	0.8244655	0.3680315	0.9469613
0.1219543	0.06195297	0.4815771	0.3621636	0.5711628	0.273565	0.8566164
0.02636014	0.1520521
0.3504381
0.07461403
0.09037341	0.2281474	0.8807843
0.09908097
0.154295	0.5099325
0.1119036	0.8872238
0.02672456	0.8566923
0.03926254	0.8333083
0.03561321	0.06233536	0.936932
0.08799836	0.1242805	0.8150682	0.8292198	0.452395
0.0276962	0.1084201	0.8399904
0.0986808	0.08346053	0.8611514	0.4237413	0.70037	0.1868513
0.05073224	0.108102	0.3560472	0.3974037	0.4433538
0.028976
0.0229985	0.1561483
0.03708567	0.9845736
0.03520894	0.9350693	0.8787571	0.2337469
0.05243616	0.2741651	0.9215103
0.09992904	0.8638629
0.05655322	0.401938
0.04278951	0.07955927	0.997424	0.8129564
0.0277053	0.1479634
0.03731028	0.9259775
0.03099272	0.7663424
0.02875096	0.6721935
0.03059346	0.3842983
0.02427907	0.9331102
0.04413391	0.9601873
0.02793181
0.03221383
0.04572579
0.05412646	0.3799236
0.03003876
0.06786619	0.5462783
0.2152131	0.2280846	0.9312836
0.02723769	0.7110985	0.9461393
0.03480931	0.8654615
0.06738323	0.7174844
0.06070343
0.03543881
0.02806432	0.4464686	0.7945652	0.2933861
0.02391691	0.7391707	0.07147818
0.01561417
0.06743897	0.8566949
0.1481659
0.07269592
0.03942664
0.06826893	0.7003555
0.04434212	0.2786629	0.8138909
0.02595039	0.179638	0.4846016
0.04841557	0.1897294	0.5807235
0.02884629	0.1462472	0.6990378	0.6444645
0.03356405	0.1302857	0.6931375
0.102356	0.0533336	0.07148208
0.0224679	0.04657874	0.9726093
0.0280104	0.1980486	0.243629
0.02826634	0.1352898	0.7506923	0.4248317	0.5377016	0.9128326	0.130799	0.9447621
0.04410916	0.1846525	0.9797556
0.03537425	0.0997865
0.05845456	0.07990132
0.04063888	0.120161	0.3590386
0.04326992	0.3742347
0.04152284	0.1323236
0.03081796	0.1755961	0.1680008	0.8993511
0.04753955	0.3384346	0.9969452	0.8426034	0.8091665
0.07738603	0.08641641	0.9764732	0.9526668	0.5874846	0.9238641
0.07102722	0.269101	0.7410856
0.1169956	0.5514618	0.2653125
0.04347608	0.1239517	0.7495245
0.02790086	0.1647139
0.03142138	0.03555001
0.01992933	0.3422074	0.9728579
0.05777386	0.1379815	0.7510011	0.9431506
0.0947149	0.1084856
0.09655806	0.1338537
0.04619073	0.1746567	0.9169493
0.04418468
0.09313876	0.0987031	0.1072397	0.6597993
0.05792165	0.4086735	0.9979816
0.09678538	0.2062035
0.03055481	0.2430729	0.2304071
0.02484964	0.4360673	0.333448	0.1901383
0.03136428	0.9431092
0.03136428	0.05290266	0.7394859	0.8560532	0.9350707	0.8872131
0.02334999	0.3495606	0.3768773
0.08558847	0.9388687
0.03301881
0.02819738	0.8548657
0.06538049	0.2523048
0.0610564	0.1001842	0.7345007	0.6976231
0.071647	0.1460045	0.6754415
0.13365	0.09449421	0.9444213
0.1309062
0.07381831	0.3291674
0.1209108	0.4100078
0.1294106
0.1062955
0.03386157
0.06877981
0.02680909	0.7865124
0.02622025	0.7589182
0.06700379	0.8674312	0.930026
0.06104851	0.9522274
0.07495139	0.4748345
0.04311644	0.8439196	0.9286315	0.6307464
0.05477192	0.596282	0.7882707
0.04673278	0.4805462	0.800455
0.1403665	0.5127377	0.4887407
0.06414636
0.0513465	0.9892384	0.64557
0.02359796	0.9447482	0.092162
0.02413121	0.7843067	0.132958
0.01960992	0.4037937
0.02368452
0.07033857
0.02588509	0.2106619	0.5614189
0.04221397	0.4191893	0.3611281	0.4057422	0.9716196
0.0537394	0.2229419
0.06827678	0.7705616	0.7324141
0.03815322	0.5773064	0.2866459	0.9555339	0.5976462	0.1893065
0.02829696	0.03564261	0.606574
0.02923478	0.1850691	0.3743326
0.09587704	0.3380599	0.1299975	0.1189489
0.07584406	0.6109712	0.7363579
0.04711595	0.2357623
0.0512419	0.9668637
0.04398048
0.03420648	0.08789312	0.5103948
0.04793764	0.4181693	0.6067175
0.06285724
0.07312486	0.4608067	0.1914138	0.6173406
0.03355336	0.7623892	0.542487
0.05953508
0.04823408	0.4529958
0.10575	0.2028572	0.4136422	0.3951129	0.2214209
0.05843662	0.3334157	0.6846393	0.5262479
0.1007584	0.2807783
0.1479132	0.1933082	0.5741035	0.9952963
0.09568868	0.2940084
0.07086631	0.1675902
0.07183963	0.4303658
0.02057394
0.02724339
0.05857617
0.02119951	0.3162595
0.02097445
0.03044793	0.168002	0.2682002	0.6194155	0.8211505	0.3631534	0.8791334
0.05153911	0.07724407	0.1849474	0.6951341
0.09790074	0.04036893	0.1838496	0.4298201	0.1675865	0.977811
0.0620782	0.1099139	0.5794025	0.6304029	0.5163967
0.02001488	0.2082369	0.2562057
0.02001488	0.1162457	0.5898479
0.02110891	0.06059725	0.7156637
0.02110891	0.0488856	0.9621781
0.03748375	0.7652249
0.06822968
0.1172059	0.09163507
0.05927994	0.1368391	0.2821381	0.3341879	0.3157325	0.9354189
0.05927994	0.09754616	0.5500824	0.4530553	0.4490358
0.03257747	0.08606257	0.339639	0.2024206	0.3094521
0.03257747	0.09363125
0.03910486	0.1677975	0.1592813	0.4429773
0.03096453	0.1586101	0.6716939	0.07837023
0.1278225	0.5195247	0.2074886	0.2903044
0.2280555	0.1653955	0.07266762	0.8121062
0.264086	0.1740211	0.1119891
0.2778739	0.3589119	0.1760023	0.6865819
0.3186557	0.1252508	0.6766019
0.0824181	0.2722766
0.05227652	0.3696658	0.8290434
0.07605945	0.3791421	0.1899654
0.05388162	0.4836676
0.01888027	0.1595495	0.1153924	0.5199682
0.02264494	0.1031163	0.8585657	0.5408339
0.02357813	0.05963763	0.2447737	0.5301954	0.7429204	0.5643762
0.02205025	0.1458865	0.5340913
0.02421878	0.2129497	0.4492018	0.1569922
0.03899448	0.4592442
0.0646032	0.2598175	0.9740736	0.2066688
0.06080032	0.2115654	0.9585175
0.03858937	0.04599942	0.5868168
0.03932226	0.03730329	0.9038252
0.08731563	0.4093335	0.1931847
0.1047095	0.3522719
0.1340083	0.2289448	0.3238374	0.7654851	0.9477876
0.08483535	0.08502183	0.3128617
0.1498635	0.06189414	0.09699862
0.07289002	0.0335171	0.2875493	0.7336967
0.03563199	0.2771499	0.3021758	0.840433
0.03452935	0.9306072
0.01803846	0.6304858
0.01571995	0.496787	0.9550608
0.01276022	0.5153539
0.03979956	0.3073177
0.03688636	0.3107232
0.02595814	0.4201115
0.03081532
0.0345066	0.3123484	0.5210182	0.7383779
0.008813224	0.928019
0.004419827
0.004563051	0.1180572	0.9565375
0.004563051	0.07090383	0.7615156	0.8509823	0.8257409
0.00641921	0.2253049
0.004960212	0.9122885
0.006003395	0.9020545
0.009017885	0.962792
0.0118606
0.01479905	0.8793867	0.7049975
0.01280762	0.2280495
0.01109885	0.7995192	0.4581509
0.0181312	0.3622915	0.7993975
0.08808672	0.6342044	0.695967
0.1565721	0.1301013	0.1436105	0.6068724	0.9416469
0.06889336
0.03244451
0.04628247	0.8910889
0.03832334
0.03851786	0.3166702	0.9401335
0.209667	0.1767822	0.6117869
0.0365103	0.95566
0.0368094	0.9321428	0.9730444
0.02767975	0.4211528	0.9082712	0.05084542
0.01706975	0.8683228
0.02631496
0.01505306	0.8083104	0.7989406
0.07947437
0.06448081	0.9659388
0.02589816
0.02215913	0.4543098	0.6297404
0.04037793	0.5157481
0.08502389	0.4273508	0.5587747	0.6077258
0.1242245	0.2684641	0.2925858	0.4552315	0.8498691	0.8863011
0.2096915	0.2536204	0.191161	0.3989819	0.6735055
0.03702135	0.98056
0.07899567	0.3549025	0.669517
0.04990171	0.9413097	0.7535052
0.02738714	0.862257
0.01369064	0.9121041
0.007123553	0.6563038
0.01689775
0.02578508	0.4447203
0.08984159	0.5666579	0.847993
0.05855735
0.0863082	0.5639294
0.1693741	0.3383082	0.2193328
0.1307966	0.3354251	0.5701309
0.06662308
0.04239172
0.04705146	0.8143656
0.06049757	0.9183939
0.03375658	0.2308736	0.9276619	0.298913
0.03220791
0.0390198	0.3422681	0.4354562	0.7413176
0.1483114	0.9402654
0.52257	0.5172486	0.37654	0.01130138	0.6102011	0.7317459

0.2343783	0.4990702	0.5807392	0.702591
0.4462771	0.5742986	0.2009182	0.9589742	0.7738631
0.2964412	0.08300894	0.2681857
0.5966718
0.4243921	0.3784547

0.3312316	0.5695364

0.2866533	0.94329	0.3244279
0.2063685
0.2632582	0.9561185
0.6754148	0.4955285	0.9741577	0.871657
0.1443345	0.9889102
0.2484874
0.1624828	0.960954
0.2652459
0.06977332	0.9972148
0.04913261	0.3392455
0.1583266	0.4537814	0.4690044
0.07315175	0.9714022	0.7968322
0.06570371	0.9186854
0.1640711
0.07630783
0.06575918	0.193086
0.0788498	0.09812029	0.8595286
0.0714223	0.2188524	0.6977408
0.08702639	0.5748143
0.1260178	0.3206202
0.05628265	0.8312666	0.2110646	0.07988486
0.09798571	0.5976684	0.2685732
0.04956774	0.3401282
0.05129238	0.5653897
0.06929285	0.1887079	0.6096954
0.02373593	0.9568094
0.03588163
0.05256072	0.9194186
0.0329018	0.09034085
0.04013988	0.1885704	0.931528
0.03230723	0.03401451	0.7623009
0.04157588	0.3179357	0.1588131
0.08152365	0.2400892	0.6215275	0.5918675	0.6260075
0.03382455	0.1424378	0.9315105	0.2615329
0.0240299	0.1865636
0.03725625	0.06805621	0.8491521
0.03793965	0.08276553
0.03671326	0.06913041	0.4875408
0.05101292	0.04812513
0.09363697	0.04918674	0.8282427	0.8701196
0.08531004	0.09663941	0.2808331
0.04979571	0.3854849
0.08710466	0.345582	0.8618848	0.2436834
0.0338757
0.01109135	0.04766579
0.02074498	0.3368977
0.01936474	0.8323763
0.02851746	0.8091037	0.7326531
0.03052389	0.2168576
0.01712215	0.03202564	0.9765356
0.03340939	0.2416349	0.4218022	0.8776684	0.1691476
0.02184262	0.1886441
0.0205182	0.0521632
0.01875001	0.03828424	0.6524367
0.01668969	0.05150228	0.3380413	0.3777967
0.01662242	0.1793931	0.6934706	0.8657303	0.3251761
0.01662242	0.2090522	0.3115942
0.01395635	0.4868562	0.9821405	0.4808566
0.01285429	0.2527927	0.9041449
0.02644836
0.01531395
0.01635237
0.05248807	0.4670068
0.0457047	0.9139632	0.3295125	0.2625578	0.9653153
0.05064065	0.3682137	0.1395259	0.2065406	0.740247
0.04023871	0.5988698	0.8384417
0.0628038	0.6174134
0.03907396	0.8889582	0.701668	0.4885705	0.5730493
0.05337443	0.3240559	0.7797553	0.9665805
0.03034216	0.08201061
0.02870987	0.07112351	0.3088773
0.02870987	0.05794767
0.03260873	0.01832985
0.01451661	0.07050041	0.6133441
0.05093102	0.04190538	0.4812342
0.03604159	0.1198153
0.02896969
0.04068185	0.4996944
0.03117508	0.4450764	0.616791
0.03117508	0.6139106
0.02941773
0.03934553	0.5222156
0.07162507	0.6325407
0.1019572	0.5410601	0.7524653
0.06623655	0.6619934
0.02845965	0.5102459	0.8033361
0.1049721	0.3651491	0.8742078	0.2982633
0.2845594	0.07907056	0.8244723
0.4077589	0.08846216
0.3003179	0.04636675	0.6307749	0.8157406
0.05251491	0.3405049
0.04307795	0.4717705
0.02610344	0.8635598
0.03317792	0.7442928
0.05305563	0.5028586
0.07323284	0.3779586	0.7821736
0.04830304
0.03282025	0.7816259
0.03345344	0.3659318	0.9897823
0.02296864	0.7449222
0.03056452	0.8954707	0.4861315
0.05509538	0.7520143	0.8137837
0.04379406	0.9821076
0.08185031	0.9725713
0.04505711	0.2035508
0.04505711	0.1113819	0.4648653	0.5377303
0.03716749	0.3122442	0.9910969	0.9429313
0.02016947	0.2636952	0.879222	0.794148
0.0314178	0.9210722
0.02716332	0.1030439	0.5983883
0.1252221	0.3052021	0.4675695
0.425746	0.0899991	0.3605078
0.1754383
0.1571068
0.06129112	0.3360233
0.08300198	0.2683744	0.4493618
0.08469691	0.956896
0.02652747
0.04843474	0.6222893	0.1913628
0.04311057	0.376842	0.1665343	0.7389602
0.1315267	0.1431702	0.9253872	0.8220792	0.6170549
0.2150652	0.1086104	0.9974244	0.2286443	0.8670233
0.1675063	0.07329937	0.5968572	0.5924271	0.8013938
0.139335	0.1544719
0.0181325	0.9938751	0.8009798
0.02871062	0.7059619
0.03080361	0.4839242	0.6720591	0.9601699
0.03080361	0.6228735	0.606387
0.04070805	0.6180213
0.03134049	0.4766026	0.3180648	0.8629588	0.8338699
0.02672635	0.8772071
0.02183456	0.4204866
0.01668698	0.6970967
0.03770423	0.2563171
0.03837423	0.07410867	0.1804618
0.06589513	0.1040337	0.8973416
0.04483198	0.1506156	0.4283035
0.02067313	0.05297375
0.04282079	0.137293	0.3623876	0.353219
0.02450638	0.0900702	0.5082727
0.01795772	0.07546155
0.02629753	0.1385725	0.2522402
0.01531859	0.323184	0.7250888	0.9679181
0.01347241	0.02797528
0.01369505	0.04705323	0.315416	0.9532714
0.0103668	0.3252985
0.0103668	0.1481545	0.5888872
0.04615586	0.2111476	0.225975
0.04704617
0.04772094	0.408051	0.2560792	0.8172494
0.0263099	0.0998406	0.7479044
0.0263099	0.1460066	0.8066008	0.4167887
0.01999012	0.172384	0.669267
0.08080539	0.5861325
0.03793332	0.8129933	0.1908886
0.1164628
0.03803761	0.1890626	0.8562448
0.01971841
0.02359567	0.07599881	0.7090398	0.0183725
0.02720398	0.1948215
0.02772281	0.525054	0.9797931
0.06284766
0.02725563	0.2290799	0.8369408
0.04144307	0.5648572	0.5100373	0.67301
0.02845781
0.01230923
0.0180041
0.01836834
0.07358357	0.6857481	0.9582171	0.9826281
0.02678373	0.6274135
0.02876005	0.3259372
0.06309687
0.07799376	0.5691331
0.3539413	0.1352995	0.9587711	0.748875	0.899964
0.08079184	0.5419065	0.474309	0.5870722
0.05524706	0.2491877	0.7522814	0.6088156
0.04660609
0.05614435	0.9720017
0.02832846	0.5857412	0.7426321	0.6215804
0.01809176
0.0321539	0.8582975
0.03063628	0.5272633	0.3977616
0.03483962	0.8573443	0.3838082	0.6301705
0.03657098	0.2309221
0.04247566	0.2211883	0.637745
0.07280733	0.1042918	0.86567
0.06214387	0.1011016
0.0658953	0.08918685	0.4369617	0.3483047	0.9908188
0.05751151	0.1442358	0.9169445
0.08297232	0.04472096	0.398546	0.730323
0.1250434	0.7257899
0.07784146	0.4802849
0.05574941	0.09352183	0.8759794	0.6886411	0.9518641
0.04915519	0.07541752	0.5517832
0.01809005	0.0781429
0.02084467	0.304389	0.6388425	0.9387721
0.01568598	0.554198	0.2045246	0.3180087	0.9980444	0.3943697
0.01859037	0.1966107	0.7451957	0.8810529
0.04537621	0.08986515	0.1513686
0.0215892	0.1477025	0.6049295	0.829442
0.03529854	0.1165385	0.8229914
0.03972236	0.1970874	0.6940299	0.9960625
0.06881365	0.1816552
0.06521338	0.1590855
0.06082388	0.2836416
0.02185536	0.2391251
0.02149056	0.3690455	0.6463658	0.7266861
0.0377837	0.05700344	0.9486412
0.04012798	0.5824392	0.619423
0.05773716	0.2815546
0.04693401	0.08048639
0.04864313	0.08681967
0.02518607	0.03193576	0.4495971	0.9345991
0.06843673	0.08570296	0.8396398
0.09734617	0.08343103
0.04089591	0.1450084
0.03120705	0.1343219	0.3343572	0.619485	0.9520956
0.03317583	0.9191302	0.3220603	0.7621362
0.06238867	0.9185893	0.3016202
0.04667346	0.1501402
0.05704	0.2029845
0.03594211	0.144276	0.4324089
0.05479891	0.1381768	0.6621236
0.0314196	0.8187705
