SpeciationRates
0.06885739	0.1125282	0.02772148	0.05708507
0.05091166	0.09054385	0.03358263
0.05206828	0.1026509	0.02308607
0.05878951	0.1214225	0.02693388
0.06354546	0.1024241	0.02896509
0.07169839	0.1133111	0.02544097	0.06237642
0.05945088	0.114228	0.02200498
0.06036137	0.1041784	0.02386132	0.07294013	0.06746171	0.0478247
0.07022293	0.1041784	0.02938406	0.04512621
0.06340506	0.1133674	0.02529881	0.05518822
0.05348724	0.1001598	0.0252333	0.04124303
0.06093186	0.09776339	0.02502485	0.06222669	0.04370672
0.06948701	0.1012673	0.0268644
0.04993904	0.1106701	0.02117384
0.05215497	0.1064228	0.02074136
0.04664825	0.09906617	0.03194065
0.04713915	0.09318254	0.02435638
0.09525016	0.02731044
0.1230376	0.03444986
0.1138548	0.01957853	0.06173013
0.1181653	0.0219338
0.1092149	0.02698796
0.1081667	0.01213277	0.06412513
0.115266	0.02595653
0.103412	0.03001624	0.0513961
0.1034613	0.02860504
0.1025795	0.02428368
0.1070981	0.01650221	0.07639269
0.09367555	0.02753241
0.1250515	0.02358532
0.09804895	0.02490572
0.1141329	0.02248247	0.04965269
0.104362	0.03003466
0.09508861	0.02096554
0.08439685	0.01911984
0.1126499	0.02209903
0.1088166	0.02034848	0.0743475
0.1152922	0.02340465
0.1077186	0.02751539
0.09776175	0.02387431
0.09756453	0.03161682
0.09952696	0.0252652
0.1232544	0.02177883
0.1159596	0.02685701
0.1115603	0.0243452
0.1141036	0.03314681
0.09958007	0.02393867
0.1051403	0.03057428
0.09169519	0.01730771
0.109209	0.02818172
0.09758854	0.01941716
0.09135728	0.02385921	0.05949709
0.1059534	0.02290305	0.06312194
0.09745964	0.02533844	0.05435544
0.1040573	0.02134171	0.06943531
0.1047487	0.0292684
0.1028786	0.02479555
0.1113879	0.02436982
0.09975152	0.02641269
0.1052996	0.01823144
0.09811773	0.02414666
0.09585087	0.02393639
0.1026814	0.0282307	0.06558007
0.1077187	0.02798435
0.1032444	0.03018348
0.09791751	0.02417923
0.1055305	0.02064901
0.111979	0.02810746
0.1051871	0.02546688
0.09525453	0.02698878	0.07902335
0.1055994	0.02715917	0.05379397
0.09845166	0.02511167
0.09269231	0.02758923
0.09275464	0.02213008
0.1186411	0.02694576
0.1270328	0.0339597
0.1044484	0.02282718
0.1091641	0.02644034
0.102644	0.01916743
0.1014847	0.02675874
0.1031086	0.02861626
0.1099933	0.02904854
0.1149165	0.02579353
0.09745517	0.02371063
0.1058141	0.02930054
0.1161914	0.02253721
0.1254459	0.02436884
0.1070767	0.03100916
0.1062073	0.02658981	0.06776308
0.109598	0.02154519
0.1144032	0.02578261
0.1080632	0.02385258	0.06084079
0.1096992	0.0283716
0.1032521	0.02487941	0.05648414
0.09578271	0.02346237
0.1055502	0.03171298
0.1077956	0.02679736
0.1064372	0.02226079	0.05641761
0.1018596	0.02037207
0.1129905	0.02609775
0.09255385	0.02657767
0.08569779	0.02615562
0.1032424	0.0255704
0.09971548	0.01890391
0.09499877	0.02684988
0.1046735	0.02657524
0.1167003	0.0283391
0.1182067	0.02502593
0.116961	0.02717891
0.1100906	0.01947287
0.101205	0.02510826
0.101993	0.0316915
0.1032482	0.01779771
0.09683009	0.02759659
0.106187	0.01813572	0.0514225
0.1019342	0.03140042
0.1004657	0.03405505
0.09655911	0.03033394
0.1097044	0.01950328
0.101566	0.03764711
0.107655	0.02598818
0.1088209	0.02338985
0.09099751	0.02400701
0.09813062	0.03126599
0.1103804	0.02918231
0.1098336	0.02072205
0.1106912	0.02225039
0.1120617	0.02380323
0.1100153	0.02233765
0.09143685	0.02216236
0.1114668	0.02398625
0.1032492	0.03218142
0.09872736	0.02261866
0.09248909	0.02950085
0.1064142	0.01987628
0.09567321	0.02386045
0.1146615	0.02146553
0.1054224	0.02259491
0.1080923	0.01915004
0.1056796	0.02826643
0.1051993	0.02596899
0.1100073	0.02995001
0.1105009	0.02547619
0.1121547	0.02529275	0.03566799
0.107307	0.02100707
0.1089107	0.02521926	0.0701232
0.1034583	0.02948698
0.10789	0.02403361
0.09725762	0.01937483
0.0970346	0.01910735
0.1009541	0.02587523
0.09440611	0.03118003
0.09359906	0.02605416
0.0576514	0.02813468	0.09980803
0.05878403	0.02711532	0.09383856
0.07972311	0.02647641	0.1201493
0.06948714	0.02406256	0.1015665	0.03563019
0.06255024	0.02191069	0.09782318	0.06599458
0.06513218	0.0189542	0.09726284
0.04024984	0.02105227	0.1064399
0.04717571	0.02336342	0.1041876
0.06115381	0.02272648	0.1153663
0.04125264	0.022317	0.1096397
0.05906813	0.02578058	0.1147342
0.07525425	0.02499102	0.1051298
0.05872272	0.02924241	0.1130163
0.05622695	0.02907077	0.09707667	0.05969448
0.07881511	0.02311769	0.1149299
0.05671787	0.02155736	0.1004337
0.0590552	0.02275418	0.100262	0.06738237
0.04912365	0.02475418	0.1219557	0.04423669
0.07640028	0.02109401	0.09988	0.06077975	0.03566495
0.04902521	0.02271259	0.1146229
0.05381665	0.01912335	0.1034855	0.06174622
0.05822607	0.03504605	0.1006263	0.05226176
0.06754318	0.01805613	0.110084	0.06644903
0.05347682	0.02197125	0.1271004
0.06002073	0.02563696	0.1240737	0.06039899
0.05679459	0.0281709	0.1264685	0.06784999
0.06912834	0.02715915	0.1104717	0.07906612	0.04559847
0.0565527	0.02486676	0.110417
0.07004097	0.02163821	0.1197333	0.04678962	0.05850127
0.05446039	0.02879411	0.1128367	0.05456843
0.05521002	0.02500561	0.1142933
0.04903292	0.03480955	0.1240384	0.08478227
0.05885695	0.02306339	0.09660761
0.05210738	0.01928494	0.1071666	0.05693917
0.06404748	0.02227658	0.1076204
0.07438307	0.02937314	0.1209036	0.05453586	0.04782276
0.07398858	0.02386961	0.1145297	0.05930837
0.05320932	0.01688697	0.11754	0.06717269
0.05165503	0.02307828	0.1222035	0.050428
0.0509741	0.02200796	0.1107505	0.05741099
0.05423813	0.02963162	0.102976	0.05452908
0.07854944	0.01826441	0.102976	0.06757503	0.07148443
0.05400096	0.02175246	0.1146302
0.08121477	0.02871833	0.1073721
0.05025246	0.03355825	0.1250613	0.06433759
0.04311005	0.02735595	0.096763	0.05139497	0.05386671
0.05989377	0.02855574	0.1012153
0.06407011	0.02161094	0.09976375	0.07111526	0.05885017	0.07997926
0.07334201	0.02383011	0.1021506	0.0434349
0.06134764	0.03598686	0.1021506
0.06676818	0.025032	0.1176243	0.06656859
0.06859069	0.02118537	0.1192328
0.05638851	0.03756206	0.1124528	0.06035221
0.05474518	0.02580674	0.1074092	0.05576854	0.0599254	0.0451701
0.06984009	0.02569127	0.1016782	0.04950366	0.05858031
0.05686069	0.02798287	0.114069
0.04073011	0.02656717	0.1088028	0.06233844
0.05033308	0.01886278	0.1153139
0.05223332	0.02483666	0.1164703	0.0764981
0.07713517	0.02815142	0.1126552	0.0506592
0.07190071	0.02346233	0.09768699	0.06235808	0.05421848	0.07490852	0.06250845
0.06062447	0.02881899	0.1250461	0.08408914
0.06643103	0.02804658	0.1138483	0.05357543
0.0604204	0.02937027	0.108564
0.06009923	0.02490926	0.11085	0.05417064	0.06720438
0.06908521	0.02489796	0.1089591
0.05553035	0.02472241	0.1185321	0.07379866
0.06847468	0.02635023	0.1170051	0.05727192
0.05016252	0.02724821	0.1104783	0.05522709
0.05866414	0.02203083	0.0992469	0.05808311
0.06417326	0.02723798	0.1192923	0.06023151	0.05743139
0.05958658	0.02604804	0.1083061	0.06092829	0.06561834
0.07182131	0.02501479	0.114005	0.0430245	0.0489676
0.05339531	0.02697674	0.09823319	0.07853918
0.05382202	0.02185831	0.1084145
0.06947816	0.0173004	0.1137243	0.04707659
0.05270662	0.02880969	0.1097104
0.05884104	0.02149098	0.1131834	0.04187693	0.05368785	0.06273223	0.05995201	0.06229837
0.0537056	0.03036565	0.1142433
0.08661155	0.02149028	0.105763	0.06131568
0.07457109	0.02399627	0.110755	0.05763458
0.05747656	0.01701169	0.116776	0.06402088
0.07647787	0.02926886	0.1128855	0.0668746
0.06009426	0.03717671	0.1055104	0.05741075	0.06547696	0.06406504	0.07849821
0.0574262	0.02162948	0.100811	0.06110125	0.06683637
0.05867255	0.02735811	0.114997	0.05427221	0.0536874	0.06265938
0.0514727	0.02575993	0.1051051
0.06300916	0.02014324	0.1011241	0.06281901
0.06392223	0.02078752	0.1157491	0.075697	0.03796096
0.07914178	0.02547458	0.1202123	0.06637924
0.04383061	0.02249249	0.1092288	0.07139765	0.05350407
0.07388448	0.0283116	0.09659618	0.05650517	0.06834075
0.0475993	0.02772985	0.1169241	0.06260694
0.05612391	0.02707682	0.1157428
0.07196497	0.02083247	0.1123515	0.0675471	0.05152169
0.04251501	0.02086514	0.1195527	0.07315323	0.06584484	0.05356465	0.04638284
0.06161955	0.03062163	0.1122584	0.06589454
0.05244817	0.01996169	0.1074273	0.03628538
0.04629949	0.02584103	0.1131856	0.0664612	0.05609878	0.04072443
0.04996432	0.0305551	0.1099555	0.05046909	0.04718596
0.04314748	0.03135701	0.1017912	0.05599035	0.05055887
0.04529001	0.0209114	0.1042814	0.05096177
0.05128889	0.02240638	0.1139153
0.06993285	0.02384287	0.09515445	0.04940109
0.04515307	0.02093323	0.1092749	0.04084547	0.06172269	0.06675893
0.05896328	0.03170063	0.1169328	0.06114473
0.06107547	0.02726937	0.1021728	0.06604444
0.04939861	0.02303525	0.1119889	0.06728867
0.05668544	0.03301458	0.1243478	0.06177205
0.0595338	0.02956641	0.1120735	0.05306295
0.06736922	0.02564471	0.1143736	0.07693993
0.0508736	0.03602298	0.1186386	0.05980211	0.04512084	0.04891899	0.07467647
0.05267593	0.02149105	0.09360545	0.05107438
0.04973605	0.02065954	0.1176087	0.05628478	0.06610582
0.07434984	0.02406717	0.1058063
0.05291005	0.02332698	0.1054085
0.07726691	0.02643843	0.1075452	0.04187119
0.04465635	0.02449587	0.1124465	0.061887
0.05032141	0.02284652	0.1212782
0.07169	0.0302988	0.1093574
0.06907163	0.02423102	0.1156239
0.06549509	0.02640755	0.09217504	0.04385306	0.06733095
0.05312612	0.02226048	0.1074557	0.0658963	0.0719348
0.06387874	0.02286973	0.1185561
0.06503653	0.02849337	0.1239509	0.07978761	0.03602442
0.06049259	0.02902938	0.1006656
0.06236192	0.02421707	0.09991812	0.05507246	0.05204129	0.0374327
0.06460244	0.02231078	0.1126619	0.05955641	0.06601436
0.05557088	0.02361681	0.1145662	0.05713689	0.05503131
0.04197839	0.03217099	0.1194318	0.07494937	0.06530997
0.06264466	0.02671901	0.1045104	0.06330314	0.05032089
0.04968839	0.02282826	0.1177117
0.04916244	0.02770263	0.1080589
0.04297306	0.02416871	0.1072014	0.05841487	0.05654482
0.07053061	0.03173839	0.1050582	0.05234346	0.05629395
0.07000016	0.02797569	0.1070552	0.05956317
0.06732959	0.02111591	0.1126538
0.06284554	0.02036652	0.09906033	0.06341213
0.06644804	0.0226405	0.108838
0.05320764	0.02007963	0.1257497	0.06970368	0.06259537
0.0620129	0.02469837	0.1093123
0.06213114	0.02545746	0.1247093
0.04932025	0.0234898	0.1180093	0.06988186
0.05903859	0.03056623	0.1098135
0.05227383	0.01826462	0.1105408	0.05297598
0.05204777	0.02112223	0.1096497
0.05314015	0.02854771	0.1121965	0.06482051	0.05567342
0.06464591	0.02191435	0.1091692	0.06433946
0.07428343	0.02327756	0.09943938
0.07273292	0.01974669	0.1237998	0.05417635
0.0541427	0.0286194	0.1114475	0.08002083	0.0658312
0.06370289	0.02799932	0.1135958	0.05929966	0.06377258
0.07693665	0.02247074	0.1160493	0.04434793	0.05885464	0.07165671
0.06457262	0.02449027	0.09715679	0.05733493
0.05372956	0.02224802	0.1157362	0.06270457
0.06624225	0.02687744	0.106392	0.06072358
0.07355958	0.03023496	0.09614948	0.04363689
0.05387697	0.02610692	0.09662295	0.0717771
0.07282058	0.02075864	0.1008629	0.04156774
0.05521387	0.02625731	0.1112217
0.05831589	0.02077155	0.08784264	0.06238359
0.06822926	0.02801328	0.09891799	0.05656889	0.05772277
0.07619424	0.01732934	0.1105206	0.03777451	0.06266291
0.06232818	0.02245346	0.115309	0.0538554
0.06073334	0.02556089	0.1045179
0.0628746	0.02296207	0.1078643	0.06187843
0.06462893	0.02366865	0.115378	0.07356874
0.08416232	0.03084726	0.09820736	0.06123093	0.06218632
0.05593359	0.02807114	0.1176438	0.05880247
0.06653513	0.02080952	0.1001425
0.06181741	0.02818903	0.105861	0.07290808
0.06646536	0.02749945	0.1097809	0.05914554
0.0590506	0.0223248	0.1059265
0.06737813	0.02924382	0.1057779	0.05553354
0.05232704	0.02238223	0.1071566	0.04900059
0.0402094	0.03219169	0.109738	0.0460969	0.04684788
0.04778929	0.0177479	0.1077741	0.05498903	0.07189696	0.05538079
0.06193454	0.03517755	0.1025838	0.06628211	0.0601815
0.06981504	0.02082769	0.1067285	0.05844884
0.06357024	0.02607913	0.1060686	0.06499411
0.07313483	0.02378037	0.1017812
0.06025302	0.0184998	0.09260543
0.03888544	0.02271931	0.0998595	0.0633583
0.04993256	0.02078858	0.113068	0.04219582
0.07019874	0.02231896	0.1006797	0.0440165
0.0453175	0.03267934	0.109227	0.05978107
0.05624513	0.02318006	0.1108465	0.04757809	0.06111789
0.06643086	0.02924794	0.1099819	0.05037755	0.05968425
0.05733485	0.02543499	0.1117337	0.03778142	0.05319341
0.05653586	0.02957027	0.1101464	0.06412507	0.06508602
0.05465117	0.01707694	0.1101593	0.04055614	0.06200243	0.04644313
0.05750399	0.02666589	0.1007027
0.0578444	0.02011091	0.1188657
0.06197493	0.0253342	0.1122517
0.06330255	0.0229719	0.1189263
0.0560667	0.02308484	0.1111093
0.07303387	0.01639054	0.1076615	0.04732988
0.06470134	0.01938957	0.1225348	0.07932656	0.04824746
0.05913573	0.02603204	0.09951996	0.05337209
0.0589016	0.0261202	0.1148221	0.06516817	0.06230633
0.07154051	0.03393541	0.1063275
0.06037009	0.02313523	0.1107449
0.05409351	0.01744785	0.1140425	0.06791554	0.06321585
0.05228635	0.03139281	0.09988981
0.04477508	0.02479399	0.1299865	0.05845831
0.07209094	0.02864277	0.1186734	0.04566629	0.07314065	0.07122911
0.05279614	0.02609838	0.1047722	0.05060706
0.05600255	0.02934951	0.1163288	0.05327722
0.07017317	0.02011358	0.1160635	0.06655205
0.06062192	0.02129279	0.09819998	0.05065648	0.06805958
0.07291785	0.02799569	0.1146841	0.07351281
0.05437765	0.02675633	0.104854
0.05151846	0.0248312	0.1027078
0.0675311	0.02920439	0.0993462	0.06806363
0.07029657	0.03354912	0.1105047	0.0725976	0.07244319
0.07298671	0.02814526	0.1098787
0.04944807	0.02914753	0.1134887	0.05814058	0.05550265
0.06755111	0.02141823	0.09207644
0.05231985	0.03184866	0.09985461
0.0714769	0.02434288	0.1023109	0.06525553	0.05359202	0.0414475
0.04817902	0.01759456	0.1207377	0.06749101	0.05202293
0.05355744	0.02617727	0.1139087
0.05242702	0.02714231	0.1026982	0.05441114	0.05561529
0.04410434	0.0287029	0.1056009	0.05344751	0.07417829
0.06227808	0.03145273	0.112171
0.05790426	0.02198127	0.1161725	0.06464064
0.05143741	0.02727828	0.1079707
0.0470508	0.01871561	0.1045183	0.06845593
0.0753225	0.02462137	0.1080159
0.0581278	0.02022485	0.1080159	0.05792414
0.05899002	0.02361946	0.1141139	0.05049738
0.06557399	0.01893007	0.1004591	0.0652637
0.05810482	0.02322903	0.1189385	0.07811157	0.05176587
0.05142756	0.02507109	0.1148639	0.06850346
0.06286336	0.02616414	0.1057823	0.06331024
0.06684101	0.02657535	0.1124092
0.05964097	0.02311073	0.1167315	0.06895962
0.05148925	0.01980463	0.1238787	0.05203071	0.0514842
0.06603154	0.02558635	0.1155608	0.04943134
0.07084089	0.01921135	0.1039006	0.06440181
0.06648094	0.02941229	0.1045131	0.05974731
0.05100594	0.01642954	0.1145129	0.0600498
0.06179377	0.02539389	0.1117609	0.05034364	0.05528432
0.06274119	0.02170845	0.1224866	0.05009819
0.06131828	0.02701277	0.1029631
0.0751616	0.02933338	0.1089853	0.04823368	0.05872809
0.07540159	0.01757739	0.1039006	0.07036481	0.06728406	0.07222139	0.05244047
0.04243215	0.03009951	0.09008446	0.06605289	0.03359767
0.08144406	0.02991135	0.1147537	0.06154461
0.08077524	0.02659808	0.09092346	0.06016032	0.05929557	0.05427945
0.06633723	0.02752015	0.1085882	0.04737199
0.05515285	0.02436164	0.1167995	0.04903798	0.05876933	0.0748273	0.08083245
0.08258212	0.0249042	0.1149294	0.04880325	0.06706797
0.05730554	0.02631334	0.1236116	0.05378744
0.06899506	0.02187333	0.1147229	0.0648251	0.03700142
0.06240475	0.02551714	0.107089
0.06202163	0.02379995	0.1074761	0.06418226
0.06744528	0.02203258	0.116764	0.06302746	0.07705512
0.05262525	0.03014489	0.1010909
0.05518326	0.01918336	0.1068122
0.047609	0.0263901	0.1132767
0.07863932	0.02278094	0.1124813	0.0697831
0.05825407	0.02791654	0.1123571
0.05397915	0.02381486	0.1031989	0.06046883
0.05135198	0.02569574	0.1049067	0.0567324
0.05438374	0.02431507	0.1160907
0.03515736	0.02452635	0.1150648	0.07136314	0.06972454	0.05300649
0.05507377	0.02209486	0.1091949
0.06092216	0.0315206	0.1003853	0.06018306
0.05252041	0.02634044	0.1135366
0.05953402	0.02698362	0.1134741
0.04740178	0.03197744	0.104578	0.06822757	0.0729397
0.04764975	0.03158062	0.1066961	0.05412034	0.04305524
0.04308317	0.01806256	0.09337047	0.06009639
0.05091612	0.02274813	0.1063327	0.05554325	0.06463443
0.0620162	0.02583278	0.1083817
0.05411563	0.02753575	0.1053117
0.04451741	0.02633598	0.1140831
0.0745867	0.02295024	0.1022106	0.0591919
0.06424628	0.02369797	0.1129451	0.05961625
0.04986175	0.0217908	0.11012	0.04408663	0.05800249	0.05431695	0.0621564
0.05479738	0.02703727	0.113793	0.0568537	0.04653084
0.065111	0.02311513	0.1045179	0.04844322
0.0624701	0.03388949	0.1184393	0.06080651	0.03359132
0.05875641	0.02915068	0.1116489	0.06165895	0.0547812
0.08229368	0.02432146	0.1154229	0.0500099
0.04352861	0.02255289	0.112078	0.06231352
0.05609495	0.01904464	0.09919101
0.05292487	0.02185997	0.1131129
0.06361356	0.02433312	0.1149283	0.07167131	0.05942953	0.05466963
0.0598588	0.03020645	0.1110338	0.05562637	0.04724233	0.05706549
0.06460974	0.01656825	0.1096003
0.05097089	0.0244676	0.1027888	0.05514467	0.05761726
0.06786538	0.02447819	0.09866882	0.05992418
0.07571176	0.02469185	0.1147562	0.08452429
0.05766427	0.03098573	0.09513541	0.06063244	0.04636359
0.04437113	0.02291189	0.1050993	0.06381564
0.06851073	0.02196929	0.09597766	0.05942928	0.05993613
0.08261742	0.02212154	0.1214481	0.04592243	0.05603322
0.05736956	0.0256588	0.1089782	0.05548652
0.05469802	0.019743	0.1001886
0.0463595	0.02621386	0.102423
0.06443864	0.03061425	0.1079916	0.06575612	0.05510408
0.07175212	0.02644453	0.09457066
0.06681202	0.02067369	0.103087	0.06916925
0.05726664	0.02767355	0.1164566	0.06644222
0.04475859	0.01811396	0.1158827	0.06939205
0.0661346	0.02683027	0.09849355	0.04820453	0.0681732
0.06884692	0.02479649	0.1059299	0.08257319
0.04917934	0.02142019	0.1061166
0.04277817	0.02317106	0.1123345
0.06217825	0.02602029	0.1141977
0.06733124	0.02286045	0.1161475	0.05177012
0.05012737	0.03128023	0.1122607	0.0652899
0.0681037	0.01974932	0.09721345	0.06743741	0.02743342	0.04965438	0.07486275
0.07455224	0.03029257	0.09803438	0.05989783
0.04751575	0.0212037	0.1084833	0.0690829	0.05567537	0.05499566
0.05438817	0.02471231	0.1101338	0.06554541	0.06296755	0.05725536
0.04809926	0.02136445	0.1089692
0.06637699	0.02978752	0.1155371	0.06818511
0.06735417	0.02539639	0.104904	0.03658729	0.04074648
0.06412184	0.02734348	0.1159785
0.05741472	0.02861444	0.09638408
0.05128502	0.02330437	0.1087902	0.06284518
0.05201776	0.02341384	0.1226914	0.06052632	0.06618666
0.05679757	0.02535641	0.1128451	0.06518477
0.06083952	0.02553875	0.1106008	0.06642195
0.0538081	0.03377515	0.1011657	0.05479825
0.05952316	0.03313342	0.09748351	0.05663079	0.05172366
0.06894171	0.02238543	0.1320708
0.06280852	0.0242481	0.1099922	0.06023163
0.06099147	0.0232348	0.1207883	0.03872827	0.0487139
0.0585158	0.0223723	0.1106953
0.06409558	0.02127931	0.1223004	0.05729368	0.0604494
0.07725383	0.01981683	0.1260539	0.04605172
0.06999034	0.02405215	0.116413	0.06940905
0.06394458	0.01982606	0.1192349
0.06216929	0.01948615	0.1092898	0.04431105
0.06063008	0.0199329	0.1173878	0.06942322	0.04940746
0.07432695	0.01737747	0.1080442	0.05467974	0.04449726
0.06684332	0.02123096	0.1110162	0.07648416	0.05455768
0.06035564	0.02774359	0.1175771
0.06697809	0.02109224	0.1072267
0.06053169	0.0258465	0.1005605
0.05466006	0.02412143	0.1099862	0.05606902
0.0668348	0.0246019	0.1074147	0.06703907	0.0806596	0.05828487	0.05144558
0.06643936	0.03703414	0.1159821
0.05069078	0.02671789	0.09978975	0.06417892
0.03819797	0.01797195	0.1036864	0.05597003	0.06594441	0.06776045
0.04355089	0.02530842	0.1049575	0.06722741	0.06285379
0.05564588	0.02867839	0.1121963
0.06119707	0.03183631	0.1064067
0.05053862	0.02930522	0.09191542	0.1027073	0.06649531	0.067857
0.05319249	0.02676897	0.1063349	0.07287211	0.07609452	0.06593776	0.06612141	0.03745655
0.04970663	0.02296046	0.109112
0.04749216	0.02532667	0.1217891	0.06100383	0.07132308
0.05797118	0.02569463	0.1122641	0.04342517
0.05472035	0.01924913	0.1037143	0.07834442	0.0560542
0.06307538	0.02235662	0.1105148	0.05426339	0.06214427
0.04934617	0.02133271	0.1127429	0.06210234
0.06610387	0.02449456	0.1127798	0.05371567	0.04045679	0.06208196
0.05587424	0.02879913	0.1049916	0.06889241	0.07520484	0.05325781
0.04153488	0.02325628	0.1146087	0.04814229	0.05772603
0.02973978	0.03172202	0.1131073	0.07188784
0.07057676	0.02721368	0.1079344	0.06309037	0.05292749
0.05126422	0.02371889	0.1074452
0.05272719	0.0265269	0.1163787	0.06323343	0.05105826
0.05993541	0.01834038	0.1201097	0.04758031	0.05450499	0.04445947	0.06925565	0.05678856
0.08005967	0.02454261	0.1059812	0.06726027	0.05866332
0.05338735	0.02992222	0.1000773	0.07331111
0.07902887	0.02708222	0.1136131	0.05691503
0.05692548	0.03593738	0.09753622	0.05064954	0.03878051	0.05173156
0.0388013	0.02475895	0.1130667	0.06134284
0.06016557	0.02376779	0.1172855
0.07060841	0.02452365	0.1144284	0.05462042
0.05288482	0.02217386	0.1195261	0.07324726
0.04311894	0.03011374	0.1081796	0.07223331	0.07136326	0.04364454
0.06048669	0.02638995	0.1120249	0.05751329	0.05234312
0.07363137	0.01660139	0.09952567	0.05765797
0.07388188	0.02923933	0.09939291	0.06288745
0.06836908	0.02038908	0.1121105
0.06378354	0.02796482	0.1147623	0.05698728
0.0618964	0.02253806	0.1066243
0.05090166	0.02051187	0.09987497	0.05246464	0.08703538	0.06720694	0.06963356	0.0563635
0.04929125	0.02206888	0.1200801	0.04445334	0.0545225
0.07333653	0.02951143	0.1039876	0.06994387	0.08196083
0.06826773	0.02735522	0.1192704	0.06881159	0.04503093	0.05624895	0.05355643	0.04716492	0.05079649	0.06014661
0.08236507	0.02685294	0.1180496	0.07803576	0.04392606
0.05662089	0.02114032	0.1087143	0.05164214
0.04167424	0.0279387	0.1034982	0.06048961	0.05893867
0.05669818	0.0193527	0.1147998	0.05920993	0.04025351
0.07132416	0.0234867	0.1161455	0.0638978
0.06646975	0.03064198	0.1142652	0.04787876	0.05702867
0.06489617	0.02486408	0.1022112
0.05956271	0.03152297	0.1069977	0.05175506
0.0599705	0.02742251	0.1174099
0.07053766	0.02099067	0.117671	0.0669484	0.05439038	0.06405276	0.05256395
0.07240606	0.02650896	0.1209199	0.06008405
0.04479231	0.02691826	0.1143054	0.04655449
0.06618417	0.02510741	0.1120777	0.0692999
0.05831925	0.02005537	0.1098854	0.04976574
0.0807867	0.02791527	0.1164249	0.02084131
0.06681019	0.02367519	0.1170602	0.04455597
0.08778986	0.02348242	0.09530125	0.04974459
0.04661642	0.02169286	0.1144686	0.06425738
0.07859498	0.02958902	0.1022522
0.06022988	0.02220887	0.0968586	0.07130551	0.06042608
0.04433821	0.02892353	0.1113948	0.05354113	0.07072038
0.04636553	0.02828386	0.1116675	0.07407069	0.06343293
0.0494058	0.02387286	0.1075306	0.05982528
0.05586185	0.02865712	0.09288883	0.05254495
0.04948731	0.02567998	0.1023889	0.04978038	0.06233489
0.06658908	0.02015054	0.1007033
0.07352126	0.02273788	0.106546	0.06641673
0.06754933	0.0303797	0.113632	0.08015078
0.05811746	0.02410928	0.1050324	0.06185217	0.05885719
0.05770508	0.02550301	0.09930472
0.08138117	0.02115788	0.1147432	0.06881934
0.0553401	0.02771906	0.1050736	0.05793005
0.05110093	0.02757315	0.1139827	0.07543747	0.05292725
0.05016239	0.02696567	0.1144134	0.04405689	0.04725957	0.06136039	0.04196258
0.03761001	0.02570153	0.1150296	0.06306346
0.06218782	0.02129964	0.1108669	0.07731232	0.06263019
0.0533182	0.03261494	0.1162808
0.05654414	0.02528561	0.114945
0.05048878	0.02687454	0.1072128	0.05817388	0.06088132
0.06293075	0.0296522	0.1103745	0.05725227	0.04871281	0.06945099	0.03831886
0.05743701	0.02122281	0.097973	0.06221552
0.05984467	0.03055078	0.1108506	0.06214287
0.06416198	0.02182765	0.1074213
0.05054339	0.01801035	0.1052169
0.07161511	0.02806171	0.1043481
0.07355417	0.0222791	0.1150928
0.05087247	0.02501412	0.1221515
0.06223825	0.02556193	0.1095328
0.05966934	0.02100973	0.1106163	0.06624997
0.04932078	0.02812385	0.1150468	0.06147394
0.06246233	0.03366105	0.1187764
0.06032986	0.02301507	0.1046665	0.05903713	0.07150968
0.04987437	0.02301039	0.113713	0.06134113
0.05387378	0.02043095	0.1125842	0.06489879
0.05315045	0.02118078	0.1026419	0.04602817	0.06054768
0.06969508	0.02335531	0.1312216
0.04206655	0.02454266	0.1155553
0.05663323	0.01980729	0.1163391	0.08048124
0.06456408	0.02828262	0.1173226	0.05815232
0.04741731	0.03003182	0.105488
0.0533093	0.02559344	0.1155151	0.04851018
0.05251394	0.0242936	0.1197514
0.04705677	0.01912365	0.1085927
0.07197606	0.02898286	0.1006193
0.06103156	0.02513379	0.110481
0.0740764	0.03139705	0.1173402	0.0434427	0.06841607
0.05789948	0.02210188	0.1090215	0.07572586
0.04305677	0.02000046	0.1150041	0.05993183	0.06440172	0.07297636
0.07023033	0.02393057	0.1100519	0.03849153	0.06581787	0.06242177
0.06606291	0.02790677	0.1112731	0.0650503	0.04599181	0.06480775	0.05578121	0.06027209
0.05337499	0.02760833	0.1100158
0.05220889	0.0279991	0.1090906	0.06830899	0.05498691
0.04352007	0.01896779	0.113486	0.0389361	0.06564826
0.05632355	0.02113206	0.1186716	0.04885954	0.06894202
0.0460229	0.0213867	0.116385	0.06608929
0.06504357	0.02313799	0.104869	0.06559189	0.0519849	0.04421457
0.06050366	0.02323894	0.1097395	0.05777943
0.0540528	0.01934919	0.1061941	0.07428661
0.057835	0.0258443	0.09497699	0.05377697	0.06670234
0.06211348	0.0254608	0.1124183
0.04944015	0.02716639	0.1254001	0.0771258	0.06256466	0.07495205
0.07533019	0.01815508	0.1112694	0.04647172	0.06104352
0.06394096	0.02818791	0.1068967
0.04703361	0.02351457	0.1206772
0.05663613	0.0316455	0.1118554	0.06398744	0.05598913
0.06982632	0.02111094	0.0963565	0.06423574
0.0457028	0.02088971	0.102257	0.06885508	0.0519817
0.05912884	0.02610871	0.1163336	0.05872703	0.05705005
0.06487838	0.02644243	0.1103277	0.05349622
0.04932261	0.02025748	0.1176384
0.05226815	0.0273968	0.119529	0.05900942	0.0528198
0.07170252	0.02679427	0.1008552	0.07851642	0.05861774
0.08451257	0.02777912	0.09686149	0.05570983
0.04436418	0.02446849	0.09042657
0.05609801	0.02211367	0.1005148	0.06728066	0.04802698	0.04397305
0.05504254	0.02103291	0.1157248
0.05831988	0.02502901	0.1093579
0.07095978	0.02406255	0.1116099
0.06062	0.03331618	0.1101266	0.05011167	0.0410488	0.04327324
0.06091717	0.016028	0.1200502	0.0600183	0.05773363
0.0654385	0.0267045	0.114921	0.06183859
0.04947872	0.02612456	0.1067354	0.06391221	0.04474201
0.05188494	0.02415072	0.107198
0.07929045	0.03012735	0.1100805	0.06914449	0.04965695
0.0554268	0.0230845	0.1178365
0.06117893	0.01741298	0.09429895
0.06389961	0.02595057	0.1057731	0.06306171
0.06276155	0.02517593	0.1036547	0.04816497	0.05527442
0.04158318	0.02348119	0.1071218	0.05972028	0.07696488	0.0455721
0.07342597	0.02488356	0.1071218	0.05752165
0.04394845	0.02589561	0.1075225	0.0668033
0.08625161	0.03101884	0.09579988	0.05865674	0.04858613
0.06670584	0.02489048	0.1079351	0.05923058	0.06669581
0.05625852	0.02665742	0.1104973	0.04906383
0.04403033	0.01920063	0.1116727	0.07655946	0.05888341	0.07563437
0.06574108	0.02103754	0.08895455	0.07076443
0.05251851	0.02310103	0.1106853	0.04704492
0.05325532	0.02201338	0.1094125
0.04520764	0.02135785	0.1017624	0.07321305
0.05772871	0.01774179	0.1049095	0.05900956	0.06560601
0.07223985	0.03110714	0.1106009
0.06320544	0.03024456	0.1078213	0.0700951	0.08003996
0.06429199	0.01915767	0.1164511	0.05565627
0.05305157	0.021921	0.1185404	0.07442415
0.07309114	0.02779789	0.1185404	0.05079739	0.08340275
0.06060653	0.02308628	0.1095983
0.06362576	0.02234408	0.1110949
0.06221159	0.02523907	0.1159865	0.03819507
0.05986984	0.02641837	0.1124542	0.04910272	0.06251289	0.05674114
0.05878672	0.02503762	0.1036345	0.06418037
0.05374743	0.02150488	0.1151235	0.0665845
0.04745903	0.02355772	0.1045265	0.0418086
0.04254407	0.02385431	0.1065913	0.06654409	0.06520898
0.07725986	0.03330672	0.10273	0.05041289
0.06574933	0.02447526	0.09482866	0.05622172	0.05469106
0.06748519	0.02417063	0.1138036	0.03642918
0.05791092	0.02604152	0.121658	0.07183892	0.07696893
0.06445997	0.02675675	0.1106334
0.06504005	0.02749887	0.1048668	0.06875267
0.04929476	0.02055685	0.1105014	0.06893506
0.0569309	0.02505825	0.1025206
0.04622204	0.0275154	0.1176944	0.07402436	0.04601818
0.06134833	0.0254676	0.1080649	0.05295098	0.05318178
0.05874387	0.02471822	0.105814	0.05291396
0.04686783	0.02096081	0.1039843	0.05821837	0.05791094	0.0526927
0.06484757	0.02303911	0.1164438
0.07286385	0.02027648	0.1131538	0.05480877	0.05002053
0.05678538	0.02164814	0.1157734	0.06508762	0.06429109	0.05679069
0.04858243	0.02737284	0.09050409	0.06035653
0.05898524	0.02642368	0.1183982	0.05135376
0.06653187	0.02338428	0.1112638
0.05407399	0.02734925	0.1004551
0.06969681	0.01892139	0.1070931	0.05876029	0.06502297
0.06569601	0.03099111	0.1117371
0.05860329	0.02672366	0.1125031	0.06254961
0.05197261	0.0234037	0.1025376	0.05650438	0.0634343	0.06907275
0.07336509	0.02551882	0.1161478	0.04958598
0.0664798	0.02326907	0.1070813
0.05610599	0.02667437	0.09919716	0.04727763	0.06157935
0.04268327	0.02749282	0.1057066	0.04257578	0.06752087
0.04505296	0.02115727	0.1105407
0.06415456	0.02494818	0.1065343	0.04898716	0.05513577	0.06306969
0.05515417	0.02726152	0.1096499	0.04871244
0.05601538	0.02839154	0.1110084	0.03940359
0.0546227	0.02677291	0.1168246
0.08565215	0.02216594	0.1245868	0.04543103
0.07578639	0.02588666	0.1173831	0.06247778	0.03233446
0.0492634	0.02466865	0.09761063
0.06323721	0.02912497	0.1079414
0.1118988	0.02901718
0.1127841	0.03039566
0.1060932	0.02440089
0.1170978	0.02040654
0.1233705	0.01965357
0.1273473	0.0247134	0.06018056
0.111947	0.02487642
0.1078075	0.02844909
0.1072255	0.02041639
0.09523218	0.0299051
0.1043943	0.02735078
0.1007854	0.0252833
0.1032274	0.02515
0.1080475	0.02883995
0.1085992	0.02113288
0.1155613	0.03304106
0.1046683	0.02253813
0.1121557	0.0203791
0.09954159	0.02269211
0.1115874	0.01791633
0.08708251	0.02805772
0.1032289	0.02474083
0.1073626	0.02709327
0.1046963	0.02531718
0.1066776	0.03236827
0.1075791	0.0255564
0.1080151	0.02668536	0.05836
0.1199088	0.02481903
0.1148991	0.03033293
0.09977026	0.02407367
0.1114829	0.0316975
0.1044219	0.03114242
0.1093496	0.0262667
0.0958679	0.02293955
0.1082932	0.02204911
0.1156933	0.02516622
0.1107647	0.02904198
0.1085884	0.02106337
0.1141612	0.02067687
0.1056681	0.02540328
0.1083699	0.0246942
0.1072607	0.02058603	0.05328923
0.1092275	0.01830461	0.07204415
0.117297	0.02624577
0.09917593	0.02489635
0.10518	0.01978326
0.09422062	0.02662612
0.103943	0.01645785	0.0609621
0.1073258	0.03100535
0.1039974	0.02012599
0.1056682	0.02191025
0.09511663	0.02180582
0.09653567	0.02775338
0.1033218	0.02525759
0.1089853	0.02554768
0.1066114	0.02108288
0.1153816	0.0211831
0.1032265	0.02146863
0.1036893	0.02667584
0.1143766	0.02152843
0.1008818	0.02738148
0.1103172	0.02749105
0.1009428	0.01570024	0.06270574
0.1091799	0.02496697
0.09197335	0.01779517
0.1101956	0.01676709
0.1049088	0.03606359
0.1167558	0.02091988
0.0666028	0.02576825	0.08934381	0.06302577
0.06163832	0.02662356	0.09725238	0.04563379	0.0591841
0.0611497	0.02338175	0.1177733	0.07012681	0.04966694
0.05591739	0.02204076	0.11474	0.06393009	0.05943256
0.04766039	0.02721393	0.1134604	0.05123043
0.05208739	0.02355878	0.1050042	0.04514654
0.0676245	0.02750243	0.09844614	0.07226611	0.07342461
0.06210748	0.02207931	0.1031653	0.06782733	0.05606226
0.0478887	0.02099683	0.1135855	0.05500342
0.06429547	0.020312	0.1135413	0.05607628	0.06837711
0.05868301	0.02018239	0.1180006	0.0364519	0.05843694
0.05972537	0.0257519	0.1198339
0.05667457	0.03197159	0.09973693
0.06248141	0.02348019	0.1039708	0.05389596
0.03499266	0.02949962	0.1142441	0.0501084
0.06302601	0.02815291	0.09784075	0.04881308
0.0535978	0.02471732	0.1298646
0.05045706	0.01656006	0.1144414
0.05181206	0.01926637	0.1067883	0.0619322
0.0703996	0.02486807	0.1115492	0.06261667	0.05090964	0.06290047
0.06248723	0.0243096	0.1057704
0.05669031	0.02052401	0.1012656
0.06711824	0.02412498	0.1082065	0.05536664	0.06394153
0.06231935	0.0229389	0.1152062
0.05754783	0.02204349	0.1206114	0.04697862
0.05521654	0.02355664	0.1083048	0.03743648
0.06563088	0.019919	0.1083048
0.07342414	0.02699277	0.109801	0.06974376	0.04572961	0.05520131	0.07236086
0.06242118	0.02420461	0.121337	0.06896825	0.06703608	0.04764497
0.05044707	0.02842306	0.1273355	0.05793169	0.05273381
0.07121765	0.02900847	0.1137987	0.04687504
0.05588843	0.0282012	0.1097203
0.05488346	0.02175461	0.098305	0.0503086
0.07566871	0.0220979	0.1118328
0.06736742	0.03163639	0.1103088
0.04933135	0.02653397	0.1159596
0.05398586	0.02779487	0.112702
0.06486486	0.019253	0.1200368	0.05457113
0.07036782	0.02612118	0.1072982	0.06384977
0.06419129	0.01937654	0.1189632
0.06172312	0.02344033	0.1172932
0.0695962	0.02260271	0.1160104
0.0629232	0.0184529	0.1116102	0.06143353
0.05470381	0.01855742	0.1034576	0.06657556	0.05655179	0.06784723
0.0601026	0.0202823	0.1050077	0.04677515	0.04964853
0.06360862	0.02025266	0.1115382	0.05355868	0.06627762
0.0820429	0.02397644	0.1017585	0.04811862	0.08032853	0.07518078
0.08379789	0.02523262	0.1182468	0.03592757
0.05138636	0.02636495	0.1093899	0.06226982
0.06034165	0.02376367	0.1071516
0.0726285	0.026033	0.1089192	0.05673383	0.03719081
0.05402814	0.0229514	0.1037663	0.04476318	0.08170304	0.06334413
0.04736095	0.02582048	0.111405
0.05553318	0.03002309	0.1217779
0.07418175	0.02618995	0.1021991	0.05260054
0.03819141	0.01807282	0.09981722	0.06304676	0.05685951
0.06405607	0.01776295	0.1090415	0.05078952	0.0518708
0.043245	0.02730768	0.1017706	0.0672093	0.04719491
0.04992005	0.02368557	0.1160516
0.04667509	0.02624705	0.1041485	0.06600524	0.06571091
0.07229132	0.0239786	0.1065777	0.07524734
0.07619932	0.02217659	0.095051	0.04752626	0.0735497
0.04978554	0.02714222	0.1096819	0.07474808	0.05637241
0.05137479	0.01954162	0.1112128	0.0485557
0.0664438	0.02000404	0.1099198
0.04917279	0.01805844	0.1119886
0.05380553	0.0295443	0.09666351	0.05391358
0.04938464	0.02180478	0.09968721	0.05041196
0.06964328	0.0249398	0.08708641	0.06783724
0.06719076	0.02133465	0.102829	0.05458181
0.05819917	0.03155221	0.1189675
0.05636438	0.02271859	0.1131743	0.04614802
0.07244315	0.023781	0.1106364	0.05501482
0.07240562	0.02268721	0.1053195
0.08097301	0.03231581	0.1086604	0.06971771	0.047958	0.07463272
0.06390855	0.02338395	0.09905983	0.04847265	0.06503507
0.04550494	0.02446941	0.1078842	0.05096136
0.0552901	0.02066724	0.1185177	0.05780179
0.06294944	0.02344736	0.1188081	0.05511124
0.05013165	0.03267817	0.1099052	0.05697528
0.04130622	0.02963955	0.1147746	0.05783893	0.08027041
0.05780482	0.02770192	0.1066067	0.07943646	0.04497433	0.0519817	0.05703018
0.06320752	0.03174139	0.1092675	0.05604924
0.05322455	0.02733229	0.1178914	0.06521064
0.0519459	0.02518736	0.105818	0.0522935
0.07462034	0.01750789	0.1132008	0.05014175
0.05329167	0.0170953	0.1171682	0.05365273
0.06061406	0.01707771	0.1066406	0.0656082	0.05732492
0.07989987	0.02644761	0.1232189	0.0541653
0.07100607	0.02316836	0.11514	0.05146665
0.06125854	0.0265946	0.1161415	0.04757829	0.04585331	0.04573504	0.06609988	0.07142509	0.07733807
0.0744793	0.02910634	0.1088422	0.05886	0.04930301
0.07007274	0.02693652	0.1033018
0.06806045	0.02257678	0.09562904	0.05193583
0.06231695	0.02380054	0.1194425
0.05774475	0.02545706	0.09998364
0.05387376	0.02796086	0.1054514
0.07314778	0.02656678	0.1145706	0.05125964	0.0664464	0.06410592
0.05463522	0.02394636	0.1026072
0.06059803	0.0203372	0.1069243	0.04197507	0.05894489
0.04890079	0.01944623	0.1154211	0.05715424	0.04222385
0.06614595	0.02405809	0.1088784
0.05988355	0.0268268	0.1075132
0.06778052	0.02373609	0.09702086
0.05499989	0.0267774	0.107361	0.06006907
0.05889565	0.02562601	0.116192	0.0630841
0.05931009	0.03044434	0.1062441
0.04414913	0.02577501	0.1067137	0.03311957	0.06716064
0.07044975	0.02996096	0.09926311
0.04462416	0.02580176	0.1062441
0.0551519	0.02426702	0.104812	0.05181466
0.05323296	0.02716093	0.1126816	0.05997122	0.07185699	0.05936413
0.06605044	0.0209912	0.1076203	0.04864512	0.05143129	0.05112426	0.04506476
0.06577451	0.02507018	0.1119389	0.06619383
0.06075785	0.02921606	0.106024
0.07073248	0.02464923	0.119629	0.05688957	0.07052265
0.06794392	0.02782235	0.1046482	0.05746804	0.04751587
0.05603597	0.02126065	0.09012144	0.04781111	0.05725516
0.07434526	0.02730082	0.1212729	0.05902651	0.07340667
0.06031959	0.0250502	0.1173581	0.05537059	0.07193987	0.07029704
0.05544408	0.02292199	0.09849042	0.05370552
0.06267587	0.02129009	0.1131373	0.05779339
0.07493922	0.02792823	0.1207103
0.04901564	0.02433155	0.1145751	0.05699891
0.05998543	0.03283408	0.1062072
0.06377872	0.02753142	0.1052456
0.0494529	0.02648175	0.09812004	0.0621919
0.06710255	0.02042871	0.1239847	0.06682595	0.05877836
0.05218517	0.02651809	0.09377581	0.0618556	0.04037879
0.05642871	0.01958931	0.1007539	0.04337299
0.06306946	0.02622389	0.1094455
0.06738363	0.02395964	0.111314	0.05208683
0.0659961	0.02753372	0.1151611	0.05392039
0.05942865	0.02901233	0.1017112	0.06064667
0.05124998	0.02679605	0.09996076	0.06466234
0.0530116	0.02642693	0.1175508	0.05165928
0.03919253	0.02121642	0.1124184	0.05401334
0.05735549	0.02822513	0.1055643	0.07513167
0.0506166	0.02539354	0.106676	0.06856699	0.06130556
0.05510326	0.03266858	0.1123069
0.05745078	0.02588624	0.102614
0.05630585	0.0169367	0.1100412	0.06209358
0.05977938	0.02329806	0.1206999	0.04647937
0.06174599	0.02666861	0.1067024
0.04353514	0.02331302	0.1071769	0.04359916
0.07483278	0.02161722	0.1071017	0.0451069	0.05860574	0.06055034
0.0555769	0.0223966	0.1018475	0.06103603
0.04136	0.02766098	0.1136165	0.05887515	0.06158397
0.07483377	0.02582171	0.10576	0.05287524	0.06477268
0.05161297	0.02241995	0.1154177	0.06423439
0.05055376	0.02486464	0.1198593
0.06157086	0.02679406	0.1114182	0.06519209
0.04820483	0.02035465	0.1066212	0.05636176	0.07362901
0.08030916	0.02838197	0.1069323
0.0581732	0.02758193	0.1117182	0.0499683
0.05540512	0.02214145	0.1134564
0.05132436	0.02238094	0.1001323
0.04996552	0.02481166	0.1022927
0.04896844	0.01831289	0.1175422	0.04776422
0.05666464	0.02638535	0.1147716
0.05198644	0.02649533	0.1185073	0.06193021	0.04710792
0.06206198	0.02989454	0.1030097	0.07272917
0.07636478	0.02389463	0.101524	0.05364742
0.05148819	0.02534559	0.111022	0.04180752
0.06065198	0.0293766	0.11236	0.06002543
0.04647375	0.03169636	0.1142862
0.04691796	0.02129839	0.111174	0.08251608
0.06247606	0.0231406	0.111174	0.05467058
0.07559874	0.02337982	0.1077869	0.06090667	0.0685118
0.05804856	0.02114691	0.1115493	0.07755118	0.0411517
0.06270869	0.01822016	0.1064231	0.05483833	0.0487477
0.06154288	0.02765917	0.1045553	0.07158359
0.05876831	0.025359	0.1019647	0.04985181	0.06014559	0.06187987
0.05570138	0.03473582	0.1019647	0.06197923
0.07074627	0.02131316	0.09311814
0.06475216	0.02391071	0.09714452	0.06542188	0.04665233	0.05299912
0.06141097	0.02175677	0.1097043	0.0671061	0.06219211	0.06475341
0.07299683	0.02627096	0.1177578
0.0568414	0.02475903	0.09597943
0.05573265	0.02803195	0.1122062
0.05313129	0.01956769	0.1162495	0.0683051	0.06165962	0.05350556
0.05103801	0.02727924	0.1080542	0.04089412	0.05837138	0.05559853
0.08011817	0.01916433	0.1038547	0.06113197	0.07743722
0.06407349	0.01805154	0.1031143	0.05352939
0.05237612	0.02339413	0.09802777
0.05483696	0.01806987	0.101004	0.05566127	0.05429277	0.06138177
0.05488569	0.0224005	0.1029977	0.06498643
0.07700022	0.03210202	0.1015452	0.05528896
0.04618868	0.02530765	0.1095827
0.06457602	0.03029614	0.1066626
0.05132248	0.02529855	0.110907	0.06900909	0.05778494
0.07452568	0.02475473	0.1204172
0.05769335	0.02379519	0.09788	0.05653044
0.05170192	0.01911203	0.1053775	0.07422481	0.04773136
0.03869309	0.02429624	0.1064874
0.0604262	0.02223898	0.1185106	0.05875699
0.07921865	0.01757866	0.1174646	0.05009527	0.05269126
0.05717545	0.02554073	0.1185277
0.05669811	0.02149995	0.1210544	0.05875309
0.03724961	0.02777552	0.1198154	0.05381053	0.05892447
0.06803303	0.02637413	0.09411933
0.0613829	0.02591433	0.09822782
0.0562841	0.02176779	0.1132226	0.06368737	0.06689434
0.0676912	0.02415195	0.1128658
0.0538953	0.02624768	0.1100935
0.05992824	0.02877582	0.1113485
0.04901978	0.0181993	0.1031587	0.06131052	0.05346604
0.05286476	0.02208927	0.1088785	0.05863025
0.06210565	0.02723827	0.1017569
0.05796121	0.02280177	0.1099792
0.05406986	0.02289241	0.1149634
0.05714682	0.03483639	0.09550589
0.05870564	0.02821606	0.1148351	0.05453069
0.05248632	0.02992628	0.1068476	0.05687961
0.04447593	0.02259582	0.1177066	0.05414021	0.06543369
0.05011864	0.02068917	0.1241995	0.05667301
0.07119502	0.02580659	0.1016004	0.04362147
0.06835708	0.02885262	0.1141616
0.04176974	0.0331702	0.1181572	0.05017062
0.07076417	0.02510832	0.1056884	0.06098261	0.06035484
0.04222158	0.02642415	0.1109388	0.05437357	0.05833657	0.04768375
0.0548076	0.03029812	0.1096332	0.05331183	0.04249315
0.06734967	0.02295469	0.1055847	0.07414245
0.06587551	0.02325839	0.1048237
0.06572808	0.0274668	0.1189533	0.06277078	0.07369224
0.05514595	0.02439291	0.1124735	0.05037845
0.04966561	0.02482635	0.1149862	0.04682268	0.06411806	0.06269381
0.0671639	0.03093866	0.1030427
0.06627184	0.02671625	0.1221655
0.06843502	0.02429193	0.1155272	0.07051437
0.06743097	0.01990022	0.1008657	0.06038523
0.04831608	0.01876029	0.1066689
0.04623377	0.0221693	0.1156055	0.06715272	0.06020209
0.06640389	0.02177162	0.1159275	0.05131581
0.05357295	0.02519101	0.1259649	0.06490884	0.04752421
0.06629474	0.01919218	0.1108305	0.05665944
0.06277395	0.02974182	0.1136046
0.05850355	0.0218853	0.1070219	0.06090152	0.0557257
0.05463511	0.02280319	0.1244475	0.06094664
0.05089598	0.02352302	0.1080144	0.0504102
0.05954655	0.0254161	0.1105319	0.07718573	0.04996789	0.06232584	0.06207375
0.07136597	0.02024855	0.1065404
0.05925649	0.02872441	0.1131342
0.04993931	0.02589717	0.1078504	0.0616923	0.06792636
0.0694985	0.03081345	0.1187051
0.06005923	0.02728624	0.1129295	0.06899633
0.06796166	0.02777747	0.1167709	0.0441972
0.06760383	0.02329081	0.1178801	0.04895985
0.06305922	0.02377482	0.1246133	0.07174401	0.04848678
0.07348051	0.02925836	0.1066454
0.04418686	0.02733527	0.1064542
0.04703686	0.01789129	0.1115174	0.05008105
0.04810144	0.03246732	0.1039626	0.02894325	0.05900042	0.06095423
0.06487349	0.01833239	0.1035189
0.05010144	0.02871055	0.1046383	0.07600698	0.05589203
0.0676127	0.02085644	0.1145893	0.04983494
0.04795282	0.02059626	0.09450644
0.07395328	0.02341529	0.1104254	0.04262158
0.04683876	0.01956266	0.1034878	0.06461947
0.05135434	0.02390732	0.1068558	0.06511842	0.05549039
0.05942153	0.02787123	0.1035984	0.06587861
0.0681887	0.02758601	0.1035984	0.0658379	0.0620108
0.07581743	0.02394979	0.1104033	0.07523924
0.06489379	0.02246228	0.1130762
0.05941949	0.03213579	0.1140411
0.05873565	0.0183893	0.1169769
0.05504458	0.01824329	0.1052184
0.06798396	0.02577051	0.103073	0.05737956
0.06155647	0.02328367	0.1196888	0.06587043	0.0558958
0.06387645	0.03048774	0.1102268
0.058516	0.02521365	0.1075253	0.05337428	0.06258437
0.05247237	0.02692472	0.09942464	0.05252959	0.06070182
0.05686537	0.01680935	0.1224823	0.07700566	0.05683963	0.05695478
0.04860531	0.03024701	0.1079168
0.05197536	0.02163203	0.1093074	0.05988403	0.05695381
0.05685087	0.0180731	0.100494	0.06635817
0.08237031	0.02299787	0.116127	0.04954984	0.06245021	0.05471832
0.05383967	0.02172125	0.1158162	0.04729744
0.0490834	0.01762459	0.1152875	0.0605029
0.06594741	0.01942442	0.1182547	0.06159329	0.04666603	0.06149155
0.06000025	0.02820052	0.1171427
0.04835126	0.02330033	0.112811	0.04310334	0.04998132
0.05717038	0.02786609	0.09850243
0.04793408	0.03033246	0.1107253	0.05367386
0.05348445	0.01831711	0.1045442
0.05443678	0.02587053	0.1281701
0.06373992	0.03111988	0.1122919	0.064185
0.06675952	0.01718097	0.1089014
0.05222351	0.02903882	0.123037	0.0616087	0.05675224
0.04688181	0.02116741	0.09003215
0.05092116	0.02771275	0.1227704	0.05137678	0.04290569
0.05350598	0.02901953	0.09731739	0.04939938	0.05297653
0.07734616	0.02708309	0.1010477	0.05260941	0.07892666
0.06280654	0.03015812	0.1047149	0.046684
0.04586907	0.03172115	0.1043934	0.05625033	0.03958849	0.05154115
0.06745478	0.02306749	0.1089927	0.05878486
0.06283191	0.02331563	0.1030904	0.06796217	0.05233187	0.05397752
0.05086102	0.01718372	0.120201
0.05977748	0.03037387	0.1082009
0.05336963	0.01926293	0.1091513	0.07045036	0.05292876
0.06862665	0.01881702	0.10699	0.08027834	0.05058926
0.04849716	0.02744914	0.1145053	0.05834052
0.05396224	0.02451429	0.1266121	0.05057492
0.06220217	0.02214178	0.1207884	0.07192206
0.04771061	0.01779276	0.1213627	0.06336525	0.06267463	0.0566822
0.05429348	0.01935481	0.1047632	0.05873248	0.06721227	0.08739096	0.08506338
0.06173197	0.02607576	0.1059361	0.04161542	0.05315362
0.05351932	0.01868062	0.1116429	0.0591681
0.05033762	0.02724679	0.1057509	0.05684395
0.05394989	0.02980805	0.09660719	0.05609101
0.0460057	0.02336476	0.107666	0.05813562	0.04742504	0.05275781	0.07099147	0.06667504	0.06020865	0.04118563
0.04936535	0.02726379	0.1077311	0.04158231
0.04630986	0.01488684	0.1071971	0.06029091
0.07882426	0.02400264	0.1122068	0.07295094	0.05361514	0.04923668
0.05946823	0.02522232	0.1122068
0.05378376	0.01954795	0.1107297	0.07353515	0.07607164
0.04284575	0.02667447	0.1200451	0.06451625
0.07067071	0.01651801	0.1141804	0.06328579
0.0741916	0.02553115	0.1181969
0.06140822	0.02375311	0.1119056
0.05712832	0.0255013	0.1149842
0.05633566	0.03079966	0.1168632
0.05119265	0.01945337	0.1144393	0.07134629
0.05091242	0.02526089	0.1194389	0.04636334
0.06399463	0.02749518	0.0959791
0.06996274	0.02726195	0.1086622
0.04668715	0.02645162	0.1192938	0.04873755
0.07752771	0.03008369	0.1072338	0.06522371
0.09352352	0.02780692	0.09904112	0.03719463
0.06280952	0.02662118	0.1188811	0.06252514	0.03790366
0.05563692	0.0246964	0.1121952	0.05391832	0.04634694
0.07179243	0.02501489	0.1014307	0.06066833
0.07020892	0.02735381	0.1099694	0.04175804	0.04949879
0.07192428	0.0200281	0.1238945	0.0659535	0.05633873	0.05247956
0.0701094	0.03204546	0.1095008
0.04391206	0.01944065	0.1158671	0.04455226
0.0575388	0.0237797	0.1095821	0.05330206
0.05823736	0.02587645	0.09418297
0.07772244	0.02765747	0.1130829
0.05725867	0.02067562	0.1123831
0.05877855	0.02185839	0.1139238
0.05629757	0.02280593	0.1174433
0.06178047	0.03288147	0.1124882
0.06712417	0.02757067	0.1141799
0.06758256	0.03092705	0.09766077	0.0617564	0.0269153
0.04572819	0.02440601	0.1211736	0.06422457
0.0499295	0.02385683	0.1156038	0.04621466
0.05314329	0.02297798	0.09536265	0.04945765	0.04839958
0.04788126	0.02712814	0.109616
0.06368833	0.0155516	0.09215317	0.05018103	0.05989929
0.08169898	0.0273277	0.096434
0.0477948	0.02449337	0.1058543
0.0604177	0.02085039	0.09437502
0.05537498	0.02467866	0.1140378
0.061285	0.02725451	0.1113146
0.04197155	0.02235926	0.0907582
0.06263845	0.03835679	0.1017842
0.05619534	0.0225491	0.0916689	0.04698449
0.05785642	0.02080097	0.1027321
0.06213059	0.02663786	0.09511576
0.05587354	0.0225783	0.1061089
0.06941029	0.02531335	0.1019912
0.07490767	0.01961836	0.1109453
0.06185384	0.02057977	0.1098668
0.05983633	0.02413748	0.1310279
0.0506775	0.02250401	0.102492
0.08447208	0.02173823	0.1139846
0.06447719	0.03342978	0.1051226
0.06230151	0.0230597	0.1035363	0.04873971
0.06692387	0.02925533	0.1055752
0.06373765	0.02157863	0.1118317	0.05354671	0.04641243
0.06513325	0.0313537	0.1087542	0.04185651
0.06669776	0.02038065	0.1158094	0.04935463
0.05488176	0.0274793	0.1059816
0.05914917	0.02251978	0.1159946	0.07119656	0.06396739
0.06416625	0.02263469	0.1140164	0.07085888
0.07730258	0.02282524	0.113229	0.05838796	0.05953245	0.05838552
0.05124559	0.0301671	0.1115335
0.06043771	0.01935817	0.1011897	0.06938331	0.06802755
0.04562365	0.02376596	0.119862	0.05707695
0.06625304	0.02444494	0.112104
0.0706827	0.02312636	0.1139887	0.04021401
0.06275522	0.02566184	0.1004777	0.0657331
0.04743077	0.02587651	0.1142427	0.07121154
0.07231826	0.02441823	0.1164739	0.04516708	0.07454975
0.06384515	0.03390438	0.1038316
0.0529345	0.03146817	0.09870362
0.07040695	0.02255134	0.1108716	0.06067507	0.06018552
0.05323707	0.02127797	0.1125336	0.06022674
0.05866305	0.02144901	0.1038315	0.07078332	0.08377644	0.0777771
0.05770726	0.02036106	0.1030611	0.06396167
0.0620215	0.02699898	0.09730062
0.05391099	0.02255926	0.1044331
0.05675693	0.02782517	0.1086267	0.07561045	0.0603386	0.06429703
0.05835971	0.0191117	0.1034385	0.07128563
0.06302544	0.01803064	0.09986108	0.05109729
0.05983824	0.0251945	0.1041945	0.06624807
0.05738566	0.01830669	0.09865623	0.05844223
0.04372821	0.02189242	0.1063745	0.06180387	0.08008334	0.0696934
0.05310232	0.02520051	0.1164481	0.04708348
0.06602949	0.02739109	0.1086496	0.06818056
0.07604158	0.02535845	0.104249
0.05918224	0.02303249	0.1015335	0.06045088	0.04945088
0.04857305	0.02565659	0.1123803	0.05227077	0.05980594	0.05588767
0.04747415	0.02675939	0.1100438	0.05263821
0.08064653	0.02914784	0.1084305	0.06246953
0.05078853	0.02023313	0.1176677	0.05826143
0.07690773	0.02463423	0.1234869	0.04965425	0.05944144
0.04170753	0.02522028	0.1134874	0.06374257	0.04360493
0.06150044	0.02411981	0.1082616	0.05615197
0.06089678	0.02701533	0.1100484	0.0562275
0.04098076	0.01644948	0.09128764	0.05230107
0.05559014	0.02144964	0.111231	0.0534902
0.05403984	0.02306948	0.1107708	0.06590644
0.0587576	0.01902828	0.1063021	0.05971754	0.07399417	0.07924811
0.05867576	0.02453461	0.09967908	0.0597587
0.06325778	0.02416033	0.1109748
0.06021065	0.02124021	0.1212062	0.0550167	0.07312899
0.04438267	0.02296727	0.09823883	0.06445449
0.05830711	0.02801564	0.111719
0.05517905	0.02421257	0.1096302	0.0659019	0.0628617
0.07048055	0.02809747	0.118059	0.0578439
0.05604989	0.0195182	0.1122107
0.05944605	0.01941181	0.1149851
0.06634341	0.02937691	0.09684619	0.05793918	0.07496488	0.05071436
0.04041193	0.03137666	0.09119307	0.06350699	0.05151571	0.05952521
0.04436796	0.02308074	0.1014459	0.0567087	0.04482496	0.04954159	0.05504289
0.05633197	0.02563744	0.1116868	0.05827211
0.04724558	0.02386423	0.1149399	0.05801417
0.05212898	0.01714971	0.1131972	0.04746632
0.04905426	0.01856568	0.1221028	0.05415707	0.05613351	0.06183845
0.06438975	0.02385934	0.09971713	0.06887429	0.04804651	0.06096821
0.0640869	0.0254194	0.09750833	0.06908821
0.05568202	0.02534762	0.1065698	0.0749518	0.05850569
0.05593624	0.01930427	0.1025188
0.05188807	0.02122012	0.09503194
0.065811	0.03102727	0.10323	0.07350393	0.06586723
0.0716854	0.02019889	0.110716	0.05949913	0.05288897
0.0751525	0.02786608	0.1186533
0.05556142	0.02256536	0.1140364	0.05393187
0.0649965	0.03280342	0.1122763
0.05802186	0.01984261	0.1122508
0.04859402	0.02969794	0.1023087	0.05832654
0.05179829	0.01797834	0.1089711	0.07069389	0.05059092	0.06721068	0.04924505
0.04526462	0.02501387	0.1034581
0.06821987	0.02738968	0.1101274	0.04134942	0.04935739	0.06832931
0.05032193	0.02554892	0.1075501	0.05143921
0.05589327	0.02546267	0.1275607	0.05296538	0.0677529
0.05962174	0.02656941	0.1070087
0.06316617	0.02511299	0.1241158
0.05186265	0.02800904	0.1180381
0.05552929	0.02499512	0.1197683	0.06122741
0.06542423	0.02472868	0.1089016
0.05448438	0.0233994	0.1123467	0.05575321
0.06230957	0.02510048	0.1059782
0.05389609	0.02420262	0.1137665
0.06406416	0.02364515	0.1174412
0.0595113	0.02782827	0.1102829
0.0550483	0.02361062	0.09955119	0.06660006	0.07330234
0.06255831	0.02549182	0.1096563	0.05800884	0.06333601
0.06329287	0.02811737	0.1233371	0.04151238	0.07196492	0.05413259
0.04266225	0.02517014	0.1209256
0.06421701	0.02799134	0.1036942	0.05530721	0.07959082
0.05346162	0.02305916	0.1106277
0.06817905	0.03272229	0.1186196
0.05768968	0.03191407	0.1052253	0.05597055	0.05784307
0.05987374	0.02479923	0.1057453
0.05685369	0.02512157	0.1030474	0.06263518	0.04679393	0.05009732
0.05809385	0.02182671	0.114376
0.06540422	0.03369435	0.1022308
0.05974028	0.02889915	0.1133113	0.06021394
0.04327927	0.02336857	0.1057321	0.06533039	0.07005524
0.06165516	0.02870297	0.1085713
0.0456278	0.02615764	0.1006956	0.06593087
0.06570081	0.02776806	0.1154892
0.04528379	0.02745133	0.1109082	0.05408621	0.05089862
0.0697311	0.02096121	0.09800225	0.0670155	0.05350348
0.05306052	0.02504687	0.1029322
0.07106822	0.02180112	0.1197975
0.04971112	0.01395308	0.09278498	0.06851121
0.04417897	0.02730012	0.09883597
0.05874464	0.02541662	0.1220554	0.05528274
0.06661128	0.02346806	0.1067589
0.0627829	0.03104346	0.1060054
0.07619605	0.02542717	0.1083534	0.058005
0.05648925	0.01912187	0.1041828
0.07269861	0.02351203	0.1193236	0.05893436	0.04538715	0.05947739	0.06204212
0.05941003	0.0172583	0.1058478	0.06768677
0.06982528	0.02566822	0.1036799
0.07672055	0.02277733	0.1058624	0.06122602
0.05866943	0.02531971	0.1226902	0.06191919
0.06757078	0.02262137	0.09636227	0.05032368	0.05637502	0.05370502
0.05118698	0.02484394	0.1231344	0.07195201	0.0542913	0.05558366
0.0522254	0.02829321	0.1101403
0.03841794	0.02725341	0.1136298	0.05692591
0.06884696	0.0233828	0.1113126
0.0821961	0.02173752	0.09980714	0.05782394	0.06027563	0.04588744
0.05801382	0.02288184	0.1105003	0.05686026	0.0552186
0.06209506	0.02227982	0.09841861	0.05654535	0.05719141
0.06761874	0.02004388	0.1138461	0.05188867
0.07373879	0.02847293	0.1123786	0.05845755
0.04220176	0.02873972	0.1123786	0.07135264
0.05528595	0.02155486	0.1164687	0.05096181
0.05802825	0.01983734	0.09945532	0.07565522
0.07149232	0.0309592	0.1089754	0.05311184	0.05194892
0.04742385	0.02243081	0.1144203	0.06037565	0.06928852
0.05790037	0.02873934	0.1107618	0.06049422	0.06068902	0.05695205
0.06399735	0.02719616	0.107005
0.05911684	0.02480904	0.1131123	0.05844105
0.06139797	0.02646066	0.1067808	0.05776935
0.05867358	0.02256309	0.1054761	0.06919481
0.05791069	0.02409941	0.09666369	0.0637343	0.04569335
0.07074815	0.02616776	0.1114718
0.04761537	0.02221806	0.1020625	0.074045	0.06189356	0.04581165
0.07359522	0.02415024	0.1075186	0.06990478	0.061223
0.07872301	0.03599307	0.1042232
0.08788905	0.02546882	0.1068343	0.05487899	0.06119782
0.05578826	0.01984445	0.1261978	0.06705077
0.07310795	0.02518313	0.1060088	0.05303802
0.05797662	0.03524767	0.1153964
0.05905647	0.02397046	0.1216257
0.05499456	0.02236027	0.1230092
0.07823794	0.02504032	0.1134283	0.07067977	0.07522806
0.04728766	0.02930287	0.1146286	0.06945369	0.08259688
0.05869412	0.0249261	0.1145459	0.06365772
0.05741908	0.02776861	0.1035098
0.05385576	0.01857347	0.1194549	0.0771991
0.05303788	0.02115017	0.1124602
0.0716889	0.02480972	0.102089	0.07849692	0.05211891
0.04484168	0.0295589	0.1272697	0.06639234	0.05360626	0.07338582
0.06872392	0.02513283	0.1105843	0.06358981
0.05059009	0.02204196	0.114871
0.0603338	0.01772171	0.1039436
0.061838	0.02519527	0.1183035	0.05186465
0.05979042	0.02366667	0.110208	0.06022287	0.05537265
0.03906955	0.02173615	0.1022411	0.05918131	0.04463167
0.0508186	0.031159	0.1112857	0.07160403
0.06169074	0.01632489	0.1126344
0.04991504	0.02145127	0.1146622	0.055796	0.04918796
0.05967853	0.0385741	0.1179907	0.06684989	0.06792535
0.07579122	0.02227331	0.1120895	0.06495894
0.05565509	0.02305002	0.1165432	0.06115869
0.05256894	0.02437725	0.09431735	0.05864517	0.06425432
0.05906696	0.0299125	0.1039069
0.07427049	0.02789952	0.1151169	0.07650171
0.05767186	0.02559699	0.1163911
0.06356455	0.02352326	0.1003108
0.06361843	0.02848049	0.1109933
0.05161876	0.02619424	0.1036541	0.04843322	0.07460173	0.05325902
0.06516786	0.02410153	0.1167727	0.06648593	0.06120844
0.05983895	0.02723468	0.1127068	0.06289665
0.05321539	0.03155177	0.1120234
0.06809291	0.02045711	0.1019117	0.05977396
0.05896711	0.02224193	0.1160467	0.04683055
0.05309076	0.03034394	0.1048166	0.05485736
0.05603749	0.02288232	0.1111159	0.04241276	0.05435952
0.06841356	0.02158444	0.09963212	0.0559652	0.06189387	0.07645599
0.04142562	0.0152353	0.1118976	0.06002931
0.05582309	0.02371257	0.1223486	0.07167948	0.05564603
0.07158486	0.03143941	0.09923594	0.0277867
0.07058153	0.03025332	0.0975314	0.05287228	0.05194657	0.05579076
0.04751019	0.02014748	0.1089217	0.03889113	0.04966396
0.05950962	0.01818985	0.1032929	0.06526992	0.0620517
0.04592156	0.02558028	0.1154631	0.06134134
0.05916875	0.02722713	0.1121666	0.05252233
0.04361157	0.02955848	0.1121501	0.05371615	0.05735502
0.04332858	0.02471209	0.1023646	0.04415986	0.0626774
0.06438651	0.02742935	0.112709	0.05575454	0.05569664	0.05356035
0.06135885	0.02789629	0.09856012	0.04527015
0.05111895	0.01637122	0.1178256	0.05958482	0.0468517
0.07490984	0.02659647	0.1060545	0.0713635	0.04339122
0.04823585	0.02639265	0.09839149	0.05502496	0.0475307
0.05938955	0.02523698	0.115839
0.05368906	0.01546778	0.09246321	0.06171286	0.07289679
0.05659942	0.03458069	0.1058309	0.07050192	0.02831695	0.04867833
0.05467101	0.02675757	0.1101464
0.06558974	0.02364327	0.1184888	0.05638985	0.06063027	0.05265162	0.04627978
0.0585706	0.02139537	0.1091055	0.07008715	0.06770238	0.0565769
0.06520653	0.02663597	0.1197503
0.0587485	0.02531122	0.1088654	0.06447016
0.08212161	0.03189082	0.08569679	0.03906676	0.0596187	0.07143209
0.05846056	0.02383906	0.1089754
0.06907708	0.01861633	0.1184699
0.0547027	0.02313481	0.1173969
0.06458825	0.03121306	0.1075517
0.04855529	0.04064566	0.1085767	0.05039865
0.04680569	0.03223279	0.1162738	0.05452089
0.05612779	0.02304768	0.1007515	0.07040517
0.06030184	0.02451597	0.1074161	0.05730079	0.05151842
0.04350627	0.02917807	0.1068798
0.07365863	0.02429742	0.1087955	0.04213365
0.04546322	0.03072066	0.1128623	0.06328727
0.07218045	0.02081488	0.1071821
0.04248379	0.01882926	0.1081618	0.08109373	0.05065037
0.06805377	0.02705351	0.1066937	0.06171622
0.06176474	0.02286138	0.116988	0.06208197	0.06595683
0.05568872	0.02063005	0.1088804	0.04426481
0.05744591	0.02105288	0.1055356
0.08016237	0.02142121	0.09710368	0.05408252
0.06073574	0.02264336	0.1123002	0.03766542
0.06015521	0.0170146	0.1036074
0.06062409	0.03188996	0.09398227	0.03965878	0.05276808	0.06460376
0.06594242	0.0212965	0.09862743	0.05926755	0.06667334	0.03411612
0.08203923	0.02207201	0.1069158	0.05662301	0.04914117	0.06072348
0.05483409	0.0246677	0.1013913
0.06342849	0.03016524	0.110003	0.06952267	0.07714501
0.07665863	0.02905558	0.1096827	0.046687	0.06100296	0.06635133
0.05903894	0.02989922	0.09981452
0.05664672	0.02095506	0.09043922
0.04428828	0.01927988	0.1221731
0.05614835	0.02031695	0.1180979	0.04213534	0.05810165
0.0628673	0.02731566	0.1021783	0.05876779
0.05712062	0.0263904	0.1194951	0.06182327
0.05470119	0.01782976	0.1167734	0.04740847	0.04694633
0.05853097	0.02015332	0.1110585	0.06934991	0.05346152
0.07527929	0.01933327	0.1012977	0.04427848	0.0577027
0.04660665	0.02143898	0.10819
0.07056033	0.01757064	0.1157213	0.04737184	0.07782001
0.05455969	0.02499509	0.1079326	0.06788403	0.03858128
0.06216511	0.03684183	0.105339	0.046973
0.06163777	0.02655026	0.1105822	0.07469141
0.06979154	0.03225703	0.1056531	0.05196964	0.05798147
0.05410621	0.02351144	0.1104972	0.04622725	0.07053386
0.05996026	0.02227522	0.1010793
0.05420521	0.02578032	0.114297	0.05689196
0.06046681	0.02674453	0.1035559	0.04179858	0.05043662
0.06110373	0.01948208	0.1118271
0.06175887	0.01910363	0.09595999	0.06155375
0.05382561	0.02026761	0.1092489
0.05720751	0.02231704	0.1093084	0.04184313
0.06169963	0.02985479	0.1106559	0.0602896
0.08105708	0.03130732	0.1016506	0.05927557
0.04946204	0.03000916	0.1152384
0.07710936	0.03093845	0.1148263	0.06601874
0.05960813	0.02210759	0.1129987	0.04070346	0.06555443
0.05483551	0.01919316	0.110615	0.07166503
0.07803661	0.02263035	0.1083335	0.04752646
0.040386	0.01959298	0.1016464	0.05012093	0.06511268
0.05629251	0.02063824	0.1215172
0.06213321	0.0273172	0.1112305	0.07171584
0.06532425	0.02774443	0.1128232	0.04416574	0.05484376	0.07021429	0.05260501
0.05259046	0.02559669	0.1091955
0.04648056	0.02559768	0.1053356	0.07595927
0.08243693	0.02295737	0.1120841	0.0668405
0.05784425	0.01841265	0.1054728
0.05086102	0.01790303	0.1165151
0.04549517	0.02443746	0.1200822
0.04918591	0.02380559	0.1268871	0.06344967
0.04381466	0.02837603	0.1001724	0.05382747
0.06992181	0.02304812	0.1069626
0.05163207	0.02714303	0.1074829
0.06098169	0.01822939	0.1081648	0.05784889
0.05364529	0.02299158	0.1102053
0.05897491	0.02801757	0.1206435
0.06736532	0.03495517	0.1090165
0.05134751	0.02571079	0.1078741	0.05926245
0.03468585	0.02001517	0.1044359	0.06505129	0.04873648
0.04490595	0.02148918	0.1050765
0.0542208	0.02541024	0.1023823	0.06484188	0.06226576
0.05259152	0.02487562	0.1065505	0.06633923
0.06440216	0.02841456	0.09695945
0.04354296	0.02328524	0.1005155
0.05649037	0.0470915	0.1185306
0.04179415	0.02929685	0.1104657	0.06520012	0.06407208
0.06204028	0.01871838	0.108958
0.06514041	0.02430453	0.1101903	0.07574723
0.05995903	0.02395795	0.1009166	0.0600282
0.06629217	0.02669266	0.1049599	0.07104077	0.05092093
0.06692415	0.02797065	0.1084785	0.06274186	0.06107967
0.05942687	0.03024819	0.1076646	0.06386205	0.04663381
0.05092952	0.02002457	0.1141872
0.05084556	0.02626578	0.1016325	0.05870906
0.05371817	0.01930142	0.09802245	0.06567063
0.0726832	0.02857685	0.1156439	0.06525312	0.03235671
0.05932	0.0213285	0.1070174	0.05700032	0.07302229
0.05507983	0.03002581	0.1163253	0.04615189
0.06405274	0.03151779	0.1103459	0.05338301
0.05295293	0.02324411	0.1048242	0.05698458	0.05022456
0.05682518	0.03261902	0.09992688
0.06281032	0.02428112	0.1142272	0.06599862	0.06914598
0.06781498	0.02756588	0.1053547
0.056338	0.02783282	0.1093679	0.06384099
0.06438369	0.02834878	0.1106299
0.05748924	0.02837418	0.10474
0.07184705	0.02386944	0.1001224	0.05466804	0.06974023
0.0496265	0.02886297	0.1073472	0.04251035
0.04705415	0.02252182	0.1098637
0.06227618	0.02809368	0.1081206	0.05782942
0.04789075	0.02999734	0.1099771	0.06683896
0.04455387	0.02862507	0.1005675	0.05728555
0.03819717	0.02571473	0.1066898
0.06962067	0.02756103	0.1107843	0.04993307	0.05132306
0.04723127	0.0233635	0.116619	0.04258691	0.05282608	0.04746808
0.05072654	0.01817141	0.116619	0.05342116
0.06399949	0.0246938	0.1152541	0.06121292	0.05002351
0.05423312	0.025091	0.09399886	0.04467015	0.05937054	0.04696056
0.04797917	0.02001631	0.0985322	0.06535897	0.05472763
0.04500561	0.02297965	0.1056408
0.06951486	0.04055944	0.1037321	0.02853446	0.05651399
0.0814445	0.09670247	0.02503133
0.04824319	0.0945879	0.0203903
0.07010319	0.100437	0.01837844	0.04493894
0.0652335	0.1014872	0.02672745	0.07403345
0.05473752	0.1121415	0.02439753
0.06201249	0.102881	0.02465123
0.05085146	0.09656604	0.01997846
0.072279	0.1126944	0.02827765
0.05494901	0.1127117	0.0194091
0.04264324	0.1132987	0.02266009
0.05981201	0.1025123	0.02356954	0.06103337
0.05548376	0.1046453	0.02294461	0.05365766
0.03594059	0.1166227	0.03050053	0.05764151
0.06512665	0.1074583	0.01769451	0.05899727
0.04588666	0.1072578	0.02912694	0.03687178	0.05445494	0.05883171
0.05197695	0.1171513	0.02277959
0.05842864	0.107767	0.02321819
0.05270834	0.1192919	0.0257682	0.0597094	0.05952859
0.06830563	0.1108648	0.02017259	0.06402153
0.06647133	0.1090756	0.03065092
0.06474582	0.113774	0.02141926	0.06304429
0.06170483	0.113774	0.01822978
0.0629309	0.09837089	0.03278796	0.05730727
0.04657955	0.1098011	0.02693763	0.09856076	0.05350178
0.052783	0.1101337	0.028311	0.06462363
0.04238708	0.100672	0.02105358	0.06081464
0.05680028	0.1263743	0.02939169
0.0735881	0.1204933	0.02936478	0.05782004
0.0573324	0.1094366	0.02846798
0.07438163	0.1181904	0.02612308	0.06498475	0.0571056
0.06188122	0.1182391	0.02263124
0.06206806	0.1041176	0.02638436	0.07013613
0.06430491	0.1225395	0.02615932
0.0675071	0.09423595	0.02512381
0.04930959	0.1106277	0.02566623
0.05852628	0.1153441	0.03218853
0.06098323	0.1130704	0.01981516
0.05661194	0.1124562	0.02137313
0.06739216	0.1218793	0.02977499
0.05026859	0.1164902	0.02206312	0.05722111	0.05451597
0.06679108	0.1063705	0.02329825	0.06164955	0.05518873	0.05899744
0.06076186	0.1098609	0.01728488	0.07079399	0.06370703	0.04277956
0.04882027	0.1092022	0.01741924	0.0569505	0.05896205
0.07861362	0.117737	0.02179236	0.06790472	0.05006785	0.04405455
0.0550662	0.1075471	0.02249643	0.05679282	0.0666583	0.04873508	0.05701521
0.06731822	0.1113079	0.03247494	0.05570948	0.05713261
0.06277392	0.1001032	0.02089637
0.06469788	0.1064839	0.01912295	0.06258437
0.05467674	0.1180732	0.02947493
0.07517224	0.1080635	0.03209851	0.07971431
0.06404635	0.1053007	0.01650615	0.07160955
0.05945398	0.1058438	0.02770636	0.06973507	0.05129444
0.05301255	0.1030962	0.02205799	0.05249964
0.05048114	0.1276883	0.02336132	0.06179442	0.05815455
0.0650814	0.103143	0.03037342
0.06706858	0.1194917	0.02311936	0.03256523
0.06035775	0.1158585	0.02519808	0.06642099
0.05020745	0.1127393	0.02170344
0.0666323	0.1046272	0.02605476	0.06480547	0.05177764
0.05382668	0.1002327	0.02279438
0.05903937	0.09764866	0.02120728
0.071473	0.1139331	0.02832631	0.0637855	0.06184989
0.06077914	0.1060814	0.02411785	0.05715611	0.05377133	0.04871125
0.07127262	0.1136054	0.02076325	0.05522507
0.06405932	0.1027633	0.02401598
0.04787557	0.1128888	0.02525136
0.06243715	0.1046433	0.0250865
0.05609098	0.1189775	0.02404935
0.048348	0.106703	0.0301947	0.06380701	0.06531211
0.07329883	0.1032491	0.02517313
0.06025715	0.1205179	0.03007646	0.05769984
0.06032687	0.1044334	0.03227948
0.05668294	0.1118124	0.02800451
0.05154535	0.1016826	0.0226851
0.0691413	0.1309857	0.02571031	0.06794149
0.06626321	0.105209	0.03257096	0.06074492
0.05993247	0.1267878	0.03377651
0.08396243	0.1060104	0.02105581	0.06627348
0.04293085	0.09852308	0.01388616	0.05391255	0.0581062	0.05484788
0.06378257	0.1091063	0.02066921	0.05136842	0.068183
0.0561966	0.1136153	0.0218736	0.05869498	0.04772695
0.06208675	0.109638	0.02679037
0.05893031	0.1067747	0.02427421
0.0628573	0.1035998	0.02075488	0.05803825	0.07170621	0.05837912
0.04544918	0.1122614	0.02034731
0.08051044	0.1064389	0.02605211	0.05278512	0.07252536	0.0608481
0.0569979	0.1104756	0.02313541	0.05081492	0.05723252	0.0538451	0.0556175
0.05493597	0.111253	0.01957865	0.04891648	0.05868646	0.04060924
0.06265263	0.1255716	0.02368309
0.07779769	0.1156757	0.02006535	0.05952255
0.06837927	0.1099159	0.02850713	0.0658678
0.05061768	0.1142148	0.02190134	0.05745692	0.06833279
0.06530005	0.1107926	0.02771932	0.05393239
0.04950405	0.107813	0.02436651	0.06314109
0.06670941	0.1184707	0.02422196
0.0560534	0.1184707	0.0211638	0.07021549	0.0521067	0.07237802	0.05031805
0.06136248	0.09841631	0.02991222
0.04979094	0.1047376	0.02809061	0.06261841	0.05593734
0.06198688	0.105572	0.01996039	0.05889492
0.07572293	0.1010325	0.02793717	0.05701706
0.05566279	0.1011954	0.02390933	0.04240213	0.03840788
0.06023035	0.1082031	0.02363737	0.06083115
0.05332456	0.1156938	0.02564105	0.05691379
0.07140963	0.1030321	0.02755957	0.05438565	0.03655483
0.06406508	0.1084017	0.02775959	0.05315966	0.06719897
0.0771224	0.1017695	0.02549392	0.05101619
0.05915885	0.1022333	0.01850576	0.06050435
0.05707832	0.1135812	0.01805916
0.06118227	0.1288886	0.02331811	0.04319242	0.08879761
0.04526845	0.1122304	0.0199094	0.06628448
0.0402069	0.1197421	0.02714655	0.07732775	0.0578767
0.06061387	0.1298293	0.02805976	0.07139516	0.04088049
0.06262345	0.1073059	0.02275724	0.06328762
0.05830801	0.1033136	0.03041352	0.06845409	0.056408	0.0530826	0.06746725
0.06592729	0.1004458	0.03020902	0.06569997	0.04824338
0.05209676	0.1052815	0.02703605	0.05364614	0.06967628
0.06644707	0.115068	0.02712586	0.05139696
0.04679047	0.1145074	0.02033156	0.05518687	0.05934864	0.05660536
0.06414919	0.1067901	0.02604774	0.05326187	0.07354021
0.07353719	0.1169069	0.02788903	0.07127355
0.06185274	0.1000175	0.02561497	0.04753801	0.06470027	0.06103498
0.06690221	0.1232708	0.02603468	0.07690851	0.06004531	0.04939853
0.06261552	0.1108308	0.02594838	0.05754926	0.05673582	0.05636291
0.07220359	0.1051669	0.02288101	0.05708226	0.056611
0.05525375	0.1087569	0.01783735
0.04814006	0.104603	0.02576225	0.05681419	0.06193857
0.08222356	0.1086536	0.03282988	0.06746907	0.06346183
0.05604813	0.1179361	0.02128686	0.06810069	0.07151982
0.06685112	0.1071232	0.02488434	0.04683083	0.06169661
0.05342614	0.1130952	0.02708653	0.05160782
0.03750402	0.1063271	0.02617411	0.05580289
0.06739462	0.1067545	0.02565639	0.055396	0.05794199
0.06689789	0.1051991	0.02762863
0.05454479	0.1084304	0.0288532
0.06682768	0.1110253	0.03040405	0.06891599	0.0378651
0.07527644	0.09480334	0.02256247	0.05030258	0.0590622	0.04566065
0.0759423	0.1046782	0.02281938	0.05672775	0.06759755
0.04568101	0.1105647	0.01972536	0.07119334	0.06009506
0.07179353	0.1049733	0.02360795	0.05296015
0.05909754	0.108365	0.02619264
0.06574949	0.1148592	0.03066136
0.06452567	0.1127318	0.0280363	0.05802481
0.06837754	0.1095171	0.03833775	0.0592625	0.0636149
0.04750363	0.1093593	0.02522594
0.05622271	0.1035771	0.02778987	0.06611445
0.06563172	0.09996487	0.02550213	0.05112681
0.06411712	0.1129906	0.02543684	0.06372903	0.05681433
0.06274367	0.1156911	0.02786244	0.03063974
0.06349701	0.111117	0.01679044
0.05582332	0.1087799	0.02542755
0.05787623	0.1072165	0.02558561	0.05312877	0.06660926
0.07317963	0.1127095	0.02086376	0.05593757
0.06033696	0.09966236	0.02702486	0.04093911	0.06083639
0.06521706	0.1078546	0.02032943	0.07888899
0.0709012	0.09661978	0.02520767	0.05493689
0.07115785	0.1000383	0.03124819	0.06509176
0.05047769	0.1096033	0.02628577
0.05640955	0.09975855	0.02699519
0.06952203	0.1033583	0.03648651
0.06291697	0.09376233	0.027506
0.07672311	0.09716341	0.01945607	0.04390745
0.07269571	0.09476476	0.02882784
0.05626299	0.09794809	0.02650074	0.05479017	0.050429
0.06941917	0.1159085	0.03677786	0.06653455
0.05846389	0.1138018	0.02252095	0.04903948
0.04592908	0.1068578	0.01890219	0.06332494	0.06562391	0.05821263
0.06590608	0.1053	0.03222796	0.03998803
0.07030969	0.103673	0.02166466	0.05331649	0.054958	0.07242677
0.05578527	0.1103762	0.03176801	0.0497683	0.07089854
0.04463494	0.1172669	0.03305789	0.04873606
0.05645949	0.1096239	0.02472993	0.06028466
0.05980691	0.1116368	0.02841504
0.03827639	0.1131237	0.03809125	0.07765758
0.06296138	0.1078445	0.02893723	0.05946407	0.04948834	0.05357999
0.0594309	0.1148548	0.02414864	0.06063236
0.05047632	0.1036477	0.02019855	0.03887347
0.05747508	0.09604735	0.02270679	0.04644576	0.07526382
0.0639937	0.09533909	0.02345647
0.06692087	0.0910842	0.02608932
0.06046107	0.08751538	0.03234408
0.05138448	0.1092454	0.02286195
0.0438344	0.106544	0.02520011
0.06902817	0.100201	0.02508606	0.03921494
0.05704806	0.1116081	0.02131294	0.07687118	0.06255913
0.07434141	0.09939877	0.02677273	0.05102442
0.04735643	0.1042954	0.02206296
0.06878189	0.115516	0.02999191	0.05419775	0.03795345
0.04440851	0.1126667	0.03238305
0.07358973	0.1205585	0.02352424
0.06676496	0.1107205	0.02973043	0.03949956
0.07087839	0.1069213	0.01944182	0.06005194
0.05622517	0.1120571	0.02185875	0.06959508	0.05823743
0.03992408	0.1038761	0.02627225	0.04539253
0.05608612	0.1106774	0.02825906
0.0386381	0.107793	0.02084929	0.05861272	0.06238883	0.06034994
0.05305682	0.1084463	0.02682408	0.04057494	0.0516406	0.05366971
0.07516181	0.1122705	0.02818194
0.07290062	0.1159572	0.02460092
0.06057876	0.1150949	0.02623617	0.04832668	0.05681807	0.06044735	0.09055513	0.06793753
0.05728359	0.1057964	0.02751708	0.06499446
0.06555141	0.09496426	0.02675998	0.04328203
0.05235767	0.1028318	0.02590023	0.06891217
0.06501425	0.1087335	0.02316941	0.05354502
0.05971584	0.1187618	0.02420329	0.06370479	0.0498297	0.03480463	0.06048936
0.03417867	0.1058329	0.0302393	0.07312648
0.06232857	0.1139578	0.02801084
0.06386176	0.1059243	0.03066139	0.06817686
0.04949953	0.111783	0.02164063	0.06655947	0.05623656
0.06061448	0.1068195	0.01972225	0.07449204	0.04104947
0.05957265	0.1293423	0.01778199	0.06332862	0.0632347
0.05053223	0.1111671	0.02786385	0.05291158	0.05916484
0.05040447	0.1116146	0.02339614
0.06420014	0.09342041	0.0289723	0.05699321	0.03795979
0.04787097	0.09833387	0.02327718
0.04697326	0.1056998	0.02052688
0.04558763	0.1061799	0.02585445	0.05312979	0.06998997
0.0544973	0.1138022	0.02144248	0.0385956	0.05801567
0.05982998	0.113207	0.0207603	0.04697503
0.05357187	0.1133526	0.02347429	0.08263792	0.06682696	0.07840564
0.0509165	0.1143598	0.02220506	0.0627885	0.06762605
0.07441283	0.108645	0.02546104	0.06549829	0.05973386	0.07699208
0.04837812	0.1148054	0.02363874	0.05630595
0.05818589	0.1148637	0.02081715	0.0523074	0.06019257
0.06059884	0.1210285	0.03009224
0.05359557	0.1009069	0.01701797
0.05776559	0.1069553	0.02555736	0.06352999
0.05246489	0.1065115	0.02029209	0.05607653
0.05678257	0.1098308	0.02584012
0.05858617	0.1024459	0.02919123
0.05342098	0.1050292	0.03028591	0.05538625	0.05755344
0.07903845	0.1077515	0.01950018
0.06457773	0.1226742	0.02556299	0.06168554
0.06752768	0.1040603	0.02766476
0.06099984	0.1109397	0.02638171
0.07002715	0.1053092	0.02366408	0.08301754	0.04672649
0.05030838	0.1073613	0.02223934	0.06639557	0.05732475
0.05519791	0.113552	0.02376075	0.05796532
0.0814323	0.1248361	0.02514807
0.07269027	0.1195279	0.01612285	0.06472169
0.0624148	0.1138044	0.02575417	0.06836706
0.05195352	0.1050994	0.01755478
0.05080765	0.1014658	0.0251066
0.06409154	0.1060411	0.02550976
0.06174548	0.08958334	0.02213532	0.03734562
0.06839768	0.1002436	0.02087585
0.05431212	0.1066891	0.02299916
0.07598559	0.1083684	0.02317052	0.04621952
0.05619552	0.1106885	0.03032036
0.05784699	0.1113352	0.02416677	0.05551633
0.05906	0.1198928	0.0214706	0.0688569	0.05669684	0.05364037
0.06230206	0.1209073	0.0230757	0.04903677
0.06024834	0.1216467	0.02062602	0.05304359	0.05494453	0.06693246
0.04729855	0.1061118	0.02820669	0.04677452
0.06754292	0.103714	0.0222821	0.07281458
0.05601697	0.09938689	0.02173437	0.06347131	0.06455572
0.05880042	0.1128121	0.03028854
0.06325219	0.1075862	0.02941989
0.0669804	0.1196562	0.0251221	0.05587806	0.06030573	0.05508123	0.04660909	0.05665134
0.05360252	0.1135048	0.02001475
0.05244207	0.1078083	0.03130839	0.04519174
0.05713236	0.1137034	0.02446763	0.06233702
0.06815008	0.1013733	0.02405558
0.06331519	0.103745	0.02391065
0.05978365	0.1091551	0.02701485	0.06044969
0.05915594	0.1049368	0.0227609
0.07168128	0.1034554	0.02398009	0.05632074
0.05250328	0.1010605	0.02658482	0.05514184	0.05188922
0.05562985	0.1011722	0.02131428	0.06308752	0.06538919
0.0733129	0.1233692	0.02278068	0.05839662
0.05357761	0.1177188	0.01902054	0.07853539
0.05043978	0.09454725	0.0358344	0.04751712
0.04866924	0.09881333	0.02215499	0.06371093	0.03841425	0.0724885
0.04608031	0.1091777	0.02902082	0.05464051
0.0624477	0.1061352	0.02878086	0.06575998
0.0636266	0.1086171	0.02497868
0.05398642	0.1126133	0.0204747
0.05368281	0.1211468	0.03263118	0.07204087	0.07264253	0.04857726
0.05807225	0.1044928	0.02235915	0.05423806	0.04537986
0.0818965	0.1198888	0.01991613	0.05797145
0.06388482	0.1243321	0.02184842	0.04207621
0.0576181	0.1168447	0.02819417	0.04882986
0.05790766	0.1050537	0.02392036	0.0626956	0.05482204	0.06793933
0.04433205	0.1231304	0.03120108
0.06757015	0.1118576	0.03075154	0.05061383	0.06967279	0.05667939
0.08438611	0.1118576	0.02973329
0.06193765	0.1167373	0.02743964
0.0586446	0.1032727	0.03158306
0.04913835	0.1141184	0.02890212
0.06404178	0.1089615	0.01801663	0.07755455
0.05763335	0.1079714	0.0241271
0.06163846	0.1014611	0.02508183
0.05822408	0.110724	0.02583051
0.06533995	0.1030502	0.02652121
0.0550734	0.1153829	0.02511273	0.05614505	0.05494407
0.05863964	0.1166801	0.02334597	0.04798117	0.04969413	0.05677631
0.06043379	0.1229604	0.02243935	0.07782292	0.07416303	0.06341022	0.06082668
0.05793378	0.1089832	0.01973899	0.06233241
0.04134011	0.1074345	0.02752956
0.06172158	0.1207324	0.01966889	0.05598623	0.05671829
0.06659228	0.1155137	0.02146914
0.05833865	0.1103629	0.02610229	0.0507647
0.06694962	0.1132263	0.01933355	0.06006144	0.04590889
0.06275757	0.1071979	0.02068111
0.05444014	0.1048737	0.02263932
0.0542759	0.122101	0.03435765	0.06706393
0.06140146	0.1091311	0.02661538	0.04490327	0.06516011
0.05663519	0.113482	0.02246388	0.07611078	0.06123269
0.05803725	0.1146311	0.02701647
0.0399977	0.1050386	0.02022999	0.0576421	0.06988586	0.05629445
0.0491238	0.1086795	0.01835187	0.04746536
0.05304685	0.1028561	0.02422084	0.05624275	0.06804379	0.07101519
0.04346281	0.1104163	0.0291084
0.06813189	0.1089631	0.02457345
0.04872236	0.1111353	0.02845143	0.07345355	0.05880522
0.03539158	0.1025634	0.02442143	0.05735725	0.06651786	0.06652999
0.06718081	0.114531	0.02653571	0.05406734
0.05766171	0.1017528	0.02843671	0.04087452
0.07437768	0.1171069	0.02614219	0.04745391
0.05455296	0.1146728	0.01933737
0.05458212	0.107576	0.0284841	0.0461132	0.0897063	0.04837284
0.04018652	0.1133065	0.02233974	0.05962041
0.06538803	0.1133681	0.03233914	0.07646702	0.05984564
0.05793305	0.1089201	0.0316708
0.05738094	0.1086234	0.02382916	0.05448365
0.0555254	0.1128033	0.03029158
0.05988137	0.1170155	0.02704212	0.0547833
0.06105319	0.1153854	0.02468225
0.05022415	0.1128962	0.02379799
0.05513528	0.1111194	0.02841745	0.06419734
0.06306896	0.1145674	0.02557008
0.06546071	0.09444689	0.03180236	0.04199959
0.05898067	0.1073271	0.03206526	0.07195688
0.05509533	0.1074118	0.02049385	0.05512108	0.05245006	0.0706153
0.06384309	0.1031611	0.02305502
0.06152007	0.1049802	0.02878893	0.07035727	0.044009	0.0637656
0.05718535	0.1086462	0.03144721	0.06786498
0.07455579	0.1169197	0.0224284	0.0472407
0.06344012	0.1245154	0.02127968	0.05646235	0.06570124	0.06381801	0.05584806
0.05581934	0.1112045	0.02376622
0.05925006	0.1147721	0.01743149	0.05356691
0.06738221	0.1076108	0.01574028
0.07366376	0.1243484	0.02673429	0.04473726
0.04831285	0.1264098	0.022956	0.05188199
0.06857519	0.125532	0.02212521	0.03270203	0.061666	0.05919891
0.0570831	0.1055304	0.02233473	0.06063304
0.04645949	0.1053905	0.01889023	0.06316106	0.05346815
0.06000715	0.1109854	0.01942279	0.05261924	0.06776729
0.05408198	0.1096152	0.02829982	0.05961112
0.06174767	0.1181234	0.01895137	0.06386679
0.05216064	0.1047304	0.02504141	0.07788568
0.04102592	0.09863146	0.0240946	0.04647814	0.06198525
0.04375454	0.1220377	0.02448156
0.04368445	0.1131101	0.02256588
0.0568717	0.1099298	0.02564187	0.03513876	0.05962267
0.07423728	0.1029321	0.02477693
0.06732203	0.117104	0.02156948	0.06927787	0.07050017	0.0569684
0.05497369	0.120098	0.03150282
0.06682477	0.1119232	0.03004084	0.04262441
0.06755429	0.110604	0.02058928	0.0701987	0.03938421
0.04896713	0.1025705	0.02215724	0.05594207
0.07755034	0.1128307	0.02208651	0.05920503
0.07450575	0.107902	0.02107676	0.08286307
0.06131563	0.1112824	0.0195805
0.06362701	0.1118385	0.02907436	0.05566675	0.06417955	0.07612862	0.06817543
0.07371921	0.1036246	0.02878539
0.0471615	0.1084602	0.0164606	0.05502197
0.05903156	0.1063526	0.02236079	0.05860154	0.05336522
0.05628364	0.1068418	0.01877027
0.05829166	0.1052766	0.02034676	0.03647978	0.06521104	0.07856309
0.06176194	0.1081152	0.01774254	0.06901252	0.06222288
0.04892268	0.1127927	0.01960078	0.07262715	0.05048506
0.04560434	0.1104916	0.02142671	0.03984189
0.05519438	0.1149896	0.03138197
0.05792448	0.1150772	0.02657344
0.06258961	0.1071084	0.02920093	0.04369628	0.06139266
0.04531199	0.1219964	0.02336343
0.05924248	0.1201712	0.02324164
0.05260692	0.1172809	0.02474736
0.05366372	0.1156672	0.01982827	0.05850016	0.05601496	0.07458848
0.05947656	0.1034877	0.02599148
0.05315579	0.1115454	0.01914349	0.04598261
0.05576845	0.1078622	0.02277846
0.07515024	0.1128257	0.03073958
0.05342484	0.1035539	0.03155321	0.08088345	0.05598091
0.03870339	0.1052566	0.0231892	0.07440161
0.06148963	0.108401	0.02483042	0.06452652	0.04319802
0.05547435	0.1225002	0.02538307
0.06139797	0.1155283	0.02573646
0.07160111	0.1100195	0.0330878	0.05633188
0.05050366	0.1075648	0.02700941	0.06845636	0.062596
0.05899305	0.1156746	0.02250155
0.04997236	0.1080677	0.02056025	0.07401418	0.05160301	0.06185987	0.04036947
0.05409089	0.1044304	0.02760666	0.06745805
0.0592826	0.1036004	0.02512669
0.05110098	0.1094546	0.02053135	0.07740443	0.05991303
0.05194814	0.1095678	0.02617662	0.0679219
0.06433009	0.1145584	0.0249864
0.05097769	0.1222488	0.02395061
0.08132133	0.1171409	0.02987292
0.0647518	0.1038349	0.01558588
0.06200039	0.1058248	0.02646929	0.05939711	0.07399312	0.05335597
0.0478992	0.1063601	0.01754421
0.05658768	0.1173566	0.02290009	0.06591684	0.05581125	0.03301973
0.06772677	0.09868145	0.02416148	0.05924731	0.06100029	0.05315292
0.06141952	0.1025867	0.02644359	0.04226538
0.0635375	0.1157404	0.02314919	0.04897214
0.06630184	0.1147709	0.02471128	0.05926244	0.0464755
0.05948295	0.1181109	0.02987901	0.05776012
0.05612275	0.1169497	0.02590664	0.06139077
0.06756119	0.1067382	0.01949468	0.04816335
0.04971512	0.1147327	0.02768369	0.06007489	0.0443503
0.05932739	0.09282137	0.0277923
0.06681229	0.1204006	0.0230138
0.07954615	0.1129074	0.01940896	0.06833949	0.04016783
0.06378019	0.1114267	0.02814776	0.06431105	0.07151537	0.05167337
0.03945795	0.1050449	0.02403265	0.06853783	0.04254872	0.06809668
0.05560119	0.1130039	0.02617985
0.05333288	0.1177354	0.02633132	0.0489189
0.06205543	0.1061737	0.0235982	0.05936276
0.06087826	0.100933	0.03214456	0.06652459	0.05759441
0.06663459	0.1090393	0.01852798
0.06027996	0.1029628	0.03315384	0.05716392
0.04886323	0.1029628	0.02319598	0.0526064	0.0463944
0.0515081	0.1066713	0.03018639
0.06335272	0.1155638	0.02120444
0.0502679	0.1087015	0.01946786
0.06272516	0.1096892	0.02170464
0.05064287	0.1148056	0.03448486
0.07151846	0.1089549	0.02268693	0.06042175	0.07363339	0.06529092
0.06420833	0.1108662	0.0277027	0.05906876	0.05241345	0.05484662
0.05513395	0.1182974	0.03289266	0.06492083
0.06748284	0.115107	0.01740149	0.06101993
0.05208897	0.1060275	0.03027895	0.0555826
0.04922871	0.1096053	0.02341307	0.05210511
0.05076831	0.1172828	0.02501311
0.05448638	0.1268881	0.02504097	0.06071073
0.05555383	0.1113673	0.02011411	0.05337541	0.06423095
0.04598994	0.09991395	0.03362365	0.0627681	0.04029726	0.06126734
0.06649585	0.1047376	0.03277472	0.04597297
0.05571542	0.1206186	0.02773164
0.04989261	0.1224357	0.0269756	0.06915194	0.06711299
0.06143442	0.1142488	0.02507654	0.04843161	0.03473409
0.05314511	0.104793	0.02085051	0.04728395
0.05371567	0.1215032	0.02059388
0.05513734	0.1090653	0.02489492	0.05214041	0.04283955	0.04463189
0.06267934	0.1069878	0.0220243	0.05714239	0.05706528
0.0454635	0.1062034	0.02511149	0.02994752	0.07878957
0.05933894	0.08584071	0.02104829	0.05431463	0.04877057
0.06128185	0.1084175	0.02797373
0.04299636	0.1049534	0.02521841	0.05420237
0.06267557	0.1120527	0.02480105	0.06753114	0.05286348
0.06180808	0.09969593	0.02835092	0.06545324
0.07608299	0.094296	0.0267915	0.04984754	0.03560179	0.0468193
0.06958752	0.107754	0.021611	0.06919324
0.05537471	0.1156621	0.02709902	0.05778618	0.04071218	0.05441356	0.07580792
0.05403749	0.1135369	0.02856174
0.05274108	0.1125619	0.02768681	0.07291591	0.05878247
0.05760113	0.1129007	0.02117216
0.07114545	0.1147765	0.02800196
0.0479086	0.09863826	0.02523973	0.05236184	0.04059095
0.05596532	0.1018336	0.02944813
0.06595751	0.1146789	0.03047093
0.05370789	0.1122983	0.02671493
0.05725146	0.1264021	0.01614872	0.05761537
0.0577634	0.09872588	0.02025566
0.05609598	0.09997382	0.0288034
0.04339684	0.1259449	0.02470545	0.06888952	0.05766654
0.05214452	0.1010648	0.02598196	0.05246583	0.06653258
0.06340022	0.1013318	0.0176532	0.05404027
0.04848734	0.09946055	0.02995568	0.05146754	0.06787068
0.06242984	0.112146	0.02538312
0.06554776	0.1175756	0.03789778	0.02667505	0.06437921	0.05680719
0.06311953	0.1060995	0.02195949
0.08474791	0.1157654	0.01867397
0.07537667	0.1123741	0.02289989	0.06058728
0.07720282	0.09546326	0.03307588
0.05016947	0.1142138	0.03013373	0.06072277	0.06711294	0.04377549
0.07004768	0.1010893	0.02483987
0.06553036	0.09932208	0.02046201	0.06366499	0.05159018	0.06668889
0.04442556	0.09863999	0.0261121	0.05835683
0.05459017	0.1044326	0.01517113	0.05747781	0.05534195
0.04453266	0.1098412	0.02211039	0.07330677
0.04305995	0.1028785	0.02468353	0.04966047	0.05593497	0.05737543
0.07544053	0.1071799	0.02318853	0.06702385	0.05478229
0.06015457	0.09799009	0.02782744	0.06443056
0.04715648	0.09320742	0.02801718
0.04888807	0.1071269	0.02309127	0.06012693	0.04551773
0.04115353	0.1153467	0.02332637	0.04871564
0.05774517	0.1133648	0.02695467
0.06599574	0.1046295	0.02643444	0.05952703	0.07187846
0.055301	0.1039997	0.02538787
0.04235886	0.0926765	0.02385138	0.06398039	0.05361492
0.03939474	0.09876093	0.02794484	0.05915984
0.08056691	0.1005973	0.02894583	0.05507433	0.05949064
0.05319097	0.1053344	0.02566911	0.06034006
0.07779736	0.1192358	0.01891548	0.05667355
0.051867	0.1056324	0.01660584	0.04982551
0.0738379	0.1014595	0.02279201	0.05385846
0.05855191	0.1138832	0.03237071	0.06336697
0.04164219	0.1042914	0.02897612	0.04935016	0.05077584	0.06768477
0.07636498	0.1205454	0.01871439	0.04922768
0.08303434	0.1191342	0.03053762
0.05466261	0.1190774	0.02156529
0.0531929	0.1031324	0.02104569	0.05284547
0.06719367	0.1140283	0.02358332	0.05428289
0.08072085	0.113709	0.02277752	0.06597761
0.06028391	0.1126386	0.0315291	0.06995681
0.03735684	0.09647893	0.02583769	0.05782021
0.04568848	0.1027222	0.03400166	0.06510534
0.05850104	0.1176384	0.02072393	0.04714087
0.07241508	0.1157784	0.02758237	0.05311385	0.06457929	0.05475516
0.03805096	0.1194893	0.02063657	0.05359994	0.06267121
0.06433574	0.1133127	0.02584128
0.05771175	0.1116955	0.02908091	0.0534467
0.05634282	0.103133	0.03014823	0.05131683
0.05898234	0.108568	0.02925855
0.06405692	0.09927088	0.0267396	0.05572865
0.05148604	0.1109645	0.0263923
0.064608	0.1227117	0.02355799	0.06505915
0.04877524	0.119804	0.02316989
0.06855099	0.1095278	0.02472157	0.03882609
0.06356017	0.1049174	0.02578549	0.05105575
0.0460978	0.1092856	0.02086332
0.07742209	0.1243042	0.02143475	0.06483125
