ExtinctionRateChangeTimes
63.8251	79.60083
51.28129	98.09566	63.17864	82.04892	87.69966	72.75127
21.11157
14.20824
4.513891	79.02196	77.301
25.64157	120.5691	51.43735
121.4765	23.05085	12.55106
121.4765	47.24834	124.1984	34.99153

20.36784	84.32141

78.22308	32.177	44.1502
68.92736	128.9049
119.1762
13.02053
120.2857
111.8152	68.04045
114.5004	124.2238
99.18811	50.30992	82.99183
5.075651
50.98719
49.39836	129.7109

56.57047	2.829253
93.32362
25.58536

33.04092	76.43812	44.06349	4.697002
72.98151	125.8038	121.9844

23.62134	44.77574	3.08178

34.15526	19.43091

103.205	84.04916	126.6628

17.12053
120.4054
122.3141	84.57982
23.57991

14.9609
0.8754484
14.72704

72.50342	4.266795

107.8684


34.18566	85.16353

45.13655	34.78881
93.14829	3.479905	58.83968	105.5214
6.442282

18.50367	43.19783
46.17854
104.0036	82.59694
118.9595	102.9569
71.72648

126.5205

53.07756
5.352117
120.3363	66.62406	114.9725
98.29155

71.62906	0.461295	105.7941
104.1012	59.77903
29.43536
87.1023
52.86806	26.26751	11.9162	91.93251
126.4407	87.66289	125.5252
17.91238
8.574847

114.6622
112.9354	52.34752

97.70673
86.93479

73.72148
121.4571	2.582728	10.32128
119.3056	37.50158
92.2143	77.80834

57.22734	64.21266	12.64342


0.813945

72.06659
19.339
12.98709

27.81429	126.4571

119.1778	46.15141
45.9201	92.66793
31.00268	51.24077

38.18437	129.0623	17.58479
97.44987

104.2909
53.1532	47.73362	122.9756
126.0878	4.551707
12.06791
5.110367	112.9
120.2909
49.53643	102.2016	14.67691
10.77332	0.5347457

101.2875
112.1125	77.26773	61.60088
103.4697
35.12081
102.2372
122.7779
112.4511	87.43769	33.27573
112.0285	102.7174	97.01188

26.8838	107.0023

99.08521

125.0043	21.41765


22.68501

82.09504	42.84871
56.51349
96.85281	74.74002	17.77436	36.64351
39.82277

40.15278	62.45734	46.00241
84.73352	20.53888	59.03122	80.44666
49.56532	83.33617
67.96822	124.5794	3.754895	37.2324
34.3499	56.45659

126.5046
80.39441
85.35994	70.69526
22.83305

14.18251	104.9577	9.27956	50.62825
47.52439	127.1303
64.42167	51.75854
26.9055
86.92218	62.78742	67.1663
96.03723	5.765549
34.41883


70.01544
119.3737	20.05793	116.7445	116.9397
10.45255
98.52972	95.37933
114.8478
14.67825

2.639428	79.45038	25.50365
80.95718

101.463
110.601	19.89478
79.47534	20.10908	25.07416
50.23067	69.45962

69.91511	7.339972	124.1251


112.7219	72.63476
117.7738	122.6817
9.483433
35.1405
8.831216
37.64796
95.65858	88.87039
73.63674
33.52874
105.9047	54.69582	42.8022	55.25595	40.46017	70.39595

27.449	24.34277
42.83274	76.96092	101.2069

85.64445
80.07162	60.01451	65.34124
39.83623	17.36555	39.40581	84.37953
123.0214	43.6714
44.08216

77.01978
64.71873	44.13348
23.24236	122.3997	46.905
29.21751

3.890495	113.7314

98.70337	62.27598
67.40194	77.88973
94.58846
125.1062	22.04396
43.78711
35.49894
127.8515

94.28948	45.4144	29.75927	11.59939

18.42039	10.41597

97.3321	69.09181	3.397914
113.5174

8.287239	128.5311	6.929959
72.08042	10.77945	56.04867
43.01455	122.671	16.08598

35.18781
14.90126
116.1931	13.00968
2.614133	130.0423
24.5432	13.80242
23.28912	63.04962
120.7416





5.760057



54.89161	50.47343
95.51756	72.02086	62.49242
102.9878	97.13319


72.29709
69.5386

71.38145	38.99799	23.49343
104.9899	104.6642
3.499022
6.097877	123.5543
125.9134
41.63232

75.1529	96.62571
109.6507	26.90974
91.6766	99.43142	41.29263

27.78655

14.17547
9.688688
125.393	1.214321	22.7644	69.87476
36.11087	14.41471	12.31731
20.65587	13.71368
54.00151

106.8296


125.7931
114.7793	126.6185
85.40456	34.07937	97.28829	64.36362	69.27351
61.25265
28.37897
95.57431
108.8622	23.19937	59.70566
117.2205	91.39698	82.35964	48.52228	46.67114
117.2205
116.1688	116.6056
114.9495	17.8227	130.7764
120.6415	12.27916
128.5852	43.08591
3.756662	55.4782
1.46552	95.3389
27.97351	22.2096	11.89503
119.041
16.52189


114.61


44.85503

91.64298

118.3023	45.46524

127.5768	3.079161
51.23035	46.35288
118.1893
113.6823
71.63046	130.7735
105.8215	121.4821	6.301032	71.52503
80.53521	117.9063	13.49112	13.12256
109.5837

47.89915	67.33044

33.88155


30.08338	119.717	5.962854
113.9489
26.4229	114.923	127.3157

46.5096
83.64872	109.4176
117.0761

96.90266	126.8641
43.67786	115.458

77.14022	68.38377	112.5125
91.98929	32.01651
87.58761	67.23244	54.68
18.07914	5.940405

110.5272	128.2656	43.81969	69.73953
88.83832

108.575
42.3689	125.038
53.83927

22.38025	129.2273
111.2448
6.269103	116.4678
104.648	3.856482	80.70007	121.6957
123.6433
45.43042	17.35731	104.8727

17.27303	96.26465
73.63098	113.7606
104.8397	125.7958	94.77747	80.07226
122.3636	26.13845
52.86341
45.17974	129.3552
76.13567
6.365308	124.3686
22.19843
93.8653	66.99496


57.2	2.6264
32.83398	123.4972
35.69169	92.91209
113.2668	78.58006	40.42357
38.62678
101.6504	121.1146

95.24221
70.38697	79.73194

107.2162	18.22515
71.62492
129.7896
118.9248	77.80643
91.29275	53.22895	17.02216


38.39946

123.1727	3.817422	5.314437

24.48619


59.0685	94.10955

61.05277	60.38366
8.041832

118.401
27.34699

56.7239

128.7968
75.65532	41.53829	36.47551

108.2496	100.08
44.80462	10.70813
23.78478	64.0033	55.15255
92.88269	10.95174
7.19082


23.01088	88.49073
3.344957	17.94695	116.8586	2.202255	15.59982	61.93878
115.5062	59.30521	10.6015
53.23921
115.5459	78.06842	34.02937
49.31084
106.3696	49.03935


50.92083
59.71727	46.01861	38.17862


77.65921	119.2573	18.74741	76.23319	33.27855	27.01212

109.3097
116.9093	117.3239	56.56755	104.7801
46.35773	62.65503	87.81338
90.79138
128.032	78.49866
75.57218	59.33223	18.08779	29.11162	45.00106	119.7202
105.9089	73.86903
35.41396

9.009792
51.54418	93.4146
123.1882
110.9418	65.64393	21.40397
89.00589	109.5926	14.15726
87.82252	17.11766
38.26211	107.0173	32.76588
19.40676	31.38521	54.95743	33.58956

38.99754	7.739868	19.92012	30.02346
42.45081
87.39925	114.3669
10.96924
53.52895	19.51479
103.895	125.6819
2.572988	122.8096	103.7019

76.22103
35.8296	40.71898	35.18542
94.51677

109.7079	61.7032
102.642	39.1085	126.8658
43.10378	114.2872
37.42333	112.9854
122.1569
113.1643
45.42489	13.08021	87.30066
118.9693

116.1843	36.42145	32.24168
118.063	33.00073	94.32409
93.96768
105.3914	131.174
127.8893	109.9159
75.52934
42.04196
24.15295	118.0833	24.30337
58.87306	36.92504


80.32504	45.97953
102.1162

97.75686
58.49418	16.44729
76.52669	60.03834	24.652
59.98242	47.24007	126.8735
46.91027	13.38871
103.7691
104.1701	129.1107	30.39129
130.4005	50.05542
50.80784	125.1805
120.728	101.5443
58.01123	9.40976	52.93824
42.05271
111.1723	78.39857	27.56363

48.23243
72.99247	9.533153
36.70027
87.19448
94.39414	26.9986	18.09165

117.1214
83.00449	100.1339	22.83963
46.21928	39.48263	29.2492
51.58031
107.0437	26.77487	63.71762	1.408265
8.88064

125.6164	116.4435	50.78163	42.89803
112.9179


110.8851	101.0418
64.57001
57.0217	31.12842
7.787272

103.4632
112.6171	1.502117	95.47774
92.25385
51.9252

86.39286	129.1353


100.8201	119.7867
13.86814
29.47007	108.2289	103.2332	25.42324
43.09592
117.1642
82.01767
75.94484	44.39771
113.3717	75.51502	57.61553
71.21717
123.29
75.04883	11.54519	106.669
63.67278	129.6999	32.10007
119.0087
112.4308
47.57174
87.20367
63.32724	19.41535	16.26798
28.86136	99.22539
128.7506




92.47666	56.74938	1.437397



115.4305
88.51266
121.6245
38.60753	28.03217
9.342876

131.219	87.4438
62.98027	117.3222	29.57871


14.63574	38.26954	15.6494	59.96219
76.66144	119.3555
116.269	47.71146	31.6871
121.4755
113.9541	124.6873	5.17946
58.797
93.76117	73.05833

83.40914	80.99773
39.98384
102.8477
114.2148	89.06338	83.51096	2.060038	124.1111
120.2379	84.55593	69.17027
5.922129
108.461	36.19578

71.83587
93.15874
48.23176	56.03075	117.8341	68.56618
116.0296	123.2766
127.8117	18.09003
110.2342
38.57311	27.26921
45.33632	72.04624
31.42052
82.23118	59.91234	126.3523

27.05665
29.87089	0.1234903	17.91225
47.86656	0.4616695
120.626

129.5097	103.6234
122.0145	3.242168
64.85805	102.465	5.499618
15.10692
30.5087
95.63252	125.2017
64.52313	107.6932
117.9905
92.93845
86.93721	62.5072	71.09613

38.85741	17.5297
60.04195

120.6388
76.40225	121.1565

124.7487

94.18969	49.1805
21.81715	24.86584
16.25673	74.78866	109.2741
110.4601
119.9907
120.8655	90.22817	42.17432
11.76761	114.3978
80.07773	42.25644	31.05642	65.06069
75.85935
46.19149

63.03321
123.6054
127.3736
73.29481	114.9037

46.7689
107.8828

58.43757
73.56729	48.17236
122.2344	4.861493
49.9769
15.54464	125.4217

43.21107
71.96103	120.1787
5.851223
35.84436	29.65032	17.05544	16.55818	112.409
5.74298
92.53844	16.16093	6.010281	86.05046
113.9889	74.55502	40.26363	57.41838
119.3823

86.28081	123.5972
11.97142	127.2945


63.30946	120.1652	120.6046
75.9012	20.25364	109.6123
76.26529	6.551025
12.54968
99.91929
48.55305	39.94499	89.68307	33.97809
73.35966	103.4998
34.07284

55.94806


41.55266

110.3448
32.92716
88.64212
60.63459	34.08849	123.158
89.34501	40.21249	64.38215
19.10071
20.80859	63.10802	94.63088	13.69642	25.72915	30.47041	24.73215	41.62634
73.25962	4.803596
96.73622
30.688
85.461
12.27251	23.52429

129.384	104.4743	64.39501
23.96089	15.58046	111.7697
23.26869	23.20306
15.97927	6.847348
81.89591	87.10252
65.83525	44.12026	36.36117
86.17519	22.1204	83.42021

20.01731
118.1541	77.35241	46.40717	121.415	45.8957	66.87901
118.9686	112.3835
118.9686	57.55929
6.309162	74.56328

104.809
0.9476107
87.91075	32.25791	50.19096	82.5754

114.4744

83.32457

31.11946
5.7819

101.8899	66.52681
21.30987	113.4489	0.9380111
30.8399
73.65088
11.25722	42.44646
115.5828
84.51217
100.9932
124.5624
66.97842	127.8647
109.021	55.4236	43.06813

65.83077	72.69781	63.18574
29.62799	74.15018	86.87014

87.97449

41.76601	94.15255

48.48999	117.3228
103.8412

81.34183

91.43359	12.84553
74.48896


14.06308	117.7953	96.09559	95.99136

106.8533
112.6646
130.1873	28.84161
118.8112	45.35476
117.0926	105.3211	26.17942
101.1681	24.42497	78.46082	1.385308
53.8473
129.2248
45.51398	1.277473	19.38149
42.49679
13.18362
62.39313	26.61619
113.7334	92.04813
117.62	75.27305
6.889824
60.6261	29.57575	45.28515
111.1141	0.2368519
73.77911
6.883275
67.10835	36.17269	66.39793
102.6202
123.4931	71.17961


66.71186
47.86466
82.61286	40.88837	3.513271
16.7494	7.396848

96.45146	93.36938
20.79517
117.4073
85.82743
62.23719	76.50352

26.38608	130.3928
112.7236	55.75852	89.54409
101.9272	77.68572	21.94997
64.07473	48.59398

114.8546
84.20677

50.01963	104.6462	4.828185
53.93852	34.08469	30.60268


6.564152	29.40926	92.52772

12.5088	5.9633	11.43144

72.61966	68.04039
47.89866	29.20777	35.21383
101.965
89.42994	75.81012	79.84084	3.381859
32.41238	26.75986
49.73561

22.93525	14.73084
89.32469	40.06338	109.0266
108.6105
57.08021
111.6803	27.29412	4.168266
91.99942
92.18857	1.800413
69.81267	100.5336
6.612938
111.1704	27.77032	129.7223
105.2355	47.28726

118.0655	52.53129	109.3138	44.87075
125.2351
84.45673	100.8339
38.4921	56.24489
17.86449

112.2044	82.64028	107.5817
92.11375	62.97102	20.78205
13.04365	85.71101	129.3616	90.79903


72.15368

95.16332	1.813382
10.54916	22.00786	123.5302



88.09562	121.5235
5.046646
3.385394
101.581	107.1121
121.3663

60.32623	112.8058
22.34932	103.2399

100.434	88.19722	23.65296
70.2504	15.69827
5.03149
9.378494	62.87485
33.08075	86.93369
3.0742	115.5903
111.5106	83.96909

87.32619	69.61868	118.303
96.19426	33.39878	48.99955
73.44389	42.84595
4.673323	89.86791
123.4829	38.86589
66.32092	123.432
35.46428	67.88979

130.2328	122.2202
127.0126
89.21017
39.48333	123.483	4.347713
58.15246	21.36392	12.50365
117.0602
113.5183	92.84376



86.018	46.24287

90.7145	99.84936	56.23289	38.9292
5.384843
117.981	88.65974	86.67608
113.42	93.21774
116.1314	35.62494	69.97579
114.5538	32.98359


75.19357	103.055	45.07713
120.6343
102.4111	5.613551
41.33443
99.27052	28.94978	91.08798
44.79237	72.348	115.6472
26.88518
62.38444	126.1478	50.46237	41.26842
52.50024	39.10686	80.86917

39.9951

67.70553	2.384149	88.63146



97.86369

32.3934
119.1599	100.8807
82.62536	69.67285
125.5799	73.93077
104.869
67.06225
95.38769	72.44855


91.32117	111.3167	58.06026
48.53304



68.45193

36.61632	103.6407	20.30036	102.2513
34.25505	23.14155
24.30969

88.64365	120.8146
59.10889	51.77603	87.15255
80.92556
113.9776	119.6586


7.515131	59.59475

90.45664	53.46903	10.21207
30.90964	116.2632
123.806

120.0118	21.38432	93.12966
126.3035	123.0147	121.5519
90.02106
16.97749	31.78878	46.59379	15.62065
52.98944

85.24961	72.27944	3.137393
67.63138	27.04955
5.829782
14.19118

98.46602	26.56962

121.7117
38.46824
66.7848	12.4274
94.83956	55.40955	8.181959	71.61422	12.11778
22.44419
64.24454





120.8258	118.5083



124.3914
4.053891	18.97759	2.208892	52.49446
96.0369	53.70098
112.5272	69.10117
112.8353	18.78475
106.0368

79.96465
14.68046
93.18505
36.06351	126.2639
9.536133	127.4428

107.7422
51.86636	11.56494
107.4113	73.49202
66.6586
109.5935
111.6075	28.95941
8.420648

8.208714

60.91632	123.3132	113.6092

91.99353	21.04661	64.9016	36.70431
91.19802	76.97124	54.28932
6.350521

108.4794	101.7154
8.12724

88.99403	85.22849
75.97052	56.74433	43.83054	27.2741

43.68396
117.1394	4.458317
39.95948	87.1522	27.18527

14.6605	128.3691	30.20156	113.1798
45.50722	88.86526
103.3536	118.8897


17.89133	112.572
90.56634	88.80352
49.4988	127.4921
53.83491
122.0969
35.41431
70.42763
18.64738	80.38976
102.0115

40.71683
39.31133
66.99971

66.11233	129.5319
23.15708	72.54366
16.95018

51.67673	23.73885	124.8564	105.9417

92.49973	94.80015
45.61668
110.4354	95.25198	70.55984	42.80093
124.1156	76.01974	45.00077	108.4467
49.49279	116.8473
80.32166	73.85087
98.24749	19.15316	0.3998144
21.02312
91.61295
101.1541	72.20906
25.74384	89.76411
107.5972	4.717347
47.22545	12.49983

41.89722	55.00229	7.349406

73.4974


52.25557
124.85	9.384158	62.11696	121.7934
12.11648
9.365235
62.22173	16.74967	83.62715
119.7171	42.90534
124.0188
29.25062

116.0369	94.74068

97.11235	44.6246	93.21415	66.7851	18.62844	90.82046
116.2598	0.6398065
111.7992
23.59847
43.93263	112.9956
107.9258	112.8893
66.53333
21.03529

105.9146	77.77101	70.08543

77.21092
89.40269	31.80655	104.0824

64.48939	109.1051	39.13227
47.389

125.0634
97.01536
28.90583
80.1048
119.6532

49.30453	121.3534	32.10745
92.88573	46.83635
89.91208
94.70131	22.79648
67.61636

71.87287
120.6197	102.0162	25.79398	54.30352

27.10902
77.72586	55.80232	108.9278
12.95468
10.06134	63.06252
46.33056	77.88712



68.46848	91.3856
72.83541	126.753	120.1071
115.966
105.5845	129.2504
69.96576	83.81366
81.65147
22.17486
104.4832
55.54608	50.46538
114.0376
130.4945

10.80231
67.42222	41.93318	103.1562
73.79604	85.68204	29.6035	18.94881

102.5856
89.35946	115.476
112.9146

103.1417	112.8045
11.80486
121.1734	116.9737	20.18526
62.12003
67.15541	28.22645
105.9384	130.3023	88.77114	87.30032
68.03947	62.93028	94.13046	46.82658	55.13166
70.22797	34.06272	22.69502
55.75726
40.17023
87.06074	113.8135
27.42685
77.37249
81.86305
67.98846	116.4449	109.5401
72.06249
63.92618	114.696	58.63977
87.61736	128.3404	131.2626
122.4987

23.42211
81.07514
107.7957	72.25604	22.26083	46.30238


99.66705	29.08433	101.6707
83.47487	78.15261
112.0961
35.32327	56.0166
83.26742	23.71792
38.40939
115.1875	42.19278	128.3273
56.10577	0.797349
122.4721
36.17486
126.3127


75.99129
72.07629

90.60627	23.80025	115.6586
123.0597	28.80478
122.6216
46.39674
100.0923
128.4402
66.77071	16.57645	25.11803
99.1631	16.48605	131.1317
43.59798
110.7557	28.14725
20.12584
109.2276	128.3188
8.806535
83.18387	26.0467	126.7666	121.5764	53.30301

41.742	7.431191	72.89276
93.60184	2.446143
2.687461	80.26598	102.6705
52.23862
60.57571

33.30635
38.14944


84.93951	36.54854	82.48885
69.41651	51.50059	103.4085
91.37636

99.84203
71.05169	126.6468	38.18422
121.6087	98.58031	54.30483	128.0663
30.77386	34.89091
32.05923	80.09645	118.1982	66.87574

114.8858	78.90981
113.8265	2.409721
95.91019	14.70928
62.17213	26.31494
96.89512	30.73054	44.62495
115.1962
116.0469
74.20791	124.1677	131.0803	60.47462
126.8175
9.484131

107.5463	18.89457
6.296366
100.0669	27.30148
40.58389	93.54406	6.075179
29.03839	113.0003

121.9042
23.45784
25.95587	94.31117
107.8549
116.1027


77.43784	37.75744	38.4115
20.89627
88.59554
86.68752
118.2275	23.8882
22.6428	41.46807
112.7568

50.05584	36.69984	78.93866
98.90652

98.82114	32.59741	62.25081	13.38957
17.18337
97.68521	125.9466	18.12287	78.78712	58.58769
51.41082
100.751

106.2449	50.66013	56.32466
128.1812	123.4155

82.22067	113.9665	62.1485

75.54771	73.2201
105.2258	17.43427
52.71775	37.80032
21.8451	93.75482

39.3961
46.33303	103.5489	118.0647
71.07646	104.5469
60.25305	66.1115	82.79032
44.09909
87.40063	109.1607

82.2103	110.0841
106.4488
93.83394	2.177062	71.60003


89.83811	82.72645
123.6331	75.90203	104.598
111.7873	12.39597

117.0339



13.52889	122.9948

86.1855
119.1781
88.66329
14.92777
85.69237	71.8728
40.87518
31.49995	98.40977
16.99658
46.56637

81.51088
3.41381


95.22241
113.6949


129.5333	23.6837
32.58185
42.1185


20.77605	13.66165
100.7502
36.5588	53.26158
109.0059	67.06836
43.66907	3.75465	93.49419
82.87332	86.34651	57.59511	25.35507
38.69877
114.9183	88.65369	33.95732
85.20807	27.18574	5.495527

116.9244
103.9736	82.21172
40.27034	22.73706	27.24115

28.2288	96.22897
54.38841	118.2599	100.333	114.3849

117.1917	104.0435
31.2874

22.98091
72.34017	18.93822


18.89327	90.12588	127.6403
124.1387
67.96368
122.2681

31.5982

75.82371	120.4209
95.93824


79.53443
58.34496	41.61624
109.4605	71.81784	39.06885
97.5907	1.497878
30.4813	24.92906
90.05449	55.23814
86.01513

115.508
12.50354

115.0767	55.57723	47.99609	35.66377	51.99261
15.11116
6.214017
30.77646	112.8596	54.46016
36.96614
7.259478	44.98818	98.11271
32.14665
79.65001	29.84271

105.643	127.0676	53.49152
59.21131

99.2018	82.72667

102.2183	121.1249	29.23899
113.2948
115.5092	39.00571	26.71745
7.692485

127.1944
109.7251
84.45296	13.2592
56.22601	68.33875
101.6646


43.65585
16.4877
26.49531
91.81477
62.89278	24.27826
9.652304	37.90863

123.5848

46.50183	101.0629	31.8369
89.03374	16.99456

126.2657	99.90555	124.0874	68.83827	35.00314
25.61266	73.21588	55.24233	21.29395
114.0422
28.85208	87.16778
93.34862
24.09335	125.1804
31.57885	129.2208
98.19844
105.7962	102.9795
103.082	114.2981	9.374532
42.57866	118.2928
99.97235	87.90874	0.7101895
84.16368
27.48327
79.76048
116.8196
5.1362	126.4178	27.25789
68.71649	123.9932
110.031	13.79239
119.8172
118.328	43.27068	118.8276
37.32226
109.79	21.56031
79.63911
74.92367	62.25821
115.834	83.01674
12.01734	27.64425
107.2264	92.31327	58.47338	26.91206	54.57899

55.00205
101.0691
117.294	7.34526
109.2296

9.973095	49.68329

52.44701	24.15791	93.08494	14.08504


44.65252
33.05324	29.77091	38.81877
26.42725	119.8772	90.67256
89.88798	76.60799
51.76189	12.44052
86.23722	105.2186
37.76364	0.7698639
0.6262294	71.54919
60.80006	126.5665

101.6312
26.54157	120.2519
36.092	121.3999	4.181947	90.49883

126.9991
62.02162	122.3796
23.36054
20.53992	21.94968
0.764369
49.07441	67.8563


62.61828	118.0603	0.8701035
38.72993

110.096
1.12131
3.67637
129.8559

113.1706
13.10484	3.699991
123.0596	90.73445	102.9722	118.5596	21.63615
44.93895
28.1201	0.7773377	6.681181	0.1530477
41.30267	25.92028	1.394035

121.5359
34.42851	58.78557	31.60475
54.45166

103.5833	57.71134
113.4686	81.47002
27.9821	17.40876	129.7768

117.2386


80.22117	65.04782


46.98813
57.93381

61.62877
73.8756	48.22212	3.510477	55.32366
37.17941


107.6029
25.57176	75.50639
15.34092
31.29225


120.6635
120.6823	107.0948
17.22404	126.3643
112.0484	35.66725	83.55301
64.15822


101.5144
49.14187	4.550839
31.66764	26.41587
112.0356	63.25465
116.5496	76.14687

18.6768	5.868795
47.35617
42.71813	37.65404	26.2047
5.718911	112.6236
115.2629	0.3108887
72.59089
100.3015

65.24808	127.9763	33.7133
97.72128	29.87828	46.45367
102.3297
71.15452
44.60371	112.3836
31.64877
0.5410131

115.2056
4.684761
97.98801	84.91216	13.92317	37.00199	5.666509	16.84881	88.52502	8.172815


121.9621
74.16732


45.55092
26.222	1.202811
65.47596	19.74055	114.1385
83.43967

39.31557
101.544
101.4854
34.48804	23.79503
42.36489	12.0714
13.46798	10.15889
25.78408
38.15059

34.28803	79.6654

120.4042	77.55426	101.5247	72.43405	56.81621
28.09247
49.04218

39.17667

82.94283	61.44778
31.2696
68.99853	122.371	127.3385
52.76222	78.05463
94.52428	34.08528

48.69367	108.1697
94.07349	0.450865	102.8942

93.50247	55.41958
68.53876
119.81
77.77247


4.031476	81.57992	106.3605
98.50818	17.81088	39.22911	123.573	37.88998
64.00787	125.4326
32.78738
66.05607	11.02691
21.47821	110.6037	2.742416	49.07083
73.88527	40.06943	4.782535
94.02851
75.80446	27.35976
60.46419	121.7379	8.112854	45.8286	12.27672
73.38148
63.37408	80.16249

115.1946	88.4131


53.93809
110.657	53.95469
19.7807	45.6065	43.64272
28.91239
112.5373	102.5943	2.811363	106.6519
97.24045	108.682
129.2425
124.2874
80.71666
50.90014	43.32343	41.03801
97.75075	97.45282
51.58419	43.02468
63.61982	123.6895
106.1958	38.61452	64.78863
103.4211	116.2621	16.17616
80.65419	48.72617
111.134	4.357545
61.8062	53.93483	66.79554
32.97665
34.73341

124.8395

120.5269
9.805267	11.75255
52.91098	9.286372
17.60827
102.7735
76.18694
114.8741	43.51822	78.16827	1.575737

14.74996
82.58097
120.1787
95.41191	82.42789	36.72034

22.03689	4.190325

48.66273	40.82905
61.56059	90.1877
103.7539
5.725893	31.0729	123.3397
129.2052	36.00946
109.6506	42.27745
44.20524	117.016
26.0621	9.746251	6.981412
125.4618
60.62493
69.77031
71.83856
73.26719	115.2932	24.93241	53.07833	2.668787	20.87142
22.15331	80.13075	16.82993

118.7127
55.83696	117.8184	1.569597	121.8161

76.20472
124.0006	60.2515	77.43854	113.8902
102.5387
20.8698	4.58232
129.452

50.86213	88.08513	92.34683
22.9173
70.63447	122.1579
42.17789	10.20706
17.7851	85.1118	83.96301	23.31083
28.41987	115.0777
54.4751	2.015461	52.0609
73.01133
120.8186
46.32344	112.9985
122.7614
0.3320867	75.43151	88.35648
21.56169
13.42157	19.30186	42.1618
112.6507	24.65178
40.98882
77.2678

53.75964

51.17035	120.0429	73.48445
100.8995	50.90828
74.88631	46.13568


0.3323756
75.68595	109.9696	112.6913
51.39944	41.19259
46.36584	61.03278	5.559526
12.83576	128.8367
14.18085	102.5663	11.27734	80.2787
1.823207	126.7019
94.44428
45.51303
47.47817	34.08275
19.82564

126.7307	52.91604
85.01348
82.35331
74.84355
79.88282	9.455074
83.73545	40.25779

24.49843
66.58897
108.2258	9.671805	108.8849
37.74378
8.084255

29.30941


91.43827	129.7593	13.19879	76.13402	82.62286

29.06181


130.2508
117.3045
3.1703
35.54873	28.21386	4.125241	27.25836
117.1869

115.6019	35.61366

75.57338
88.91817	55.11883
13.61283
36.50777	75.59706	109.7684
73.87123	49.00452
111.018	65.28806	15.32365	108.421
104.7633	114.283	19.03095	122.982
15.45362	79.06319
52.8063	21.36201	95.14204

96.15058	99.64591
99.49999	112.1888	95.55889	127.2209	92.53844
55.62071	123.6633


45.63826
119.8732
5.691633	89.77055	28.06417
42.33149	28.70116
114.72	56.13499	3.623267	100.3288
120.2203

56.83133	31.19805	55.33934
43.65432
97.42675
31.17004
85.33405
23.34437

128.8652
88.99653	36.22965	118.159
57.96481	128.8163


63.5927	29.15819
80.24629	51.27471	0.3842071
69.7938	57.00986
63.5625	107.8818	39.94447	12.13526	91.34622
113.3447	63.57947
3.178054
112.5996
71.05896
105.9374	52.69758
44.6166
67.27149
77.06132

23.75431	63.89104	29.30288
71.17165	45.06254	72.95324
60.49645
21.50777
21.51503
5.751962	94.60284	32.68431	32.65417	99.78623
69.94791	51.38524
43.51605	26.82987


121.5689	98.16747	92.82297	119.0378
99.64625
99.02178	11.30154
101.0611
15.18971


122.8218
71.57609	81.0183	53.43858
7.44472	42.96898	9.190271	125.1948
112.9279	59.13027	40.75501
86.74395	65.35969	39.04506
105.112	24.86332	109.8865
30.21941
74.18849
44.0492
19.09146
98.22365	3.644623
9.401392	75.34772	63.08886	6.321481
6.783784
59.22246
120.0688	67.6829
81.48244	65.95603
113.7737	74.9274


81.17175	74.15316
93.54245

59.69703


125.6038
42.07999	122.0346

100.0788	4.279711	90.56942	111.8523	41.47926
17.20577
118.0453
83.48462	123.2387
9.818456	46.22065	44.12049
59.88717

86.17537	46.89906
58.13797	40.03191	6.567926	11.97745
13.4067	105.0845
1.995405
63.35317

29.39203	98.39658
76.47506	65.50551
88.84605	70.03609	48.53833	7.385963	66.66821
129.534	0.4610337
43.56043
102.4565	12.88976
78.92722	94.23861	60.73724	53.23683
67.44674
120.3021	121.2565
28.96344
87.25024	42.82746
30.51588	7.958368	125.0507	81.61352
127.8502	60.96294

102.2713
100.0867	52.45962	77.91111
100.0446
110.7259	14.11687
102.5481	24.63332

94.90407
2.357398	121.8054
107.922
125.6874	122.5625
28.90936	20.33527	114.5934

119.212
26.02957


130.1779	123.2354
31.71358	106.7831
3.109347
68.42246
120.9035


72.41413	58.75929
111.3801
77.98118	73.07264



89.97303
84.45406
46.71895	49.5279	14.18227	70.99158	76.68686	123.3116
84.77036	19.84266	6.753671
93.62561	80.07573
51.14397	110.9653
108.467

33.27298	9.154147	29.01662	21.54477


15.20693	101.7261
22.41153
70.5757	111.1263	29.51362



87.62997	21.32769






45.22176	113.6193	109.7289
40.39597	59.69708	113.197
104.362
28.21958	90.75269	109.9754
71.48639	23.73817	28.01006
36.54581	127.459	121.4517	82.89858

89.05276



122.7789	129.3842
92.4174
26.67357	118.9245
23.17965

54.87404	80.51684
54.63988	128.0305
95.01604
95.24868
95.77266	64.79049
116.4709	19.78277	12.22513
116.3225
12.75204
63.34708	115.4857	92.45961	16.07049

35.76697	97.53077	123.4658
110.4085
127.1552
55.4252
74.76837	61.16945
65.5151
5.143075	97.99668

90.76172
95.93973	28.59369
93.52122	92.33961	124.6408

127.4381	16.2817
116.7674	130.9236
124.9194	77.50423	127.8819	81.57951
119.2123
71.85624
114.9641	94.12096	12.79997
3.271801
64.79723	109.6615	72.13127

8.373841	118.6838
79.34157	4.785631
13.62231	109.3676	56.05526
83.39525
129.6705
0.7203678
128.8986
123.0981	71.78494	68.2699	36.13477
131.1434	16.02847

120.0667
125.2876
117.9447
71.16803	35.22575

1.670078	43.13705	37.75551
38.87216
26.25235	19.32916

82.80887
48.21292
36.0952	129.7895	10.30313
87.60242	98.11418	89.95713
86.8039

81.51217	102.7835	31.45535	80.6377

44.87132
83.88929
94.87983	117.3428
35.07655	20.91171	22.7036


103.0531
30.86875

10.03753
5.463559
37.84051
105.1832	42.81137	115.3294
113.408	73.45714	27.16664	29.8092	99.01663
122.9998	107.1683
115.8931

116.9723	63.9254	82.95881
113.9975

109.8152	99.54637
67.06603	21.58343
26.71211	17.41711
80.3784

13.77467

74.06079	75.83759	129.2207
80.45591
90.21845	123.5549	128.7599





123.307
128.6386
4.165661
54.72784	91.84912	64.06694
2.424833	106.8814	85.40777
115.7932	97.13102
83.76709	41.08334
16.64025	58.48988	111.6163	129.7057	130.0699
54.86187	84.0849	123.0784
86.5931



7.980498

49.98139

130.7947
19.9819	9.204295
3.979692	122.2539
29.56496	6.092579	124.3485

114.4063	111.2906	83.43856

55.55157

58.27423
34.33957
63.45469
86.30293	101.8822
75.27215
86.52748
89.38522	30.01054	112.4318	109.406
29.90132
121.8024	128.1433
79.25178
128.4282	89.56058	85.38626
123.6085

1.5034	68.93996
42.91	18.73194	42.80513
79.86872
115.2539	57.15646
2.416441
94.82052
12.63026
43.56297	54.67084	46.84649
25.08208	95.80882	91.90075
111.7314
30.57799
24.7681	16.14513
111.7979
102.1899

103.3477

