MassExtinctionTimes
130.1729
17.84338
113.3061




129.1841
129.3934	54.91967
130.0077
129.4313	69.92267
129.4093	65.50831	117.2605
129.4061
129.4061	48.61752
129.7889
129.4461
129.352	18.44582	52.40659	80.19197
129.6219	39.03745	9.954341	97.6651
128.1985	54.36296
129.3602	25.48984	28.65589
129.3602	72.37114	120.3527	62.84561	41.54838	84.64076
129.5904	71.84253	0.5072247	110.8084
129.4425
129.5865	23.35141
129.4574
129.4761	21.89346	0.8167288
129.5312	128.2627
129.7739	34.08467
129.1694	2.554772
129.47	120.5279	60.83495	27.07626
129.4375	118.7756	73.14934	7.113845	121.9197
129.4159	55.90356	122.1066	72.68546
128.1577	129.2162	70.06813
129.3635	40.27565
129.2287
129.4193	82.85189
129.468	69.95945
129.2905
129.3601	3.281158
129.4922	124.0458
129.2572	51.0001
129.209	8.27377
129.3313	2.001556
128.0923
129.4269
128.3283
129.3518
128.7099	41.15718
129.483	70.36818	54.0659
129.4449	53.45843	15.12168
128.835	54.08389	75.19076
129.4368
129.4368	121.1127
129.3046
129.5947	126.9343
129.9939	122.208	14.97789
129.4366	28.63553
129.4366
129.4006	48.26855	125.6658	73.46857	10.56191
129.4006	75.06481	48.45993
129.7534	72.47356	15.19081
129.4403	86.30884
129.3597
128.8638	47.41998
129.1135	29.9716
129.1135	69.31657
129.5601
129.0298	55.21602	77.67478
129.4584	75.09935
129.5486
129.0104	90.74142	58.15097	43.72861
129.3201
129.0076	113.917
129.046	25.66598
129.4395	79.95958
129.4457	66.38692
129.3865	114.5131
129.4339	56.16795	62.7829
129.4071	32.41921
129.4393	19.32226
129.6744	82.86221
129.3533	0.1773865	16.03295
129.0103	74.47782	16.4627	9.75987	60.18829
129.4844	28.48492

51.90615
18.53202

100.4204	72.27829
32.42886	52.31703	41.76357

0.7367529


128.6687

18.29695
62.73944
120.9464	11.23666
51.14442	5.628215


17.33533	61.23444
53.14282
129.0872
121.1469	70.91974	46.54671
85.9162
122.3353	71.01599	8.233409



48.79309	27.48075

119.9037
70.6295	45.25972
129.3637	118.6064
129.3518	120.6283	1.416627
129.6851	74.76946
129.2443
129.5693
129.3881	49.25665
129.2693	74.58075	130.0342	88.23637
129.6693	67.34645	27.63574
129.3951	0.5921833
128.8019	37.53299
128.7037
129.2938	7.860755
129.1605	17.26601
129.3676
129.3421	74.13461	55.87662	20.55213
129.0633	72.10935	4.599602
129.4154	73.75034
129.4234	70.31829
128.8553	62.10132	127.8562
130.0756	121.2089	101.0967	62.00912
129.2244	126.933	74.17456
129.4696	122.4194	59.24383	73.80267
129.3128	28.82695	128.1344
121.8115	129.5498	34.60501
129.5498	130.8483	56.72129
129.4056
130.0598	67.09841
129.3572	8.465491
128.8877
129.198
129.2541	78.60895	114.7763	11.09392
129.4423	128.311
129.5527	67.82071	37.73256	125.1283
129.3952
129.6366	66.44058
129.3929	71.25431
129.3929	130.9446
129.3929	69.11402	92.66492
129.4556	3.842328	32.71183	118.7712
129.4556	66.9444
129.4556	71.40408
129.5674	97.60876
2.425799	128.2058
129.5466
129.249	64.71824	18.25574	108.7178
129.4463	115.4157
129.4351
129.4351
129.5855	80.32595	8.552735	82.43868
129.4513	69.97375
129.4513	74.66055
129.3783	123.8006
129.4469
129.4275	81.24713
129.1897	71.19195	11.9314	79.81268
129.1326	45.6825
129.2221	84.16093	72.57481	100.3333	115.5046
129.3949
129.2804
129.1947	49.09991	55.56375
129.4864	74.53002	40.81392
127.9981	50.42017
129.4376	73.99406
129.3403	74.2869	53.20234
129.1232	21.58721	121.7611
128.1063	72.56136	130.0614
128.8316	29.09855	8.636908
129.3813	6.540655
129.5003
129.2768	53.66091
129.4317	75.23713
129.5535	97.30897
129.0539	73.8129	124.9454	2.06272
129.352	122.0051	74.18455	60.80008
129.5122	121.9383	93.67786
129.429	4.097721
129.5551	14.54579
129.4154	97.60498	124.8425
129.205
129.3735	7.691684	120.8963	70.03749
128.1504	114.74	73.67048
129.5067	55.52918
128.9087
127.6686	85.60758

129.6006	78.45551	71.82161
129.2033	72.78126	53.8299
129.3133	69.984	18.19148	3.029337
129.0585
129.4732	72.62007	24.90888	0.92117
129.3516	74.16867
129.3662	121.3275	111.9257	70.11202	52.74027
129.1574	123.4188	68.50578
129.6376
129.1938

35.44838


51.28042

73.7637
79.15524
37.73431

7.389108
8.95281	3.869969
94.18949

70.07023	41.39929	53.89187
78.89967

76.08885


9.419775
75.56545

130.5073
54.20756
129.1513	73.6253
61.94307	105.1932	71.08937	111.6314

79.17109	24.82495
2.108
52.97992
83.44364
34.62291	103.0449
74.39543	130.8952	8.138021


109.8906	62.9531	79.44379
88.2888	122.0081	51.67113	68.80245	62.05064
60.20961

72.23906
73.52454


73.88432
12.27774	83.22474	28.173
51.4406

74.4982
5.992674	17.10561

82.35795


49.97137	0.5427673	81.48058
130.8501

54.79247
88.43317
98.6648
112.8016
74.68738

39.36684	111.9309
74.43413	9.610759
128.8493
0.3351786	42.9332
1.655267
72.78976	38.989	70.3073
129.2985	37.53512	7.902879	125.2184


33.01007	119.1428	71.1425
8.422986


108.1638


71.58009
6.267791

37.87016	125.1252
69.51944
61.24913
28.69249
69.82244
6.824133
66.07389	0.4016869
72.86892
18.6601
54.08869	65.15572
129.4535	72.69593
129.4535
129.4535
129.419	1.927613
129.4461	122.464
129.404
129.5301
129.3801	127.9615	118.4408
129.3962	69.35129
129.4196	70.28495	98.63574
129.5304	49.92489
129.318	74.68213
129.4002	77.09825
129.4002	121.283	116.967
129.3553
128.855	0.01305114	45.06419	79.06478
129.4155	124.7694	36.53603	0.5991283	75.21866
129.437
129.3951	92.02841	121.5339
129.3329	60.40556
129.5366	119.5919	125.6266	73.78752
129.4092	68.70083
129.4062	71.99045
129.0772
129.4044	74.22938	3.777758
129.2283
129.4223	74.4099	30.52704	83.00341	124.2993
128.6916
129.5746	78.39504
126.8598
129.3109
127.7056	1.398572	36.14118
129.4471	70.98177
129.5455	73.42358	94.0144
129.4217	72.17415
129.4222	57.85813
129.3322	117.4789
129.137	106.4524	36.25536
129.2253	35.72179	72.21828
129.1257	54.1166	72.40107
129.3752	66.29413
129.4134	73.79046
129.5214	64.26164	65.90958
129.0951	78.46291
129.5825
128.8717	59.97499
129.5389	2.237088
2.461204	33.40553	21.7575

34.76269
27.3
130.4545	73.59633
2.0506	1.309923	101.8187
13.0746	92.09642	117.6241
74.44823
71.67707
83.90001
13.5148	53.22431
105.5429
19.9318

28.27297


19.56539
10.80252
72.88133
124.6619	72.22047	107.5136
54.1364

70.28201
7.64957

56.30594
32.1127

49.89276

60.82669	72.62243	59.69496

74.23481
129.1502	46.39503



12.82633	49.54154
46.07917

126.8304

15.73478	30.94782	49.42193
84.57221	83.2094

11.80787
85.06134
58.15625
62.37043


130.8975	10.4202
83.7261
69.98258	13.35813
54.34371	46.31004

11.25789



62.01175	68.99004

71.54035	38.14054	74.90179	84.84653
19.32567	15.04301	14.8774
68.06693	45.13912
7.340163

62.74326

103.0108



122.7201	38.83494
4.675906
26.87891
74.462	125.024
38.03656	71.94605
108.6321
35.89353	17.2997

28.08301
9.12166	40.30745
123.7481
0.1110344

51.73919
26.6811



60.71138	17.62843
52.61394


1.30436	92.27373


75.03511	105.2323
55.54624	72.68177
70.72167
6.126874
33.16355	31.27079	41.14791
52.93991
61.86662
15.46247



2.643988



128.993
129.709	18.16527
129.232
129.4697
129.5638	74.72534	2.735803	92.55044
128.329
129.1588	70.22996
128.7514
129.3678
129.5572	41.25735
129.3362
129.4127	40.04583	18.28037
129.4657	96.55082
129.7057	127.5817	120.8407
129.3949	93.72805
129.5344	124.123
129.5396
129.8544	9.304524
129.0078
128.7641	73.92716	42.37632
128.6962	2.602691	34.63265
122.4876
26.56526
75.43872
73.59321
128.8222	47.72842	39.3604	62.52228
129.4306	45.6148
129.4306	12.02902	118.0845	59.13021
129.4306	71.37564	94.51425
129.7381	74.57582	52.83612	10.07685
129.5185	85.78417
129.3829	107.7029	112.9156
129.1446
129.4863	73.52007
129.4658	14.777
129.5304	55.75239	23.86861
129.3617	128.0844	76.10101
129.3617	13.24562
129.4686	66.96515	5.623917
129.2295	73.63144
129.2848
129.4199	120.8114	46.56185
129.4199	76.12939
128.7267	103.1118
129.0556	3.546156
129.4745	73.33254	59.98662
129.5715
129.1769	71.04939
129.4369	117.4621
129.2268	61.22096
129.3492
129.0951	73.08599
129.1604
129.2732	74.93421
129.7615	5.321755	59.99798
128.5199
129.3217	72.22469
129.0475	123.0907
128.0512




58.1994
56.90069
34.19095	80.44037



74.41107	71.23749
129.9592	70.02693
129.4483	116.6668	35.35678


70.85676	67.63672	67.01623

73.45694	55.87687


28.84662	25.38914	75.07272
76.93184	89.80866
71.59723

71.30232
73.90836	131.0046	44.27645



24.56724	67.50921
3.583642	31.34147	66.03456


72.99774

20.93149	64.36511	59.23781
63.70014	38.91861

115.0227


65.27436	32.06937
70.42141
70.50943	4.807366
29.29658
76.5655	71.14293	17.83215
129.423	74.47113	3.409548
129.423	72.31751
129.2081	35.79337
129.3957
129.1881	54.62524	8.551378	126.1798

23.25036
57.13867

130.0789
74.02181

20.26829
117.3836
13.84588	48.84281
125.4828	3.332475
63.67672	1.096318	122.1978
8.506821



7.684311	37.41932	52.84762
9.824427	25.0862


14.85401

30.58616


118.5876	73.31089	100.1427	65.17079	2.339019
118.495	72.3125	44.08681
115.04	72.40574	112.9956	29.58665
121.8199
25.46308	71.99216	21.4973	10.58226	73.41702
12.6265
39.26414	1.700231

36.40707


129.8382	127.0567	49.23424
129.479	46.69207	85.58203
90.28146	30.63788	6.096304
78.31557	56.04505	100.9894
112.6943	71.85446	24.08548


39.43682
64.61564


111.8414
35.43817
109.783	90.52976	43.61108	72.36275
69.55079	43.56613

53.70723
0.6440789	71.3728
2.115417

122.7424

72.19658	18.53486
116.7238

29.62034	36.05586
125.3003
129.6212	49.48643	49.14953
53.77154	68.49312
73.90141	18.37992
125.0994
129.8037
129.8828	120.1282

46.11368
96.65717	9.02048
71.38443
61.35154
83.50131	91.71409	83.58742
11.78031	35.613
32.47794	71.02018
72.90132	66.87946	32.1156
34.09921	47.97633

83.62838	129.562	122.968	4.004245
130.7475	15.28766	69.9849	74.27243
130.9259	58.53147
129.3755
129.226
129.113	123.5965	72.15624
129.4706	24.83904
129.3391	79.92814	74.87686
129.4547	120.4426	49.08577
128.7147
127.4771
72.23983	10.54081
64.56197	62.80266
72.21011	11.13767	55.83734	15.79699	53.59557
29.86221
113.0412
41.85797


42.85775	16.90289	68.96076

4.907151	49.95672


6.784964
117.9524
120.723	73.46276	89.9386

0.01895655
12.40224

60.69305	5.224936
129.3259	83.3797
129.3687	42.0782	1.125789
129.6928
128.9863	128.8937
129.1632	72.86082	36.84555	17.79977
129.3749	75.67782
129.4057	74.11767	18.37365
129.3214
129.3214	72.69216	124.6181
128.9965	69.79221
129.0115	124.5276	72.11948
129.5067
129.6856	76.58881
129.4803
129.6031	13.49251
129.5086	111.9613	74.78522
129.3024	26.60086
129.4566	128.2204
128.5989	119.8701
129.3411	11.63153	71.36325
129.2791	68.4682
129.3982	73.59231	39.24429
129.0911	77.72597
129.0542
129.7676	103.9782	72.13343	58.85559
129.1235
129.2408	6.590643	1.936113	55.45067	41.83362
128.9038	57.64887	73.80757
128.1214	111.9482
129.8282	67.83185
129.5494	63.36507
129.5759
129.3362	124.5497	73.74033	89.20661
129.5189	74.08504
129.3916	71.37153	0.8222093
129.1073	4.318379	52.92246	81.4344
129.5643	69.50772
129.5059	114.5919
129.2952	64.15931
129.2952	69.80417
129.1452	9.883889	72.81043
129.2193	73.46669
129.5575
129.5655
129.5103	68.0034	58.93902	122.1034	6.863731
129.5791	89.49705	73.04442
129.444
129.3213
129.1789	60.19609
130.0524
127.6429	19.05238
129.4162	0.8096731	82.96395
129.4162	51.6288	39.36504	77.52911
129.4162	44.81863	50.64592
129.133	107.4318	35.66238	20.75446
129.5425	3.017225	4.238298
129.3036
128.1914	6.48263
129.4353	68.39516	43.82847	14.1607	82.77449
129.4279	74.09129	31.73665
129.4974	74.17861
129.2247
128.9335	124.4841	59.34786	33.97753
129.5335	118.6317	73.84903
129.3798	50.62681	83.67136	8.387147
129.4491	76.29479	46.92431
129.5539	74.31221	7.729741	26.38173
129.5539	89.8284	18.06906
129.2087	55.33483
129.2546	127.7023	18.05444
129.0975	73.35977
129.4503	36.67507
129.4503	69.84006	124.6253	0.4625367
125.2152
129.377	26.85782
129.3569	121.0473	32.15608
129.4075
129.5531	35.71885	11.20256
129.1454
129.3975	53.10359
129.5856	64.3859
128.7478	11.20413
129.366	59.6291	112.6191
129.4259	62.68417
129.4259	126.4569	2.272586
129.4315	72.54521	121.9028
129.5365	11.31094	28.40139
129.8863	9.633002	8.287679
129.3527	121.406	29.49564
129.1009	63.20898	43.19375
129.1855	73.53486	76.85843
129.5839
129.3425
129.2529	3.826013	44.51996	3.052696
72.91968
29.0858

74.57883

122.4822	9.309163



129.6465	63.72385

51.37675
129.2098
122.2664
50.71292

49.03724

5.404219
2.485548



41.45341
17.70497

59.52804
49.73902
70.74134	12.66874
74.88527

6.415852
10.06222
83.09452	7.56112

75.0111	129.9179	128.7993	35.01396
129.343	73.57994
129.7286	34.77712
130.035	53.71066	22.54447
129.4672
129.4201
129.4201
129.459
129.459	39.01413
129.459	74.05812	54.01951
129.8297
129.3969	70.16179
129.2784	34.74186
128.7513
129.3999	0.5763439
129.0058	52.25105	129.5512	37.28548
129.4419
129.4419	53.835	124.4853
129.0999	71.46313
129.3514	78.1678
129.5693	3.446282	96.26632	7.506609	69.97115
129.4606	9.667599	77.2595	37.32647	68.74691
129.4606	74.50555
129.475	73.58755
129.5548
129.4065	89.82334
129.4499	61.71229
129.4499	74.07981	20.17013
129.558
129.5574
129.5535
129.3315	118.5114	50.51836
129.5861	117.4953	74.26334
129.2786
129.5323
129.4762
129.1762	8.848687
129.4597	58.23929
129.7046
129.7247
129.4039	120.2051
129.4039	25.83378
129.5265	72.0408	115.8141
129.2999
129.5624
129.3733	97.41106
129.2223	69.63695	44.89089
129.4653	24.28599
129.4422	126.7786	70.24936
129.3109	91.75256
129.3937	119.5622	25.99757
129.3862	121.14	87.96128	54.92907
129.3144	74.37749
129.1853
129.4597	40.3512
129.5292
129.5251	74.08865	53.92137
129.3482	72.9911	76.96388
129.4536	70.78912
129.4536	129.0926
129.1996	47.903	56.00596
129.3916
129.5091
127.8115	18.74151
129.5854
129.3796	1.332933	17.74961
128.91
128.8889	120.372
124.4795	12.63275
127.01	76.79576
117.2435	59.79321	128.7518
69.72166	130.1832
85.56128
76.16866
50.9101
72.29228

0.5197599	124.4682

128.6405
129.3077	71.4294
129.3303
129.6104	66.59926
129.3629
129.3179	10.83608	71.84373	57.90804
129.1539
127.9774
129.5381	28.49361
129.3803	15.30752
129.4007
129.4007	114.5831	69.05744	37.18508
129.1035
129.3407
129.4253	100.2573
129.4253	70.6166	3.251728
129.4253	123.8673
129.4073
129.4073	69.35082
129.4041	27.93251	55.64933	99.32545
129.4041
129.3939	71.90578
129.5837	36.15231
129.3423	12.58495
129.1224	73.93247	121.1427	119.1222	50.56684	55.65081
129.084	130.0764	6.046016
129.5847	129.5107
129.3961	1.033647	66.2696	25.13097
129.3582	70.01288	35.4502
129.4299
129.691
129.4447
129.3274	43.51021	64.85083	3.689784
129.2997	48.57982
128.7593	72.37779
129.5691	76.12226
129.1143
129.6757	121.1068
129.2708	72.20238
129.3965	68.75113
129.3382	1.112256	65.87199	104.1772	118.9506
129.3114	6.731418
129.3943	10.50713	34.90709	57.39486
130.0752	124.6777	52.78196	16.18457
129.0524	59.32689
129.5539	124.3406	69.96107
129.4489
129.707
128.9988	32.03294
129.6457	57.65618
129.2243
129.5091	18.08191	119.0394
128.9032	74.33051
129.2524	71.38586	116.844
129.1594	90.35039	52.95811
129.4235
128.8115
126.9744	123.8708	65.13327	122.7963
129.4383
129.4383	72.63163	120.9067	47.44421	90.41298	16.11857
129.4383	69.44075
129.3684	59.47348
129.2973	17.60908
129.3858	87.54099
129.2212
129.2939	31.2071
129.1747
129.535	71.5183
129.1589	5.736424
129.1589	3.183177
129.2217	74.77504
129.4213	127.1188
129.2055
130.7636	73.26122	12.95775	130.0057	52.54482
129.968
129.7014	74.24209	15.65144

131.0319
59.47099
14.20058


119.01	3.763763
27.15074
1.819054
117.5016
130.8639	72.02232	35.15716



128.4376	4.696543	63.42804
129.5765	39.15345
129.4397	60.82065	52.30392
129.5146	62.84765	40.77421
129.3797	7.874065
129.3147	126.5939	72.54368	2.528639
129.5579	49.95591	84.71918	63.53071
128.9554
129.5211	93.57028	122.607	52.16682
120.2188	128.1017	73.96564	117.2413	89.15997
72.36307	129.552
127.4944	124.5532	26.26048	111.0121	69.98903
129.4369
129.207
129.7569
129.203	11.62609
129.1091	18.62455	112.0113	33.56373
129.2744	92.86814
129.0981



108.993

33.19456
70.11439
43.00371

69.29343

4.567935
59.42571
45.95639	44.35271
129.2123	74.10516
129.5211	74.69461
129.4548	72.43688
129.822	71.60257	15.57683
129.79	7.547614	116.1094
129.2452	120.1741
129.4325	57.79984
129.422	71.31044
129.1918	66.45858
128.9055
129.5142	74.40223	11.80776
129.2196
129.4084
128.655	90.34637	8.799583
129.5357	1.966711	75.1459
129.4707	120.6504	39.60128	40.54157
129.7504	41.46196	72.29546
129.1928	12.25545
126.8448	33.48465
129.7949	74.65348
129.1046	114.0407
129.0028	124.1115
129.5611	37.15214	25.63439
129.4692	73.42071
129.2661
129.0967	74.44429
128.9214
129.2112	46.03753	62.29174
129.4482	34.1681
129.5363	54.51582
128.6964	119.4986
128.8099	61.77383	55.31528	17.66046
128.6876	122.7344
129.5039	123.1468	3.758322
129.4902	14.63858
129.6617	125.7152
129.4741	1.378276	88.85595
129.4741	93.82714
129.3704	72.66129
129.4585	59.20628
129.4585	125.1725	98.63383
128.6064	19.16085
129.356	71.5558	43.46621
129.356	31.53472	72.25873
129.5418	73.18141	33.63901	65.53038
129.4839
129.5104
129.8086	74.41638
129.385
129.095	74.24677	123.7736
129.4754	72.87524	62.92489
129.3248
68.18937	68.66643
7.341436


22.28125	53.71715

58.51589	66.89622

88.73205	33.13876
73.57044	49.96135

128.1995	26.74275




72.71217	131.0478	85.88711
71.75414	55.25209
25.12844	11.33453
129.412
129.2707
129.3258	73.17268
129.3739	72.7991	64.16834
129.0447
129.117	73.29142
129.5815
129.0995	55.48081	57.93581
129.2912	62.24928	9.788966
129.238	69.64534
129.218
129.5684	58.18948	62.22574	5.233035
129.3949	99.74386
129.4271	119.703
129.1834	48.14316
129.3427	71.33023
129.405
128.6823
129.3861
129.0319	53.53427	130.522
124.2533	129.1997	128.8437
129.4294	0.1897084	24.60969
129.5346
129.3622
129.2319	120.4484	119.5875
129.5575	129.4013	52.36691
129.4287	123.4421	13.85268
129.4287	118.6895	87.06611	68.12841
129.2129	74.52502
129.4542	18.51631	7.657859
129.4595	125.2999
129.5741
129.5325
128.9993
129.3827
129.3827	74.4336
129.379	99.27092
129.4778	107.6803	16.88553	82.96443
129.4546
128.812	73.02198
129.4294
129.4382	70.1412	6.565479
129.285
129.2787
128.913	74.40648	122.6902	79.62468
129.5669
129.4013
129.3741	115.097
129.436	122.1739
129.3	79.21676
129.4589
129.4057	73.58746	66.13419	42.72582
129.4508
129.3019	68.93613	86.0931
129.5188	121.0835
129.3701	25.11158
129.3701	42.97253
129.3701	6.918793
124.4258	129.576
129.2087
128.9595
129.1363	53.51316
129.4552	54.21483
129.4552	53.84114	11.36676	31.54823
129.4552	121.083	35.9184	60.11735
129.4552	121.3892	74.114
129.4552	58.92133	9.98398
128.989	74.43858	2.164728	31.66447
129.4132	75.1517	122.7815
129.3605	73.67243	100.5089	46.33385
129.3348	50.68599
129.9291	38.38471	0.3538128	70.69161
129.1276

129.1043	50.18547
129.4026	50.65968
129.5896
128.8779
129.0121
129.4068
129.3838	120.377	68.55867
129.4761
129.1855	122.4021	130.6384	18.84134
129.389
129.228	73.77947
129.2352	75.23354	74.93418
129.2188
129.2188	29.72811
129.4702	117.6459
129.4038	117.2696
129.4038	84.15991	28.00179
129.337
129.4329	74.52106	54.77625
129.4329	66.32332
129.4659	73.49139	62.94199
129.4414	44.24201	35.33937
129.4399	90.81151	58.36968	34.82845
129.4399	39.39025	16.22433
129.4399
128.5837	71.00519
129.1576	72.94322	59.18999	35.23591	21.00549
129.1041	44.195
129.3795	9.777316
128.9925	25.11918
129.2458	121.6463
129.5748	116.8228
129.4561
129.5729	60.49695
129.4924	74.48071	104.0623	62.28009	39.59099
129.5087
129.538
129.2292	70.38783	108.8283	43.13809	59.79313	41.84044
129.5692	74.04119	25.2727
129.5809	42.45573	117.1328
127.9623	29.8295	71.38391	84.82492	35.49971
128.8141	127.1202	41.87556
130.3244	126.4457	20.55047
129.1347	120.0366
129.4645	125.39	112.9271	127.8586
129.3094	12.08577	61.91919
129.3237	82.84163
129.4473	71.57145	53.02886	9.649468
129.6199
129.7357
129.1283	47.27254	34.98284	70.76634
129.4438	3.691954	74.07309
129.3124	72.10481	28.5601	68.59194	52.96759	24.74088
129.1657	42.2441
129.3708	2.7288
129.3548	22.74349	80.41062	101.4467
129.4611	3.042882	117.8243
129.5165
128.8637	71.47288	18.45581	119.6565
129.5023	117.2352	10.33827	76.6588	99.72828	68.80458
129.4279
129.3786
129.3786
129.3786	31.4689	72.31207
129.4591	84.10459
129.4591	85.38703
129.4591
129.3159	47.8823
129.1398
129.2167
129.3678	68.28744
129.6932	76.55404	12.15413
128.9752
125.9884
129.458	75.47634	61.83595
129.458	69.43856
129.471
129.3619	0.1047018	71.63714
129.4268	86.54154	48.08068
129.4431	23.99455
129.4476	17.97962	9.742258
129.4476
129.4253	30.72516
129.4325
129.2181	65.45747
129.4556	35.54909	74.00672
129.4556	74.46053	64.64083	33.51931
129.4665
129.4665	50.8273
129.4501
129.4093	2.055628	127.7031
129.4725
129.5842	70.3509
129.4946	75.01656
129.3531	74.119
129.12
129.9243
129.3731	118.4845
129.4484	83.6045	32.00693	70.91109
129.4484	47.92727
129.4484	72.11336	37.72311
129.3165	100.5494	117.5376
129.4508	54.39163
129.4428	17.11734	90.50471
129.4428
129.3344	74.10324	126.7671
129.3405	66.23344
129.4215
129.3845	102.29	70.53256	14.8879
129.446
129.2943	74.32559	53.11047
129.3975	77.30073
127.9734	101.2136
129.5902	71.5297	74.42201	100.8705	16.73222	1.275341
129.4574
130.064	89.63293	50.30202
129.2072
129.2072	74.13557	94.12671
129.5546	28.40608
129.1922	72.57898	2.35494
129.1258	3.253771
129.2806	25.78464
129.4827	28.02098
129.3839	53.71366
129.5823
129.3611	29.4864	72.6167
129.4143
129.3416	72.99195	52.30232
129.2142
129.4283
129.0705	50.99084
129.3138
129.3138	92.29832
129.5831	86.60938	120.851
129.6936	86.23037	74.46324	45.64613
129.5614	101.5904
128.713	130.3671
129.7303	74.0637	58.65093	15.03421
129.4633	3.627795	54.46411
129.2122
129.3138	9.784904	9.5126
128.2097
129.5697	74.48792	10.1491
129.4445	74.51581	73.70274
129.4751
129.4636
129.3255	125.7084
129.6002	46.80761	116.3375	36.02743
129.3714
129.2416	75.47938
129.2684	52.25883
129.5099	74.21401
129.3543	19.59555	72.82974
129.4419	75.68938
129.3714	67.00896	2.185612
129.3714
129.4637	9.547013
129.9723	104.9244	53.40367
129.386
129.1842
129.3908	86.71924
129.3908	16.47961	79.24482
129.4555	70.35773	23.27273
129.1558	25.00277	12.40144	66.47297	35.46701
129.5214	73.9601
130.974
130.0147	50.79848
129.4691	118.7118
129.5325
129.2873	124.6658
129.1229
129.1481	120.9683
129.8826
129.3344
128.5266	63.11308	73.65448
129.1853	41.53685	14.33473
129.1853	36.55532
129.5555
129.2693	60.70429
129.6078
129.3547	47.975
129.3547	73.66943	57.75385
129.5814	3.508393
129.5947
129.296
129.4369
129.1966	59.47091
129.5925	42.47724	2.358476
129.4763	35.44437
129.6525
129.5031	73.40252
129.5508
129.1164
129.5245	35.65034
129.3661	72.89764
129.2386	118.4436
129.2289	62.0858	8.493036
129.68	81.39775
129.9636	129.2301	28.83576	75.6963
129.3101	44.07814	74.32215
129.5502
129.2234	72.93907	8.339045
129.4175	26.64193
129.0299	0.6195781	84.81008
129.3841	121.2953	71.71812
129.6886	64.12326	73.03256
129.4177
129.4333	58.12134
129.4276	79.6921	73.19066
129.2301	62.14277	56.37845
129.4326	92.87534
129.5418	125.2198
129.2327	82.33531	7.414567
129.4574	73.52226
129.099	95.481	21.07153
129.1644
128.893	84.13023
128.1998	90.10103
128.6349	18.67322	68.95879
129.3672	10.56484
129.061	60.11372
128.9054	70.90108	56.27273
129.5283	73.66269	112.6226
129.7369	60.85197
126.5874	75.07561
0.202643	0.8190145	73.77189


15.14405
55.72091
33.08924
10.34944



2.996673


128.7835




68.05234	47.07772
73.66985
23.20451	13.9664

100.1575	49.48039
71.16246	13.49664
28.91994
35.73377	31.784

9.457502
43.47447
52.40991

129.361	85.46427
129.8748	74.85864
129.5274	73.93025	0.4003328
128.6713	73.83226
61.95807
101.3904
73.78763





3.134333
25.48961
73.81085	43.64247
17.04833
64.10856
27.5325	65.4256

71.50452	111.6773	53.45304


62.90153
75.60843
83.02277
35.86739	10.59248

1.3835
74.12541	21.36783
125.1603	73.72676
18.24331
52.49208
129.512	38.77999	41.21953
129.6855
129.4516
129.4516	46.16639	35.8796	42.59181
129.4516	17.73989
129.4516	123.2447	12.07179	66.04932
129.3862
129.3921	59.16885
129.1537	90.20695	111.6697	25.35634	71.24062	77.25497
129.1191	77.31626	17.03414
129.1461	55.41318	35.93333
128.8713	29.55045	44.74914
129.8085
129.5692	59.33152
129.2257	88.22497
129.224	7.189202
129.5657	44.00015	120.1176
129.5382	73.1357	18.71942	15.04185	121.1612
129.0732	126.7792	125.5032
129.1037	2.058948
129.5165	71.41322	60.10783
129.4039
129.4039	70.60797	34.20469
129.4039	74.41367	126.8536	55.86972
129.3789	68.26546	33.02872
129.0249	120.6695
129.0681	58.42188
129.4237
128.0628	73.62762	47.5446
129.5815	71.92588
129.5785	64.31001	50.19173
129.5643
129.5643	61.11262
129.2993	84.7324	11.2355
129.8374
129.1198	100.3379
129.4381	70.98627	24.38155	129.9566
129.1797	70.2945
129.5683	13.92984
129.9752	46.14655
128.8784	119.9399	74.43711	72.09507
129.019	80.0294	53.94814	1.967458
129.4112
129.1831	76.40082
129.1629
129.3772	72.32643
129.9957	57.779
129.4097
129.1143	30.05456
127.5912
128.9731	117.8103
129.5353	4.477977
129.4335	33.03654
129.3999
129.3942	124.5573
129.2526	119.284	95.53484	5.471811
129.5778	125.1438	99.7373	89.01188
129.3788	114.7066	71.12145	121.6306
129.364	123.2961
129.364
129.518	3.087798	23.93912	76.49951
129.4314	74.78152	115.2806
129.4314	122.1127	54.65781
129.9802	43.92694
129.4527
129.3133
128.8137
129.45	36.69344
129.1858	1.864964	34.78496
129.4529
129.331	113.927	30.55251
129.331	29.42011
129.1104	35.83095
129.177	127.7518
129.5819
129.5447
129.3571	38.91195
129.3225	73.57173	30.83788	86.76262
129.1481
129.5789	75.08955
36.87075	49.31976
105.7342	27.21249
7.911828	21.4707	4.81508	127.3885	106.9529

44.75605	89.14776
28.58425	21.33884
68.65857	90.94318
3.894321	50.02176

121.1221	72.61668	46.07491
72.39611	117.9232	48.44305
70.21479

65.25187	33.81004
42.60541	6.225297


114.6781
46.70958
53.83454
19.18059
43.49355	80.72532
15.97375
60.9882

38.47201	38.00939	101.1731

92.892
127.8931	73.40038


127.5579	54.46921
128.0987	11.35264
3.247988
70.96855
62.15807	82.16815	102.0483
103.0909
72.77615


115.1156	74.19794
96.86554
57.53095
67.8039
17.37837
64.26661	117.2534	88.56117	95.10398

89.77734

45.62117	17.88123	10.76965
68.7815	2.074757	25.31856
0.2193667

33.1772	30.34411
74.44687
53.132

40.78045	73.67201
83.17882
78.48467	12.20212


21.82018	39.65239
56.95898
100.7749	56.2467
129.7266
129.643

69.94562	4.017115


129.4887



46.91378	80.99828

127.6278	30.66564	47.41284

93.77059	12.91117
77.57054


74.94848

5.624343

45.07685
28.64585

84.85587	5.416259
8.526372	47.19004
62.33926
70.12318	48.933	83.33313	3.918497
38.38269
70.97037

74.28326
14.08116
128.7316
129.4472	69.95833
129.5212	72.17157	128.9802
129.5593
129.3855
129.2601	2.385328	75.45989	4.510108
129.4456	12.02879
129.3733
127.3301	129.3896	24.3574	1.160432
129.3896	63.50013	62.03945	94.37976
129.4439	4.784538
129.5491	89.85077	51.23024
129.4185
129.2061
121.6981	129.2039	125.227	16.14146	56.04616
129.3659	121.4551
129.7225	15.62396	33.49402
73.94312	115.526

71.83436	18.34361



53.57769


5.862916	5.965008	70.57242



0.6344011

118.6394

129.1224	72.54691
129.3582	53.98013	8.023371
129.2335	125.2985
129.6348	76.56621	51.28654	68.33052
129.1139
129.7102	65.87996
129.303	74.42325	115.4475	3.584002
129.3438	58.55302
129.4335
129.2267	4.759563	38.90231
129.3815	73.99
129.38	121.1856	2.761009	31.8686
129.7994	2.39071
129.4489	73.6179	54.37784
129.2514
129.5484	119.075
129.4801	73.95499	35.82653	13.22814
129.5567	121.7897	74.05891	29.48583
129.4513
123.1303	128.7438	9.099351
128.592	84.39663
130.0604	63.3905
128.7153	72.9557
129.1731
128.6931	34.59784	2.379061
129.4763
129.1999	68.79986
129.404	73.94431
129.5323
129.9071
129.3273	18.8394
129.3131	125.5802
129.5727
129.4126	75.19477	11.7693
129.0249	41.80382
129.3521
129.5455
129.2022	55.68079
129.4253	109.7661	56.05173
129.1731	70.88155	19.61211
129.2499	83.10559
129.4735
129.1832	86.72438
129.3882	54.08055	101.5376	36.28395
129.3367	12.88392
129.4913
129.2277	114.6614	27.28772	65.19453	120.4197
129.3505
129.1993	63.13862	32.91266	61.6969
129.0541	99.67173
129.2983
129.1844	13.75006
129.3456
129.2971	1.386254
129.344	69.83556
129.3172	73.23594	103.188	10.04883
129.3172
129.5221	12.10653	7.554619
129.8593
129.2098	125.5972
129.3986	122.7982
129.4179	89.87391	30.00787
129.2343
128.8956	129.968



130.0209	123.4262	37.55741
129.3728	39.44761
129.5942	37.02215	17.80841	77.3417	66.80058
129.2561
129.5605	122.2369
129.2116	79.7341
129.1797	49.04275	2.424616
129.4429
129.4429	2.17074	9.902125	13.4146
129.4429
129.1492
129.2306
129.5198	1.071888
129.3316	40.32093
129.3956
129.4814	87.95729	51.44623
129.5672
129.5672
129.2517
130.3193	69.47395
73.79938	59.97986

9.507808

129.5453	74.37075	51.29208	59.39949
129.3693	43.12934
129.3693	3.417203	68.21543
127.8856	66.3383	1.884632
129.2924	72.57299	19.94419
129.2924	62.21104	31.45182
129.2924	59.78933	70.1703
129.4509
129.2872	7.176694	10.15841
129.426	114.2852
129.2356	73.81043	23.95159
129.3363	6.025841
129.155
129.0637
129.355	72.49459
128.9289	58.09929
129.3422	119.134
129.0918	54.18928
129.5421
128.7445	65.26147
129.102
129.4965
129.3805
130.0018	28.87931	116.3008	83.50406
128.6951	119.7026
129.4251	89.33986
129.4251
129.013
129.4476	67.39986
129.0555	71.69309	115.6099
128.8032	125.1094	55.59069	118.1423	30.59738
129.5601	72.64323
129.5965	74.30936	56.58845
129.2748	124.3602
129.9323
129.0569
129.4425	69.25259	69.99643
129.4425	11.03392

90.15424	39.74343
7.71998	3.660716	73.54579
5.826615	72.94315

102.5896	61.87163


23.03867	19.91837
88.37035	112.0753
90.06944	75.58709	3.68802


40.47063


129.4216	47.52413
129.24	119.5938
129.3747	125.355	60.4209	15.48203
129.3988	56.68117	88.21131
129.4082	48.06343	88.08813	13.43482
128.7725	78.94463
127.6789	73.98894	41.67733	124.1907

38.26985	17.87374	89.10449
54.45542	129.1157
127.6191	29.20774	28.90526
128.9364
129.268	30.90934
128.9316	116.9277
129.194	3.093515
129.225	74.00333	121.2623
129.1456
129.3122
129.5894	88.05233
129.509	28.2935
129.1636	71.51569	28.91864
129.3484
129.4201	94.36176	63.88369
129.4228
129.5279	72.17805	110.2218
129.3021
129.3837	52.2611	78.61905
129.2694
129.5239	83.17627
129.4969
129.1534
129.5476
129.4098
129.1281	102.2314
129.3781	73.36337	72.9366
129.3367
129.4752	39.69301
129.2791	127.0278
129.1356
128.8501	53.17119	81.92939
129.3925	123.234	11.27378	1.10408
129.3925	73.77894	117.8422	54.98843
129.8092	73.68639
129.5554	33.17316
129.5643	71.14875	118.7512
128.1904	65.50859
129.289	75.04225	114.8301	38.02984
129.421	72.94929	120.3045
129.2051
128.6576	92.99741
126.7765	68.1189	56.31267
128.6288	84.17572
129.3918
128.0634	77.18494	47.12341	23.60316	41.82556
129.4971
16.18217


71.24129

51.54462
73.41523	71.26947	129.4085	11.3313
61.77343

41.56708

0.9720709


128.7395	72.40865
129.6954
129.5014	11.97779
128.1624	72.09911

95.21836	93.65323
77.1068	13.97679
27.87682
71.47834
101.8965


129.2741	74.15263


129.3908	71.34054	90.55382
129.1804
55.67684

42.33351	116.5596
14.99817


72.55791

16.01822	60.70352


5.931232


116.1971
33.71135	102.3214
120.4227
41.14272	119.5894
13.35195	67.80689
124.7346	46.31464	114.4187
21.81385
28.69995

73.56964
23.38597
24.34731	24.73049
3.599481
88.87264

130.9291	49.80423
81.6258	58.00065
90.0095	78.38905


32.87563	52.75919
75.12742
29.1912
73.61606	39.36473	116.1127
81.82818	3.338608
129.3576
74.31358	6.952153

1.894342
10.93239

71.67546	41.52499
74.66164	37.31207	4.535915
19.67936
27.43286	28.10795


100.1005	1.804642	1.678899

70.58446
55.28462
74.27192
41.57945


84.65674


55.38426
12.0762	54.08122	9.273548


70.90029	89.71762	78.71478	82.15555

111.1798	123.1798	28.65719

90.07152	45.02546

14.98789	59.12687
74.52092	127.8403
129.3357	46.21281	96.0813
130.5969
125.1803	48.79817
124.3081
129.44	56.54421	55.96063
130.0741	70.03178
129.939	110.2353
23.39424	1.289951
72.54795	84.89303	86.92307
10.94623
53.48176	80.61208	117.6879	124.2626

12.1217	73.11502

73.45842
6.569534
8.951668	53.37563	117.0049
29.52303

108.7443
118.014	27.54282	73.99232
72.0747	28.97109	6.673632	3.022538
67.42423

9.137717
122.1653
125.4222	27.25434	83.0355
34.55756
1.218567	4.926394
77.94096
30.91275


