Iteration	posterior	NumSpeciation	numExtinction	numMassExtinctions 
100	-1093.20344946194	5	3	1
200	-1097.81510495546	4	7	1
300	-1087.75261579424	4	2	1
400	-1078.30633947108	4	2	0
500	-1086.33616852279	4	4	0
600	-1091.67714245765	5	4	0
700	-1084.42664686099	3	4	0
800	-1096.00996986069	3	5	1
900	-1083.60386532835	4	1	2
1000	-1086.12667162199	3	3	1
1100	-1087.40302900597	5	1	2
1200	-1095.66303464877	3	4	3
1300	-1083.33283352667	4	3	1
1400	-1084.02765854885	2	2	2
1500	-1082.95295080008	2	2	1
1600	-1082.5227666662	4	2	1
1700	-1100.83707469778	3	3	4
1800	-1102.45634793482	2	3	4
1900	-1091.13677325334	1	4	2
2000	-1090.16154620797	2	2	3
2100	-1099.42870137014	1	2	6
2200	-1098.2221927422	2	3	4
2300	-1075.41505961942	1	1	1
2400	-1087.39487659231	3	3	2
2500	-1074.39692647295	2	2	1
2600	-1087.10302949495	1	2	3
2700	-1083.38032205184	2	1	2
2800	-1096.36696439511	3	5	2
2900	-1088.93579638932	2	4	2
3000	-1092.13198898984	3	1	4
3100	-1102.5268594159	3	4	5
3200	-1089.48407672431	2	1	4
3300	-1089.36737653568	1	3	3
3400	-1079.14179631479	2	1	2
3500	-1091.67591317837	4	4	1
3600	-1084.58394122726	4	1	2
3700	-1080.8318785248	2	2	2
3800	-1080.42300183071	2	2	1
3900	-1083.94622549965	1	3	2
4000	-1090.18395932188	6	2	2
4100	-1085.17399054602	4	1	2
4200	-1090.31448375617	5	2	2
4300	-1084.03146015868	2	2	2
4400	-1081.02886735876	2	2	1
4500	-1079.13663834181	4	1	1
4600	-1086.13101350528	2	3	1
4700	-1076.70722968333	2	1	1
4800	-1084.54797680049	1	2	2
4900	-1086.77954219498	1	1	3
5000	-1086.75251181734	1	1	3
5100	-1097.15284854215	3	3	3
5200	-1086.75876215957	8	1	1
5300	-1089.64537922882	5	3	2
5400	-1089.33032342967	4	5	1
5500	-1085.00969690702	2	2	2
5600	-1087.15447487085	1	1	3
5700	-1084.20893075133	2	3	2
5800	-1079.34049949836	3	2	1
5900	-1108.69582789998	5	3	5
6000	-1084.88288245827	2	3	3
6100	-1090.37047436585	2	2	3
6200	-1088.58384079273	5	1	2
6300	-1076.85898905721	3	2	1
6400	-1081.5831203255	1	1	2
6500	-1083.54406395596	1	2	2
6600	-1080.8648033657	1	2	2
6700	-1084.81604091303	3	4	1
6800	-1097.81031703922	6	2	3
6900	-1082.72427756658	1	1	2
7000	-1082.43330221724	1	4	1
7100	-1098.91359918316	1	3	4
7200	-1082.23419952497	2	2	1
7300	-1083.48488289813	1	2	2
7400	-1098.28972054611	4	5	2
7500	-1089.262258825	2	4	2
7600	-1081.26487127063	2	2	2
7700	-1086.48767479125	4	2	2
7800	-1090.9175349242	4	1	3
7900	-1084.87954663476	4	2	2
8000	-1090.15033143473	3	3	2
8100	-1082.28325436884	2	1	2
8200	-1090.47040424602	2	2	3
8300	-1095.79353224968	1	2	5
8400	-1082.2529704713	1	1	2
8500	-1079.40362348869	5	2	0
8600	-1091.26085534009	5	4	1
8700	-1083.58686346275	5	3	1
8800	-1073.08911808792	3	3	0
8900	-1077.9874045215	3	1	2
9000	-1092.40312462971	3	4	3
9100	-1077.04202564784	3	1	0
9200	-1079.36683462275	3	1	1
9300	-1080.32552097354	6	2	0
9400	-1080.21505785018	6	1	0
9500	-1089.11139984463	7	2	1
9600	-1073.18719004478	3	2	0
9700	-1081.01688863512	5	2	1
9800	-1076.30944204768	3	1	1
9900	-1089.29381673962	5	3	2
10000	-1085.62325771407	4	1	2
10100	-1088.77922084513	6	3	0
10200	-1081.15432698059	4	3	0
10300	-1097.97942857849	4	3	2
10400	-1078.25602572371	3	1	1
10500	-1086.03375015394	3	4	1
10600	-1089.58591289458	3	2	3
10700	-1084.49786457989	6	1	1
10800	-1089.92288153975	4	2	3
10900	-1086.56500192478	5	4	0
11000	-1079.45299658017	4	3	0
11100	-1080.03781943641	5	2	0
11200	-1092.94170168579	5	3	2
11300	-1077.62686138954	3	2	0
11400	-1102.54912094077	9	4	1
11500	-1094.84101920702	5	3	2
11600	-1079.07751118057	2	1	2
11700	-1085.88998245341	2	2	3
11800	-1090.52127512578	3	4	2
11900	-1086.39538950744	5	2	1
12000	-1088.13316740442	4	2	1
12100	-1085.52916757727	3	2	2
12200	-1098.94534212909	4	2	4
12300	-1094.32766613784	2	4	3
12400	-1088.06949612391	4	4	2
12500	-1082.65141590126	1	1	2
12600	-1081.45099998423	1	3	1
12700	-1083.49475691298	3	1	2
12800	-1091.19117675678	5	2	2
12900	-1075.20608887535	1	1	1
13000	-1092.58621863656	1	3	4
13100	-1086.40315519881	2	1	3
13200	-1075.8315655413	1	1	2
13300	-1082.51802835275	2	2	2
13400	-1089.48743530811	3	1	3
13500	-1098.11574136273	1	3	4
13600	-1085.23004799032	1	2	3
13700	-1095.9144937459	1	5	4
13800	-1093.05947075221	4	2	3
13900	-1095.73102765551	5	1	3
14000	-1095.68217077941	2	4	3
14100	-1092.82774090214	6	5	1
14200	-1086.99410762765	2	3	2
14300	-1096.77943594587	4	5	2
14400	-1083.44864103548	2	3	1
14500	-1078.38446280416	3	1	1
14600	-1095.31338232862	3	2	4
14700	-1085.76739773251	4	2	2
14800	-1098.6725225064	3	3	4
14900	-1082.64012385962	3	2	1
15000	-1082.95175054018	2	1	2
15100	-1088.61435748766	3	5	2
15200	-1085.64830288742	2	3	2
15300	-1096.92682512288	2	3	3
15400	-1091.39902752232	1	2	4
15500	-1091.2606656434	4	4	2
15600	-1084.34055837385	3	3	2
15700	-1086.63592761277	4	2	2
15800	-1090.12222030584	3	1	2
15900	-1078.6538978242	2	1	1
16000	-1102.71718368601	3	2	4
16100	-1087.74412732993	2	5	2
16200	-1075.63499031751	1	2	1
16300	-1092.02040497645	6	3	1
16400	-1097.40252879717	4	2	4
16500	-1082.92919684024	2	2	2
16600	-1078.24379778616	2	1	2
16700	-1089.86860664976	2	4	2
16800	-1079.14142837379	3	2	1
16900	-1079.77558958314	1	1	2
17000	-1091.21583726242	1	2	4
17100	-1086.6132510795	2	3	2
17200	-1107.23167546463	4	4	5
17300	-1080.77364085237	3	3	1
17400	-1079.38749551164	4	1	1
17500	-1098.33408673094	4	4	3
17600	-1086.00400077058	2	1	3
17700	-1098.45421119972	6	1	2
17800	-1082.88490578816	1	3	2
17900	-1086.80805865281	2	3	3
18000	-1088.09033974338	2	2	3
18100	-1094.47506237858	5	2	3
18200	-1098.99409239414	3	2	3
18300	-1095.87876440129	6	2	2
18400	-1079.15192437633	2	3	1
18500	-1084.83640241448	2	2	2
18600	-1080.20517317575	1	2	2
18700	-1100.48054398865	1	7	2
18800	-1095.61414900692	3	1	4
18900	-1096.89094061487	3	3	4
19000	-1095.11050415904	4	4	3
19100	-1087.16478727553	5	1	2
19200	-1085.54070225619	4	2	2
19300	-1091.19571440452	3	4	3
19400	-1091.82476448316	4	5	1
19500	-1095.83613721642	2	3	4
19600	-1087.23358813723	1	2	3
19700	-1082.16865130891	3	1	2
19800	-1078.68449739452	2	2	1
19900	-1088.10614086558	2	3	2
20000	-1092.56837416913	5	4	0
20100	-1094.10569402483	4	2	3
20200	-1089.88983703939	5	1	3
20300	-1093.30168709665	2	3	4
20400	-1083.12773597104	3	1	1
20500	-1094.50591114597	2	3	4
20600	-1079.78916423121	1	3	2
20700	-1096.40467149718	1	2	5
20800	-1089.46142247626	1	3	3
20900	-1081.87246824671	3	2	1
21000	-1077.21730077487	1	2	1
21100	-1084.63666613419	2	2	0
21200	-1082.11955479256	3	1	1
21300	-1088.02971846518	4	5	0
21400	-1075.91553127604	3	1	0
21500	-1086.45568486164	3	3	1
21600	-1082.1446553359	5	1	0
21700	-1087.284396662	4	4	1
21800	-1082.74968313702	4	2	1
21900	-1083.29016894056	5	1	1
22000	-1096.596814342	8	4	0
22100	-1086.75740211084	4	4	1
22200	-1100.49564199593	6	4	2
22300	-1081.51598845501	4	1	1
22400	-1082.30321175571	5	2	0
22500	-1096.12505226623	5	2	3
22600	-1080.90643508118	3	3	1
22700	-1077.14207419844	3	3	0
22800	-1089.67992992136	5	3	1
22900	-1081.86677460516	5	3	0
23000	-1081.02045260035	6	2	0
23100	-1088.46110090692	6	1	1
23200	-1082.09065104799	4	1	1
23300	-1083.8991003082	6	1	0
23400	-1082.64742222085	4	1	1
23500	-1076.70235949392	3	1	1
23600	-1085.75466000153	3	2	2
23700	-1093.88187288667	3	1	4
23800	-1076.69277884854	4	1	0
23900	-1082.79544205425	3	1	2
24000	-1086.7955997539	5	3	1
24100	-1091.03470102987	6	4	1
24200	-1082.82882334613	4	3	1
24300	-1085.2085516596	4	1	2
24400	-1089.34626389296	4	1	3
24500	-1076.66701238998	2	2	0
24600	-1085.29748311378	7	2	0
24700	-1086.87614452155	3	1	3
24800	-1106.05004197159	4	4	5
24900	-1083.69649026719	3	3	1
25000	-1081.31549759635	6	2	0
25100	-1086.90004029739	5	3	1
25200	-1080.12890493161	5	2	1
25300	-1077.35890488541	2	2	0
25400	-1081.21778976393	5	1	0
25500	-1091.36527026237	7	3	1
25600	-1094.39596991858	2	3	3
25700	-1089.07509282571	5	4	1
25800	-1073.27752400345	3	1	0
25900	-1080.07443290668	4	2	1
26000	-1081.97409691661	3	1	2
26100	-1077.92964179554	4	2	0
26200	-1085.40341025795	5	2	1
26300	-1086.44594326826	4	5	0
26400	-1081.90430518113	4	4	0
26500	-1096.68227222255	4	3	3
26600	-1081.2568642899	4	2	1
26700	-1071.74792490585	3	1	0
26800	-1082.0502236883	4	2	1
26900	-1078.33512898108	3	1	1
27000	-1085.86784639686	6	1	1
27100	-1080.37618490483	3	2	1
27200	-1087.04002900976	6	3	1
27300	-1098.61003311226	7	6	0
27400	-1097.88557994952	8	2	2
27500	-1087.89145329751	6	2	2
27600	-1086.12821776284	4	2	1
27700	-1098.42846443795	2	4	2
27800	-1104.08257664725	4	6	1
27900	-1092.486974184	2	2	3
28000	-1101.55458621285	4	3	4
28100	-1083.87038515862	2	4	0
28200	-1079.26617503092	2	3	0
28300	-1108.44658298078	7	3	3
28400	-1088.25771610433	5	3	1
28500	-1085.21946233448	3	3	0
28600	-1085.43569566974	4	4	0
28700	-1090.43340594733	4	2	1
28800	-1089.11002776189	8	2	0
28900	-1079.93237877495	5	1	0
29000	-1078.70848132856	4	1	1
29100	-1086.23950821805	6	2	1
29200	-1073.52085216312	3	1	0
29300	-1084.83638191423	3	1	2
29400	-1082.34474619522	5	2	1
29500	-1078.38884230919	2	1	1
29600	-1083.77352400408	4	2	1
29700	-1079.50094678694	4	1	1
29800	-1084.93697827021	4	3	1
29900	-1090.32457813217	4	1	2
30000	-1081.00292035292	3	3	1
30100	-1090.97293495366	5	3	1
30200	-1089.11643848183	4	2	2
30300	-1082.14755318517	4	2	2
30400	-1080.49435769928	1	3	1
30500	-1087.36270150904	1	5	1
30600	-1094.53856677865	4	5	2
30700	-1086.52189467424	3	2	2
30800	-1079.34015501914	3	1	1
30900	-1091.28938227774	6	3	1
31000	-1092.36698980481	6	1	3
31100	-1080.42077656676	2	2	2
31200	-1093.98199867249	5	1	3
31300	-1079.55307943579	1	1	2
31400	-1089.73239831466	1	4	2
31500	-1084.97945661607	2	2	2
31600	-1089.86360008618	2	4	3
31700	-1075.39703712829	2	1	1
31800	-1097.20044402243	2	2	4
31900	-1097.0062578526	1	3	5
32000	-1076.82932510781	2	2	1
32100	-1090.49085410839	4	1	3
32200	-1086.41294295181	3	3	2
32300	-1098.60880949189	3	3	4
32400	-1085.26124002879	4	1	2
32500	-1086.78038543674	1	4	2
32600	-1084.36409300618	2	3	1
32700	-1092.80484293417	2	4	3
32800	-1083.39242835627	3	3	1
32900	-1092.55437927309	1	1	5
33000	-1093.46360877659	4	5	1
33100	-1089.86477126149	4	2	2
33200	-1082.90780469881	2	1	1
33300	-1082.3434125857	4	2	1
33400	-1093.76962486339	2	3	3
33500	-1084.00792371467	3	2	2
33600	-1087.45352379818	2	1	3
33700	-1084.83937241451	2	3	2
33800	-1084.80177659547	3	2	2
33900	-1086.76285056539	1	3	2
34000	-1105.00254126416	4	5	3
34100	-1090.38539030344	4	2	3
34200	-1096.01660504604	3	4	3
34300	-1080.38441837811	2	1	2
34400	-1087.29971950317	3	3	2
34500	-1091.08049523226	2	3	3
34600	-1094.10688837561	2	5	2
34700	-1079.69460681023	2	3	1
34800	-1083.22088231366	2	2	2
34900	-1095.27607822209	5	3	2
35000	-1093.01767833432	4	2	3
35100	-1084.20283766396	5	3	0
35200	-1080.34481911289	4	2	1
35300	-1090.66674635771	3	3	1
35400	-1089.1015010864	4	1	2
35500	-1092.05056128245	5	1	3
35600	-1096.24514309891	3	3	3
35700	-1081.13540701972	4	3	1
35800	-1081.91639024334	3	3	1
35900	-1089.2970885961	4	4	1
36000	-1093.01331655948	6	2	2
36100	-1086.02521131983	5	3	1
36200	-1091.6771040863	7	1	1
36300	-1078.28883543947	4	2	0
36400	-1093.00240566954	5	3	1
36500	-1074.00319248312	3	1	0
36600	-1077.83224810147	3	3	0
36700	-1080.48290724834	3	2	1
36800	-1078.80786541137	4	2	1
36900	-1085.95286631924	6	3	1
37000	-1091.8253552203	3	4	3
37100	-1077.2441216823	4	1	1
37200	-1078.70858178307	4	1	0
37300	-1082.54740581111	5	2	1
37400	-1096.40740028242	9	1	1
37500	-1085.59591062056	4	4	0
37600	-1082.71583425633	5	1	1
37700	-1087.98984391383	5	2	1
37800	-1073.08832137205	3	1	0
37900	-1075.02804429017	3	1	1
38000	-1080.41530554692	5	3	0
38100	-1098.76318337217	5	1	3
38200	-1076.58550045996	3	3	0
38300	-1084.46679240128	5	2	1
38400	-1089.62577725235	5	1	2
38500	-1086.48923064874	8	2	0
38600	-1073.87613427156	3	2	0
38700	-1070.94843922839	3	1	0
38800	-1087.19772413391	4	2	2
38900	-1078.94813696114	3	1	1
39000	-1074.69371560066	2	2	0
39100	-1084.32601928531	2	4	1
39200	-1073.61508285975	3	1	0
39300	-1093.10872733793	3	3	3
39400	-1083.85626663643	3	3	2
39500	-1082.4570759902	5	4	0
39600	-1080.38120534892	3	3	1
39700	-1083.51325030378	4	2	1
39800	-1081.48016286281	3	1	1
39900	-1075.31112265146	3	1	1
40000	-1073.63133348657	3	3	0
40100	-1089.58218223097	3	7	0
40200	-1087.34640543899	2	4	2
40300	-1081.71380184084	4	2	1
40400	-1094.07893182441	4	4	2
40500	-1087.14678182212	4	2	2
40600	-1087.07481391038	5	3	0
40700	-1094.87367645654	8	1	1
40800	-1083.2375893963	6	1	0
40900	-1076.44797708993	4	2	0
41000	-1083.67912177489	4	4	0
41100	-1085.7078430869	4	1	2
41200	-1075.31131340409	4	1	0
41300	-1119.50256052463	6	7	4
41400	-1092.40495264105	3	1	3
41500	-1087.39819511829	5	2	2
41600	-1092.74555757218	2	5	1
41700	-1079.8581021534	4	4	0
41800	-1075.73406539938	3	2	1
41900	-1088.38743365655	7	3	0
42000	-1103.26037952638	7	7	1
42100	-1079.32920554019	3	3	0
42200	-1081.50744884057	4	2	0
42300	-1072.9115716054	3	1	0
42400	-1082.69841494677	4	2	2
42500	-1089.00110565932	5	3	1
42600	-1079.58113872742	4	2	1
42700	-1087.49899032599	3	4	2
42800	-1091.02196749139	4	4	2
42900	-1080.42728144813	3	3	1
43000	-1088.25207660884	4	4	2
43100	-1085.25215333626	5	5	0
43200	-1078.35167327441	4	1	1
43300	-1104.36506130518	6	5	2
43400	-1091.18939086749	6	2	1
43500	-1086.63661898739	4	3	1
43600	-1078.01333937472	4	2	0
43700	-1085.94637722388	4	3	1
43800	-1094.92174195889	6	3	1
43900	-1085.03031974093	4	4	0
44000	-1077.95075032608	3	1	0
44100	-1079.08283179208	4	2	0
44200	-1090.55281072888	4	4	2
44300	-1084.38734199822	4	2	1
44400	-1077.91731831042	3	1	0
44500	-1083.63967314985	5	3	0
44600	-1096.03529001777	6	4	2
44700	-1088.29764169714	6	3	0
44800	-1083.56459975102	5	3	0
44900	-1088.16619230991	3	2	2
45000	-1089.03660221101	5	2	2
45100	-1083.2513728496	3	4	1
45200	-1087.59801437176	5	2	1
45300	-1093.38175609128	4	1	3
45400	-1081.76247998313	3	4	1
45500	-1083.65611187399	4	4	1
45600	-1081.83306583234	4	2	1
45700	-1079.32816457604	5	3	0
45800	-1079.30034962565	4	3	0
45900	-1072.37957764842	3	2	0
46000	-1077.08599475429	3	2	1
46100	-1082.14100885038	4	4	0
46200	-1086.27441375422	6	3	0
46300	-1077.21746634887	4	1	0
46400	-1077.48210197161	2	1	1
46500	-1088.52953983175	3	3	2
46600	-1084.66269203168	5	2	1
46700	-1083.45633700806	5	1	1
46800	-1098.67774141314	5	2	4
46900	-1090.2885211299	4	3	1
47000	-1090.96048307233	4	4	2
47100	-1088.43507815318	3	4	1
47200	-1081.68707864415	3	3	1
47300	-1081.91622149394	2	2	2
47400	-1085.25287418224	3	4	1
47500	-1089.22945101873	3	3	3
47600	-1096.02601853447	5	3	2
47700	-1095.57224058982	4	3	3
47800	-1092.0357637394	4	4	2
47900	-1086.24394322913	2	2	2
48000	-1080.81957432363	2	4	1
48100	-1084.78193625069	1	1	2
48200	-1081.32107708877	2	2	1
48300	-1091.22545106862	1	3	3
48400	-1093.24836330088	3	2	3
48500	-1083.41301161751	5	2	1
48600	-1086.80104764657	3	4	1
48700	-1078.22270856876	3	1	1
48800	-1079.60688167435	4	2	1
48900	-1105.05121619052	4	4	4
49000	-1091.56880197977	3	4	2
49100	-1091.82319401718	2	2	4
49200	-1098.07025384901	4	5	3
49300	-1103.09556384905	4	2	4
49400	-1097.12265124719	8	1	2
49500	-1096.4107039333	2	5	3
49600	-1081.56267407998	2	2	1
49700	-1077.97234697715	1	1	2
49800	-1080.28488637785	2	1	2
49900	-1090.98762328352	1	3	3
50000	-1086.37609392837	2	2	3
50100	-1088.94654216201	3	3	2
50200	-1087.58499132167	2	2	3
50300	-1080.53706835637	3	1	2
50400	-1080.23077152369	3	2	1
50500	-1090.73131717471	2	4	3
50600	-1089.04412383199	4	2	2
50700	-1085.41263866411	2	2	2
50800	-1081.72306669329	1	1	2
50900	-1087.64204997023	2	3	3
51000	-1079.9443162035	4	1	1
51100	-1080.80094351836	2	1	2
51200	-1089.18429145781	3	3	2
51300	-1080.2827494382	1	2	2
51400	-1083.51536656499	2	5	1
51500	-1084.61436564578	3	2	2
51600	-1079.10421069981	3	2	1
51700	-1094.16543377978	6	2	2
51800	-1093.39493360311	2	3	3
51900	-1089.00132620195	4	4	1
52000	-1080.95934391893	2	2	2
52100	-1087.40935578673	2	2	2
52200	-1084.83433030012	3	4	1
52300	-1084.25482565096	5	4	0
52400	-1076.34479340658	3	2	0
52500	-1077.64737146653	4	2	0
52600	-1077.69333546645	4	2	0
52700	-1087.00425926751	5	2	1
52800	-1088.6082155289	5	4	1
52900	-1089.60138572783	3	3	2
53000	-1084.62121744244	5	2	0
53100	-1079.94258264326	5	1	0
53200	-1073.10170412742	4	1	0
53300	-1080.19938962556	4	1	2
53400	-1083.08645102781	4	1	2
53500	-1092.46226738856	3	4	3
53600	-1078.84057085345	3	1	0
53700	-1081.11221394611	5	1	0
53800	-1091.5379959533	5	1	3
53900	-1075.35021070276	5	2	0
54000	-1078.99436640091	3	2	2
54100	-1082.63222045329	6	2	0
54200	-1077.33201035671	3	3	0
54300	-1093.83275144437	3	2	3
54400	-1080.22260306528	3	1	2
54500	-1092.55093051385	7	3	1
54600	-1083.58327524789	3	4	0
54700	-1077.60473205546	3	1	1
54800	-1087.84657520866	4	1	3
54900	-1086.40381924022	4	5	0
55000	-1079.41743319315	3	3	0
55100	-1085.50756132117	4	4	0
55200	-1084.55635317896	2	2	2
55300	-1096.47119476133	3	4	3
55400	-1078.91891236017	5	2	0
55500	-1080.90426685504	4	3	0
55600	-1075.78076850097	4	1	1
55700	-1077.69023989359	3	3	0
55800	-1098.73050057265	7	2	3
55900	-1086.77748540255	5	2	2
56000	-1088.5536541484	4	6	0
56100	-1089.12929804093	5	4	1
56200	-1075.82370431265	3	2	0
56300	-1086.669930376	7	3	0
56400	-1089.93084635169	6	1	2
56500	-1085.05329543198	5	2	1
56600	-1084.10836286939	3	2	2
56700	-1092.37200292518	5	5	1
56800	-1093.3087157898	3	3	3
56900	-1088.81629585633	3	3	3
57000	-1080.54274288698	2	2	2
57100	-1084.25234310232	3	3	2
57200	-1079.59846326127	3	3	1
57300	-1090.92243841435	1	2	4
57400	-1084.82798159472	3	4	0
57500	-1080.2875978517	3	1	1
57600	-1081.17673990502	3	2	1
57700	-1083.79667720027	5	4	0
57800	-1090.09426976661	6	3	1
57900	-1084.00067120667	6	2	1
58000	-1082.63135998782	5	1	0
58100	-1088.0763392135	5	3	1
58200	-1083.14597907706	2	3	1
58300	-1090.23958248205	4	4	2
58400	-1093.35367845396	6	2	2
58500	-1097.27960767247	5	2	3
58600	-1081.16747914948	3	3	1
58700	-1074.86686874147	3	3	0
58800	-1074.29408654114	3	2	0
58900	-1079.47900337312	6	2	0
59000	-1096.82006232922	5	4	3
59100	-1082.70894836971	4	1	2
59200	-1086.62135007593	7	3	0
59300	-1075.84634676496	4	2	0
59400	-1076.83397274948	3	1	1
59500	-1081.37831702411	5	2	0
59600	-1081.86930355992	2	3	1
59700	-1080.88488431637	4	1	0
59800	-1079.48881068704	5	2	0
59900	-1096.42829659441	3	1	5
60000	-1089.00539734562	3	3	3
60100	-1097.49821424817	3	3	4
60200	-1098.8788942786	5	4	1
60300	-1112.51901225405	3	2	5
60400	-1090.39627506514	3	2	1
60500	-1100.40148039251	4	4	2
60600	-1082.79165608239	4	3	0
60700	-1090.80353916748	3	5	1
60800	-1080.52180595709	3	2	0
60900	-1080.04830169935	3	2	0
61000	-1086.05123318966	2	1	3
61100	-1093.05121501098	5	2	3
61200	-1091.63926492702	2	2	3
61300	-1092.40871463799	5	2	3
61400	-1103.80124970656	7	3	3
61500	-1080.42019799716	7	1	0
61600	-1075.8723518636	4	2	0
61700	-1077.6763991957	3	2	1
61800	-1078.02273686266	4	1	1
61900	-1074.82506686755	4	2	0
62000	-1082.9770954471	6	3	0
62100	-1079.95978905697	4	3	1
62200	-1085.99848528572	7	2	1
62300	-1095.6835550317	3	3	4
62400	-1081.89600883718	3	1	2
62500	-1077.1277502091	3	2	0
62600	-1084.8585911077	5	3	1
62700	-1086.95283761979	5	2	2
62800	-1093.16467952599	3	6	1
62900	-1078.97869200282	3	2	0
63000	-1090.82620328164	4	5	1
63100	-1092.61212282507	5	5	0
63200	-1091.70331634295	4	2	2
63300	-1081.04200827203	5	1	1
63400	-1079.41055490852	4	3	0
63500	-1101.1308631857	7	3	2
63600	-1078.23157512097	4	1	1
63700	-1087.90233183056	2	1	3
63800	-1092.97159385968	4	4	2
63900	-1089.40656327942	4	4	2
64000	-1085.66446141022	5	3	1
64100	-1081.39676991176	4	2	1
64200	-1088.35044569186	4	2	2
64300	-1088.11180491922	5	5	0
64400	-1081.97028957357	3	3	1
64500	-1089.13371171314	5	2	2
64600	-1087.76599491963	7	1	1
64700	-1080.99246857689	4	2	1
64800	-1093.01544959353	5	1	3
64900	-1083.22039586803	4	1	2
65000	-1087.40278687372	3	2	2
65100	-1088.45986719197	4	1	3
65200	-1091.54785887009	5	2	2
65300	-1078.21690889188	4	2	0
65400	-1098.60896921899	4	2	4
65500	-1102.13068845151	4	4	4
65600	-1091.60793062185	4	4	2
65700	-1081.99795510976	3	2	1
65800	-1105.61463173202	2	9	1
65900	-1094.635722162	3	3	3
66000	-1083.46227389946	2	2	2
66100	-1090.67569121289	2	2	3
66200	-1101.21944900789	8	2	3
66300	-1092.18172558385	6	3	1
66400	-1088.09474902258	4	1	1
66500	-1087.75997067423	3	4	2
66600	-1092.82783890202	4	4	2
66700	-1102.24416457998	3	3	5
66800	-1093.82823941484	6	3	1
66900	-1083.69331165411	3	3	1
67000	-1088.41219513943	4	4	1
67100	-1088.53426594738	5	4	0
67200	-1073.59565717087	3	1	0
67300	-1095.7613358285	5	2	3
67400	-1091.89763594223	2	7	0
67500	-1088.9501966503	2	3	2
67600	-1081.09934377509	2	3	0
67700	-1076.65898987629	4	3	0
67800	-1076.23880411362	4	1	1
67900	-1086.89176496169	5	2	1
68000	-1088.18715948321	4	2	3
68100	-1088.03625012	4	5	0
68200	-1083.93440178249	6	1	1
68300	-1080.88079769892	4	2	1
68400	-1072.35299158451	3	1	0
68500	-1092.97938814525	5	2	2
68600	-1085.45734584102	2	1	2
68700	-1089.83318884861	3	2	3
68800	-1078.16785363824	2	2	1
68900	-1084.23227327611	3	1	2
69000	-1097.38459252122	3	3	4
69100	-1089.63655205202	3	4	2
69200	-1087.67517085669	1	2	3
69300	-1081.66531738475	1	2	1
69400	-1085.35397749643	1	3	3
69500	-1081.86848642923	1	2	2
69600	-1085.30662037111	2	2	3
69700	-1077.64311247931	3	2	1
69800	-1091.91559115071	5	2	2
69900	-1088.4142813257	6	3	1
70000	-1090.97334152899	3	4	2
70100	-1089.35595929867	4	1	3
70200	-1087.8352749489	2	4	2
70300	-1089.93604321093	4	4	2
70400	-1093.71713987606	5	1	2
70500	-1089.0159709124	2	2	3
70600	-1083.13642207734	3	1	2
70700	-1089.48923293765	2	3	3
70800	-1080.08751908184	2	1	2
70900	-1080.51349125888	2	3	1
71000	-1097.09086724221	2	2	4
71100	-1078.74349763265	2	1	1
71200	-1101.24516155847	3	2	5
71300	-1087.65462153797	3	1	3
71400	-1088.42370553663	3	3	2
71500	-1088.3249788808	3	2	2
71600	-1088.45708290076	4	1	2
71700	-1077.57043702354	2	1	1
71800	-1100.20537810931	2	5	4
71900	-1087.32948331375	4	1	2
72000	-1084.94026269596	2	2	3
72100	-1095.1178181228	2	2	4
72200	-1085.23482597077	3	3	2
72300	-1085.37386419675	3	3	2
72400	-1091.01151908828	4	4	2
72500	-1092.73419582814	3	5	2
72600	-1085.42565801406	1	2	3
72700	-1080.87908206977	2	2	2
72800	-1089.31516058592	4	4	1
72900	-1080.15003782636	3	2	1
73000	-1100.71543438605	3	2	5
73100	-1088.17931121804	4	3	3
73200	-1076.7836170415	2	3	1
73300	-1085.59007120853	5	3	1
73400	-1083.18784136153	2	2	2
73500	-1090.69301333009	4	4	1
73600	-1090.86882442054	3	3	2
73700	-1087.49985297118	2	2	3
73800	-1091.27162661125	1	2	4
73900	-1101.24953724581	3	4	3
74000	-1098.88455963634	3	2	4
74100	-1089.46112914996	1	3	3
74200	-1078.86762778484	2	1	1
74300	-1086.63514783203	1	1	2
74400	-1097.22248554879	1	2	5
74500	-1086.89847733408	1	2	3
74600	-1085.19460692534	1	4	2
74700	-1081.396557792	2	3	1
74800	-1092.80897047722	2	1	4
74900	-1086.38136721185	1	3	3
75000	-1093.85333769573	1	2	4
75100	-1091.9690789753	2	2	3
75200	-1091.24250824509	1	2	4
75300	-1090.76911748693	3	3	3
75400	-1080.62609921897	1	1	2
75500	-1092.55177625637	1	3	3
75600	-1085.56054085566	1	4	2
75700	-1084.78016301397	1	4	2
75800	-1090.41970365964	1	3	4
75900	-1084.16543349389	1	1	1
76000	-1081.88108577114	1	2	2
76100	-1085.04654432271	3	2	3
76200	-1080.67224236424	4	1	1
76300	-1097.08420710561	3	4	3
76400	-1086.35138943291	3	4	1
76500	-1082.49436535984	3	1	2
76600	-1080.41196032326	2	1	2
76700	-1090.10188798624	2	4	2
76800	-1090.04020433336	4	1	3
76900	-1089.16144792476	2	4	2
77000	-1085.80229378814	2	1	3
77100	-1088.7938128201	3	3	3
77200	-1092.45298354108	2	4	3
77300	-1093.16654507983	3	2	3
77400	-1101.64905997693	4	5	3
77500	-1097.92743866239	4	3	3
77600	-1094.72442674584	4	2	3
77700	-1074.50585523564	1	1	1
77800	-1079.90643868516	2	3	1
77900	-1099.52240639317	1	4	4
78000	-1078.86641230354	3	2	1
78100	-1083.21045291234	5	2	1
78200	-1091.88335489211	7	4	0
78300	-1080.10516591336	3	2	1
78400	-1075.74625224203	3	3	0
78500	-1091.14024915831	5	3	2
78600	-1085.39409181967	7	2	0
78700	-1091.74480986895	4	4	0
78800	-1083.54443767803	4	3	0
78900	-1082.68888831275	3	1	2
79000	-1093.62381492296	6	5	0
79100	-1083.95247700978	3	2	1
79200	-1091.60424593367	5	3	1
79300	-1085.17300651445	4	3	1
79400	-1085.23791518879	5	2	1
79500	-1079.72641541614	3	1	0
79600	-1086.77905756684	3	4	1
79700	-1079.83813696585	3	4	0
79800	-1108.24033622886	8	5	1
79900	-1086.88251528313	6	1	1
80000	-1080.91801731251	5	1	0
80100	-1082.84688242011	5	2	0
80200	-1081.73465501379	5	1	0
80300	-1085.03188509343	3	3	1
80400	-1086.73356114279	4	4	1
80500	-1092.32662753077	8	1	0
80600	-1079.77809900804	4	1	1
80700	-1076.49622705659	3	1	1
80800	-1091.55988440852	4	3	2
80900	-1079.84108402358	4	2	1
81000	-1079.06029517176	4	2	0
81100	-1082.48776298064	4	3	1
81200	-1089.01663716859	6	2	1
81300	-1087.7800446733	5	1	2
81400	-1084.648386589	5	3	0
81500	-1105.12842009615	5	3	4
81600	-1081.15241995329	2	1	2
81700	-1087.40461627455	2	4	2
81800	-1096.87927999328	3	3	3
81900	-1078.12270573046	2	2	1
82000	-1083.50559937645	5	3	1
82100	-1083.19319555335	4	3	1
82200	-1080.11045897489	3	3	1
82300	-1082.85534518854	1	3	2
82400	-1081.68837152035	1	1	3
82500	-1085.58485013707	1	4	1
82600	-1083.93928657838	1	4	2
82700	-1085.68168150562	2	3	2
82800	-1082.7748776733	2	3	1
82900	-1084.72074766421	3	3	2
83000	-1095.70166434826	2	3	4
83100	-1077.07528090555	2	3	1
83200	-1087.6747401293	2	1	3
83300	-1091.03011113003	4	3	2
83400	-1085.88683455097	1	2	2
83500	-1106.05540112756	3	2	5
83600	-1107.0867194942	3	4	5
83700	-1088.35264687903	3	4	2
83800	-1080.38363817859	1	2	2
83900	-1080.92002309795	2	3	1
84000	-1084.68530659207	4	1	2
84100	-1082.25078984183	4	1	2
84200	-1085.73581201626	2	1	3
84300	-1091.40533355166	6	3	1
84400	-1077.64453471015	3	1	1
84500	-1083.56506347813	1	5	1
84600	-1088.38755465334	2	2	3
84700	-1091.20932303093	2	4	3
84800	-1081.60483097697	3	3	1
84900	-1085.61858189455	3	4	1
85000	-1083.73522026736	4	3	1
85100	-1084.6566957375	2	1	2
85200	-1081.01519131807	1	1	2
85300	-1086.47775507168	3	4	1
85400	-1081.26124634303	3	2	1
85500	-1086.99958824019	4	3	2
85600	-1087.24550415995	2	2	2
85700	-1092.67315316769	2	4	3
85800	-1087.84164426957	4	4	1
85900	-1079.30308321136	3	2	1
86000	-1092.36309456673	2	5	2
86100	-1090.0048569733	1	4	3
86200	-1079.6885403688	1	1	2
86300	-1085.77226377076	1	2	3
86400	-1081.91380729862	1	1	2
86500	-1090.01836188101	2	4	3
86600	-1089.98180241791	3	1	4
86700	-1077.31099176333	1	1	2
86800	-1076.91902168094	2	1	1
86900	-1083.42043650267	2	2	2
87000	-1075.82752057585	1	1	1
87100	-1085.49275104235	1	2	3
87200	-1085.70682959951	2	3	3
87300	-1087.90934362266	4	3	2
87400	-1082.56243232689	2	3	2
87500	-1092.94248276638	4	2	3
87600	-1084.75672413308	6	2	1
87700	-1083.40647152004	1	3	1
87800	-1088.96754332196	2	1	2
87900	-1076.42529543962	2	1	1
88000	-1095.62740940644	2	4	3
88100	-1082.68089705774	3	2	1
88200	-1085.85098088305	4	1	2
88300	-1089.41686571829	4	1	2
88400	-1085.39655861751	4	1	2
88500	-1090.39914457687	3	2	3
88600	-1081.23822117578	3	1	2
88700	-1089.23816480896	3	5	1
88800	-1085.65477095939	4	3	1
88900	-1081.54641673311	3	2	1
89000	-1078.1548253944	4	1	1
89100	-1082.26296957432	5	3	0
89200	-1094.03948841514	5	4	2
89300	-1082.44225007559	4	2	0
89400	-1087.96300085391	4	3	1
89500	-1077.25011551792	1	1	2
89600	-1074.22834077124	1	1	1
89700	-1087.41551780803	1	3	2
89800	-1074.78103039188	1	1	1
89900	-1096.72851431086	1	4	4
90000	-1080.8339681198	2	3	1
90100	-1082.69380585801	1	2	1
90200	-1079.96368550193	1	1	2
90300	-1091.74342844422	3	4	2
90400	-1087.53022566938	4	4	1
90500	-1096.62896818183	4	2	4
90600	-1089.36571556861	3	5	1
90700	-1084.20738148803	5	2	1
90800	-1081.94204257417	3	1	2
90900	-1096.74238109092	3	4	3
91000	-1086.99949278539	4	3	2
91100	-1076.62344055293	1	2	1
91200	-1080.07489938343	1	2	2
91300	-1091.02455076966	1	1	4
91400	-1079.79445014726	1	3	1
91500	-1077.80300923658	1	1	2
91600	-1083.70296502822	1	2	2
91700	-1081.19579578765	1	2	2
91800	-1103.81802496673	1	3	6
91900	-1100.00319516694	2	6	3
92000	-1084.42596261229	4	2	2
92100	-1091.57185401692	1	2	4
92200	-1082.60127057887	1	1	3
92300	-1075.81474040024	1	1	1
92400	-1079.27327267564	1	1	1
92500	-1074.7430176522	1	1	1
92600	-1091.18880715369	2	1	4
92700	-1089.66235806834	2	3	2
92800	-1080.28946245411	1	1	2
92900	-1085.22785443688	4	1	2
93000	-1076.75452249427	2	1	1
93100	-1083.60868046803	1	2	2
93200	-1088.8370756685	1	5	2
93300	-1087.87103816805	1	3	2
93400	-1099.54991172946	2	3	5
93500	-1092.5021525019	4	3	2
93600	-1097.53033113124	3	2	4
93700	-1090.76566824134	2	1	4
93800	-1087.32461232422	4	2	2
93900	-1086.68975466946	3	2	3
94000	-1077.90351512929	3	2	1
94100	-1083.07648209912	2	3	1
94200	-1095.20327048063	4	3	2
94300	-1085.40278788276	3	1	2
94400	-1083.7499322815	4	2	1
94500	-1093.01506370823	1	3	3
94600	-1086.73491761492	2	3	2
94700	-1086.27983555583	2	2	3
94800	-1094.12933088871	5	2	3
94900	-1080.73429760654	2	3	1
95000	-1083.01675616181	3	2	1
95100	-1105.40358228642	4	1	4
95200	-1075.79118176972	2	2	1
95300	-1099.75515173194	2	1	6
95400	-1088.48657626166	3	4	2
95500	-1079.57079196333	3	1	2
95600	-1094.16333615769	2	5	2
95700	-1088.78203573581	1	4	2
95800	-1078.32629961426	2	2	1
95900	-1083.19171586818	2	1	2
96000	-1081.93956304723	2	3	1
96100	-1082.65554043102	2	2	2
96200	-1080.87596977227	2	1	2
96300	-1092.49563968114	5	3	2
96400	-1091.76584992756	2	5	2
96500	-1081.62649113333	2	1	2
96600	-1085.36785824079	5	2	1
96700	-1105.12530602707	2	3	5
96800	-1089.40253533779	4	4	1
96900	-1098.25123117551	6	1	3
97000	-1094.51382306428	6	5	0
97100	-1092.96547836579	8	3	1
97200	-1078.64314142021	3	3	1
97300	-1082.27570005912	5	1	1
97400	-1071.67610282305	3	1	0
97500	-1080.21327590631	4	3	0
97600	-1084.17701583258	3	3	2
97700	-1091.33376161616	6	3	1
97800	-1081.54976747215	4	2	1
97900	-1088.99193333257	5	2	1
98000	-1088.02105933946	4	2	3
98100	-1077.72594890343	5	2	0
98200	-1083.81312253628	5	3	0
98300	-1078.99463238163	5	2	0
98400	-1098.47721703056	4	1	3
98500	-1086.93925020296	4	2	2
98600	-1087.14959275076	2	2	3
98700	-1089.84131984827	2	2	3
98800	-1079.68249393944	1	1	2
98900	-1094.60294039846	1	3	4
99000	-1103.98226112934	3	3	4
99100	-1080.32842495746	2	2	1
99200	-1095.07655243105	3	1	4
99300	-1110.57568443434	3	5	5
99400	-1079.58095040409	2	1	2
99500	-1108.8887096774	2	3	5
99600	-1080.45981217231	4	2	1
99700	-1086.942755094	3	5	1
99800	-1092.73138721075	3	5	1
99900	-1094.73361067438	4	3	2
1e+05	-1098.17416248019	1	3	4
100100	-1092.24340897512	4	4	2
100200	-1096.58982416527	8	2	1
100300	-1086.39499124254	6	2	0
100400	-1074.39452390521	3	3	0
100500	-1076.97729065279	4	3	0
100600	-1087.96593549692	6	3	1
100700	-1086.1598263317	5	3	0
100800	-1075.55464100292	3	1	1
100900	-1085.15146109235	3	4	1
101000	-1085.068261931	7	1	1
101100	-1077.82731679427	3	2	0
101200	-1075.74796217002	3	1	1
101300	-1072.98452121545	4	1	0
101400	-1078.67388706719	4	2	1
101500	-1094.44212882284	6	5	1
101600	-1099.81497242892	7	2	2
101700	-1084.09108817202	2	2	2
101800	-1087.62626932508	1	4	2
101900	-1080.49874305721	1	3	2
102000	-1088.61969173127	1	2	3
102100	-1092.13866756488	2	2	3
102200	-1085.96083873755	4	1	2
102300	-1086.76283792287	3	3	2
102400	-1081.42296334935	3	1	2
102500	-1096.4836231757	2	7	2
102600	-1085.22229255727	2	3	1
102700	-1093.52576455924	4	2	3
102800	-1089.99049641688	4	2	1
102900	-1085.77902509302	3	3	1
103000	-1096.61903212968	3	3	3
103100	-1090.98533425376	4	2	3
103200	-1094.24487344456	2	2	4
103300	-1091.2398843217	3	1	3
103400	-1099.07624093711	6	4	2
103500	-1081.46840108266	2	1	2
103600	-1088.89492925402	5	2	2
103700	-1086.81238574398	2	4	2
103800	-1095.99231655148	6	1	2
103900	-1092.67532825724	2	4	3
104000	-1084.66890305664	4	2	2
104100	-1077.35642302721	2	1	1
104200	-1081.49306401215	2	2	2
104300	-1081.12660032455	2	2	1
104400	-1085.79802062569	1	2	3
104500	-1081.39955956067	1	2	2
104600	-1083.46612507301	2	2	2
104700	-1086.1035708691	4	1	2
104800	-1099.76661050932	1	4	4
104900	-1087.65518648138	1	3	2
105000	-1100.40414192722	6	2	3
105100	-1086.19159305545	3	3	2
105200	-1088.08913909583	3	2	2
105300	-1087.42499935401	2	1	3
105400	-1080.95070607693	2	2	2
105500	-1094.41080019452	1	5	2
105600	-1081.4622224286	2	1	2
105700	-1086.24333820752	1	2	3
105800	-1093.215345445	1	4	2
105900	-1088.5899770287	2	2	3
106000	-1090.13607469293	2	3	3
106100	-1094.76841973452	2	3	4
106200	-1076.54019308355	2	1	1
106300	-1080.08950978871	4	1	1
106400	-1095.98741230115	7	1	2
106500	-1080.56172491269	2	3	1
106600	-1095.90107824485	2	4	3
106700	-1090.55288916208	4	2	3
106800	-1082.07094500968	4	3	1
106900	-1089.35858847731	5	3	2
107000	-1081.69788130841	3	2	1
107100	-1078.29766231479	4	2	0
107200	-1078.92774385855	4	2	0
107300	-1086.6061757995	3	3	2
107400	-1074.58767464379	2	2	0
107500	-1086.36044167462	4	2	2
107600	-1073.7044169146	2	1	0
107700	-1089.41875037223	6	2	2
107800	-1091.25160980093	4	4	2
107900	-1098.93886161341	8	5	0
108000	-1089.83803014314	5	1	2
108100	-1080.34149689458	6	2	0
108200	-1077.59385039741	4	3	0
108300	-1074.57126194611	2	2	0
108400	-1075.59314430174	3	1	0
108500	-1094.76754977712	4	3	3
108600	-1084.11489748725	3	2	2
108700	-1100.92465668102	3	4	2
108800	-1076.40992232766	2	2	1
108900	-1082.42345933144	3	3	1
109000	-1095.76461569445	5	5	2
109100	-1095.69335395713	2	6	3
109200	-1084.35674232071	3	4	1
109300	-1086.26976124455	4	2	2
109400	-1079.62408033248	2	2	1
109500	-1093.62808391215	3	3	3
109600	-1089.13708072372	3	2	3
109700	-1091.16630842131	6	2	2
109800	-1079.92411946713	3	2	1
109900	-1098.78780794925	2	4	4
110000	-1086.99948370667	4	2	2
110100	-1087.54821571225	3	4	2
110200	-1091.39837128575	2	4	2
110300	-1081.67192943924	2	2	2
110400	-1075.41568124442	3	1	1
110500	-1079.48413900076	1	2	1
110600	-1076.56815189505	1	2	1
110700	-1099.58790739706	1	5	3
110800	-1087.74878107944	2	1	3
110900	-1088.12950150863	3	1	3
111000	-1082.26722192608	2	4	1
111100	-1084.89614568658	3	3	1
111200	-1094.30515566454	4	2	3
111300	-1102.05796398244	5	3	3
111400	-1093.00540887394	2	3	3
111500	-1090.61715447474	2	2	4
111600	-1088.49045510193	3	4	2
111700	-1088.64529407082	2	3	3
111800	-1084.72196571835	4	2	2
111900	-1081.96631648471	3	2	1
112000	-1077.12657367345	2	2	1
112100	-1078.30888954598	1	1	1
112200	-1075.48936701151	2	1	1
112300	-1085.55818368216	4	2	2
112400	-1087.83152403124	4	2	2
112500	-1093.81937018336	2	1	4
112600	-1078.09769476484	2	4	1
112700	-1088.83701864725	3	3	2
112800	-1079.07221294024	4	2	1
112900	-1088.0885876023	2	2	3
113000	-1082.68620960494	4	2	1
113100	-1084.7062926565	4	2	1
113200	-1096.49378127118	2	4	4
113300	-1085.35409549242	2	4	1
113400	-1078.71283743274	3	2	1
113500	-1088.77747950285	3	3	2
113600	-1099.24515500166	9	2	2
113700	-1088.43637442386	3	3	2
113800	-1081.6156205923	4	2	1
113900	-1100.78141881121	1	6	4
114000	-1080.7808855194	3	1	1
114100	-1094.0453661874	1	4	3
114200	-1084.48892060886	3	3	2
114300	-1089.35085308845	2	4	2
114400	-1090.23450305321	4	2	2
114500	-1083.69337422127	2	2	2
114600	-1080.6572194147	3	1	2
114700	-1095.58678177934	8	2	1
114800	-1082.77458986074	2	2	1
114900	-1085.68150031908	5	1	2
115000	-1077.78772361966	1	1	2
115100	-1102.18454722764	3	4	4
115200	-1092.37916101813	1	4	4
115300	-1080.73893138016	1	2	3
115400	-1084.01180337457	1	1	3
115500	-1100.65583927678	5	2	4
115600	-1097.70926455577	2	4	3
115700	-1101.68260587422	1	5	4
115800	-1086.40740710501	3	3	2
115900	-1110.59888472154	4	5	4
116000	-1084.86393174561	5	1	1
116100	-1082.42733164295	1	3	0
116200	-1088.05497155487	1	3	2
116300	-1084.25126058385	2	3	2
116400	-1085.18878831392	2	3	1
116500	-1085.55089872458	2	4	1
116600	-1079.25996251959	2	2	1
116700	-1077.41416904029	3	2	1
116800	-1092.97962127268	2	5	3
116900	-1082.09426814871	4	2	1
117000	-1097.69505505175	4	2	4
117100	-1082.05910794096	4	1	1
117200	-1086.2090317233	3	3	2
117300	-1085.43802840638	1	2	3
117400	-1088.54369796589	4	3	1
117500	-1086.28728379502	1	4	2
117600	-1088.26591657227	4	3	2
117700	-1078.43802231398	1	1	2
117800	-1085.60992894047	1	2	3
117900	-1084.12685867141	5	2	1
118000	-1085.60334974622	1	3	3
118100	-1085.85875125333	4	2	2
118200	-1084.12201245841	1	2	3
118300	-1084.66853873205	1	1	3
118400	-1091.0858767794	1	1	4
118500	-1095.59180278454	4	4	3
118600	-1078.73265782363	2	2	1
118700	-1097.08092378576	6	2	2
118800	-1096.35313199664	1	2	5
118900	-1087.32167475024	2	3	2
119000	-1083.77978319828	1	3	2
119100	-1083.36770620821	2	2	2
119200	-1080.7686280978	2	1	2
119300	-1085.0346822078	2	4	2
119400	-1079.14949343269	4	2	1
119500	-1081.90255704224	3	1	2
119600	-1111.24830960868	5	5	5
119700	-1079.49538248323	2	2	1
119800	-1089.52285843683	1	6	1
119900	-1115.97825534517	6	2	6
120000	-1092.49253400031	3	2	3
120100	-1088.71746373171	3	1	3
120200	-1105.24586580673	2	4	5
120300	-1093.76322282315	2	3	3
120400	-1095.36982210914	4	1	3
120500	-1090.66111057492	2	4	2
120600	-1095.78921470952	3	1	4
120700	-1094.86668909933	3	3	3
120800	-1085.5966559595	4	3	2
120900	-1095.85591449913	3	3	4
121000	-1083.91149718155	2	3	1
121100	-1089.00747403348	6	1	1
121200	-1093.47057165702	2	2	4
121300	-1092.57168041385	2	4	3
121400	-1113.06096766052	5	3	6
121500	-1089.69758763635	1	4	2
121600	-1081.46493978989	2	2	2
121700	-1094.16444280531	2	3	4
121800	-1085.9608493304	1	1	3
121900	-1083.63795829149	2	3	1
122000	-1095.29932278724	1	2	4
122100	-1108.45659198161	1	4	6
122200	-1075.06298504576	2	1	1
122300	-1078.31686099915	4	1	1
122400	-1079.09695571376	2	3	1
122500	-1099.61876151436	4	4	3
122600	-1084.8245589094	3	3	2
122700	-1082.69832306956	2	1	2
122800	-1075.76631794139	1	2	1
122900	-1087.10626025562	4	1	2
123000	-1080.59969181233	3	1	1
123100	-1077.67477448463	3	1	1
123200	-1090.09919708477	4	3	2
123300	-1086.33588644473	1	1	3
123400	-1079.60925012119	3	2	1
123500	-1088.51063611787	4	2	1
123600	-1086.2284126522	1	2	3
123700	-1078.45343723845	1	2	2
123800	-1085.40272466474	4	3	1
123900	-1091.58217398689	4	2	3
124000	-1090.86777221088	2	3	3
124100	-1083.51992165133	1	2	2
124200	-1088.10105810139	3	2	3
124300	-1080.83061672976	3	1	1
124400	-1086.13232422912	3	2	2
124500	-1077.53288341147	3	2	1
124600	-1080.58278023286	3	1	2
124700	-1080.42565370793	2	1	3
124800	-1087.99457675864	1	2	4
124900	-1078.09883852268	1	2	1
125000	-1079.12059877655	1	1	2
125100	-1076.76671560356	2	1	1
125200	-1097.69875450276	4	3	3
125300	-1075.5866735037	2	2	1
125400	-1081.19824456422	2	2	2
125500	-1083.16053595429	3	1	2
125600	-1088.09090230782	5	1	2
125700	-1085.7628145876	4	3	1
125800	-1081.95933692319	2	2	1
125900	-1080.73288841024	2	3	2
126000	-1095.19414513585	2	3	4
126100	-1087.9852480154	3	4	2
126200	-1091.55801550367	2	5	3
126300	-1087.02887866019	2	2	3
126400	-1091.46200745163	3	4	2
126500	-1089.74410246379	1	4	3
126600	-1073.34426631546	1	1	1
126700	-1085.38291501717	1	2	3
126800	-1087.83887978565	4	3	2
126900	-1083.49616294384	3	4	1
127000	-1092.45242257011	2	1	4
127100	-1086.02374583852	4	3	1
127200	-1102.00944320818	4	5	3
127300	-1085.95803769886	4	1	2
127400	-1091.96878680157	3	3	2
127500	-1106.65233642314	1	2	6
127600	-1073.36928395761	1	1	1
127700	-1090.21205052046	1	2	3
127800	-1082.54833077972	2	3	1
127900	-1082.3635394769	1	1	3
128000	-1083.20214340743	1	1	2
128100	-1089.91534842212	2	4	3
128200	-1087.47661925294	4	2	2
128300	-1090.10251567109	4	2	2
128400	-1083.59403229104	2	2	2
128500	-1083.71908535933	4	1	2
128600	-1087.23735475504	5	2	1
128700	-1084.13993486055	2	1	3
128800	-1084.24606847235	4	3	1
128900	-1091.74624615031	4	2	3
129000	-1077.06066425435	3	1	1
129100	-1082.97864318531	4	1	1
129200	-1083.7116672052	2	2	2
129300	-1078.66611178845	2	3	1
129400	-1090.25099723198	4	4	2
129500	-1090.99631391823	3	3	3
129600	-1101.81428114462	5	3	4
129700	-1091.99359878914	3	3	2
129800	-1087.98113997476	3	2	2
129900	-1093.25536394639	3	1	4
130000	-1099.94042096771	6	2	3
130100	-1077.88330953127	2	2	1
130200	-1087.49675096969	4	1	3
130300	-1103.14030970705	6	6	1
130400	-1088.31422285358	2	2	3
130500	-1085.63110926068	2	2	3
130600	-1081.08936798588	2	4	1
130700	-1088.03697559569	5	2	1
130800	-1087.87590706986	2	4	2
130900	-1098.82828586431	3	2	4
131000	-1085.57428018932	5	3	1
131100	-1086.76231327052	5	1	2
131200	-1087.24848376924	1	4	2
131300	-1082.38812939619	2	2	2
131400	-1084.96368924739	1	1	3
131500	-1082.34885693534	2	3	2
131600	-1085.51589176641	1	1	3
131700	-1081.2716100054	2	4	1
131800	-1085.10968564416	4	2	2
131900	-1099.2805965698	3	4	3
132000	-1078.9679537358	2	2	1
132100	-1075.65204486552	2	1	1
132200	-1084.71720452184	3	2	2
132300	-1091.26065910005	4	2	3
132400	-1093.15217543214	3	3	3
132500	-1108.69702876584	4	3	5
132600	-1080.96178820229	2	2	2
132700	-1076.23702064581	2	1	1
132800	-1083.18936729353	3	1	2
132900	-1093.16709564395	6	2	2
133000	-1079.87978308487	3	2	1
133100	-1082.92424919495	2	2	2
133200	-1082.70213517109	3	2	1
133300	-1094.2051610399	5	3	2
133400	-1088.12161294679	4	3	1
133500	-1076.82730843987	3	1	1
133600	-1092.04977404399	2	2	3
133700	-1086.69309472058	1	1	3
133800	-1087.57347791744	2	4	2
133900	-1083.11763728295	4	3	1
134000	-1080.13709749314	1	1	2
134100	-1095.57088915217	4	6	1
134200	-1093.60083418877	3	5	2
134300	-1085.91877285545	2	2	3
134400	-1086.5210896582	3	3	2
134500	-1081.11823943736	3	2	1
134600	-1089.74929776559	6	3	1
134700	-1080.09945839241	2	3	1
134800	-1080.76235636965	1	2	2
134900	-1096.92649278861	3	3	3
135000	-1093.8782428659	4	4	2
135100	-1081.58108551519	3	3	1
135200	-1087.41996004531	2	4	2
135300	-1080.02492952589	2	2	1
135400	-1080.25558025009	3	2	1
135500	-1087.40020205914	5	2	2
135600	-1088.14225434374	6	2	2
135700	-1090.34619437069	2	4	2
135800	-1095.47931534626	2	3	3
135900	-1089.55019321047	1	3	2
136000	-1096.86820975262	3	2	4
136100	-1097.13959662179	5	4	3
136200	-1075.83101824261	1	2	1
136300	-1087.6556636644	1	3	3
136400	-1084.9766851431	2	2	2
136500	-1093.78139637757	3	3	3
136600	-1089.80931030152	3	3	3
136700	-1089.39659577145	1	3	3
136800	-1093.00736749666	3	6	1
136900	-1081.33987535499	3	1	2
137000	-1090.84363554277	3	2	3
137100	-1087.42518545725	1	2	3
137200	-1091.44083893759	4	3	2
137300	-1083.86940187136	3	2	2
137400	-1090.54980817012	2	1	3
137500	-1081.936972686	1	3	2
137600	-1091.30075725174	1	1	3
137700	-1089.17173422422	2	5	1
137800	-1083.51205381944	2	1	2
137900	-1085.15667823734	3	1	2
138000	-1093.94046987808	3	2	3
138100	-1085.46397340737	2	4	2
138200	-1091.34322677611	2	4	2
138300	-1095.50263086829	1	3	3
138400	-1090.31117559185	1	3	3
138500	-1086.84132642539	1	3	2
138600	-1084.0626973308	2	3	2
138700	-1093.19085122566	3	3	3
138800	-1080.67536216366	5	3	0
138900	-1076.21962251518	5	1	0
139000	-1079.39507802766	4	2	1
139100	-1081.42291234448	3	3	1
139200	-1084.73960472691	3	5	1
139300	-1079.83573742503	3	1	1
139400	-1077.8540092263	3	2	0
139500	-1077.44930838751	4	3	0
139600	-1080.82272127009	6	2	0
139700	-1080.96590750035	4	3	1
139800	-1071.99430689591	3	2	0
139900	-1087.27519225983	6	3	0
140000	-1084.62376652547	5	1	1
140100	-1079.68645457151	4	1	0
140200	-1087.95145045171	5	4	0
140300	-1086.77192953189	5	2	0
140400	-1070.96893385172	3	1	0
140500	-1086.0519025566	5	2	2
140600	-1096.23526933282	9	2	1
140700	-1087.24736943402	4	2	2
140800	-1074.63339280765	3	2	0
140900	-1087.23330535847	5	1	2
141000	-1093.75216953661	5	2	2
141100	-1079.25838994875	3	3	1
141200	-1102.05282452935	6	6	2
141300	-1079.71292744958	4	2	0
141400	-1094.96556786141	5	5	1
141500	-1095.83731009663	7	4	1
141600	-1083.60557865722	5	1	1
141700	-1086.59552527776	7	2	0
141800	-1088.1859893	2	4	2
141900	-1092.9884644766	3	2	2
142000	-1087.19469362693	3	1	3
142100	-1092.08120374262	4	3	2
142200	-1086.15938741345	4	3	1
142300	-1086.96610692273	3	4	1
142400	-1076.4696037059	4	1	1
142500	-1073.65278097063	3	2	0
142600	-1074.68580201583	4	1	0
142700	-1073.5004453384	4	1	0
142800	-1075.25525441119	4	3	0
142900	-1072.99014977974	3	1	0
143000	-1078.29944416623	3	1	1
143100	-1091.44751410793	5	2	1
143200	-1092.1603129694	5	2	2
143300	-1090.26011381736	8	1	1
143400	-1086.28236275034	4	2	1
143500	-1107.4708820146	7	5	2
143600	-1086.17188115702	6	2	0
143700	-1088.53316784502	3	1	3
143800	-1083.14913049706	6	1	0
143900	-1072.7782256743	3	2	0
144000	-1084.08346408338	4	3	1
144100	-1084.59778277276	4	2	1
144200	-1082.12384605567	4	2	1
144300	-1082.40038643539	4	1	2
144400	-1080.5700049977	6	1	0
144500	-1079.61142414603	4	2	1
144600	-1087.08829985489	4	3	2
144700	-1088.47344124899	4	3	2
144800	-1089.567538544	4	4	1
144900	-1087.81169495928	6	2	1
145000	-1085.59493233335	2	1	3
145100	-1080.4431430275	3	1	1
145200	-1081.87251317991	4	2	1
145300	-1098.32781065514	2	3	4
145400	-1085.90974253896	2	3	2
145500	-1099.75947054422	2	3	4
145600	-1078.27517416461	1	3	1
145700	-1084.78599594859	3	1	2
145800	-1109.44596012429	2	3	6
145900	-1094.06340964151	3	2	3
146000	-1094.57168403986	1	4	3
146100	-1091.99875334746	1	3	3
146200	-1091.92139605714	4	3	1
146300	-1083.68850776241	3	2	2
146400	-1084.31196650175	2	2	2
146500	-1079.49171676224	1	1	2
146600	-1093.06905439713	1	4	3
146700	-1099.40258402819	1	4	5
146800	-1087.57879852434	1	2	3
146900	-1092.95604239925	4	2	2
147000	-1089.83164566666	1	3	3
147100	-1077.96848164994	1	2	1
147200	-1085.74825257147	1	2	3
147300	-1086.45771976698	1	1	4
147400	-1085.15556754107	1	2	3
147500	-1084.85586866106	3	2	2
147600	-1118.76138002246	6	9	2
147700	-1075.52550340684	2	1	1
147800	-1089.45714931326	2	1	3
147900	-1079.03224744911	1	2	2
148000	-1085.70427093101	1	2	3
148100	-1076.76944697769	2	1	1
148200	-1080.4669686032	2	1	2
148300	-1095.98737201945	5	2	3
148400	-1083.88036955334	3	3	1
148500	-1092.15970677229	3	4	2
148600	-1091.8009875481	2	2	4
148700	-1080.47652095208	3	1	2
148800	-1081.63976675398	1	2	2
148900	-1086.30165929016	2	2	2
149000	-1092.96014866824	2	2	4
149100	-1097.4183460986	1	3	4
149200	-1078.48846751038	1	3	1
149300	-1085.97812279322	1	3	2
149400	-1083.47851666304	4	2	1
149500	-1087.4778182473	4	2	2
149600	-1083.86685785623	2	1	2
149700	-1080.70445548825	3	3	1
149800	-1082.75784849165	1	1	2
149900	-1096.47754556046	2	6	1
150000	-1087.36568777938	4	2	2
150100	-1080.04124887164	2	2	2
150200	-1082.14294765922	3	1	2
150300	-1078.20867416408	2	2	1
150400	-1079.58256934062	2	1	2
150500	-1098.14541685336	2	3	4
150600	-1093.98145284173	4	2	4
150700	-1096.47928779346	1	4	4
150800	-1089.68103701603	3	3	2
150900	-1082.33866185262	3	3	1
151000	-1103.17128958947	4	1	4
151100	-1089.38282925643	3	3	3
151200	-1087.68859850519	1	4	3
151300	-1081.76124100671	2	1	2
151400	-1079.69277811314	2	3	1
151500	-1091.77687663716	8	2	1
151600	-1083.80106321861	4	2	1
151700	-1081.18885948516	1	2	2
151800	-1084.68665776622	1	1	3
151900	-1073.70418853787	1	1	1
152000	-1099.98719701477	5	4	3
152100	-1093.38619406022	2	6	2
152200	-1088.29627568634	2	3	2
152300	-1095.77600292104	6	2	2
152400	-1089.12418686959	4	3	1
152500	-1093.52276948705	4	5	1
152600	-1086.64559296338	2	4	2
152700	-1090.2823704439	1	2	4
152800	-1080.17351137617	2	3	1
152900	-1091.87246247327	2	6	2
153000	-1089.16517408025	5	2	2
153100	-1083.40560081431	3	3	2
153200	-1101.90389990093	5	1	5
153300	-1081.91533824333	6	3	0
153400	-1084.5606102883	3	1	2
153500	-1084.49279929455	4	1	2
153600	-1092.42230801184	4	2	2
153700	-1095.40877764815	5	3	2
153800	-1084.04063533192	3	4	0
153900	-1087.82911820656	3	2	3
154000	-1099.12389344409	3	5	3
154100	-1084.91149452695	4	3	1
154200	-1088.69592979528	6	2	0
154300	-1083.35400038941	3	2	2
154400	-1092.84616329322	6	2	2
154500	-1083.62187741294	4	4	0
154600	-1084.28828840035	6	3	0
154700	-1089.10058007726	6	3	1
154800	-1082.73416291347	4	3	1
154900	-1092.16622359423	6	4	1
155000	-1093.61264258381	6	4	1
155100	-1102.1647443904	7	3	2
155200	-1087.30678865712	4	3	1
155300	-1086.32811255288	4	4	1
155400	-1081.98506371627	5	2	0
155500	-1098.56125130247	5	2	3
155600	-1083.4994477805	6	1	0
155700	-1083.81041650674	4	2	1
155800	-1084.43761460629	3	1	2
155900	-1078.69146506871	4	2	0
156000	-1080.40800542341	3	3	0
156100	-1090.79999746328	4	3	2
156200	-1088.34314609647	5	2	2
156300	-1078.49740385841	3	2	1
156400	-1079.71861568961	3	2	1
156500	-1103.5529198035	5	5	3
156600	-1085.82527430159	5	1	1
156700	-1076.08807240762	3	2	1
156800	-1081.22396166838	4	2	0
156900	-1078.03162550885	3	2	0
157000	-1091.76121945289	5	4	2
157100	-1078.07913979057	4	1	1
157200	-1081.01972102727	3	3	1
157300	-1083.72784634741	6	1	1
157400	-1090.74880181794	6	3	1
157500	-1103.27825223509	4	3	4
157600	-1073.57552508717	3	2	0
157700	-1083.54260230755	3	4	1
157800	-1078.93009509669	3	3	0
157900	-1097.50219367924	4	3	3
158000	-1098.99595562495	5	3	3
158100	-1086.6689377009	3	4	1
158200	-1086.94405827578	7	2	0
158300	-1090.69904722256	6	2	2
158400	-1080.22501837631	5	2	1
158500	-1077.06620620273	3	2	1
158600	-1088.08132049467	3	7	0
158700	-1091.30935389852	4	4	2
158800	-1081.43811116689	4	1	1
158900	-1085.27488109966	4	2	2
159000	-1086.85766367334	3	5	0
159100	-1077.78506287237	5	1	0
159200	-1084.49393007214	2	2	2
159300	-1089.45385492863	3	5	1
159400	-1083.21183471811	3	2	2
159500	-1081.3074145964	3	3	1
159600	-1081.52822536076	3	2	1
159700	-1079.79446917886	6	1	0
159800	-1086.82459362436	3	4	2
159900	-1077.5661925371	4	2	0
160000	-1082.48268863073	6	3	0
160100	-1085.3674475607	4	3	1
160200	-1083.88047659331	4	5	0
160300	-1079.66107505596	4	3	0
160400	-1086.03096334766	5	4	0
160500	-1089.44617419562	6	2	2
160600	-1077.03187519662	2	2	0
160700	-1094.43880204205	4	3	3
160800	-1080.02240089602	5	2	0
160900	-1098.26473386627	5	4	2
161000	-1102.48882846976	9	2	1
161100	-1082.94760133822	4	4	0
161200	-1077.85477167158	4	3	0
161300	-1077.98756002777	4	2	1
161400	-1071.96766949674	3	2	0
161500	-1078.27174161342	3	1	1
161600	-1074.25670423958	4	2	0
161700	-1079.42234273643	4	1	1
161800	-1086.09306331992	4	4	1
161900	-1077.26755190343	3	3	0
162000	-1083.42846724677	3	3	2
162100	-1081.54516819044	4	1	2
162200	-1077.87782083475	5	1	1
162300	-1102.23588498549	6	2	4
162400	-1095.96262154362	7	4	1
162500	-1079.79730399606	4	3	1
162600	-1077.64532708731	3	4	0
162700	-1088.86299927565	6	3	1
162800	-1099.31760394283	6	5	1
162900	-1088.94588292805	4	3	1
163000	-1078.18674614377	1	2	2
163100	-1089.63105194915	3	2	3
163200	-1082.10841552229	4	3	1
163300	-1081.39321050219	4	2	1
163400	-1095.38948539806	3	1	4
163500	-1082.97324927417	1	3	2
163600	-1079.25244517207	1	2	1
163700	-1100.31729384015	3	2	4
163800	-1091.66007069304	1	2	4
163900	-1092.3142299157	5	3	2
164000	-1091.83636118944	3	3	3
164100	-1084.16099979601	7	1	1
164200	-1081.20567060977	4	2	1
164300	-1101.79161548413	4	2	5
164400	-1088.3277911163	3	4	2
164500	-1092.25231582136	3	2	3
164600	-1081.99391186092	3	2	2
164700	-1071.64622787402	3	1	0
164800	-1085.89616107678	4	2	2
164900	-1076.25322057406	3	1	0
165000	-1079.93156798998	3	1	0
165100	-1096.17766863238	7	6	0
165200	-1079.66169295236	3	1	1
165300	-1079.29117915453	5	2	0
165400	-1078.79564039876	5	1	0
165500	-1088.96520852535	4	1	3
165600	-1082.74333121949	6	2	0
165700	-1079.75424028547	4	2	0
165800	-1082.82922590087	7	2	0
165900	-1097.04733460746	6	5	1
166000	-1083.78542940755	6	2	0
166100	-1084.49949994564	5	1	1
166200	-1082.37032467025	4	3	0
166300	-1080.90093718804	2	1	2
166400	-1092.85972406036	4	2	3
166500	-1087.38207567583	2	3	2
166600	-1092.72003573404	1	2	4
166700	-1081.81418107968	2	4	1
166800	-1087.38237103154	1	3	2
166900	-1096.89424161459	1	5	4
167000	-1096.73590853822	3	5	2
167100	-1080.05315394202	2	3	1
167200	-1093.60868041407	1	4	3
167300	-1079.57582586196	3	1	2
167400	-1100.31741179734	3	3	4
167500	-1096.59077193676	2	6	2
167600	-1084.73038039839	1	3	3
167700	-1077.91022267275	2	1	1
167800	-1079.20555560581	1	1	2
167900	-1090.25673464232	1	2	4
168000	-1095.39412988168	1	2	4
168100	-1081.42494009305	1	4	1
168200	-1091.3338285606	2	3	3
168300	-1090.80048569692	2	5	2
168400	-1086.0818316073	2	2	2
168500	-1080.51115457015	1	1	2
168600	-1082.60110898217	1	4	1
168700	-1088.83154190938	1	2	3
168800	-1079.38942661222	4	2	1
168900	-1085.06899416022	2	2	2
169000	-1082.21963790741	1	2	2
169100	-1077.07648216399	1	2	1
169200	-1080.63025680816	4	1	1
169300	-1095.64276696394	6	2	2
169400	-1087.91146254525	1	4	2
169500	-1082.92557812125	5	3	1
169600	-1097.9436873297	5	1	3
169700	-1083.40751448854	2	1	2
169800	-1095.26163940618	6	3	1
169900	-1086.05101262856	3	4	1
170000	-1083.08086154388	1	3	2
170100	-1101.16761071528	2	6	3
170200	-1090.29174957223	2	3	3
170300	-1086.08071543125	3	2	2
170400	-1080.25402414898	3	2	1
170500	-1090.08711753959	3	2	2
170600	-1095.87185860862	3	3	4
170700	-1081.09540477956	2	2	2
170800	-1075.89210982201	2	2	1
170900	-1097.43727602109	2	2	5
171000	-1075.56376170707	2	1	1
171100	-1103.37694931206	2	4	4
171200	-1090.20766894808	2	4	2
171300	-1079.92964200732	3	2	1
171400	-1082.61019617172	2	2	2
171500	-1082.43458542005	3	2	1
171600	-1097.17667140798	3	6	2
171700	-1085.72073138145	2	3	2
171800	-1100.38536414634	3	3	4
171900	-1076.05313451496	2	1	1
172000	-1086.0572297515	2	1	3
172100	-1103.96477453606	6	5	1
172200	-1088.87096902601	4	2	2
172300	-1081.11644349135	2	3	2
172400	-1091.78700737846	4	2	3
172500	-1080.48024383022	3	2	1
172600	-1083.35345477586	3	1	2
172700	-1076.04011183594	2	1	0
172800	-1084.45682400724	4	2	0
172900	-1077.31795906072	3	4	0
173000	-1106.9215661821	5	5	3
173100	-1092.66867466198	4	4	2
173200	-1106.54346144402	1	4	5
173300	-1086.85470712891	2	4	1
173400	-1081.46515585304	3	2	2
173500	-1084.43072800611	4	2	2
173600	-1090.06485629808	3	2	3
173700	-1081.12671024306	4	2	1
173800	-1099.01397185743	4	3	4
173900	-1086.6060101817	3	5	1
174000	-1081.04268162145	3	2	1
174100	-1079.7034668544	2	2	1
174200	-1086.00420908707	1	3	2
174300	-1084.17601489935	2	3	2
174400	-1083.48355497567	3	3	1
174500	-1087.49410452942	2	1	3
174600	-1074.68539630175	1	1	1
174700	-1086.71249220359	4	3	1
174800	-1077.46069128679	2	2	1
174900	-1082.29334611409	2	1	2
175000	-1089.03199475484	5	2	2
175100	-1077.09494691515	4	1	0
175200	-1077.78601836517	3	1	1
175300	-1089.52934663616	7	2	0
175400	-1103.29714388718	5	3	4
175500	-1082.87042964197	2	1	2
175600	-1098.28490169554	2	6	3
175700	-1092.83509625661	1	2	3
175800	-1085.09216570831	1	2	3
175900	-1092.34851865108	1	3	3
176000	-1090.44718308198	1	4	3
176100	-1079.86643577271	3	2	1
176200	-1086.51079965142	2	1	3
176300	-1086.30099775028	3	3	2
176400	-1101.23654896962	3	5	3
176500	-1085.55547069247	2	3	2
176600	-1081.50202530957	3	2	1
176700	-1085.58338361908	4	2	1
176800	-1084.66922461022	3	1	2
176900	-1085.95038261536	1	3	2
177000	-1082.90440326149	2	3	2
177100	-1097.42690805738	3	6	2
177200	-1078.81152662977	3	3	1
177300	-1082.86218493003	1	2	2
177400	-1082.2498615638	2	3	1
177500	-1087.28133139852	3	5	1
177600	-1074.97349306029	2	2	1
177700	-1100.76203357433	3	3	4
177800	-1084.3839251923	1	2	2
177900	-1083.96174802168	1	3	2
178000	-1084.84844724934	1	5	1
178100	-1081.83925548144	1	3	1
178200	-1078.43989501084	1	1	2
178300	-1087.26925539152	1	2	3
178400	-1106.29691418265	2	4	5
178500	-1083.45430451074	3	2	2
178600	-1090.35392552466	2	3	3
178700	-1083.66624372973	1	3	2
178800	-1080.42520887348	2	1	1
178900	-1081.30699099762	1	2	1
179000	-1087.24663423961	1	3	3
179100	-1088.31425017029	4	2	2
179200	-1086.59829881451	4	3	0
179300	-1094.63403626927	5	4	2
179400	-1089.32164990274	3	1	3
179500	-1083.73667171121	3	2	2
179600	-1088.28107261834	7	2	0
179700	-1087.57382696769	5	1	2
179800	-1076.84830560856	4	1	0
179900	-1082.26669793536	4	3	0
180000	-1091.60033540264	3	3	2
180100	-1097.8197191559	7	2	2
180200	-1088.57536409479	3	2	3
180300	-1075.19766858546	3	2	0
180400	-1075.10498904514	4	1	0
180500	-1081.71940398603	4	1	1
180600	-1081.63348029908	4	3	0
180700	-1076.82960691187	3	2	0
180800	-1099.68751567752	7	3	2
180900	-1081.68760152423	2	1	2
181000	-1091.81889775205	3	1	4
181100	-1087.00298167864	2	1	3
181200	-1094.03061078083	2	2	4
181300	-1084.43650454071	2	2	2
181400	-1113.71513478738	4	7	4
181500	-1087.44080039897	5	4	0
181600	-1101.91806579647	6	3	3
181700	-1093.94998261313	2	3	2
181800	-1092.47384820123	3	2	3
181900	-1082.22111941578	5	1	1
182000	-1089.99618248434	1	5	2
182100	-1085.50589462268	3	1	2
182200	-1082.1618817936	2	1	2
182300	-1084.32891307546	1	3	3
182400	-1084.00267115383	3	2	1
182500	-1091.89712457051	3	4	1
182600	-1082.00573807926	2	1	2
182700	-1085.32060197664	3	1	2
182800	-1090.6358453389	2	1	3
182900	-1078.52089375401	2	3	1
183000	-1085.05948673143	2	1	3
183100	-1073.43751466897	1	1	1
183200	-1083.24263458503	1	1	3
183300	-1075.9888832882	1	1	1
183400	-1094.5958979351	3	1	3
183500	-1076.98429974041	3	1	1
183600	-1088.54319638576	2	4	2
183700	-1096.22118690278	6	4	1
183800	-1082.17537120115	3	2	1
183900	-1088.64116123168	3	4	1
184000	-1085.73071947704	3	4	1
184100	-1097.57592999644	5	5	2
184200	-1085.40797350737	3	1	3
184300	-1081.55456803296	4	2	1
184400	-1085.82381726333	2	1	2
184500	-1085.1420040648	2	1	2
184600	-1079.948142038	2	1	1
184700	-1101.64718273609	3	3	3
184800	-1091.28901057402	1	2	4
184900	-1093.5448432492	2	3	4
185000	-1083.51154752936	2	2	2
185100	-1085.44046294465	2	1	2
185200	-1097.8630180865	6	3	3
185300	-1089.43914747734	1	3	2
185400	-1093.80004790992	1	2	4
185500	-1084.42566581499	1	2	3
185600	-1082.86041152137	2	3	1
185700	-1095.41837358366	2	4	2
185800	-1093.70456864043	2	2	3
185900	-1085.47842559659	2	2	2
186000	-1088.83364813342	4	5	1
186100	-1112.20809727769	6	1	5
186200	-1090.3955881986	5	4	1
186300	-1082.35768558019	5	2	1
186400	-1083.8242500699	6	2	0
186500	-1076.33153321278	3	2	0
186600	-1082.13881478722	2	3	1
186700	-1077.5525148128	3	2	0
186800	-1083.73825953073	4	3	1
186900	-1095.02635186213	5	1	4
187000	-1080.48534636933	4	2	1
187100	-1081.59870634253	5	3	0
187200	-1091.12676329297	4	4	1
187300	-1080.00904260967	6	1	0
187400	-1081.19250144544	4	3	1
187500	-1077.24802226985	2	3	0
187600	-1095.74430221693	4	5	0
187700	-1083.27480611998	3	2	2
187800	-1078.55832741242	2	2	1
187900	-1091.02940976049	4	4	2
188000	-1090.06683454771	5	2	2
188100	-1092.08099025059	7	4	0
188200	-1095.8607572899	8	1	2
188300	-1088.12195839056	3	3	2
188400	-1088.10894187915	4	3	1
188500	-1092.23018231564	6	4	1
188600	-1087.1642065705	6	2	1
188700	-1081.08721407218	5	2	0
188800	-1081.20628876638	4	2	0
188900	-1083.04098571122	3	2	2
189000	-1094.46501843797	5	5	0
189100	-1078.81051618483	3	3	0
189200	-1089.89433525419	4	1	3
189300	-1077.70111595969	4	2	1
189400	-1085.07990110717	4	2	1
189500	-1082.10775467374	5	2	0
189600	-1097.78821415662	6	3	2
189700	-1078.40341323373	3	1	1
189800	-1084.23830743263	4	4	0
189900	-1074.88524656493	3	2	0
190000	-1089.41097708922	4	3	1
190100	-1080.41334614481	5	1	0
190200	-1088.89019073966	3	2	2
190300	-1085.4104305108	6	2	0
190400	-1084.79416939754	4	4	0
190500	-1086.3198268451	4	4	1
190600	-1077.81334473849	3	2	0
190700	-1074.73797470962	5	1	0
190800	-1085.75299372334	3	5	1
190900	-1084.51029775919	5	1	2
191000	-1076.79307083301	3	2	1
191100	-1086.78080069527	5	2	2
191200	-1086.49078718054	4	3	2
191300	-1095.48913894649	4	4	3
191400	-1084.38554193145	6	1	1
191500	-1078.15946264112	4	1	1
191600	-1080.76303458022	4	2	0
191700	-1078.85227568622	4	2	1
191800	-1082.27436863756	5	1	1
191900	-1090.74756632757	4	2	2
192000	-1084.98841887174	3	2	1
192100	-1084.76030094866	6	2	1
192200	-1087.80683323905	5	4	0
192300	-1098.12127463651	5	6	2
192400	-1094.24351561568	3	3	2
192500	-1091.39070073596	5	2	2
192600	-1073.9714793408	4	1	0
192700	-1088.84414168733	6	4	0
192800	-1093.40360994867	5	2	2
192900	-1079.00255844248	4	1	1
193000	-1081.38726507043	4	3	1
193100	-1092.98650076386	3	3	3
193200	-1090.78444356254	4	3	2
193300	-1082.70753928806	4	2	1
193400	-1085.96442974239	5	1	2
193500	-1074.2221841344	3	2	0
193600	-1086.29232463709	7	1	1
193700	-1083.1334551181	3	4	1
193800	-1078.57738007005	4	2	0
193900	-1097.35991649218	5	4	2
194000	-1087.06623776086	3	1	3
194100	-1079.71479744364	5	1	1
194200	-1094.41734343038	7	1	2
194300	-1074.41542773628	4	1	0
194400	-1079.22133470638	6	1	0
194500	-1097.54857606131	6	2	3
194600	-1077.60591961628	5	2	0
194700	-1081.58072811239	4	2	1
194800	-1085.00852153294	4	4	1
194900	-1081.00125585904	3	4	1
195000	-1079.52541465455	3	3	1
195100	-1078.89649542338	4	3	0
195200	-1089.70270319108	3	6	0
195300	-1089.08432464703	5	4	1
195400	-1084.21987343636	7	2	0
195500	-1076.70536058513	5	1	0
195600	-1085.54029822468	6	1	1
195700	-1092.80002872648	4	1	3
195800	-1078.27584202386	5	2	0
195900	-1073.83211220475	4	1	0
196000	-1098.13150733612	4	2	4
196100	-1072.33469824429	3	1	0
196200	-1091.11567417679	5	2	3
196300	-1081.07549929829	3	3	0
196400	-1093.66246010839	4	3	2
196500	-1081.49224928704	3	4	0
196600	-1090.088855423	6	1	2
196700	-1090.78904584909	2	4	2
196800	-1089.16284529133	3	1	3
196900	-1080.35175387264	2	2	1
197000	-1086.72608311582	4	1	2
197100	-1080.57496373656	2	2	1
197200	-1085.8396792874	2	2	3
197300	-1094.01712653617	6	2	2
197400	-1088.01015194597	3	3	2
197500	-1096.76596333844	5	2	2
197600	-1097.86346821796	6	2	3
197700	-1102.53413199992	9	5	1
197800	-1092.38481594605	3	2	4
197900	-1079.34707653624	3	3	0
198000	-1083.77838544055	3	2	2
198100	-1083.0162553878	4	4	0
198200	-1090.32850634097	6	2	1
198300	-1076.71746544905	3	1	1
198400	-1095.61103570182	5	3	3
198500	-1085.13796702995	3	4	1
198600	-1079.4689673968	4	2	0
198700	-1086.00813151404	5	3	1
198800	-1092.86714602125	4	2	3
198900	-1092.88970488711	3	2	4
199000	-1082.9412368759	5	2	1
199100	-1081.43652202145	3	4	0
199200	-1091.13180222462	4	4	1
199300	-1089.17722096128	7	2	1
199400	-1093.21276821496	4	2	3
199500	-1081.42556556092	3	3	1
199600	-1085.10380674451	4	2	2
199700	-1083.32463772549	5	2	1
199800	-1078.83774989711	4	1	1
199900	-1084.33992892561	4	2	0
2e+05	-1087.77904709124	7	1	0
