SpeciationRateChanges
129.1778	12.86329	99.82681	7.659949
129.1778	97.00268	59.55533
130.0044	86.32546	125.6828
130.0044	104.8672	50.47728
130.0044	106.4437	116.5286
130.0044	114.0017	14.4255	11.55624
130.0044	88.98278
128.0663	59.13841
124.3844	76.24296	70.9182
64.16263	127.7554
87.58144	126.543	19.25873	8.792047
126.1207	3.36748
125.2745	53.66236	53.64905
17.74289
13.0056
87.29765	73.514	44.2875
52.66623	9.941839
10.40027

85.01245

66.84944

73.84059	69.2849
89.8382

75.27513
86.00549	69.56201
13.82239
85.89596	17.3728
16.5431	111.2053
73.3725

124.7021
83.66297	26.06239	74.91657
70.84585	63.46559	32.80782
83.04022
28.08248

71.65864	16.9914	14.56961	20.4118	129.289
74.41653	23.76193	41.86755
126.4543	80.24217	50.26577	15.83053
3.167839
33.73838
119.046	90.03193	72.6844
10.46289
53.54146



94.41388	85.69794
120.9966	13.00447	103.2565	52.25632	4.73943	31.41686	74.18371
119.567	72.91551	39.36691	119.7302
121.4163	94.14674	91.26331
89.77571

37.92475
74.31646	64.07579
92.90143	116.4898	6.843126	45.83873
124.4938
125.9039
124.4804	40.04095	85.29257	82.72425
125.025	70.24929



89.94254	50.14662
73.96373	18.16898	39.74228	55.71146	130.2125



71.06207

69.29665	60.04686	25.79844
19.40619
3.687519
66.28844	23.45291	4.96626
8.400605	89.6224	87.71112
79.01661	36.67539	9.529571
108.5791	48.41668
124.2143
62.59678


130.0711	105.8219	18.52006	68.73202
129.4156	91.18414	119.4534	26.10642
129.4386	13.45186	54.2449	105.5311
129.4386	105.3292
129.4386	105.2723
129.4386	105.0587
129.4386	116.5187
129.4386	113.1301
129.4386	127.3823	40.55895	15.84958	108.2012
129.4386	95.8574	99.43459	40.21969	105.0378
129.4386	104.3689	40.48216	104.1429	97.24437	18.45327
129.4386	106.4838
129.4386	108.5059	63.79738	7.982654
129.4386	104.5536
129.4386	114.4176	58.12821	21.82667
129.4386	68.81587	47.44793
129.4386	18.43328	91.59672	30.33872	87.68227
129.6136	112.5793	28.85681
128.6355	115.5553	30.65677
129.5182	99.51254
129.5246	8.078438
129.5246	116.1274
129.5246	103.4891	25.73829	69.43369	121.8288
129.5246	107.3378	123.4002
129.5246	105.2607	32.41891	4.580992
129.5246	105.2718	18.27986
129.7102	111.5501	108.408	100.1931
129.7102	66.85759	48.33087	35.91112
129.6885	32.82076
129.6885	113.0517	54.58997	2.621731	108.7175	50.91767	88.32241	98.08615
129.6885	105.0071	82.77844	26.4398
74.31815
71.53727
60.37598	41.87098
106.0896	85.19262	63.84588	130.6807
124.4629	118.9907	111.8622
74.80129	63.58181
75.43473	23.17477	25.44332
82.19414
74.44662	68.47544	60.9023


71.60264	69.24937
69.99692	26.23552	10.04818	64.81064


130.9114

56.15977
82.27077	14.87657



39.63526	14.12827	83.93468
48.89326	57.16344	67.34896	62.35517
35.9054
72.17814	43.69564	53.55328	21.09577	26.95559
10.43178
67.5097	45.87057	29.54797
109.3294
85.40822	22.16436
74.36666	66.60459
78.70515	17.89934	15.81734
15.38754	0.7225472
88.74478	49.50471
9.418679
73.93184	64.92276
21.01937
129.615

35.01982	13.12669	19.27643
86.65153	60.16502
120.6996	72.81828	57.33542
92.61162	124.5418
65.49068
24.30649	22.57337
89.78325

71.42375	81.21086	31.30668	13.19459	39.06847
105.0482	72.33996	38.76459
8.775972
9.937368
107.2075
126.3884	110.119


83.0725
81.55613	5.49326	4.966827
88.0343	30.93019
128.8365	82.22714	79.83117
99.12353	8.70955	33.15822
50.67129
70.00524	17.35232	67.38498	3.363656	6.362196

8.712323
76.93776
40.36279	9.49407	36.78412	3.345606
79.33196	35.69729
75.3078	108.1424	3.63433	89.05015	30.24621
71.72791
45.20377


46.7547	38.28312
11.45628	7.458333
70.75694	21.66164	63.05697
72.55672	57.15527	51.0282	58.67149
69.97052	29.02327	3.381368
71.99801	66.10631
74.25238	4.901264	10.11869
69.65837

73.13039	47.97099
78.97263
62.67595
128.714	24.1646	12.02309	21.50984
128.714	56.71971	70.82625
128.113	127.7755	130.9602	130.6952
116.9312
95.31359	40.19807
101.2799



61.27454	28.75398

123.9227
127.3596	105.0985
129.7206	94.75556	55.14357
129.7206	22.48826
129.7206	49.93795
129.0124	111.7269	21.40391	110.7032
129.6634	103.757	7.002375
129.6634	98.25147	91.00896
129.6842	99.29065	115.1087	68.33949
129.6842	104.9868	86.70862	70.04501	63.98801	2.639875	69.87095
129.3173	105.3266	118.1303
129.5632	113.9291	64.04998	85.7671	38.76122
129.5632	98.44472	36.32347
129.5632	113.0983	14.49645	26.1347
129.5632	107.9415	125.4408	101.9686
129.5632	111.7832
129.5632	113.5601
129.5632	97.46803	49.34785	41.42078
129.5632	107.3778	74.07408	80.67686
129.1767	106.3622	86.15714	33.08561	62.17284
129.1767	102.6275	9.053467	82.36992	81.46947
129.1767	105.4996	124.7695
129.7134	108.0339	9.234792	95.12819	59.51156
129.7134	105.549	33.31417
129.7134	103.1796
130.8379	11.19083
130.0579	104.6553
129.5122	113.4277	129.026
129.5122	106.2354
129.5122	103.5833	16.51209	70.25193
129.2263	103.5505	36.90907	24.26042	35.85217
129.2263	97.20314	79.97055
129.5006	110.5778	2.456927
129.5006	107.9182	102.2554
129.5006
129.397	96.10324	89.97187	30.84017	50.05663	57.87458
129.397	104.5942
129.397	102.7953	91.45097
129.3928	104.0398
129.406	75.90694	65.56701	4.541795	112.3845
129.406	103.0604	67.84191	122.9617
129.406	102.8437	79.49498	53.62072
129.406
129.406	116.6724	28.19839	9.370488
129.0763	7.078786	106.2532	79.98545	79.05072	54.80209
128.9993
129.5338	102.9941	10.41003	32.62882
129.5338	104.1655
129.5338	107.6594	62.27253
129.5338	109.2117
129.8329	113.1029	105.3427
129.8329	106.8701	79.92265	25.05429
129.2924	108.2135	69.12513
129.2924	105.8178	78.67221
129.2924	108.6133	27.67416
129.2924	120.799	115.5975
129.2924	108.0181
129.1387	109.9315	100.9506
129.4915	108.4569
129.4915	105.5396	75.3528	88.64884	52.85579
129.4915	105.4383
129.1937	109.9559	69.54661	58.54951	46.68845
129.3274	106.8154	91.18753	58.78623	118.624	79.32635
129.3274	109.4829	111.3143	108.4005	110.6439	124.0233	108.0468
129.3274	113.0838	103.5349	15.58841	112.1245
121.5206	127.0359	103.0736
130.3134
62.20793	1.072253	124.3844
130.2626
30.94987	130.0128	2.795341
129.9356
129.9356
129.9356	73.57454	109.4985	1.660344	45.75669	59.13697
130.8448	108.9056	73.61905	115.5472
130.8448	41.55942
130.8448	104.5849	105.5206
130.8448	104.945	4.500951
129.1344	106.2228	66.33546	9.493702	127.6457	36.39704	4.933146
129.9187	109.0339	71.38502	11.39237
129.9187	104.9419	10.97554
129.1008	104.9419	65.42227	122.8871	13.68361
129.1008	104.9419
130.0709	108.9386
130.0709	105.9069	85.46268	46.85271
130.0709
130.0709	48.43338	95.23578
128.9169	103.6372	2.171997
128.9169	106.7374	8.601711
128.9169	109.52	106.3503
128.9169	106.6815
128.9169	102.5408	76.13266	67.95932
129.9075	48.8256	69.55125
129.9075	59.05533	31.35686


0.5193794	72.78119	36.04251
38.31606	53.7059
115.47	17.32887
117.3794	81.85761	49.46486	65.57662	68.02353
121.009	89.60559	55.4883	68.35916	6.276668
73.12913
105.2823	25.24473	44.29036	4.933562


79.27086
80.43415
74.4467
17.5575

79.40309
74.72458	46.52159	40.54228
72.6745	15.95387
101.7251	14.87768
118.4069	92.34905	0.6134624

17.40287
0.04515262
92.11705	19.82728

59.91958	10.55703	105.0927
128.054	77.88522	27.97272
29.66156
121.9852	82.66376	18.10354
74.8264
50.75189	49.29777
32.98776
12.17422
87.1992	84.28758

36.53885	33.16168	123.4466
128.7749	69.8951	73.88022
120.8766	48.88915
88.14117
33.59686	11.04363
46.91568
70.57561
58.97481
122.5354
123.1281	57.5557	27.27098	12.04815
129.2776	32.74421	114.4431
129.2776	109.1658	34.11884	112.3622
129.2776	103.909	4.760885
129.2776	106.2757
129.776	108.6297	28.38735
129.776	103.6609	84.38926	49.34977
128.7696	112.4485
128.7696	103.5751	101.3673
129.2206	113.079
129.9979	110.1091	12.17875
129.9979	108.6799	8.030991	64.5386	72.65156
129.9979	105.5746	75.30498	51.61496
129.9979	103.7901	72.25617	52.18533	46.51768	90.85605
129.9979	109.4585	5.444359
129.5021	66.60061	101.6992	39.30403
129.5021	97.37476
129.4218	110.4614
129.4218	103.2916
129.4218	113.3198	41.60854
129.4218	105.0403	62.80451	14.16093	9.576836
129.4218	106.2206
129.4218	109.1139	40.89733
129.4218	103.7274	61.49835
129.4218	73.29993	22.68911	116.1204
129.5239	125.5789	31.3037	61.19927	113.6608	30.71874	95.40732	38.13389
129.9866	108.5192	30.15805
129.9866	106.0976	110.2609	83.23008
129.7831	21.36265	44.38096	1.38132
129.1885	108.1518
129.1885	103.3915
129.1885	103.3915	76.1777	67.37245
129.1885	81.36487	54.57485	58.77415
129.1885	105.8007
129.9875	106.7816	42.41408	29.08464
128.1794	105.3204	70.48132	7.869545
129.3933	96.95601	9.204152	71.94275	107.8006	101.7719	78.51563
129.3933	111.4524
129.3933	102.9605
129.3933	115.4847	19.26664
129.3933	88.04508
129.3933
129.3933
129.3933	109.8451
129.3933	106.7775
129.3933	106.8279
129.3933	104.5684	75.57606	71.03023
129.3933	113.181
129.3933	109.5187	43.33626
129.3933	49.60268
129.3933	107.9533
129.3933	108.3509
129.3933	40.50093
129.2363
129.2363	103.514	101.812
129.2363	110.4262	55.02353
128.8505	108.2447	42.43366
129.2626	62.62203	24.04948	79.27299
129.2626	127.1428	45.29951	95.46118	127.0921	4.893499	17.07335
129.2626	69.13004	98.19013	71.07108	63.44094
129.2626	103.01	10.98251
107.6152	128.7406	10.75898
128.7406	103.5311	41.19245
129.1583	105.2755	4.982398
129.6503	108.1516	16.21654	12.57245	102.5202
129.6503	115.3491
129.3781	105.2418	10.77204	63.68371
130.8901
129.4415	110.0874	39.224
129.4415	105.2249
129.4415	106.2802	38.33998	57.56308	19.65016	80.07529
102.3863	129.6532	86.47297	64.89477	68.73377	56.34384
129.21	26.36963
129.21	13.76771	107.7009
129.4563	4.360784
129.4563	108.2118	65.13513
129.4563	57.76463	31.31298	60.00968
129.4563	75.82701	95.26578
130.0529	118.3741
129.4064	111.8105	87.07155
129.4064	106.8695
129.4064	108.045	131.1389
129.4064	105.2947	29.6584	11.23072
129.4064	104.9834	30.86618
129.5284	105.4055	17.0383	103.7514	10.88936
129.37	10.43554	67.39966	7.951641	123.1255
129.37	0.5126187	10.78362
129.37	100.6738	75.5781
129.4853	103.3836	51.87754
129.4853	68.00706	100.5581	13.58331	66.68733
129.4853	125.8066	20.08831
129.3457	4.172521
129.3457	66.12968	47.48733
129.3457	108.2724	23.00546
128.8008	113.6855	80.71855
128.8008	106.7124
128.8008	71.25147	115.9773	50.43326
129.4846	109.8389	32.48228	97.14125	4.28474
129.4846	110.5359	24.28027	108.1018	79.69838
129.4846	106.8042	110.7675	74.19801
129.0456	16.35723
128.7081	67.83941	106.1354	69.92717
130.0328	106.7522
129.6365	114.4173	5.357933	8.429252
130.0536	115.1713	100.9484
129.4222	102.7026
129.4222	108.2139	82.29212
129.4222	117.6226	131.2137
129.4222	113.4072	81.88209	14.39503
129.4222	103.1162	57.10709
129.4222	108.7329
129.4423	112.0654
129.4423	111.3822	39.46572
129.4423	105.2148	43.6203	59.47621	19.92173
129.4423	93.28411	51.72046
128.6398
118.9994	34.85236
121.1457	31.73982	30.84887	21.17221
120.8383	78.01441	15.76262	120.5695
61.97431	45.68718	10.09418	51.34009
122.2556	3.518906	110.4677
121.4985	11.90378	8.605102
43.42418	33.40982
74.23644	15.45519
117.875
59.60789	51.72693
73.96435	60.72671
77.58529	31.40379	25.04079	58.59341
89.5133	55.4281	89.12611
72.22271	43.17877	36.36685
77.89651
84.70477

130.2604

3.463691	129.2858
129.2858	123.2695	80.0525	14.99777
129.7346	103.6953
129.6842	106.103
129.6842	108.9523	109.7786
128.0702	3.757706	105.2236
118.0863	131.1129
83.47258
61.55196	125.5028	89.04849
128.756	96.13818	114.6247
128.9691	89.34052	20.57133	9.706699	33.0707	0.2611605	70.35056
130.789
107.8771

61.83828

66.87509
4.596212	102.4817
79.2385
42.2855	6.21202
22.87274	20.16414
74.3811
69.72813	50.30417	22.22077
54.86021

128.1194
126.1234	20.21817	131.1577
11.7603
41.84488	93.2594

90.11357
4.207259	2.927032
77.33437	76.82771
127.6067	65.70407	77.53029	73.71704	104.8496
16.58608
89.75278	11.62824	28.47262
29.54394
7.864615
129.2463	98.90614
129.269	30.35543	106.1302	61.56133
129.269	106.3623
129.269	113.223	2.867746
129.269	111.9746	25.40122
129.269	95.30496	86.62933	80.806
129.269	8.724288	106.8346	0.3032823
129.269	109.4898
129.1408	109.5356	68.0359	29.88215
129.1408	113.3985	32.81782	10.32775
129.4319	109.3504	49.66856
129.4319	108.3738	27.35565
129.4319	113.027	69.74234
130.8905	108.8544
128.9509	97.09129
128.8463	104.5428	1.278873	98.48838
104.9359	129.5728	29.83779	9.620325
105.0582	129.5728	71.70363	43.42439
105.5805	129.5728
108.3251	129.5728	67.14825	10.67154	123.0894
109.0631	129.5728
129.4158	32.25907
129.4158	110.517
129.4158	104.5943	66.11644	49.22536	38.10111	89.29064
129.4158	0.2311273
129.4158	2.342059
129.3582	106.221	91.30278
129.3203	104.5949	15.54479
129.3203	114.3472
129.0575	56.91871	32.5459
129.4322
129.4322	110.5505
129.4322	108.1965	42.97275	33.67466
129.4322	118.9887	4.463937
129.4322	104.7061	102.9253
129.0501	109.2482
129.0501	104.9144	75.18904	77.06809	19.67285	2.036011
129.4077	103.72	49.62891	121.7422
129.4077	110.3456	73.98777
129.4077	111.3723	107.4528	52.61673
129.4312	105.9031
129.4312	103.4165	44.74586	65.92917	27.02675	102.251
129.4312	104.9122	14.42004	7.068279	71.93039
129.4312	111.8925	71.94821	67.33173
129.4312	108.2483
129.2131	105.9868	16.23445	73.44504
130.0749	91.74438
130.8063	119.2928
74.27792
72.44923	0.5663062
71.7567	35.98149

129.3632	29.66464
129.1375	127.3147
129.1375	106.808
129.2411	109.1405	80.26161	17.12322
129.2411	89.27184	64.92522	78.2061	74.20003
129.2411	108.6937	114.5792	82.13203	84.61385
129.2107	3.333403	83.582	86.68889
129.2107	102.884	121.8793	76.12248
129.2107
129.4313	104.3335	22.68918
129.4313	91.18504	119.5609	24.85172	87.47118
129.4313	103.4849	28.53593	16.15741
129.4313	106.6071
129.4313	111.3917
129.4313	108.8408
129.4313	105.7502	15.79677	47.31879	15.53141
129.4313	105.7717	73.13024	40.44127
129.4304	42.57307	113.3215
129.4304	103.7193	104.1917	122.744	58.44492	73.52914
129.4304	104.2727	41.95955
129.6054	108.1408
129.6054	51.33068	39.13407	81.9904
129.6707
129.4802	31.20457	114.8921
129.4802	55.76379	113.17	12.8308
129.4802	119.3373
129.4061	117.2738
129.4061	114.4202
129.2362	116.1769	77.36285	16.33202
28.26632	3.089055
2.712449	1.226024
128.2177	50.24966	41.28957
109.4459	128.8017	107.0655
128.8017	105.1943
128.8017	9.097727
128.8017	108.7038
128.8017
129.0457	106.3173	9.193103	122.3487
129.1791
129.4472	103.5063	13.97561	53.32181
129.4472	112.7272	74.07192	31.34836	14.25105	113.2781
129.4472	113.0025	68.97391	105.3444	41.93289	6.662819
129.4472	110.7555	20.51576
129.4472	103.3052
129.4472	109.3513	63.7262
129.4472	106.8498	56.36698
129.4472	105.0307	104.2652	110.1559	76.5342
129.4472	112.6905	72.73015
129.4472	74.13977	51.03389	113.0879	84.54445	44.80544
129.4472	108.4296
129.4472	106.1216
129.4472	74.80321
129.4472	110.995	126.0221	42.33041
129.4472	108.7606	56.21409	25.84073
128.6839	103.6308
129.7535	4.847244
129.6584	44.78864	114.2993
129.7446	111.2348	32.96046	104.5859
130.8289	11.81392	6.815292
129.4757	105.083	24.96503	123.2107
129.4757	105.2996	14.33812
129.4757	39.92078	2.395187	64.5522	54.64131	30.06675
129.4757	63.39209	112.5499
129.2509
129.4695	112.2291	9.240845
129.4695	114.229	76.78684
129.4753	95.31958	127.1639	13.05168
129.4753	21.09772	121.8856
129.4753	115.4856	76.25281
129.4753	77.39711	71.81133	24.06905
129.4753	104.4801
129.4753	115.6734	101.2165	63.29247
129.4753	108.2876	63.2155	72.74193	124.2053	65.44142
129.4753	109.2343	60.93286
129.4753	107.886	21.11957	60.21651
129.4753	105.2669	7.588734
129.2193	103.627
129.2193	105.6162	64.23243
129.2193	105.8834	29.57288	9.444226
129.0284	113.4858	11.93572
129.0407	71.54685	55.15259
129.2445	20.64322	52.35893
129.3311	95.67034	5.989686
125.0607	130.2917
77.09215
53.8824	75.57133
54.75039
0.9482687
74.28012	49.49029	92.34212	29.23038	107.6563	38.08204	45.10582
74.37275	120.795	26.39807	71.46797	13.27883
73.46696	118.6719	77.79323
128.7983	108.2472
128.7983	112.5816	28.56166
108.1691	128.8029
128.8029	106.2716	74.63314	120.5914	126.8418
129.7033	106.2826
129.7033	110.0367	64.56456
129.7033	96.11504	81.15238	39.49875
129.5188	99.30147
129.5188	42.4415	113.252	97.27998
129.5188
130.8218
130.8218
129.5634	104.9899	61.48706
129.5634	104.9756	84.14813
129.5634	107.3553	48.20859	101.8544
129.4798	106.1614	18.52546
110.5074	128.5579	26.33787
131.0073	106.6471	129.3692	76.8237	74.44435
130.984	129.3692	106.3495
129.3975	109.8734
129.3975	113.0891	103.7109	104.1021
107.0183
11.64147	3.844481
74.51339
72.16147	42.80659
56.50168	123.3333
15.39098	14.81687




55.92969
124.6918	16.00445
125.2384	65.36211	106.2124	0.7272028
124.3056	31.68926	28.959	4.785673	66.99068
126.0719	92.53335
123.9498	95.95931	69.1543
122.411
121.4662	108.6178	70.70495
51.36164	50.86744	128.4355	35.17962
63.33656
79.37966	75.18583
124.0034
125.3465
75.92484
11.35555
111.4834
124.5883	58.03182
124.6089	75.71783
130.1068	80.68966
124.4357	12.19451
71.47297	109.4996	70.39765
34.87755
80.06368
82.75818	13.271	82.72918
54.47371
41.35213
62.6444	12.63068
71.91495	27.96422
89.80408	58.32274	57.621
58.72458	35.48025

20.94758
53.08631	7.055898	38.35849
61.5737	10.09298
124.5747	77.89098
122.0061	107.221	66.02407
89.95079
61.14163	75.28963	13.99369	31.65092
84.96336
31.92862	129.0369	12.72223
84.8471	55.40691
64.6145

119.4584	107.9116
84.62795	70.90885

96.73487




42.78751
8.319704


95.82138

68.43941	62.90539







72.29346	9.695907
50.57959	115.455	2.561903
93.55789	76.08005
98.90264	62.7029
73.37519	15.77171
2.359023
40.47282
76.29173	23.48043	34.73148
104.6982
50.53605
73.15803	69.51861
1.033931
88.66715	64.62779
89.93653	83.97098	1.325312
109.1293	81.8883	54.2394
120.8214	49.72586	34.19704

69.69676

128.9183	105.3784
128.9799	106.8983	74.20052	128.9624
128.9799	103.601	34.98509	58.73578	66.52283	34.0271
128.9799	105.6841
129.482	105.6841
129.482	106.2838	100.4732	85.14117
129.2047	106.263	101.3723	58.40352	114.2005	42.92287
129.1689	114.3309	71.31005
129.1689	123.317	9.776353
129.3904	104.1587
129.3904	88.09465	106.5928	5.985622	61.33804
129.3904	48.13565
130.9566	78.50227	67.00246	109.1955
129.2089	105.377	18.905
129.2089	105.235	15.50044	1.551289
129.2089	22.95593
129.2089	115.7012
129.0259	104.1628
129.0259	64.91319	105.4949	55.35915	19.16784	18.93548	31.82261
129.0259	107.7768	84.21568	63.33794	105.5823
129.0259	110.8175	19.80612	43.08336
129.0259	46.87262	102.9282	57.09303
129.0259	28.13162	109.8975	43.59655
129.5865	106.7821
129.5865	112.407	49.04314
129.5865	34.09603	1.404011	63.07562	1.710119	10.27958	10.70052
129.5865	11.71918	104.7338
129.5865	103.3485
129.1675	8.938622	107.0644
129.1675	106.2326	100.3625
129.1675	111.659	15.55565
129.1675	104.6827	2.521875
129.7332	120.1834	91.62622	74.90378	33.25502
129.7332	108.6742	128.2927	67.34981
129.7332	113.2016	4.647704	19.33648
130.4929	79.96208	68.38869	66.75181
59.5258
90.29353
124.4774	70.30162
121.9479
121.1984	78.40647	40.14639	2.014132
122.4824	80.93899	80.39456
73.79696	128.7118




75.35521
35.97526
72.08335	16.20553
72.84701
71.16893
67.5518
89.82431	44.63753	61.41201

19.82918	106.6672
85.14882	129.9957
52.08465	41.35113

18.36935
44.6746	57.97827	13.64343
70.15646	66.40164	65.34642
11.34643
52.99391	3.838532	55.14521	34.78585	123.7165
114.3617	76.32215

75.04764
98.57151
89.65248	73.96066
84.12717	4.872451
87.27094	24.69793	3.003505
47.57077

35.57502	30.02398
87.92788	24.28536
87.72729	34.49649	42.3538
39.47859
79.78535
89.90585	96.17462	51.12037
19.79767	12.13707
73.97651




72.86442
70.83531	44.09667

30.45447
81.88805


121.2749
99.89083	38.06468	30.85608
72.98257
79.93896	39.07972	70.30224
74.41167	0.7977037	67.26941	44.50012	7.233218

22.95268
76.74585
12.03621
90.95692	6.827139
130.795	81.5262	58.81098
128.9062	127.1392	120.1203
129.3482	108.0391	126.1054
129.2831	108.8994
129.2831	104.3311
129.2831	104.8704
129.2831	107.9634	4.82902
129.6003	112.6738
129.6003	104.246	17.14433
129.4025	112.2885	7.67234	86.38214
129.4025	105.1772	21.03135	124.7901
128.7143	104.1708	97.45768
52.06861	37.79059	49.01584





100.6126


20.92953	6.559048
72.30339	57.67129	25.4554
90.15605	88.45996	97.18948
90.7125	67.1503
87.03437	5.766012	2.965101	11.98729
76.19956	11.47682
97.78455	80.97383
85.06795	74.3095	58.89918








123.1208
120.2788	71.78657	12.50607





30.5021
54.61963

75.83035	73.89146	67.17072
56.36158



82.75733
78.00051	117.1677	13.98103
119.261	75.62982
83.32248
14.80862	121.2686	22.81525
128.6139	69.69804
118.1392	74.57777
119.5127
59.87047	128.2274	11.92152
10.6428	7.523396
69.10424	53.64021	27.85987

11.83081
46.07781
91.60751	1.877552	71.84742	26.98445
87.3317
80.42199	33.83199
62.58816	116.3099	76.55641
66.23065
11.13017
45.79947	17.81988
73.67081	54.02568
105.5339

43.13142
9.819472
75.58355
16.6902
77.29274
74.6773	35.70065	52.46083	25.47065
14.22439
0.9085883
49.07645	3.026635	4.29196	39.11444
118.4046
125.0482	2.211511	18.1726
123.3592	74.73574	56.43633	110.0121	66.18206
128.5683	69.91833	102.7771	97.62938	23.01831
129.4546	104.5624	97.99682	125.2971	10.74461	5.183991	119.387
129.4546	103.7644
129.4546	104.2082	7.480853	10.16385
129.4546	116.0625
129.4546	107.5502	37.98678
129.4546	105.7678
129.4546	110.6606	48.56783	34.49854	128.4348
129.4546	111.2875	72.00184
129.4546	119.0931	68.9328	106.2916
129.4546	104.841	121.935
129.4546	105.2347	17.34328	10.74245
129.6865	109.1173	9.3256	118.5106
129.6865	103.7483	125.2507	78.22606
121.0313	116.5619	85.48532
125.2975	104.4143	39.09407
3.105807
38.18797


36.95168	33.58157
130.8279
74.96844	5.662337
58.3988	56.96777
85.79503
92.27556
121.6662	67.80676	2.807817
122.5125	16.07637
41.36564	1.281039
118.5618	26.2701	107.6241

74.23342	73.17617	71.66685
129.4509	115.0929	38.14566	83.05915	23.19991	30.43712	33.80037
129.4509	101.8452	95.96455	88.44892	83.39155
129.4509	107.7624
129.4509	103.3526	17.9928
129.4509	113.4537	83.08082	82.58082	85.46582
129.4509	117.4831	87.27484	12.27464
129.4509	105.2552
129.4509	112.2622
129.4509	103.2744	76.32597	108.8008	100.2568	3.395402
129.4509	96.65454
129.4509	107.6328
129.4509	110.0137	79.40468
129.4509	104.6685	100.4764
129.4509	3.503915	114.2422	78.87014	49.05572
129.82	107.9232	125.0436	17.0999	1.967755	121.1886
40.23863



64.03081
77.88358	29.29631	53.36596
130.8444	14.28345
116.8562	102.2118
62.50883
52.77333
114.7709	9.624345	107.6291
24.8938	100.8185	2.179558
124.5292	112.106
76.20883	38.07583
44.41824	122.6071	31.70321
14.69824
70.13002	67.11486
121.9586	118.2656	61.62353	113.9071	23.61227
129.3482
124.5998	45.3944	6.919398	120.3468
125.2473
64.02453	4.222456	53.36327	63.13861	50.82117
69.67835
41.6873	41.45841	68.47474
106.9583
3.369265
26.5142


122.4109
128.9118	94.92371	71.68354


40.38228	49.67003	46.88137	21.78102	7.521792
71.16151	23.01926
11.65296	8.812
35.97192
66.39172

50.19019


24.43579
3.865238
33.1059
94.87198
126.8408	51.00784	66.82607
126.8146	13.27366	14.69576	114.7672	0.7288016	57.56718
60.05975
23.74062
119.1093	54.27889	44.26057
125.1474	80.51293	74.43055
129.5579	113.5899	110.3547	103.5508
129.5579	105.3755
129.9233	105.6973	34.90761
129.1684	103.7959	11.98992
129.3896	104.5766
129.2865
129.5652	97.30143	44.45145
129.2431
129.2431	20.24939	103.4703	69.96087	41.53358
129.3366	105.7932	38.2005
129.3366	106.3766	88.77739	6.763191	123.9139	76.66856	119.8783
129.3366	109.0307	20.16816	5.286014
129.3366	105.7814	56.73224	2.846809	98.17234
129.3366	107.722	97.47616
129.3366
129.3868	94.1836
129.5691	93.35671	92.7135
128.8543	104.2862
20.58352	122.9892
70.19337
70.16842	51.34547
89.64356	36.10476	21.90837	87.39093
51.56476
72.01606	44.53679
29.9635	26.79702	25.71727
85.68966
76.16043	27.61182
119.62	12.11881
120.2059	56.68927	1.624811	114.4719	114.0292
124.9984	0.5646671
35.83134
90.11061	80.77012	35.45727
71.33544	33.92782
8.701917
77.80436
74.11617	3.664119



61.93321
63.80421	82.97509
2.038109
110.8886	81.25637
73.06382	22.92729	72.96254
82.91517	37.40192	84.7043	27.43181
26.49486
39.8701
81.51916	28.98287
123.5475
87.22168	50.90338	26.76607
72.16758	80.2666
72.23142

35.55765
124.1022	83.00144	1.004159
75.23045	58.70094	2.895997
30.11747
90.17583
9.999687	100.1201
73.67598	35.28037	33.37526
14.38375
89.54512	48.8967	2.028328
94.47558	17.17096	79.82392
2.547401
8.19133
11.34179	2.352237
71.15313	40.32902
87.80658	74.38941	35.98551	31.51244	28.50665	41.52861	5.997391	40.36701
68.08302	6.454949
73.19302	6.770879	19.76322

106.3545	74.77849

73.41495	4.292355
35.22496
41.35352	32.56433	21.22492
87.16385
89.79801	4.266735
73.21596	131.2058	16.98946	40.43626	99.17939	40.55495	13.38937
102.291
121.6966	75.83247	131.1863	40.36877

78.48898	5.889972



57.78932	26.60787	90.17614	20.10446
60.43254

71.49721	42.43074
11.56479	6.783481	5.524024
90.22137	57.22359	42.98301	78.9962


123.4188
106.1487
76.49517
3.556026
71.11182	126.0333
123.7238
69.87163	65.87792	108.9117
93.76501	74.45889	14.81234
71.61738	35.12276	104.5164
127.5834	44.74176

70.73795	120.8499	75.44977

92.23112	19.19432	5.101476


126.9565	54.05509	126.1725	1.056949

125.1218	33.65816	25.4212



78.16888	26.69934	34.88464
118.485
9.114504	106.5377	54.15624	4.470158	39.92983

0.8051284

78.61178
73.61109
90.19795
122.1258	86.16902	121.6029
123.9495	33.78085
125.3011	60.48964	40.21912	20.57959
125.3994

124.1127	37.10929	18.93331	106.1309	2.578315
76.34719	31.07249
0.1390645	113.4565
13.65282
81.28614
121.6252	55.91169	24.16162
42.10935
61.66852	27.98033
79.33016	103.943
72.77939	31.14814	69.45349
31.6063	30.22505
4.499523
89.34958	64.89893	83.72657	13.82079	38.53415
101.1117
128.6367
124.7657	32.58731	112.1526	5.361823

64.44613
74.49944

95.91495


52.65446
71.19593	64.80776	68.25005
60.63161
33.92071	16.28662	77.06923
58.05413	55.32826
0.1046625

74.67724	48.60041	3.469576
2.877365	113.2407
71.11139	30.57908
107.2778	23.08814	101.1314

125.1984	123.0997
81.07602	73.31761	65.18221


125.1788	25.69428	24.88507
82.73442	1.050962	107.3189
110.9424

122.6142	56.96839
77.53757	103.6613
85.00582	27.63092
121.0421	57.9182
125.2622	97.58673
117.9698



28.15803
90.65051	65.72119	43.32305
71.17831
11.78271
12.6372	6.635418
77.20616	59.71618	57.54785	131.2638
63.70054	46.66331	116.2972
71.97784
74.96653
67.89118
69.42971	48.04688
16.95183
73.49162
31.88054	25.29762



74.37119	19.80276	73.11763
9.349663	3.065107
25.28997
126.8941	62.34104	51.43202
74.29663	64.13413	14.47385
105.7919	84.26338	75.94153
77.37559	5.099974



56.44595


5.149705
123.6972	67.77483	65.24218
123.6972	46.21845	65.96458
129.9684
124.9714	71.73026	64.31676
125.6157	74.06934	24.55503	8.673393
45.38773
86.72109	75.22386	24.39579
54.65363	46.03236	2.717034
89.97499	78.25448
33.20528	30.34146	81.11147
73.45279
68.77208
127.9602	83.43597	52.62016
121.3164	63.32902
121.4445	85.91561	2.799297	75.82113
117.0248	1.65839
72.00363	62.17137
125.2775	10.07015
125.5443	111.241	66.71092	110.5217	123.101
120.7493
124.4344	84.16381	52.94638
92.25224	86.48912	31.71327	17.81781	8.910831
72.16624
28.97314
71.53457
126.914	53.65492	27.71702	32.62634
79.47129
76.50235	131.2213
20.07504	120.6431	2.334722	71.87792
129.5407	35.92648	86.62853	27.71693

83.39634

118.1144

89.81098
84.21859	15.81091	30.44805
82.27137	33.8406
89.9172
69.10705
44.76959	15.31641
85.78075	35.22245	20.45358
26.85442	117.8533
126.2998	29.26902	51.4826
119.5801
129.3883
129.3883	40.17167
71.94935	23.80127	44.11102	48.88548	39.50994
72.74134	63.83543
73.37867
72.78453	17.44662
71.69232	13.92166	49.031	50.66484
13.40032	65.34979	8.238503
70.34641	28.8557
117.6098

90.25151
119.3256	12.25061	99.18641

84.79838	22.47999	29.51981
5.752659	104.4279
59.88636
73.48227	128.5739
128.6405	37.57862
128.6405	104.025	9.862387	74.46949	57.55811
1.01093

1.76878	0.2217236
74.75685	6.076919	28.37716
127.8442	72.38091
83.47825
19.47901
79.23852	57.91691
72.6367	15.81892	16.50292	61.69811
1.712065	118.4	72.82951	65.24196	19.35423
108.6689
9.386171

119.6693	12.51425
131.0122	61.67912	39.66481	19.63866


107.773
25.46544	1.062208
65.668	25.14846

58.81223	1.56504
69.45705	66.34339
8.071408	7.05281

79.94933	73.15838	40.00562
67.61674	66.61571
115.1859


17.64735
12.01257
70.94385	60.20075
66.07528	86.94514
70.86661
94.87181



129.4432
129.4432	18.45898
129.4432	104.928	73.71142	75.18311
129.4432	106.4426	58.91763	79.0724
129.4432	98.24514	96.82709
129.4432	23.80893
129.4432	106.053
129.4499	41.46227
129.4499	6.148141
129.5692	113.246	34.24357
129.5692	105.4999	35.85033	126.3299	66.06803
129.5692	104.9725	90.17533
129.5692	108.4422
129.0886	108.6859	42.96931	14.82498	92.57887
129.2882	0.8214821	70.17536	0.6198819
128.5015	106.8768	5.268963
106.8492	128.3147	72.2649	119.6601
97.51672	128.0618	29.85315	22.50679
129.4666	103.2265
129.4666	103.8045	93.80624	58.24259
129.4763	102.2403	17.33641	39.1151	22.90662	75.95161	22.65338	22.32636
129.4763	102.647	124.4587
129.4763	109.041
129.4763	105.0699	67.28317	6.51482
103.467	124.9855	116.0825	69.58628
129.3334	106.667
129.3334	103.9636	116.0793	77.37454	43.85659
129.3334	107.6996	125.7254
129.3334	113.8159	3.34108	3.03674
129.3334	113.4542	91.91852	33.34882	47.45378	82.73777
129.3334	110.3919	44.84033	41.77424
129.3334	91.85118	117.4404	37.44515	9.997532	124.7517
128.6688
6.670197	10.23084
73.56605	9.775686
87.38376	44.66029	1.906646
129.4077	115.9063	82.42547
129.4077	110.4002
129.4077	105.6691	112.0652
129.4077	107.6598
129.4077	107.6472	3.48861
129.4077	105.3737	9.04872
129.4077	104.6575	63.35631
129.4077	106.8845
129.4077	114.1532
129.4077	107.7485	31.51635	56.99751
129.9977	77.07794	76.13011	68.80613
129.9977	106.4783	8.712096	74.90534	129.551	23.7838	17.13695
129.995	115.9249	116.4378
128.1897	108.4327	74.34511	44.71154	4.052448	117.6375
128.1897	105.7863	30.80726	4.212125	89.99108
128.1897	106.2109
129.5077	103.255	77.17922	50.22202	81.93045
129.4912	105.718
129.4912	106.6931	63.93299
130.0461	33.45162	109.2767
130.0461	103.2622	35.68517
130.0461	105.0047	80.31047
130.0461	105.5124	19.91879	34.13028	87.23042
130.0461	105.9126	90.16308
130.0461	95.66634	57.55757
130.0461	113.6999	127.7713
130.0461	33.51457	3.999299
130.0461	104.3123	22.87591	18.33766	18.05643
128.947
122.5887	71.26598
114.7215	73.08002	23.9388
73.9573
18.63293
27.91266

76.41579	55.91203
54.23096
122.8497	1.895115


64.65673	18.1883	112.9469
70.03642	47.39386
129.9015




113.1221	94.7793	87.6063





83.15514	14.27217
73.65831	34.30925	29.14255	1.680506	3.919062
96.42906
75.32031


83.23906
120.6142
124.1641	46.14748	28.14618	91.04148
124.3692	14.28396
24.33432	122.6925
46.69269
122.529	121.4987

72.42455
128.1544



87.79152	40.00229	99.08487
21.58599	112.6274	105.8319
0.176454
89.78883	61.43409

2.205157
74.23229	65.69484	81.26929
73.91902
76.94412	25.7133
86.56157
76.44976
91.76243
72.52443	61.62364	27.86888

88.29915	58.41104
25.85944	5.874307
7.113534	90.92915	11.27652
51.83277	13.09813

126.9894
126.9698
87.13761	118.2148	59.22881	124.2766	18.97095	123.3769	112.7233
125.6577	74.38724	43.53116



86.41089	59.69864	77.71813	72.88839
126.1277
71.68678
71.86198	69.42494	24.17617	23.63442	25.32004
98.32392	1.260861	83.76931
72.56321	16.49677	51.17302
90.21495

126.2456
129.3402
129.3883	110.5878	40.83027	29.68778
129.3883	106.7716
129.3883	113.2168	51.88285	71.54252
129.3883	103.7569	30.51074	72.17389	48.92328
129.3883	104.2282
129.3883	111.5145	16.98528
129.3883	104.3722	79.48086
129.7237	108.3866	23.06955	7.954534
129.8184	57.35586
129.2576	112.4468
129.2576	112.8747
129.2576	43.38022	111.1418
129.2576	30.37565	22.12864	128.0885	92.73823
129.2576	103.5892
129.2576	109.8004	47.03738	32.9855	44.20629
129.2576	104.7148	2.330755
129.2576	72.01339	73.3082	115.5631	96.51868
129.2576	114.0745	81.04913	112.1124	64.6618
129.2576	106.6631	102.8968
129.2576	119.5612	86.07951	19.79818	103.1888
129.2576	45.46842	20.56424	27.41145	122.6615
129.2576	71.73352	104.4684	62.75992	37.80068	51.3615
129.5935	57.83706	76.80991
129.5935	109.0391	22.38369
129.5935	110.5769	20.56643	22.21693
129.5935	29.99817	113.4007	14.0804
129.5935	108.8129	57.68798	51.80076	0.2905622
129.71	103.0972	43.09263
129.71	81.78266
129.71	94.66713	54.18831
128.9771	95.12365
129.3831	90.71843	128.6752
129.3159	67.65006	8.875203	27.534
129.4964	108.9938
129.4964	104.9042
129.4078	103.9373	111.1122	56.031
129.4078	105.374	7.178941	80.50981
129.4078	102.7754
129.4078	113.4396	18.02346
129.4078	3.894737
129.4078	114.0635	24.89666	19.59618
129.4078	103.1071	65.78158
129.4078	112.8205
129.4078	104.979	22.67195	71.13902	97.14052
129.4078	104.979	104.2955	77.97991	17.85069
129.4078	104.1588	7.354082
129.4078	103.9888
129.3311	111.4186
129.2891	104.5882
130.0371	105.1461	128.7019
130.0371	104.525	71.55315	61.49331
130.0371	112.3965
129.3834	104.9984	54.9468	30.95464	39.03099	72.1124
129.3834	107.4214	43.30841	47.77266	53.88831
129.3834	106.0219	93.97405	1.425009
129.3834	113.2299
129.3834	104.5681
129.3834	4.569763	106.2063
129.3834	110.7901	70.73838
129.3746	104.9552	11.77352
129.3746	109.1537
129.3746	111.959	25.49705	71.01587
129.3746
129.3746	16.85802
129.3746	97.25696
129.3213	85.17614
129.3213	16.04155
129.3213	113.5745	28.91397	108.4986	7.704652
129.3213	113.4883
129.3213	95.77314	47.07727
129.3213	103.9759	86.93137	27.15038	74.15501
129.3213	120.2836	16.43376
129.3213	105.9075	73.22424
129.3213	113.0523	1.307288
129.3213	109.7616	107.7806	89.56316
129.3213	105.4421	57.79734	51.58927	4.888103
129.3213
129.4292	55.37871	48.75595
129.4292	100.6246	92.6696	71.36766
129.4292	108.0081	2.344897	99.18914
129.4292	76.19419	77.28669	114.708	10.63985	1.401182	98.15684	36.41126
129.4292	103.5348	57.64151
129.4292	103.0426	32.85517
129.4292	104.7204	40.56747
129.4292	104.6155
129.4292	28.10731
129.4292	103.7106	41.55153
129.4292	113.9076	24.65528
129.4292	103.7559	86.53223
129.4292	98.94265
129.4292	106.308
129.4292	105.4323	72.43268
129.4292	105.0298	17.48003	79.92399
129.4292	97.54063	53.33078	43.72869	36.14371
129.4292	45.87793	117.0551	65.12612	42.83447	116.5165
129.4292	104.3992	30.49221
129.4292	108.945
129.4292	106.8429	86.71313	56.74257	36.44906
130.0382	103.8123	71.73898	103.7184	110.5867
129.3422	117.5037	95.91213

39.79139	125.4871
122.0595	70.21068	45.77197
73.44751	16.00451	5.7972
44.90558	3.637742


108.8149	84.97292

84.89204	90.58101	24.38882	18.21873
125.4606	11.65442
122.0062	73.67945	71.04664	100.4271	60.83583	118.2272
71.28405	4.817081	52.16051
79.09363	51.11097	1.321527
128.987	29.72647
124.6618	69.41022
129.3511	105.8367
129.3511	104.5092
129.2681	113.3771	35.36879
129.5305	107.6593
129.7515	29.05853
130.8898	105.3333	129.6483	20.15741	66.95295	73.41299
106.8348	129.6483
113.1164	129.1722	43.68194	1.532516
129.2328	109.6081	19.83892	99.33974
129.2328	104.5288	59.8668
129.2328	107.4826	54.68121	22.94622	48.67753
129.2328	116.4298	85.33729
129.4461	109.7567	19.37858	32.97765	82.49112	105.9444
128.9406	106.1089	27.65507	49.56809	73.78688
128.9406	103.9066	31.42275	44.49667	92.26521
128.9406	104.3692	51.16813	5.289455
128.9406	112.0454	59.68244
128.9406
121.4334	30.37685	79.2167
15.07704

79.06306


10.33844	53.55453
33.58703

35.11171	31.98084
100.461	51.04472
68.4269

39.89489




73.5979
74.23372
102.2559



72.68351	30.32673	46.72287
21.35529


124.4608	116.5471	74.94496
72.65002	108.2494	34.81335	114.7124	68.17306

124.3902	71.4109	9.488564	99.65661
43.60911	18.6214	20.36433	37.69572
92.04516
72.44477	28.35121	6.498019	18.57056	57.20215
69.8985	50.10019

104.2486
0.03193009
13.59581	10.51471
65.61008	3.472534
39.80045	3.738116
118.8917	103.814
125.2712
71.24427
77.2136
92.23675
4.008863
7.687886
33.44115	73.34723
84.45373
55.97538	53.95455
117.1489	41.52824
28.29218
58.60888	131.1753
10.06631
2.643102
81.91291	1.790306	22.3679	20.1024	15.9097
86.62412	71.10861	69.06685
72.62767
81.45195	34.16099	80.3778
53.37557	96.46262
71.66529	62.60925
128.8456
128.8456	43.01936	9.769906
129.5228	103.6727
125.7224	75.936	107.6466	22.96209
83.49092	16.09157	78.08647

18.29043
72.86565	14.46496
72.07468	28.03659	18.35817
128.2546	114.0827
101.1555	86.56856	72.81934
72.71657	38.04938	12.9073
69.38474	17.92534
48.19892	21.41085
115.4123

72.83202
82.64651	83.80498
18.70348

124.5822	62.08135	48.96485
129.4732
128.699
128.699	105.8704	10.18259	12.10319
129.7329	95.42922	110.3021
129.7329	104.6471
129.7329	108.3406	62.7578	8.779922	127.6948	61.04355
124.2328	7.722841	37.11305	42.5723
130.3304
3.271664




85.9338	83.00269
68.34299
85.32851	65.4208
111.2155	13.48044
55.50548
74.15622	57.58319
107.3376	78.98987	83.87819
79.7353	93.61821

81.42516
56.90312	8.493445
73.23321	66.57075

78.65848
73.7535	21.79714
74.16201
123.2568	70.20371






121.7782
69.8678	67.57419
25.91584

0.1349482


119.0509	71.34185	116.2067
129.7054	68.97255	49.97805
129.7054	104.5876	36.08482	31.30957
129.7054	111.9708
129.7054	105.1912
129.0777	112.5423	6.564426	34.80534	1.124586	116.3984
129.2516	102.9676	36.04905	81.19157
129.2516	105.1977	19.79678
129.8382	128.7315	106.4714
129.2973	128.481
129.2973	93.10349	119.7795	79.38841	78.14502	40.98457
129.2973	109.1916
130.0821	113.2869
130.0821	106.8636	106.7938
130.0821	96.78236	96.3592
129.6247	112.2125	100.4884
129.6247	103.1968
127.045	38.12542	40.98775	15.59117	4.959955	126.5238
41.77143
83.93288	57.30859
10.89671
0.4795534
5.945258
129.9799	127.3791	93.86401
129.9799	119.3975	97.94799	53.18981
129.9799	106.6824	23.28413	80.25364	76.58267
14.58423
131.0197	24.73011
125.0678	33.57664	74.97779	10.75314

39.39281	27.57203
129.5126

67.64167	12.40105
13.74172	2.128315
9.342696
82.86902	131.2153
22.22167
86.5863
70.78871



10.78081	0.7460381
73.75436	11.03607
38.57296
125.2509	25.72732	72.23939	56.18333	34.64109
85.2492	46.54121
80.22868	60.89655
22.46343	16.15099
10.78049	125.1819	2.456819	120.0371
123.4102	26.88748
83.30869	49.01999	36.63493
7.285844
85.79551
41.28939
18.16228	122.5818

56.56416
10.71287
84.50853
90.35059	29.40368	86.11827	40.26969	27.13556



25.404
21.89937
64.03006
53.24899
124.7408	16.49622	86.56464
82.26371	128.5277	5.839244	22.24697	73.94032
125.8524	67.67485	24.80564	131.1166
129.4614	109.3835	7.578552	12.60533
129.4614	103.3253	44.30108	2.568874	25.34186
129.4614	94.34898
129.4614
129.5704	83.66139
129.5704	105.8959	83.83545
129.4532	103.3007	80.93139	63.83659
129.4532	105.2483	2.888774
129.4532	86.43503	104.9179	131.1461
129.4532	82.28779	81.31112
129.5819	103.0383	61.05393	100.5597	84.25622
129.5819	103.9206	77.82687
129.5819
129.4115	45.30117	6.71152
129.4115	11.43168
129.0611
129.3276	59.00199	110.0794
129.3276	96.32919	48.31764	125.3174
129.3276	105.4924	80.02046	11.05576	60.72557	37.95941
129.1431	105.6372	72.96652	40.86946	66.35742	91.62073	13.97893
128.9531	113.1026
128.9531	105.2288	19.06438
128.9531	103.4376	61.45588	96.83474	12.95382
128.6238	103.4376	31.78076	126.1317	81.73613
128.6238	103.4376	87.54001	16.21605
128.6238	95.30064	66.50051
129.1696	36.60927
129.1354	60.8906	17.29946	122.7994
129.1354	108.2009
127.8994	52.28542	48.26763
121.9891	74.14281	20.70275
129.2809	72.95591	60.14371
130.0464	75.67339	123.4129	38.40093
129.6838	94.4909	1.308394	85.44417	52.56366
129.6838	105.3802
129.1152	110.3932	64.48668
129.1152	110.0545
130.0893	108.497	49.44991
130.0893	109.1072	3.612931	17.93811
130.0893	107.4966
130.0893	110.0118	120.9318	127.4943	18.61321
129.6979	113.984	16.19073
129.6979	103.8837	62.63687
129.6979	96.4012
129.4593	109.0438	69.33256	8.711025
129.4593	104.9248
129.4593	105.4256	118.4615	23.78209
129.4593	113.2884
129.4593	102.8415	54.28026	77.87575
129.4593	104.7023	20.17871
129.4593	105.8084	55.25908
129.4593	93.84726	7.925902	112.6205	56.7425
129.4593	108.1146	53.9984
129.7149	110.0611	118.6758
129.2248	106.7255	56.13712
129.389	113.4237	77.7442	6.326349
130.0036	110.1648	130.7246
130.7246	106.9668
129.3735	107.7982	105.8743	112.7597	55.91266
129.3735	109.8881	38.28866	29.08059
129.3735	71.63944	118.7312	113.5783
129.2589	28.21694
129.2589	17.92494	98.47986	84.53182
129.4252	106.8645	26.50419
129.4252	95.92659	73.26189	84.02455	2.836222
129.4252	67.78342	103.953	12.39252
129.4252	91.52397	114.6012
129.3802	105.7026	1.544148
129.3802	103.4319
129.3802	98.01252	108.3583
129.3802	83.09269	54.22178
129.3802	105.9586	8.047556	45.57985
129.3802	111.1216
129.3802	104.8884	26.63685	54.46127	100.7386	77.88482
129.3802	104.8884
129.3802	107.4273	117.2971
129.3802	102.9633	0.2001858	62.38842
129.3832	102.3631
129.3832	82.80312	105.4676	30.2312
129.3832	106.154	46.81281	129.2827	95.98909	36.00378
129.3832	108.2959	125.3017
129.379	107.629	62.16357	18.63003	43.32955
129.5276	107.9761	83.39121	9.29575	23.48762
129.5276	105.2494	74.04447	107.0556
129.5276	108.7726	45.39395
129.5276	105.6432	4.648881
129.5276	103.5232
129.5276	105.7383
129.5276	105.9912	5.267453
129.5276	103.3012
129.5276	3.205852	115.236	110.2923
129.5276	103.1953	86.60205	113.0281	42.6791	75.66722
129.5276	104.3547	2.546803	78.67679
129.5276	102.5629	101.9407	86.49046	13.9342
129.5276	80.37326	46.96705
129.5276	108.5988	31.59037	41.09982
129.5276	109.4004	104.9447
129.5276	104.8399	108.8738
129.5276	111.72
129.5276	111.5044	72.03936	64.66779
129.8111	106.5814
129.9624	111.5234	14.85278
129.8957	96.9805
129.6782	104.93	103.2391	83.70063	103.9331
129.612
121.4597	55.72188
129.2126
129.2126	29.5182	119.0134
130.9182
121.433
129.0151	127.1931	59.11366	35.88949	124.6986
129.245	57.65491
130.0151	110.3148	60.39493	14.91409
129.5152	103.9091	71.84674	87.42972	95.67607
129.5152	103.9091	33.54377	57.84379	26.60601	114.7548	47.9144	1.834632
129.5152	113.3112
129.5152	113.3112
129.5152	109.3019
129.1531	107.2811	113.0754
129.1531	15.01174	12.29282	114.7132	90.94555
129.4515	97.31011
129.4515	113.2709	82.33521	59.66806
109.1333	129.9037
105.8073	129.9037	103.3364
129.3183	104.4163	74.03946	72.07501
129.3183	105.3585	64.43826
129.3183	107.1642
129.3183	105.1368	24.9908	28.37593
129.3183	104.1663
129.3183	113.3428	129.1266
106.0887	129.3431	61.1946	70.70206	98.93581	6.051755
110.7202	129.3431	2.329537
105.2643	129.2824
105.9878	129.2824	40.0643
129.2824	103.4072	60.15817	88.92015
129.2824	105.2966	80.14092
129.7434	112.0973	34.59999
129.7554	102.7895	74.04462	30.31741	73.15415	84.56833
