SpeciationRates
0.08770983	0.09830725	0.05018767	0.0510828	0.07407808
0.06124301	0.08918729	0.0317334	0.05666492
0.03855971	0.08049839	0.0431999	0.02962104
0.04647971	0.07969951	0.03125297	0.04774258
0.06490891	0.07584907	0.03975422	0.03616266
0.03739995	0.08038761	0.03063209	0.05942938	0.07820111
0.04894008	0.09063472	0.05040183
0.05566679	0.08811247	0.04326816
0.03907619	0.08923463	0.05786634	0.0713103
0.04979756	0.06817401	0.08835177
0.03976182	0.05048543	0.06733243	0.05622669	0.0639904
0.06199962	0.07540285	0.06010247
0.03628682	0.1006056	0.06308321	0.04132432
0.05835331	0.06760564
0.03166121	0.07247486
0.04636802	0.07590863	0.04715165	0.05110708
0.07484568	0.07651205	0.0792989
0.0247487	0.07001417
0.07074882
0.08409512	0.09063092
0.07841079
0.06790653	0.07997332
0.06662214
0.0441729	0.0798577	0.04846096
0.05276053	0.07757935
0.0715935
0.07510752	0.07516883
0.03977908	0.0766366	0.07151253
0.06109601	0.06433606
0.052899	0.08265055	0.07072131
0.04137537	0.0731701	0.07541076
0.05868026	0.08658396
0.08062433
0.06679425	0.08931738
0.08474775	0.08739821	0.04510073	0.07577635
0.06601838	0.07463796	0.03495657	0.03736159
0.05740738	0.07615972
0.06747301	0.08346198
0.07246035
0.05692199	0.0711322	0.0526182	0.0554488	0.05111117	0.07787351
0.08822864	0.08439383	0.04992937	0.060915
0.04458893	0.07944486	0.06758813	0.03840232	0.06293717
0.06182898	0.07739783
0.06784055	0.07924081
0.05728036	0.07673912	0.05878822	0.05530032
0.05265575	0.06054881
0.07162393	0.07466665
0.08410736
0.09027166
0.1080365
0.08822931	0.07972849	0.06335941
0.05839567	0.0901481	0.06301847	0.05642402	0.04294349	0.03840031	0.0575742	0.06289695
0.04652341	0.07969979	0.06107331	0.03889921	0.0948708
0.06169246	0.1017146	0.06098378	0.0362302
0.06118953	0.08534838
0.08854027
0.07338049	0.09156096
0.06726164	0.102295	0.03120393
0.03590613	0.07035397	0.08892817	0.04893553	0.05879011
0.05918724	0.08846892
0.05011136	0.06837441
0.02203803	0.07385324	0.04808276	0.04601085	0.05470984
0.05000316	0.1017354	0.06194662
0.07526062
0.08236087
0.08110345
0.08059651	0.08007038	0.04690905
0.07083796	0.07523249	0.05299952	0.03823195	0.03952182	0.0918054
0.06002386
0.08753043
0.06276212
0.06226292	0.05890726
0.07873077
0.07262258	0.08093917	0.05037296	0.03181641
0.08912121	0.08017349
0.03486239	0.08956157
0.04673692	0.08016549	0.06160127	0.04795883
0.03029051	0.07765544	0.08047831	0.0606289
0.05687218	0.08026602	0.06391418	0.06481336
0.07346121	0.09482167	0.07128099
0.07069033	0.08269031
0.073197	0.08410039
0.08906477
0.07322903
0.0486243	0.08611169	0.04072924	0.05147563	0.06548183
0.0637303	0.1048311	0.05309724	0.04193938	0.05009088
0.0386171	0.09104101	0.04435874	0.04588031	0.03819436
0.0551091	0.07924731	0.0330025
0.07931921	0.09766205	0.03196156
0.0577491	0.08609707	0.03245311
0.06268222	0.08422738	0.04769551
0.04526921	0.07551628	0.02183295
0.05462346	0.09974611	0.03364265	0.05106895	0.06698945	0.03371645
0.04476237	0.08803683	0.05461071	0.04137317	0.04761449	0.03320245
0.07655162	0.08057206	0.03499169	0.05497323	0.05319984	0.06354562	0.04980084
0.0546009	0.09136368	0.036012
0.0590869	0.08903697	0.0357045	0.05515413	0.04185757
0.06008493	0.08292656	0.03531459
0.05992539	0.09701383	0.03697229	0.04737175	0.03061407
0.04563873	0.09053454	0.03748035	0.02760956
0.05650237	0.09544402	0.05457007	0.05920595	0.05032035	0.07680278
0.05695122	0.07919178	0.03501324	0.04804203
0.08315633	0.07604585	0.03694174	0.05811327
0.04645065	0.0949754	0.03425327
0.07860694	0.08903784	0.05248003
0.0490073	0.0851524	0.02785268
0.05496404	0.08481327	0.04150809	0.06395531	0.07681686	0.0431492
0.07044272	0.1010753	0.04319708	0.03057102
0.0401369	0.06884514	0.03550817	0.07009826	0.03781217
0.03040402	0.08310942	0.03695306	0.05102737
0.04445312	0.08868896	0.03794071	0.03590974	0.05656117
0.04209328	0.08699781	0.0481848	0.04597369	0.04737818
0.03925952	0.08829357	0.04854429
0.06694823	0.09634629	0.03314239	0.05348271	0.06134719	0.06170032	0.04602181	0.05883046	0.06817506
0.07981761	0.08062906	0.04565282	0.08644005	0.06928056
0.06865952	0.09314625
0.04898531	0.08428172
0.05195432	0.07693799	0.0446931
0.04439051	0.07320935	0.07449469	0.04077727	0.08279779
0.08020272	0.06481088	0.05746548	0.06157813
0.0530121	0.1006674	0.04665037
0.0695902	0.09722416	0.05684532	0.08020543
0.04895967	0.09423762
0.04515145	0.08780652	0.04992173	0.0412089
0.08472652
0.0843005
0.04879247	0.08336449	0.05437976
0.0586818	0.0765272	0.03490735	0.06955745	0.06047721
0.08471246
0.08988573
0.06697477	0.08289748
0.09321471
0.06203015	0.06813526
0.04328902	0.08012714	0.06347307
0.1043944
0.07697871
0.075348
0.06933968	0.07267285	0.06329341	0.07571516
0.04509622	0.07732793	0.05693966	0.06692202	0.0455637
0.06172046	0.07175691
0.06292105	0.08080436	0.06001164	0.03829596	0.03406977	0.05738176
0.06001212	0.08768844
0.06264882	0.1038864	0.04729858	0.06098835
0.0657817	0.06921374
0.06495958	0.08314497	0.05612097
0.03657701	0.08266097	0.04680647
0.04479448	0.08578904	0.06548794	0.06943154
0.08282987	0.07960901	0.04599891
0.03217638	0.07234109	0.06852102
0.07120987	0.08341592
0.05641308	0.07985663	0.02465781
0.04751684	0.07912406
0.08511281	0.07808392
0.07956394
0.03653933	0.08840272	0.05788113	0.06219784
0.06219686	0.09335325	0.06251869
0.04057425	0.08945951	0.07361738	0.03859124
0.06105155	0.05431968	0.05809055
0.06325603	0.07211005
0.05371974	0.09254383	0.04769657
0.06185636	0.09080963
0.0770534
0.06576511	0.08862765	0.09365759	0.06677239	0.05684543	0.05989449
0.04439147	0.08260707	0.07728969	0.04405727
0.03098628	0.09984115
0.03352322	0.08429802
0.07140358	0.07163166
0.06957434	0.08601637	0.06717483
0.08667032
0.08261218
0.06938705	0.07286072
0.05128592	0.0795141	0.06409049	0.06100641
0.05258366	0.08046987	0.05600506
0.04682976	0.09217434	0.06685918	0.045761
0.05028843	0.0860575	0.06251128	0.06578549
0.07601593	0.08798884
0.05573771	0.06693599	0.05944192	0.04041587	0.08388119	0.09037969
0.08870612
0.06756282	0.08102759
0.07415636	0.09397014
0.06139482	0.08359468	0.06937602	0.06807432	0.074566
0.04668847	0.08777112	0.04021147
0.05945386	0.08247413	0.09149295	0.07525078	0.08279655	0.04750826
0.05620717	0.07612016
0.06929051	0.08891989
0.08752999
0.06610756
0.04837827	0.08582882	0.07211678
0.0646683	0.1058105	0.0340344
0.04400207	0.09408467	0.05463648	0.018979
0.05939106	0.09091921	0.02459446	0.0454802	0.0551322
0.04695103	0.09208483	0.05809153	0.07127527
0.04967994	0.09230667	0.04210743
0.02653101	0.07260339	0.0576351	0.03831926
0.0569239	0.08154228
0.07088966
0.06131589	0.07557627	0.0494731
0.04613165	0.07490522
0.0501738	0.06808098
0.05884129	0.07024158	0.05386684	0.08184758	0.03227722
0.04321885	0.09247329	0.06076038	0.0509849
0.05765978	0.06287109	0.01603523	0.07895169	0.04635237
0.06331148	0.07869694
0.04390374	0.06684773	0.05445051
0.06547097	0.07247122
0.08192307
0.07985407
0.09006957
0.07752496	0.08088662	0.05652321
0.08039173
0.04066915	0.06096947
0.05072491	0.06563728	0.03627917
0.05468575	0.09301153	0.0412227	0.05828562
0.04391945	0.07318516	0.03680547
0.04845431	0.07295964	0.03560355
0.07752352	0.07668199	0.03511395	0.0545531	0.06119064
0.02568953	0.09150525	0.03757736	0.05783304
0.04584952	0.08441903	0.04309727	0.05957103
0.05124701	0.09898525	0.04569307	0.03071247	0.05259038
0.04175631	0.1048847	0.03835333	0.06178918	0.05328283	0.03878056	0.04254823	0.09118861
0.04718528	0.08807791	0.02839566	0.03730736
0.03187387	0.08767203	0.04416941	0.04523757	0.05160579	0.06278202
0.04475506	0.08455686	0.03885435	0.05210274
0.07402175	0.1084489	0.03619008	0.04150564	0.04431964
0.05990349	0.08553004	0.0347628	0.03966331	0.0519382
0.06350601	0.09404029	0.03709947
0.05513661	0.08712598	0.03158605
0.04585699	0.07436986	0.03977505	0.05929971	0.0168995
0.05538648	0.08624181	0.03302044	0.05335779	0.06285558
0.04992791	0.08140398	0.03267266	0.04755096	0.05052702	0.04739062
0.05792125	0.06811747	0.03623315	0.05411758	0.05638805	0.03022155
0.05792123	0.08871327	0.02760657	0.02844845
0.07388691	0.07484986	0.03156928	0.02633985	0.04352766	0.05862684
0.07355623	0.07697498	0.04325477	0.05860569
0.06068103	0.1011679	0.03850508
0.06390351	0.08562768	0.04331661
0.05835985	0.09491019	0.02864707
0.07059204	0.09428911	0.03841109	0.06531606
0.05421875	0.09343622	0.03442323
0.04320458	0.1051579	0.02518362	0.0333177	0.04513689
0.03812879	0.09844988	0.03085827	0.06350639	0.01974213	0.04381944
0.06094792	0.09293099	0.03254992	0.06165516
0.05944702	0.09172619	0.03533637	0.04641887
0.04845123	0.1237483	0.04360673	0.05614572
0.03534703	0.09369725
0.06330517	0.09467575	0.0341264	0.05938279	0.04288039	0.07296208	0.04759384
0.05503753	0.08211176	0.02702501
0.06151961	0.09243378	0.03342352	0.05839967
0.06831209	0.08029352	0.03784706
0.04391064	0.1021635	0.04428392	0.03747849	0.03413135	0.03221123
0.04980596	0.07064459	0.03283532	0.04831547	0.04596703
0.04110678	0.08125722	0.03214437	0.05482684	0.05261116
0.04545914	0.09976948
0.03999093	0.06996763	0.03885632	0.04289449	0.03510085
0.06284996	0.08309959	0.06015742	0.03826042	0.05376959	0.0581263	0.08164278
0.04163794	0.09149319
0.04541345	0.07133811	0.036798	0.05423463	0.05807547
0.06830732	0.09064629	0.03979561
0.04007531	0.08907128	0.02936726	0.04853444
0.06315687	0.09553225	0.03859894
0.06061964	0.08976644	0.03160736	0.04908409
0.05166786	0.09948856	0.03816299	0.05646045	0.04909531
0.05372654	0.09039668	0.04554802	0.0525697
0.06524713	0.08136207	0.03193388	0.06707949
0.09117113	0.08815412	0.03150303	0.05677463
0.05730641	0.1086472	0.05273543	0.03905251
0.05256494	0.08753445	0.03639164
0.05219896	0.0825899	0.03674121	0.06702214
0.05994551	0.08007189	0.03037961
0.07095219	0.08356142	0.04156565	0.05981487	0.07897042	0.04853823
0.06212018	0.1009844	0.03476697
0.05979792	0.08813414	0.03479566	0.06233895	0.03661395	0.04957993
0.05476445	0.1118215	0.03891412	0.05743256	0.05031388	0.02813089	0.04942142
0.06055453	0.0911631	0.03970794	0.02947157	0.05379915	0.04417218	0.03173493	0.06369652
0.0439799	0.09490076	0.03424893	0.0562738	0.06887656	0.0340313
0.05700483	0.06322441	0.05700053	0.05219694
0.06257625	0.1001641
0.02943394	0.05784763	0.07657588	0.06361238
0.06017125	0.07303277
0.05788567	0.06814575	0.09141266	0.08529751
0.05047228	0.06374418
0.04682938	0.09925868
0.04485736	0.07144265	0.0712132	0.04773763	0.04581112	0.06468874	0.07677786
0.04662012	0.1073163	0.03815616	0.06198082	0.04250686
0.03017847	0.1071099	0.04718478
0.05031501	0.09001578	0.04300383	0.03793863
0.09547508	0.08005799	0.044948	0.05019931
0.05640295	0.1010856	0.0360772	0.06338106	0.05077045	0.03632498	0.03642148	0.03629538
0.06872473	0.1115549	0.03973067	0.0585141	0.04871118
0.03911688	0.09164651	0.04371284	0.06608446
0.05458022	0.08714854	0.0424062	0.06941204	0.04072846	0.047531
0.0640017	0.07505087	0.03997443
0.07469091	0.09794573	0.0400879
0.04217476	0.08147992	0.0336134	0.04676635	0.05211753
0.03839234	0.1006666
0.03413636	0.09158822	0.05405721	0.03663445
0.0592696	0.08247908	0.04256478	0.06604801
0.03335739	0.07803491	0.03978185	0.05208701
0.06761726	0.1039769	0.03090031	0.04839574
0.06565696	0.07959669	0.03320254
0.0456035	0.05827222	0.03526497	0.05402088	0.04576729
0.05392731	0.08855293	0.04354532	0.04444378
0.05632965	0.09580076	0.06634452	0.04117486
0.07099626
0.09326066
0.04667248	0.05362575	0.08321323	0.05409045
0.06498803	0.08529331	0.07882347
0.04734489	0.07468289	0.05838411
0.04876695	0.0907166	0.07072667	0.07137843	0.06059598	0.05912649
0.04633248	0.09188578	0.07479309	0.03661356	0.04672761	0.03953245
0.05566585	0.07394148
0.05815162	0.07227231	0.06790828	0.0585489	0.05423808
0.08073508
0.1049295
0.07910233	0.1012375
0.06976808	0.09540054
0.07158954	0.09285007
0.06915298	0.0910473
0.07569724
0.05786915	0.07722345
0.04410019	0.0781982	0.03016282	0.03125476
0.04659087	0.0763902	0.02990709
0.07030308	0.1045924	0.05582896
0.05247692	0.07877372	0.04954346	0.05328791
0.08466961
0.07885496	0.07436094
0.03420402	0.06882487
0.0592745	0.07203031	0.05610627
0.09447213
0.05927619	0.07019722	0.07190073	0.06939928
0.06602686	0.09722169	0.06919774	0.06676995
0.07238625	0.06137487
0.03339588	0.0911872	0.07124548	0.05410569
0.04399047	0.06934648
0.08005168	0.1006052	0.04451116
0.07831648	0.1074293
0.01005832	0.1008312
0.06405938	0.09132402	0.06901263
0.08191585
0.0729659	0.07335578	0.04382413	0.08125929
0.0587125	0.09313274	0.0716873	0.07302377
0.08169505	0.06912581	0.05729723
0.05685726	0.0824161
0.08320775	0.08086717	0.03131296
0.05134875	0.07052597
0.07183591	0.09631309
0.04891803	0.07076601
0.05696885	0.09340493
0.06403863	0.07415307	0.0604703	0.03235099	0.02569578
0.0671001	0.09440072	0.05066677	0.02982466
0.02768464	0.09263054	0.03135055	0.04968068	0.02979902
0.04472871	0.07835479	0.03117268	0.04041089
0.06563016	0.0940971	0.03923215
0.07027564	0.1091695	0.04000133	0.04365685
0.05820424	0.08317974	0.03843168	0.07459212	0.04910146
0.05275413	0.07684704	0.03835461
0.05314521	0.09570024	0.0322003	0.06259787
0.07527935	0.07515216	0.03473618
0.08293083	0.09653538	0.04453424	0.07173546
0.05945771	0.1091881	0.03677563	0.06688975	0.04449114	0.06401177
0.05355832	0.1106727	0.03870656	0.06127156	0.0513303
0.05696458	0.07567732	0.03317967	0.04223578	0.04774139	0.03192198	0.05931599
0.05823494	0.09438127	0.03858562	0.05934499
0.05252424	0.1112853	0.04366293	0.04484118	0.04268001
0.04081564	0.0768881	0.0353882
0.05273706	0.08750333	0.03919134
0.06621006	0.09523805	0.04391281
0.0497208	0.09054938	0.02988006	0.04974012
0.03786819	0.1053762	0.03394951	0.06125478	0.0391195	0.06657045
0.07978101	0.1018348	0.04406339
0.06615558	0.0788539	0.03175643	0.04572923
0.03732124	0.07378724	0.03682168	0.07531744
0.06637801	0.08308291	0.04485945	0.04817202	0.02504064
0.0789533	0.09353332	0.04025342	0.04841468	0.05871161	0.02997358	0.0431299	0.04960801	0.05234878
0.03309204	0.06941152	0.03578758	0.04800947
0.03685373	0.09660565	0.03585657	0.02989855	0.0420067
0.05047724	0.08184446	0.03593458	0.03980836	0.07018738
0.06664846	0.07156269	0.04178188
0.05650877	0.08978118	0.03337202
0.05876879	0.09227332	0.03091319	0.04419774	0.04183701
0.05951337	0.06778448	0.0333142	0.03571879	0.04910759
0.05492925	0.08543231	0.03987899
0.03141473	0.09742638	0.03247167	0.06030924	0.05220376
0.06977748	0.09271843	0.05586009	0.07072297	0.07161856
0.04111696	0.08637684	0.03929275	0.02929071	0.07059849	0.03851806	0.06641487	0.05885873
0.06770746	0.08610166	0.03750219
0.04622999	0.07894013	0.03271193
0.05068452	0.08837577	0.03325593	0.04728362
0.03891517	0.09856065	0.0336092
0.03936316	0.08430131
0.04623311	0.1069105
0.07975058	0.09092082	0.04145645
0.07682234	0.07094121	0.03679541
0.06307374	0.09001107	0.03488326
0.03756384	0.09316337	0.03491957	0.06644404	0.07734009
0.05191653	0.09407885	0.02679078
0.04218845	0.08173809	0.0269695	0.04893698
0.04442653	0.07450961	0.03712777
0.04444439	0.0850677	0.02987157
0.05260124	0.09303101	0.03355745
0.04025891	0.09054518	0.04345946
0.05663358	0.1001699
0.05890912	0.0662661	0.03572974	0.07036061
0.06205974	0.07707004	0.0509625	0.0634381
0.07159904	0.08452374	0.03331097	0.05841807
0.08105993	0.08835039	0.04525737	0.02250877	0.04331987
0.04328929	0.09865044	0.03366546	0.06603638	0.04181388	0.03787641	0.03498498	0.05516586
0.04936243	0.1052339	0.02831374	0.04002021	0.05507693	0.03873468
0.04114004	0.09198142	0.03513224	0.05217044
0.03637436	0.03669511	0.09207239	0.06127043
0.06128067	0.09053677	0.03131453	0.05794604
0.05432909	0.09336303	0.04070933	0.06924354
0.06529672	0.08789273	0.0362074	0.06726473	0.04008019	0.04474172
0.05892277	0.08766094	0.04033804
0.04771149	0.08802176	0.03268187	0.0412181	0.04887568
0.04841521	0.08740006
0.05501876	0.09333654	0.03131846	0.05962219
0.06408276	0.08066867	0.03301362
0.08223541	0.09740364	0.03252788	0.02511778	0.05294175	0.0515042	0.04912396
0.04407369	0.03897743	0.092147	0.06391412	0.04707802	0.04682853	0.06178702
0.04924248	0.07468305	0.03848107
0.05626813	0.08194337	0.03479428	0.03453167
0.05863025	0.09268774	0.03400066
0.04148107	0.09649456	0.03344468	0.04572212
0.06960537	0.0951886	0.0361588	0.04245766	0.03910593
0.04809206	0.08923004	0.06140269	0.03595244
0.06697239	0.08891696	0.04331046
0.06358032	0.09092497	0.04429171	0.07367258
0.07334027	0.07441662	0.03933262
0.06754225	0.09342478	0.0374578	0.05587648
0.0463331	0.1018411	0.03779279	0.05863594	0.06455154
0.05740325	0.07124173	0.03462002	0.05982301
0.03941554	0.08353842	0.03682878	0.05651494	0.03963366	0.07476151
0.03230252	0.08840334	0.05788359	0.03814406	0.0667639	0.02687496
0.06535695	0.09720812	0.04079782	0.03995465
0.03108358	0.09076928	0.03521287	0.04993287
0.04506821	0.09884004	0.04057069	0.05780142
0.06765574	0.1147701	0.04563122	0.03908212	0.05187614	0.02200962
0.06975495	0.08071938	0.04334286	0.04920669
0.05062219	0.09119507	0.03906535
0.06626963	0.08790617	0.03391271	0.04834559
0.06496965	0.1048528	0.03719054	0.05883199
0.05842082	0.07497802	0.03433572	0.04272099
0.04324158	0.06952199	0.02755141
0.05415807	0.08217184	0.05383901	0.03527032	0.01888383
0.07042953	0.07810536	0.03378349	0.05679935	0.04263418	0.06056633
0.04008945	0.07661489	0.04824385	0.04606811	0.06070501	0.06924809
0.04609064	0.1147791	0.057513	0.03570565	0.05382187
0.05810415	0.07697441	0.05104563
0.06707352	0.07151533	0.03908657	0.03934957	0.0452894
0.06315303	0.08047273	0.04206825
0.05861013	0.09770054	0.03105292	0.03055258	0.05153958
0.05396431	0.1021611	0.03128594	0.03942576
0.05637215	0.08971065	0.03382119
0.06211294	0.08370451	0.03853555	0.06007821
0.03960506	0.07747398	0.0296056	0.06504327
0.05013554	0.09040286	0.0346134	0.06334822	0.04438515
0.03843759	0.1165052	0.03265437	0.04853224
0.05175183	0.08419137	0.03161555
0.05789848	0.09544511	0.03326555
0.05831583	0.08732583	0.03852119	0.05763762
0.08008863	0.1117159	0.02930282	0.05530722	0.0518312	0.07399332
0.06443094	0.08656592	0.03767336	0.04569437
0.06169682	0.08008398
0.06370063	0.06808984	0.05421717
0.04838363	0.06876697	0.0458551	0.0701457	0.04828202
0.05273355	0.100601	0.0686623	0.04232219	0.03359245
0.06540653	0.08634048	0.05621381	0.03948779	0.04637354
0.02654328	0.07461669	0.06830954	0.04311425
0.07471909	0.0906881	0.07266555	0.05260472
0.04087165	0.08683105	0.02244773
0.03145368	0.06948246	0.04741769
0.07340763	0.0852779
0.07792613	0.085466	0.03564883
0.05877599	0.09737003	0.06391434
0.06125821	0.1042196	0.07350156	0.04639853	0.07669184
0.06525836	0.1062936	0.05701059	0.03496263
0.06187024	0.09774206	0.0593689	0.08380475
0.08485334	0.1039609
0.05561353	0.08388569
0.06653588
0.0683529	0.0648799
0.06666863
0.03199625	0.04740016	0.1036163
0.04306661	0.1093476	0.02984248	0.05522246	0.05550065
0.07087596	0.09293518	0.04444318
0.0585197	0.08282933	0.0318336
0.05675807	0.0843343	0.06199467	0.04081538
0.03449986	0.07745389	0.05471143	0.05202776
0.06454831	0.06767455	0.06964682
0.07699724	0.08126205
0.03757886	0.05560179	0.1003432	0.06949833
0.07214436	0.07761669	0.07323231	0.04995611
0.04293823	0.09016416	0.0590763	0.03076371	0.03462961	0.04153381	0.02679062	0.06079784
0.06723863	0.08604816
0.08426075	0.07728197
0.08126545
0.05913058	0.07767757
0.08687056
0.06073462	0.07745994
0.0577511	0.06309829	0.07250709
0.06813501	0.08543507
0.04040974	0.0787463	0.04270915
0.05848908	0.08098052	0.05375477
0.05704717	0.09527165
0.06018615	0.09631678	0.07020325	0.06739318
0.04581721	0.07762562
0.09477961
0.07947084	0.0875788
0.04292299	0.0960185	0.05692615	0.02172365
0.04551649	0.0651659
0.07882037	0.08855274	0.08414723
0.08082413
0.05706553	0.07853498
0.06058293	0.07736652	0.04105103
0.04367754	0.07124405	0.06291109
0.04126846	0.06594624	0.03070052	0.07255683	0.0436842	0.04992643
0.07049469	0.07302845
0.0539069	0.07797068	0.05454552	0.06396589
0.06738834	0.07807894
0.04182407	0.05836775
0.05406051	0.09510887	0.05191737
0.0391049	0.09104972	0.03746688	0.02853466	0.04749432
0.07189032	0.101138	0.03074012
0.0310246	0.08703257	0.04419348	0.07080783
0.04892409	0.08348915	0.02624614	0.04533283
0.05296167	0.1121595	0.03210885	0.06305967	0.0600964
0.04434509	0.07080583	0.04935917	0.03303106	0.03666483
0.05295264	0.07377794	0.03581526
0.03831195	0.06642806	0.02718155	0.04755529	0.02816819
0.02912028	0.08799699	0.04174406	0.05886332	0.0606367
0.05745257	0.09540982	0.03657635	0.06443575
0.05234931	0.09593114	0.03286169	0.05499487
0.05001941	0.09936833	0.04410022	0.07020248
0.05775366	0.08427633	0.05612115
0.0598098	0.08352646	0.0449845
0.07028457	0.06739509	0.03799953	0.05827744	0.04844076
0.06253909	0.02891861	0.09361822	0.0485234	0.08069866
0.04564937	0.03030772	0.08909331	0.05937915	0.0343235
0.05254971	0.03075505	0.09425279
0.04378609	0.04322101	0.09929385	0.06278842	0.05127891	0.02912911
0.04786217	0.03354653	0.0849559
0.08271448	0.1086732	0.03962701
0.06000398	0.08632036	0.03609566
0.06974017	0.1106066	0.03903085	0.0677818	0.05534739	0.02308591	0.07253802
0.03883847	0.07079925	0.04664166
0.04901808	0.08276101	0.03537568
0.08279224	0.08989723	0.04538171	0.06049349
0.08616315	0.08508365	0.03027566	0.05854256
0.05221021	0.07860778	0.03304429
0.04375083	0.07539477	0.03886346	0.02986304
0.04048004	0.07408781
0.05071819	0.07224868	0.04616403
0.06337983	0.09077087	0.02798632	0.04022478	0.03395567
0.04512977	0.08715329	0.03383266	0.04555137
0.0484138	0.0820625	0.03288761	0.04087576
0.05457602	0.08913416	0.0346715
0.06218945	0.08494667	0.03738418	0.04676998	0.06225923	0.04776661	0.07227553
0.04534127	0.07988004	0.03226576	0.05169064	0.03223996
0.04570286	0.08252127	0.04141902	0.07007737
0.06837321	0.07464504	0.03315393	0.05849995	0.04359803
0.07815384	0.0776238	0.04582989
0.04156414	0.08170104	0.03185336	0.06135133	0.06791223	0.07085141	0.0776697
0.0751743	0.08428933	0.02749963	0.0556383	0.07775508	0.05018891
0.06890891	0.09926338	0.02960292	0.04918484	0.01866069
0.07286237	0.1125217	0.03704692
0.05968228	0.1004488	0.03185673	0.06035066	0.05824374
0.04932132	0.09549964	0.04104865
0.06534008	0.08871948	0.05692815
0.06506428	0.08720096
0.05578588	0.08158012	0.0526941
0.05743065	0.07374432	0.04783113
0.08638731
0.04648976	0.07339545	0.03394234
0.03533185	0.08057731	0.0213588
0.04736539	0.09204303	0.02531004
0.04724772	0.08521327	0.03912365	0.06952924	0.05386503
0.05233992	0.08520194	0.04624902	0.0319063	0.06022427	0.04759047
0.04571336	0.09288405	0.03551434	0.02975719	0.04314992	0.04952222
0.01806649	0.0728327	0.03772811	0.04414341	0.03640171
0.0397256	0.1058851	0.02994269	0.03473064	0.05768385
0.05035157	0.07815916
0.08565636	0.08984331	0.03623628	0.05707271
0.05360235	0.07491245	0.05351839	0.03299822	0.03349464	0.04594235
0.02552064	0.07853648	0.03507965	0.06517311	0.0170459
0.06398356	0.07308818	0.03927805
0.04345473	0.09078517	0.02967026
0.05301768	0.1055985	0.02996083
0.04680557	0.08493404	0.03413104	0.0489059	0.05764793	0.04043932
0.0534095	0.07220488	0.03073022	0.0556663	0.04158772
0.0457672	0.09016527	0.05402996	0.03762298
0.05779074	0.1007595	0.05994031	0.05343119	0.03380615	0.04179396	0.081458
0.06795839	0.09394573	0.03273189	0.06173449
0.06468056	0.08396622	0.03556436
0.04522425	0.08593397	0.0502203	0.04245205	0.04538655
0.04532466	0.0693702
0.06494831	0.0632567	0.03946025	0.02657591
0.0568827	0.08243675	0.06746361	0.03848395	0.05762871
0.0660304	0.08548507	0.03756778
0.0707379	0.09935863	0.0392077
0.07738703	0.08792299	0.04356206
0.06375438	0.08426175	0.05110579	0.07507749	0.04592886
0.05161596	0.06768661	0.08245912
0.01560038	0.05536294	0.0441846
0.07405108	0.05713538	0.05001906	0.06140215
0.05314489	0.03783727	0.08986993	0.06340342
0.05975969	0.08623099	0.02979397
0.02659477	0.07660996	0.03865068
0.07955293	0.07664138	0.03699521
0.05158017	0.08269477
0.04878329	0.08937748	0.04329998	0.0531732	0.05434212
0.04330522	0.06247131
0.06980992	0.09913496	0.03988711	0.05460783	0.07126669
0.04752352	0.08931572	0.04219722	0.06781392	0.0359097	0.03559292	0.02473255
0.05467772	0.0750049	0.03451001	0.05609492	0.0492034	0.04044486	0.05185253
0.03947058	0.1043618	0.03411511	0.04958389
0.055424	0.09924393	0.03498434
0.05616988	0.08349308	0.03117178	0.06614388
0.02933155	0.09789501	0.03668497	0.05945183
0.04849413	0.1040779	0.04399294	0.02936852	0.03141925	0.05461596
0.04375668	0.1006108	0.040486	0.06162355
0.05837485	0.08964634	0.06472	0.04024167	0.02810063	0.05746874	0.0524634
0.05874267	0.08936478	0.03711452
0.06308853	0.1025887	0.02887038
0.03802592	0.09636591	0.04111061
0.06388099	0.07933541	0.03284246	0.02909984	0.04521793
0.05790986	0.08690465	0.03930728	0.04929863	0.03384605
0.04404194	0.07919469	0.03600844
0.03477206	0.07906144	0.0378533
0.06108328	0.08703199	0.0430137	0.03959247
0.06032536	0.09091575	0.04499465	0.06945574	0.06874846
0.08315753	0.09863036	0.05989489	0.03259617
0.04104798	0.08634087	0.03690326	0.06345805	0.02799778
0.04578566	0.09795672	0.04558774	0.05507726
0.05848243	0.1043982	0.04198204	0.08111238	0.04070344	0.06392677	0.05156743
0.04864162	0.08972927	0.04812837	0.04269834
0.04878059	0.09889112
0.08288187	0.07696912	0.03600862	0.06453015
0.06259943	0.0879302	0.04102005	0.06769734
0.05350899	0.09310423	0.04852456	0.0458226	0.05515451
0.06642513	0.0961132	0.0467809	0.05493659
0.06490534	0.09178812	0.04453222	0.06446375
0.04855377	0.08808347	0.03663051	0.06965433	0.03941817
0.04583599	0.09571811	0.02823793
0.05420812	0.08550379	0.03383472	0.04115127	0.05791315
0.07744901	0.08175061	0.03299141	0.04863108	0.07671006	0.0353228	0.06640341
0.05624668	0.09799235	0.04223516	0.07488624
0.0456144	0.08572883	0.03894696	0.03737158	0.05332992
0.03242787	0.07224657	0.03077058	0.04308816
0.06072988	0.1004229	0.03124263
0.05543925	0.09429836	0.0387332	0.06762651
0.03357031	0.08172904	0.04315013	0.05388141	0.08496389
0.02949174	0.07588546	0.03328686	0.05611757
0.04864114	0.09486053	0.05311569	0.05784066
0.06573996	0.106069	0.06777311	0.05126215
0.0417613	0.07121035	0.04306948	0.05500329
0.04920316	0.06653912	0.1021135
0.03311671	0.05601651
0.05646965	0.07472574	0.09674418
0.0662677	0.08292272
0.04438949	0.0605848
0.03930985	0.06833654	0.04574599	0.07550348	0.04789485	0.06793977	0.05178508	0.05027375
0.03684573	0.05748906	0.07475594	0.05540218	0.05174944	0.05798629
0.04805446	0.07188334	0.0560258	0.05258743
0.06342135	0.0797078	0.04036304
0.05179758	0.08497328	0.03928479	0.05416438
0.05069555	0.03332722	0.08312062
0.0537293	0.07996951	0.04912554	0.07316221	0.03467791	0.03811091
0.07148186	0.08446238	0.03570342
0.07319002	0.07813696	0.03975755	0.057611
0.07413126	0.09641901	0.0390558	0.06284056	0.07007859
0.04301472	0.09407953	0.03263247
0.05291792	0.08772819	0.05179316	0.04297739	0.05612417
0.05132282	0.09532155
0.05093303	0.09256035
0.05361238	0.1100155
0.03928903	0.1019956	0.02944169	0.05239834
0.04591275	0.09406809	0.03237992	0.05059996
0.07034211	0.08206774	0.03240623	0.07268776	0.07182143
0.06033364	0.08729169	0.03507293	0.06031223
0.05352911	0.04099244	0.07454091	0.06444059
0.04649394	0.09169062	0.03692228	0.05691952	0.05220516	0.0893351
0.05616315	0.0891136	0.05100074	0.03858351
0.05952407	0.08009418	0.03922882
0.07534609	0.08036192	0.03150947	0.06249228	0.02846087
0.06830117	0.0544562
0.03899385	0.07656436	0.06203038
0.0661082	0.08304306
0.05036855	0.07061235	0.04407764
0.07032812	0.06428574	0.07436809
0.0457655	0.08699151	0.06337314
0.07531094
0.09926671
0.09821351
0.07847123
0.04748549	0.07811114
0.0581752	0.08403852	0.06327649
0.03570786	0.1179985	0.05354384	0.0556981	0.05129034
0.04988098	0.07229099	0.04729729	0.04084495	0.04705624	0.05414504
0.04390663	0.09695258	0.05804398
0.06065867	0.09861523	0.0575346	0.05957407
0.06433351	0.09490808
0.052192	0.07673887	0.05096594	0.05021962
0.05150815	0.06909361	0.02620582	0.06950341	0.06497392
0.07192207	0.07899949
0.04898052	0.07199452	0.06248063
0.05825998	0.09713391
0.05924354	0.08692803
0.05204187	0.07638808
0.05880881	0.1009748
0.07889061	0.09151069
0.08718895	0.08143983	0.05582737
0.05968693	0.08209674	0.04761191
0.0460245	0.09277911	0.05574476
0.07967469	0.08779171	0.06489718
0.04333943	0.06967387	0.08304009	0.0346528
0.04185821	0.083546
0.07329264	0.09156098
0.01988931	0.08786032	0.07213279	0.02354389
0.05859993	0.0908595
0.05515756	0.08121368
0.0581481	0.07629302	0.06391892
0.05964095	0.07734752	0.04003663
0.0443255	0.07795455	0.04642499	0.04824349
0.06547925	0.08222974	0.04924845
0.08778062
0.05829971	0.09315925
0.0475581	0.0928569	0.06840534	0.05932171
0.07252916	0.09857398	0.06327251
0.04548169	0.0854199	0.05437644
0.05082606	0.08687603	0.04592418	0.06105136
0.04523208	0.07006225
0.06396559	0.04897286	0.08139929	0.07149735	0.05841722
0.07608112	0.0922832
0.09494944	0.06783972	0.1054192	0.05254251
0.05497081	0.07144468	0.0509618
0.06460555	0.08776599
0.09739889
0.0678408	0.06679483	0.055314
0.07646853	0.07489659	0.05557714
0.08806783
0.08063628	0.09111445
0.05982995
0.08393067
0.08128962
0.08146335
0.06641777	0.08406314
0.03401264	0.07938042
0.07659943
0.07846733
0.0820036	0.07267901
0.09827783
0.05170243	0.08764334	0.05235127
0.08702856
0.09952519
0.08601544
0.07288565
0.09275405
0.0798953
0.08203785
0.05487706	0.07943493	0.04689131
0.06544276	0.06714852	0.08012532	0.05597594
0.0681251	0.08699584	0.06251023
0.05067933	0.07280044	0.06744496
0.03364468	0.06672951	0.04648388
0.06098966	0.07878172
0.06121664	0.07163958
0.07504637	0.07862138	0.05366099	0.04255415
0.06922242	0.07590243
0.07170296	0.07950042
0.07613303	0.09114237	0.07409222
0.03735489	0.08529907
0.05407622	0.0949709	0.04931093
0.04530822	0.08771327	0.04354764	0.06800792
0.07051712	0.08254224	0.06001074	0.04714173
0.04926749	0.09720681	0.06304103	0.07509121
0.07837504
0.05410838	0.07206683
0.07379706
0.05762557	0.08240557	0.03819733
0.05246794	0.08198667	0.03883216	0.06176315	0.0439614
0.04877969	0.07666506	0.03137757	0.05040905	0.03733704	0.04581117	0.0579047
0.07761561	0.08361568	0.04512105
0.05622111	0.08255879	0.03420636
0.0555806	0.09353842	0.03484509	0.04903977	0.05252659
0.06513836	0.09817125	0.03177254	0.0634269	0.05726181	0.03658241	0.05216664
0.02296788	0.09621409	0.03700296	0.05388616
0.0631165	0.06482423	0.03272136	0.03674876
0.04842584	0.08840567	0.0519438
0.1029766	0.09535771	0.06100562	0.04490665	0.04318855	0.04101425
0.0593102	0.09808937	0.04796214
0.03164045	0.09105852	0.04265242	0.05811419	0.03868222
0.05610067	0.09231017	0.032854	0.04197343
0.05234234	0.07837389	0.0408408	0.06589498	0.08509806
0.06138453	0.09543319	0.04742715
0.07288826	0.07096957	0.04432844
0.06025817	0.08817685	0.03863761
0.08854155	0.1011428	0.067795	0.03110395	0.06699639	0.05864885	0.02953103	0.04457906
0.05870471	0.08295341	0.04246722	0.08205518	0.05840346	0.03508914
0.07242775	0.0767441	0.03037709	0.06234628	0.05081458
0.07779305	0.08283328	0.05165568	0.03263343	0.06497915
0.025546	0.07676743	0.0405365	0.02503214	0.04256086
0.07563897	0.08486507	0.03219246
0.04575902	0.07954063	0.03932391	0.04684091
0.02443812	0.07959474	0.03997401	0.05220904	0.03999524	0.06743468	0.07474787	0.03629226
0.03571617	0.0895241	0.05086163	0.03094754
0.06337689	0.08808424	0.03923172
0.07835529	0.1029664	0.06270686	0.0495754
0.04271348	0.08742998	0.02694282	0.05527353
0.04075408	0.08624695	0.02726836	0.05544198
0.06058694	0.08563674	0.03922075	0.05705817
0.04901007	0.0781602	0.03671634	0.04901144	0.08074874	0.04144642
0.03543418	0.09599765	0.02773543	0.04122036	0.04914519
0.05727509	0.07199354	0.04373291	0.05522308	0.06438691
0.07283918	0.08980734	0.06239831	0.04991083	0.06096392
0.04780403	0.05973852
0.04781068	0.08968384
0.0691332	0.1087608	0.07262593
0.06153157	0.08378942
0.04226118	0.1016792	0.06378384	0.05087291	0.03779121
0.04453921	0.07800356	0.06441652	0.09153429
0.05143484	0.07452675	0.07700125
0.07680929
0.08383079
0.06674307
0.07875587
0.04575131	0.06710935
0.06696184	0.07415598
0.05972231	0.08442213	0.05151475
0.05283735	0.08504551
0.06373475	0.07888025
0.08953137	0.07895308
0.07010743	0.07671362	0.02393592	0.05813325
0.08164449
0.08452089	0.06921299	0.077253
0.06241246	0.0735315	0.06299964
0.07096612	0.08732779	0.05622921
0.07841582
0.04619593	0.07073151
0.04536617	0.06066244	0.08156754	0.06990573
0.05505713	0.07511398	0.02597275	0.03851962
0.05843527	0.07406477
0.0514218	0.06892242	0.07824534	0.06172354	0.05110032	0.0710401
0.05256717	0.07790843	0.06790843
0.08096915
0.05428275	0.0777406
0.06144859	0.07772849
0.03673192	0.09827864	0.04359478
0.03141754	0.09778002	0.0637091
0.04903841	0.09341799	0.06229421	0.07619218
0.05862112	0.09095005
0.07324144
0.03842566	0.07441692	0.06271068
0.04464912	0.07125092	0.060823
0.0652003	0.07750671	0.04865068	0.0538484
0.03359142	0.06445977
0.0680123	0.07433499
0.05649325	0.08616027	0.07985911	0.05911659
0.04668005	0.09220511	0.05686522
0.06335963	0.08157053
0.06887417
0.09090706
0.08301837
0.08234001
0.05282928	0.07233278
0.05062692	0.09188765	0.06511032
0.08278367
0.06764143	0.07655284
0.077702	0.1040837
0.09456114
0.06879821
0.05782467	0.08155086
0.07648403	0.08320725	0.06875011	0.05543893
0.06240683	0.07655642
0.05381778	0.07702765	0.03763049	0.07110124
0.05815573	0.09278653	0.06248346	0.02135895	0.07463963	0.04523872
0.0825638
0.07883322	0.06634068
0.05374927	0.07871662
0.0502183	0.0817506
0.03676515	0.0776753	0.05769191
0.05828704	0.09742161	0.06021756	0.04482179
0.04961634	0.06688876	0.02105799	0.04484361
0.05700616	0.08969805	0.05152453	0.02713754
0.05891425	0.09592996	0.04243537
0.04456832	0.08681428	0.03631722
0.05789754	0.08684411	0.0373713
0.05282867	0.08048284	0.04222999	0.06453747
0.08696937	0.09103563	0.04394328
0.05209628	0.09363462	0.03772055	0.05939104
0.04342906	0.0832464	0.03372542	0.04691922	0.06842013
0.08242654	0.09408297	0.04407245	0.0654633	0.02893562
0.05676051	0.08450645	0.03517488	0.06372867
0.06758298	0.06424075	0.03419946	0.03553881
0.09063668
0.08467963
0.08974114
0.08698381
0.08004521
0.06071263	0.08873268
0.08165178
0.07876413
0.07785259	0.08077196	0.07065191
0.08132834	0.07454968	0.01791693	0.0441598
0.05970712	0.0560643	0.02164905	0.07610793
0.05676087	0.06675929	0.05709507
0.04498087	0.07811475	0.02772927	0.06133989	0.0509423
0.04194888	0.08114684	0.06001594
0.08958387	0.08063712	0.0682025
0.04130527	0.07264081	0.05985579	0.04816247
0.08443621
0.08889206
0.08744645
0.08545429
0.09333002
0.1063257
0.07993239
0.09695091
0.05562006	0.08764347
0.07007111	0.1017638	0.05881866	0.03173004
0.07292671
0.09046388
0.1016969
0.1092075
0.09438626
0.05716182	0.07556133
0.06085888	0.07670708
0.06953275
0.06839809	0.08133486	0.06870448	0.05728532
0.07099859	0.08541676
0.09193715
0.07861519
0.07309178
0.06147487	0.0788381
0.03613804	0.07815726	0.0764527	0.06776891
0.07081765	0.07417963	0.06033417
0.05237005	0.0752069
0.02513826	0.05835939	0.08473326	0.05772564
0.05835443	0.07771416	0.06701601
0.05184851	0.08781729	0.0705095
0.0687953	0.06953351
0.0327265	0.06471651	0.08312551	0.04976024
0.05082873	0.08474638	0.02137972
0.03790103	0.08013867	0.05246086	0.06950185
0.06143093
0.06694547	0.1016215
0.04771499	0.09726998
0.05625487	0.06975683	0.04502838	0.06984929	0.04843029
0.04824939	0.07613677
0.07017542	0.08781294	0.05128366
0.05881454	0.0722335	0.05843838	0.07834376
0.05889243	0.07645564
0.04552998	0.07059064
0.05616944	0.06948562	0.03954969
0.05782832	0.0770244	0.0454712
0.07536628	0.08341122
0.07953318
0.06294465	0.08854834
0.06989432	0.09913248
0.08654027	0.08586768
0.08231739	0.08385286
0.05297643	0.08480628
0.05687109	0.07925804	0.06373714	0.04177858	0.03294206
0.03572447	0.08872331
0.06106087	0.09172189
0.05015145	0.07516135	0.08537084	0.05850532	0.05567698
0.05769422	0.09398564
0.03057209	0.08782789	0.05396965	0.06785786
0.02672439	0.07549336	0.05270715	0.04377567	0.04975658	0.04212247
0.05091609	0.07678085	0.05884236	0.04483893	0.06615035	0.05879862
0.05773326	0.1142318	0.03902379	0.06378736	0.03887515	0.04801093	0.029937	0.03619723
0.06727465	0.09276398	0.03239099
0.0727578	0.103976	0.03629098	0.04008474	0.04299371
0.04243557	0.08612268	0.03116966
0.07253696	0.1108951	0.03557465	0.05385494
0.05736464	0.09268862	0.0296882
0.08347438	0.1029498	0.03276098	0.05957006	0.03114067	0.01114155
0.06688896	0.08539655	0.04461816	0.07257561
0.05048221	0.09024895	0.04546452	0.07707469	0.08975882
0.06824885	0.1027274	0.03995393	0.04704093
0.02109397	0.08804396	0.03043517	0.05431823	0.04484045
0.03041401	0.09591345	0.03554786	0.03959614	0.03308853
0.04752778	0.07516857	0.03395738	0.04983242	0.06018079
0.06511314	0.08691823	0.06193317	0.05546404
0.04521274	0.08220529	0.0361961	0.05256349
0.06525795	0.07668337
0.06848432	0.08086934
0.08599391
0.08747654
0.04336183	0.06480229	0.04938697
0.06062566	0.08701171
0.06066193	0.08874821	0.0434344
0.06181255	0.08186083	0.0484996
0.07445259	0.07771152
0.07723132	0.07483349
0.07056922	0.07668025	0.05224565	0.04220186
0.06744716	0.07581955	0.05838093
0.04601796	0.06437464	0.0443352
0.08814546	0.07947285	0.06223991	0.07260479
0.06657092
0.04036414	0.0841883	0.07436543	0.03851374
0.07636834	0.09190367	0.06179976	0.06833131	0.07354027	0.05007453	0.04512855	0.02154968
0.0513206	0.1002036	0.02998813	0.05915192	0.07180857	0.03333057
0.05286435	0.08511692	0.03299084
0.04788067	0.1027373	0.03909648	0.07015962
0.04751231	0.1058322	0.03401948	0.06191311	0.02885171	0.06179255
0.03479876	0.08687116	0.0284378	0.04389812	0.02976593
0.0639472	0.102825	0.03257289
0.05288986	0.0815635	0.03824623
0.05204066	0.07815979	0.0485506	0.05288263	0.03068785	0.05539778	0.04657155
0.06538918	0.08291025	0.04227282
0.05614362	0.09289283	0.0260142
0.05315117	0.1006853	0.03266387	0.0517449
0.05381366	0.08573504	0.03534018	0.05578023
0.06491923	0.08708174	0.04350419	0.03765342	0.05389364	0.03673556
0.05368668	0.081711	0.04652446	0.04490775	0.05935804	0.03411156	0.03721515
0.07035904	0.07021802
0.06543917
0.07842477
0.07636839
0.04770624	0.07648473
0.05704924	0.07199321	0.03710896	0.0421152
0.03968112	0.112675	0.07074924
0.07189319	0.0740841	0.05913322
0.05650325	0.080629
0.04757957	0.0651174
0.08576	0.07437459	0.06329798	0.05237905
0.03755369	0.07058422	0.0720069	0.08494256
0.08058118	0.117234	0.05879713
0.07795933	0.07023273	0.05407536
0.04110904	0.07544497	0.08938672	0.0365538
0.06320155	0.09624408
0.0446624	0.07768421	0.01797105
0.07288117	0.07490444	0.0560249	0.05322039	0.04136306	0.03467191
0.04612138	0.1019856
0.04590521	0.07155919	0.0537827	0.05708798	0.05113112
0.06100413	0.09659265
0.09520163	0.07793878	0.05298468	0.06428804	0.0437183	0.01540948
0.06345196	0.07569922
0.04750375	0.08140928	0.03788248	0.08271197
0.06925913	0.07597355
0.07340285	0.08689917
0.04779548	0.07849274
0.09357346
0.07602346
0.07443483	0.1038275
0.03673762	0.09127363	0.05753334	0.04752243
0.06730986
0.0680666
0.04574315	0.07245134	0.07617343	0.0502644	0.03033704	0.04519334
0.06376843	0.08138657	0.0460854
0.05423488	0.09786188	0.0422701
0.06548034	0.08995629
0.0496922	0.08393118
0.1086405
0.08307308	0.09197578
0.08398763
0.08565509
0.06678178	0.08132381
0.04520966	0.08504917
0.07812177	0.08664443
0.06906675	0.08241235
0.05072112	0.09528074	0.06134141	0.06207062
0.02425814	0.08270453	0.04207637	0.0535953	0.04312285	0.05543602	0.04458892
0.0507293	0.06575679
0.04966958	0.07578281
0.04660852	0.08694593	0.07002581	0.07459269
0.04207348	0.1046124	0.062054	0.05269909
0.05524904	0.09641378	0.02733402	0.04920241	0.03120208
0.0623442	0.08410005	0.04252738
0.0571439	0.08876345	0.03355394	0.06565258
0.04497558	0.09546071	0.03160244	0.0519742
0.04147517	0.1101937	0.03082232
0.04272739	0.08526218
0.06765662	0.08644722	0.03493044	0.0561277
0.0352332	0.07730455
0.05637271	0.07570261	0.0461719	0.03518036	0.06207538	0.03044435
0.05939875	0.08924154	0.03837718	0.08925699
0.05229213	0.08490594	0.0458486	0.08925699	0.05639471	0.04401646	0.06236601	0.04433855
0.03817945	0.1142183	0.04771344	0.06975838	0.05339947
0.05907256	0.08200492	0.03594282	0.05989568	0.059197	0.05160821
0.05199648	0.09138029	0.03549645	0.03940811
0.03971837	0.08811322
0.03962585	0.0853026	0.0402578
0.07983233	0.0841055	0.04478398	0.04815872
0.05659355	0.06785649	0.03353946
0.07353261	0.05975148	0.05369232
0.06715909	0.07758241
0.04308592	0.08959791	0.05996151
0.05808787	0.09229048	0.06126807	0.05641125	0.03582977
0.04932418	0.09176577
0.05180955	0.07994239	0.05793349
0.06703247	0.07553776	0.06107359	0.0444921
0.0739522	0.09211186
0.0803712	0.09066554	0.05562809
0.03552666	0.08003061	0.06845766
0.04145626	0.08617558	0.06968781	0.03586283	0.0553573	0.04448412
0.05483085	0.1071532	0.07275351
0.06273096	0.08972525
0.0388273	0.07969757	0.04832657	0.0754711
0.04487185	0.09469048	0.0625007
0.02126995	0.09638073
0.06981415	0.09268411
0.04585074	0.07960198	0.05362998
0.08027313
0.09065411
0.08877547
0.05436333	0.0683779
0.05591742	0.06286872	0.0658205
0.04358825	0.08826528
0.058993	0.08812994	0.05723991
0.03705748	0.08434271	0.06864231	0.04810169
0.08473404	0.07652906	0.05693928	0.069728	0.05277251
0.07788916	0.08606209
0.04880332	0.09683981
0.06024337	0.072927	0.06980073
0.06719695	0.09075573
0.06976927	0.08194584	0.06910697	0.04596595
0.0680705	0.06596348	0.07244357
0.03757166	0.07246187
0.0698051
0.04595947	0.07744587
0.06235198	0.07907766	0.06273952	0.05241718
0.08341305	0.08216704	0.05761282	0.05413333
0.05655838	0.08791372
0.05185322	0.08521504
0.03983852	0.06854472	0.06405411
0.05190171	0.07450674	0.04632995	0.02567515
0.05161687	0.09592697
0.05860691	0.07634692	0.04552871	0.02749288
0.03485274	0.0908747	0.05614645	0.08075441
0.02912778	0.07862581
0.04394463	0.08683476
0.04564874	0.07861361	0.04976843
0.0675101	0.09369492	0.05725704
0.05781137	0.09329869	0.06772527	0.05222801	0.0431966	0.0300649	0.03746879	0.07449548	0.03244649
0.0488992	0.08467081	0.07693321
0.04438631	0.0840694	0.06924296	0.07568836
0.08259928
0.05519814	0.07927739	0.0523695
0.08306552
0.05680588	0.06946021	0.03882161
0.07737307	0.07351358
0.04447586	0.06430464	0.04238343	0.04926733
0.04942873	0.08010017
0.0700033	0.07271234	0.05381073
0.05135767	0.05970842	0.01392928	0.05459007	0.05133675	0.06316985	0.05558912	0.06018478
0.05967039	0.08912926
0.07274413	0.08838704	0.05443417	0.04356098	0.04379045
0.07909458
0.07577888	0.07996114	0.0685589
0.08420801
0.08536541
0.0902948
0.05598028	0.06333511	0.04562746	0.08512208	0.08374562
0.09463144	0.09850177
0.09006693
0.06494533	0.07757199	0.06078226
0.05314255	0.08204017	0.04020247	0.01927687
0.04057302	0.06213786	0.04413373	0.03891054	0.04833823
0.05856048
0.06525872
0.06503705	0.08421963
0.08133965	0.09352762
0.07352285	0.08255527
0.03888874	0.08564404
0.03168348	0.05849593	0.07699217
0.06450734	0.08866439
0.05659095	0.08126596	0.03891957	0.07509763
0.06493227	0.08973098	0.08467417	0.05240212
0.08292679	0.09002367	0.06193099	0.07992116
0.05274352	0.08769008	0.05219023
0.0751943
0.0440823	0.07481709	0.07440409	0.06842261
0.08472287
0.04763242	0.08320234	0.06152759	0.03390783
0.08554397
0.07456397
0.07092634	0.08320516	0.05970349	0.05186243	0.05466461
0.07257357
0.07936368	0.07196922	0.05388397	0.0394296
0.07764324
0.08224159
0.07947122
0.06060539	0.06977049	0.0355186	0.05116836
0.06529763	0.07721672
0.07393023	0.07026673	0.07077621	0.0740304	0.07153776	0.03614414
0.07108225
0.06341962	0.08619385
0.08471648
0.04899456	0.07409724
0.0577648	0.09829269
0.04727834	0.08247279
0.05658089	0.09498552	0.07263852	0.03174148
0.04968292	0.09743394	0.06016432
0.0768637	0.07431482	0.05959667	0.04815244	0.06384529
0.06188256	0.1035584
0.07610425
0.05570984	0.06602117	0.07462868	0.0340712	0.05964613	0.03992919
0.07622788	0.09140145	0.04613645
0.04624133	0.07728565	0.07965679
0.05227968	0.0798371
0.06276339	0.07749056
0.05865577	0.07491312	0.05769812	0.05205993
0.07873057	0.083168
0.05006021	0.0700019	0.02945579
0.06455002	0.07025747	0.07274802
0.06091758	0.07866022	0.05316231	0.05337539
0.0649857	0.09129591	0.0439985
0.05661705	0.07607473
0.05250717	0.08427427	0.05610748	0.06504394	0.08383003	0.06529696
0.07470188	0.07743218
0.05919071	0.09888213
0.07646666	0.07433469	0.0639843	0.05051973	0.04418021
0.06223149
0.05132104	0.07539166
0.04965057	0.08721445
0.09755241
0.08140953	0.06592568
0.07795397
0.08570719
0.06280896	0.08529539
0.04585755	0.0781131	0.04301934	0.04329516
0.05348306	0.07803498
0.04415241	0.04593208	0.07988479	0.07048786
0.04902578	0.07745904	0.05857037
0.08550613	0.0893176
0.09017915
0.05631458	0.06652262	0.03892428	0.07345906
0.0256873	0.08153858	0.08039969
0.07048462	0.07302321	0.04985426
0.05567139	0.07033845	0.04733336	0.06438982
0.08244699
0.05135008	0.07435829	0.03932538
0.06474028	0.06724147	0.06050671	0.02224679
0.07649966
0.093384
0.052939	0.09793371	0.06269103	0.03194384
0.0416048	0.07620697	0.0505666	0.07317877
0.07735807	0.08047103
0.07106233
0.05549339	0.07919616	0.06471613
0.05150475	0.0551582	0.08888186
0.06303259	0.08537865	0.06950359
0.06099726	0.087303	0.06248205
0.05191223	0.07815161	0.05534555
0.06442452	0.09686985
0.07979912
0.07892097
0.08315234
0.03719948	0.0747024
0.05152312	0.06711399	0.05384444	0.04343588
0.05701763	0.09457989
0.06842272	0.0890671
0.05570725	0.09008662	0.04860075
0.05267819	0.08851687	0.06237498	0.03376391	0.08065509
0.07207672	0.07879415	0.05435161	0.07936643
0.05795854	0.0847337
0.05747848	0.08901345
0.06639475	0.07844641
0.05846341	0.08115348	0.04198836
0.05302764	0.08399147
0.04291633	0.08911303
0.06504567	0.09877243	0.04464591
0.08504146
0.07876736
0.0922652
0.0325895	0.08459231	0.06527203	0.02221607
0.03824376	0.08750542	0.06406042
0.05862398	0.0908728
0.04577531	0.07459853	0.06101277	0.05388435
0.07776903	0.06865612	0.0587083	0.05149113
0.04512569	0.070153	0.06167204	0.04668459
0.0646126	0.09109744	0.04902121
0.08487713
0.09362035
0.09089591
0.07414116	0.0782857
0.09293391
0.07892042
0.05877558	0.08854078
0.05457191	0.08235525	0.06350613	0.04026133
0.07508315	0.09559963	0.07191323	0.06275244
0.06388765	0.09626564
0.04031636	0.07790548	0.05461308	0.01015174
0.03645211	0.08667555	0.06182297	0.03735606	0.03032543
0.0529131	0.07268592
0.06795494	0.0792001	0.06254002	0.07039806
0.05276289	0.06382444	0.05983986	0.05896859
0.06044691	0.08476302	0.05436378
0.04826557	0.06721053	0.04215895	0.06661419
0.07103282	0.08914812
0.05715837	0.08068209
0.06268803	0.09198842	0.06664342	0.03822084
0.04607948	0.08569777	0.05701729
0.05671239	0.09163216	0.0534857	0.05276799	0.07437666
0.04622212	0.0803093	0.06126797
0.06599927	0.08352203	0.02726477
0.0669152	0.08222317	0.06735318
0.05673354	0.07975992	0.05317998	0.06446054	0.08905097	0.07127491
0.05762266	0.07812456
0.0510977	0.08927163	0.05598937	0.04608226
0.03254169	0.07355871	0.05987227	0.05320919	0.04705808	0.06150534
0.04474031	0.0721007
0.07910217	0.08940963
0.06725729	0.08689441
0.08104971	0.07700383	0.05824665	0.03776791	0.02842317
0.06363961	0.0778491
0.05726526	0.0672334	0.06524116
0.05924168	0.06575092	0.08224336	0.05570834	0.07621784
0.03632949	0.09994376	0.04491425	0.05355989	0.02813908
0.07760664
0.06804434	0.08953448
0.09472946
0.06873712	0.08265741
0.08789445
0.07209439	0.09110774
0.05272214	0.08188573	0.06024745	0.06145956
0.04502308	0.06328684	0.03424028
0.07516054	0.07647833
0.04450519	0.07873071
0.06634074	0.08905787	0.06148339
0.03556743	0.08342997	0.05444523	0.03007952
0.0413066	0.07088101	0.07291998
0.06173314	0.09930448	0.06486017	0.05574141
0.0654535	0.08316938
0.05116445	0.1026093
0.07111498	0.0969036	0.0628829
0.05277409	0.07502864	0.06301951	0.0489704	0.04470659	0.01527029
0.07394723	0.09662968	0.05435083
0.08383366	0.09530222
0.09874549	0.09148272	0.05898666
0.09947959	0.07792877	0.03193677	0.04181687	0.05807207
0.05462345	0.04860122	0.06401301	0.04214195
0.05663009	0.08690727	0.05497143
0.06611042	0.09218532
0.09987326
0.06756842	0.08432999
0.05035917	0.08985034	0.06060991	0.06023909
0.07419027
0.03597151	0.06998107	0.03025394	0.04036885
0.04592479	0.08050873	0.07455132
0.0391978	0.07371389
0.04215688	0.06003136	0.11199
0.05156213	0.1033864	0.05073382
0.04195022	0.07566034	0.05988275	0.05197087	0.06178059	0.04104312
0.06396759	0.07274671
0.08608194
0.07017144	0.08898808	0.07341295
0.06005952	0.1008933	0.0629194	0.05165788
0.03625174	0.07647971	0.06580788
0.07157678	0.08224696
0.06414649	0.05969572
0.05920645	0.07758064	0.04779313
0.05074993	0.08615438	0.05545824	0.0515952	0.05190406
0.03659268	0.05512278	0.08840644	0.06380807	0.04298898	0.06388221
0.07489155	0.08160343
0.08890657	0.09585053
0.08147912
0.03546996	0.09302951	0.06347154
0.04858124	0.08202477	0.07152897	0.04538752	0.05191736
0.08278586
0.07758934
0.06825003	0.07791567
0.04530294	0.06943694	0.06073164
0.07747187	0.08337137	0.05822272
0.07929179
0.0834451	0.07163808	0.05341519
0.05335821	0.07034747	0.03274102
0.06732225	0.07248411	0.05256248
0.08152543
0.05256579	0.07166995	0.0879644	0.02296061
0.04735216	0.0843254	0.02649857
0.07531259	0.09038441
0.08293904
0.0915023
0.04378491	0.08239939
0.0434871	0.07992991
0.06350088	0.0779747	0.03195894
0.05057439	0.08327633	0.08566656
0.05861035	0.09089288
0.06941474	0.07487966
0.08477387
0.06505604
0.07002259
0.04608147	0.08268455
0.03740617	0.1045898	0.03805641
0.03884612	0.1151651	0.03519635	0.05232012	0.05828655
0.03137128	0.1013203	0.02747071	0.03286637	0.04398763
0.0592405	0.09609882	0.02925213	0.04503537
0.07052547	0.08737732	0.04707065
0.05795108	0.1036937	0.03129999
0.06440918	0.0915485	0.04074317
0.03125833	0.08166667	0.03864845
0.05349274	0.08963299	0.03208353	0.05632337
0.04707616	0.08942677	0.03374802	0.04170597	0.0245351	0.04818998
0.04464046	0.1102924	0.03418923	0.05042338
0.05808389	0.08984809	0.03548356
0.04395348	0.0930251	0.03097873	0.05905607	0.06778243	0.06540451
0.0511935	0.09776223	0.03479508	0.04990913	0.07215443
0.06361523	0.0759871	0.03077802	0.04895249
0.0493172	0.03853578	0.0803766	0.06606195	0.03210825
0.09073244	0.0374089	0.0745839	0.04747093	0.01716595
0.04963776	0.08877451	0.03074517
0.04835728	0.08377287	0.03453925	0.06199319	0.0549028
0.06564012	0.07849213	0.03034684	0.04340902	0.05878589	0.0517128	0.05174717	0.06356266	0.0591273
0.04823114	0.09925095	0.03837998	0.03869847
0.04101145	0.1003527	0.0287845
0.06533913	0.07628723	0.03052189	0.07437453	0.0589878
0.0529263	0.04748852	0.06215398	0.03061645	0.05593333
0.04339229	0.09004142	0.03072151
0.07053402	0.0764229	0.04217857	0.03493605	0.07370548	0.04975874
0.08310999	0.09976122	0.03977759	0.03184406
0.09467303	0.08669136	0.03588679	0.07805256	0.04744208
0.07461241	0.08191253	0.03865264	0.06629703	0.06573818	0.05542417	0.07117095
0.06506453	0.08125284	0.03150662	0.06181193	0.03949327
0.05946635	0.08767705	0.04067543	0.03690723	0.04846126	0.06516873	0.03748136
0.05504037	0.1010396
0.07831295	0.05186478	0.06363585
0.07494325	0.08072133	0.0535643
0.07729491	0.07516338	0.06052185	0.03386052
0.06040428	0.08809442	0.05533107	0.06921975
0.08220043	0.08508605	0.04631646
0.07153254	0.09802105	0.04240222	0.03164018
0.05501153	0.1000772	0.03781682
0.05751412	0.09631971	0.03304312	0.04080972
0.05696111	0.1043409	0.0315111	0.04854109
0.05426252	0.08413709	0.0317197	0.05009324
0.06558654	0.108137	0.03402206
0.06736856	0.09680756	0.03220288
0.06602448	0.1052965	0.02851642	0.06020346	0.04821347
0.05345308	0.107564	0.03951723	0.06631374	0.07226677
0.06150354	0.07298203	0.03417345	0.04730634	0.05452582	0.0624246	0.04691474	0.06027786
0.07075514	0.08428488	0.06443763	0.0420993
0.03368554	0.09232173	0.05197008	0.0764623	0.04559805	0.06970487	0.03850519
0.07113556	0.09349387	0.02741684	0.04733671	0.04730204	0.05951431
0.05770112	0.08047572	0.03416499
0.05898981	0.09518116	0.02485825	0.04970988	0.04210924	0.05432461
0.05815599	0.09069581	0.03100908
0.03860743	0.08488149	0.0293415	0.04870714
0.07235699	0.09648652	0.06011798	0.03581279
0.04288188	0.07867926	0.03476687	0.06047138
0.05356925	0.08688645	0.03660575	0.05963919
0.03014305	0.08794048	0.03297728	0.05105728	0.04333894	0.0505739
0.04633867	0.07744977	0.04224995	0.06328806
0.03283091	0.08906687	0.04234038	0.05633689
0.0628851	0.07314101	0.0421094	0.05324416
0.02946724	0.08293696	0.04815685	0.05279641
0.04565632	0.09014134	0.03560937	0.06246362	0.03834689	0.05976129
0.05585782	0.08178511
0.07083103	0.08380104	0.07076354
0.0254709	0.09059734	0.07522056	0.03744734
0.08240494	0.08209661
0.03962379	0.08163886
0.09697127	0.09585865
0.07717485
0.08539045	0.08838625	0.07721082
0.04820379	0.08022643
0.04676484	0.07368563	0.06516236
0.07178377
0.06597276
0.03641487	0.08157795	0.03992834	0.07713993
0.05669363	0.1024587	0.05845832
0.08406596	0.0886965
0.0773242
0.0965154
0.08994138
0.07902113
0.07566812	0.07610706	0.07926613	0.08299315
0.06440197
0.07810864
0.1074501
0.09717227
0.09428815
0.0758176	0.0883	0.05491475
0.05828787	0.08792938	0.05178321	0.02798415	0.07241288	0.06356027
0.06774777	0.08449143
0.06374731	0.05796402
0.07916669
0.08469192
0.08174754	0.1003549
0.06623477	0.08829531
0.02954204	0.09581111	0.05323251	0.05293422	0.05275082
0.04436153	0.086837	0.05771861
0.0642429	0.07071257	0.09722559
0.0408318	0.08311039
0.06566522	0.08283314	0.05390864
0.07491683
0.06018643	0.06608114
0.08061846	0.08757085
0.08494849
0.0816306
0.07924853
0.0403483	0.06719495	0.05674646	0.08399187
0.04372731	0.09602263	0.08910345	0.06513513
0.07348986	0.09052202
0.04360489	0.08952499	0.06221631
0.068001
0.01875385	0.0721113
0.06019111	0.07452949	0.02327013	0.07350345
0.05828988	0.07738169
0.08297313	0.09050644	0.06756479
0.06676324	0.08479489
0.04090605	0.07115955
0.06896254	0.07799167
0.07385574	0.07846205	0.02816069	0.0508037
0.06860909
0.07312128	0.09281494	0.08014494
0.05467102	0.09135099	0.05218751
0.02998404	0.08251118	0.08456849	0.05336017
0.06561244	0.08092467	0.04796771
0.07615251
0.06259218	0.09244486
0.07195606	0.09307564
0.05565145	0.06275477	0.05688765	0.04754216	0.08490453	0.04502753	0.05858157	0.05780588
0.04669622	0.08178319	0.05137121	0.0439015
0.07173874
0.07951406
0.0764735
0.04666914	0.0816121	0.06347694	0.05971119	0.05190773
0.06052204	0.08883354
0.07476483	0.07984195
0.05735564	0.07490884	0.0542009	0.04800238	0.07515455	0.06688781
0.006440669	0.0803062	0.05880727	0.05505295
0.009629483	0.07702315	0.03652907	0.03439301
0.05799181	0.08334704
0.07357381
0.06123092	0.1000833
0.04879148	0.1015756
0.05448886	0.09241766	0.03566573	0.06107032	0.0393895
0.06002031	0.09537449	0.03064905
0.05544562	0.08286627	0.03073943	0.04117354	0.06116267
0.05168475	0.09904917	0.02722092	0.04328336	0.04795951	0.03546894
0.07656	0.09899729	0.03280227
0.06860351	0.09476873	0.03959169	0.0584382
0.0852178	0.1188161	0.03463283	0.0641472
0.04278341	0.08431983	0.03899522	0.06455011	0.07621556
0.03179777	0.08614745	0.03328837
0.06309411	0.1048856	0.03845644
0.07757694	0.07091874	0.03780035
0.06316846	0.08921389	0.07842607	0.04082906
0.06541134	0.1024048	0.04559341	0.02336564	0.0549603	0.04293056
0.05567599	0.07257362	0.03307594
0.07735564	0.0804783	0.03151694	0.05921559	0.04818964	0.04783397
0.02914504	0.09002424	0.03499118	0.04688074
0.04117354	0.09063755	0.05372566	0.07170224	0.03644302	0.04999379
0.04366374	0.08902775	0.02806921	0.06740138	0.05660837	0.05577664
0.05105324	0.09153241	0.02954218	0.04345626
0.06817691	0.102294	0.03481844	0.04854272	0.05159382	0.0370456
0.06181465	0.08983081	0.05835708	0.03513201	0.04710683	0.0487364
0.08525149	0.09114318	0.07882411	0.05015249	0.0585641	0.06772043	0.07030176
0.0489075	0.09213191	0.02516029	0.04830769
0.0549212	0.069961	0.03730207	0.05590617
0.04983783	0.08985538	0.0389435	0.03409689	0.04040787
0.05407912	0.08871513	0.04865434	0.02458741	0.05408316
0.04519412	0.07020802	0.03320041	0.06591355	0.06001215	0.06424449
0.07686766	0.07275848	0.03762678	0.0548822
0.0605356	0.08622966	0.04363589
0.05293543	0.09950963	0.04260725	0.05140725
0.05302397	0.08326308	0.04212454
0.05095602	0.09273961	0.04037516	0.03101453
0.0601868	0.07970045	0.0502871	0.05428458	0.03342742
0.06321903	0.07879722	0.03817243
0.08475268	0.08808342	0.04117235
0.07116661	0.1231434	0.04476821	0.03990022	0.06576428
0.06437447	0.09772275	0.0263955	0.04234481	0.07761136
0.06324498	0.08667615	0.03224693
0.108404	0.09215811	0.03749054	0.05711232
0.0691668	0.09695425	0.05427666
0.04589311	0.1003465	0.03524194	0.05881951	0.07114399
0.04183833	0.09253458	0.02995138	0.04899073
0.05203862	0.08456722	0.03166551
0.05959961	0.08213564	0.03412355	0.05931121	0.0485858	0.04361632
0.07323035	0.1016614	0.03556345	0.06878323	0.05580991	0.06170528
0.08317677	0.08155538	0.03901089	0.06976934
0.04095586	0.08146732	0.0349313
0.05289239	0.07622664	0.03098072
0.05590825	0.08570406	0.0388498
0.06075281	0.1106172	0.03655888	0.05149877
0.0802887	0.07672476	0.03817366	0.07435883	0.03756481
0.08302503	0.09660956	0.04288693
0.06550558	0.07663327	0.026525	0.05953224	0.0715813	0.06222031	0.06062163
0.05678976	0.09117636	0.03158065	0.06091653	0.04879933	0.05525078
0.04274639	0.09496765	0.03494211	0.05102109	0.06035022
0.05058094	0.07888504	0.03350411
0.04135332	0.07349751	0.03210515
0.07705551	0.08311701	0.06260103	0.03387532
0.0410505	0.107169	0.03667299	0.04094278
0.02666304	0.06994895	0.03451648	0.05037039
0.04697223	0.09175958	0.04626243
0.03618269	0.09691639	0.02787753	0.02115052	0.04137803
0.03831174	0.09016177
0.04636094	0.08221816	0.0494129
0.05219869	0.06958698	0.03131553
0.05280429	0.1036079	0.05512891
0.05634694	0.1036089	0.05304722
0.05425555	0.09839111	0.02966224	0.05646652	0.04985007	0.04420257
0.04272386	0.08670193	0.02818647
0.05040068	0.07503058	0.03437143	0.04662038
0.04701978	0.09074233	0.0331981	0.05175609	0.05129287	0.0614693
0.0528018	0.08098276	0.03807935	0.05013671
0.04000193	0.1069534	0.03887585	0.0570638
0.06067987	0.0827416	0.04166412	0.05906742
0.05747084	0.08332799	0.03854528	0.0540109	0.0613764
0.04836889	0.08492774	0.03223351	0.04600132	0.04698971	0.05719497
0.05246465	0.1022341
0.05753454	0.09842336	0.04162754	0.02958801
0.04525815	0.08655806	0.04478394	0.0404335	0.05909553
0.06770947	0.08441664	0.04488033	0.06799644	0.06163086
0.05896271	0.1028221	0.06785269	0.07021354	0.04010582	0.05931791	0.02258664	0.06637965	0.0603119
0.06449771	0.08612521	0.03839365	0.05487913
0.03752222	0.09885694	0.03432089	0.05327157
0.05388952	0.09330803	0.03159522	0.05327382
0.05841457	0.09117064	0.03910772
0.03025177	0.08469377	0.03468192
0.05411217	0.09752492	0.03104489	0.04751608
0.06236654	0.110562	0.03488832	0.04848803
0.05550534	0.07028143	0.03400616	0.06789779
0.04640096	0.07498208	0.02896464
0.04373063	0.0984754	0.02823335
0.05480426	0.08698609	0.03628429	0.05934469
0.05446644	0.08947035	0.03447644	0.04419388	0.06161154
0.04267825	0.07617573	0.03857646	0.05119677	0.07313392	0.05128467
0.04734466	0.1026873	0.03776928	0.03362633	0.04590175	0.08232254	0.04749839
0.05971712	0.09307331	0.03378303	0.05331537
0.03931919	0.08514894	0.03107744
0.06508208	0.09974818	0.03460457	0.06044094	0.07686283	0.0342339
0.04128552	0.0885967	0.03467387	0.06468005	0.05890177	0.03879031
0.06285751	0.07013191	0.07338154	0.06808808
0.07874522
0.06404731	0.07082782	0.09103738
0.05398386	0.08835552	0.07682833	0.06153006
0.0629779	0.08414799	0.05139584	0.01465236
0.05281121	0.07028663	0.06223616
0.08121872
0.07204085
0.06009017	0.08439248	0.06132734
0.09215068
0.06052617	0.05983453	0.09391031	0.06116537	0.06682239
0.04401194	0.09403726	0.06716797
0.043212	0.08628327	0.05987557	0.04119312	0.05500399	0.04465757	0.05791657
0.0499554	0.07691796	0.05231622	0.05654527
0.03743654	0.07886283	0.04169616	0.07479209
0.06200447	0.09277458	0.06403313
0.06500491	0.08649383	0.05203483
0.07164641	0.1006241	0.04349821
0.05805811	0.07551776	0.03650568
0.06186587	0.07801937	0.04118637	0.07565839
0.04385059	0.09481042	0.04216526
0.07465405	0.07788648	0.04292799
0.04252004	0.09622354	0.03175234	0.06927422	0.0392338	0.03695975	0.05113937
0.0584732	0.0456188	0.07739688
0.06306947	0.02908924	0.09397753	0.05169475	0.04293483
0.06488034	0.08470853	0.03232403	0.05728016	0.06404433
0.06045757	0.09563423	0.03382352	0.06507233
0.05973259	0.07145478	0.03584039	0.06053679	0.04943694	0.03413027
0.07331008	0.08016952	0.04295321	0.06572293
0.05566579	0.0890463	0.03238226	0.05372808	0.04412057	0.0517549	0.02253165
0.0503068	0.07142136	0.03348652	0.03095738	0.05365765	0.04652231
0.06032374	0.08312844	0.03044018	0.04402175	0.0424182	0.05345901
0.04555674	0.07717689	0.03494841	0.05152741	0.02767544
0.06441359	0.0810557	0.03795523	0.05354958
0.05213783	0.07851853
0.05652737	0.07827691	0.05219542	0.06600613
0.04880825	0.06953283
0.08935365
0.05563433	0.08185745
0.08654068
0.08710746
0.03177509	0.0718208	0.07346899
0.04494148	0.08712982
0.09374823
0.04521441	0.07754754	0.05252349
0.06557634	0.08919346	0.05986001
0.0696259	0.07930842
0.08416562
0.05371205	0.07600585
0.08110817
0.09757194
0.09214513
0.0870617
0.06449533	0.08061195
0.05151148	0.08553923
0.07128466	0.09504113
0.06979256
0.07012843
0.07970048
0.05810689	0.07645844	0.04852317	0.02920254
0.05886308	0.07626101
0.07119911
0.07441489
0.04781335	0.1070147	0.04810044	0.05164943
0.05280941	0.0836986	0.05792143	0.05763327	0.06043636	0.04174368
0.07541125
0.04423923	0.09227326	0.06957938	0.04501288	0.06532969
0.07544964	0.08204379	0.02352518	0.06430964	0.08657943
0.06039931	0.07904222
0.02889902	0.1050024	0.06073645	0.04409975	0.03052165	0.04159704
0.0617302	0.113211	0.04121695
0.0800359
0.07933537	0.07587297
0.05292213	0.08696791
0.03132975	0.07145562	0.05319957
0.02934753	0.08066313	0.05183584
0.09021839	0.08585342	0.05540332
0.08388311	0.08721698	0.05606757
0.05394344	0.08765715
0.05816985	0.08115509
0.05722754	0.09081039
0.07086715	0.0779381
0.03316923	0.08453993
0.03444042	0.08414382
0.0266696	0.05291512	0.0744562
0.0705946	0.08424592
0.0511146	0.06494163	0.07124065
0.08573612	0.08007589	0.06151209
0.07315131	0.08087868
0.08362177	0.07382618	0.03828448
0.04609602	0.09042335
0.05531871	0.08312166
0.08653028	0.07848015	0.04735281	0.0472031	0.04712736	0.04866496
0.05042835	0.0901206	0.05127598	0.0865239
0.04439811	0.07921256
0.0568012	0.06824551	0.03567025	0.05681372
0.04949108	0.0637967	0.07468829
0.07533705	0.08271576	0.04362545
0.03904484	0.08371465
0.04810493	0.07221889	0.04820131	0.03427906
0.06253775	0.09408132	0.03443245
0.07883575	0.07949692	0.08826538	0.05775663	0.05781382
0.03163057	0.07082262	0.04156493	0.049748
0.07103489
0.07568445	0.08036403
0.0398435	0.1023396	0.05838628
0.0519513	0.08685851	0.04916583	0.02917328
0.07329313	0.08236793	0.06526732
0.05673151	0.07207705	0.06529415	0.05320336
0.07045593	0.07439152	0.05180518	0.05704002
0.0845833	0.07354409	0.05016846
0.05424755	0.06934611	0.04131667
0.05724757	0.06148025
0.08999802
0.05920751	0.08775445
0.06280092	0.07244395	0.07286006
0.04060723	0.07599085
0.07471649
0.05867485	0.08439837	0.05557776	0.04715825
0.05531915	0.07837767
0.04417776	0.08821549
0.03367382	0.08822757	0.02703196	0.04294741	0.04730243
0.06068833	0.08961336	0.04034085	0.03818929
0.04716484	0.09992508	0.03412481
0.04379199	0.06321518	0.03346628	0.05247015	0.03713313	0.04954839	0.01924264
0.0529251	0.08973687	0.06493918	0.05496672	0.05936707
0.06481549	0.1087082
0.03858078	0.08205368
0.08062285
0.07480758
0.06373064
0.0838193
0.050906	0.08064732	0.07380799
0.04661189	0.07732345
0.05282027	0.08712519	0.07372911
0.04187763	0.08699518	0.08305749
0.05888414	0.08047342
0.05427569	0.08515039	0.01763059
0.04301589	0.06159952	0.0604524	0.05431809
0.08676352	0.06372626	0.07702977
0.06605498
0.0586548	0.07952045
0.03881456	0.08456504	0.04324748
0.06063713	0.08626804	0.04738618
0.07834094
0.04275406	0.08787952
0.04893087	0.08765998	0.04345764
0.04085762	0.07846831
0.06045034	0.07743734	0.05897675
0.07121417
0.08823511
0.0897352
0.08276618
0.07918555
0.08931424
0.0627925	0.06480127
0.04393266	0.07417114	0.02457746
0.06678531	0.09185549
0.07916692
0.08156288	0.0824756
0.08012463
0.08365813
0.06612925	0.1066603	0.07201257	0.03666004
0.04014263	0.09276092	0.03468438	0.05067871
0.07302769	0.09864512	0.0335075	0.06077945	0.02003054
0.06679283	0.1055454	0.03932256
0.05854299	0.07671994	0.03665235
0.07909861	0.0894554	0.03210736	0.03395722	0.05122151	0.03533564	0.03059121
0.03684105	0.07455543	0.03252181	0.04140752	0.05952895
0.053704	0.09490853	0.04115617	0.06314141
0.05520048	0.1123788	0.05759388	0.0401271
0.04150413	0.08065816	0.01721651
0.06242816	0.09827635	0.04412801	0.03103051	0.07703765	0.03500373	0.04411775
0.06550802	0.08574201	0.03821874
0.05378604	0.09106487	0.03523166
0.05471148	0.08782714	0.03504662	0.03818216
0.0500825	0.08922189	0.03587975	0.05371151
0.05340848	0.09118952	0.03043492	0.04865428
0.05889096	0.1041386	0.03797692
0.02815979	0.089783	0.03792608	0.05615397	0.08698933	0.05053774	0.04703453
0.05614588	0.07480513
0.0669988	0.08725461	0.04847947
0.02532765	0.0749491
0.0661598	0.08445998
0.0531919	0.06625589
0.08323485	0.08712856	0.06271668	0.06909826
0.05251629	0.07994024	0.02965287	0.03919927	0.05870753
0.03749926	0.1064075	0.04309294	0.04468029	0.07675078	0.05601639
0.02128641	0.06024137
0.0672971	0.1042926	0.05477517
0.03944919	0.08188874	0.04817577	0.05513227	0.04579383
0.07048031
0.05570422	0.07938671	0.05742204
0.07431509	0.08093961
0.08156457
0.08273798	0.09081895	0.04807064
0.067175	0.09111522	0.02424666
0.02889328	0.08686429
0.05320477	0.06199006	0.06811927
0.05427604	0.0707725
0.06187684	0.08334061
0.0606504	0.08693125
0.08491947
0.08529826
0.08323211
0.05137851	0.07580696	0.06885052
0.03441404	0.08873995	0.05662154
0.06077132	0.08197805
0.0802154	0.09773262	0.06650968	0.068958	0.05109601	0.02885748
0.04815122	0.08938123	0.04508454
0.06966966	0.07953727	0.0504981
0.05224965	0.07172958	0.03653765
0.04673039	0.05415574	0.09113001	0.03376114	0.05400711
0.05275482	0.09654034	0.07182768
0.05312745	0.09277888	0.06250348	0.0412028
0.07740659	0.112382
0.07212231	0.1073235
0.0640333	0.0858327
0.04082046	0.08882927	0.1033297
0.07246327
0.04271865	0.08186489
0.04107498	0.1003611
0.07748683	0.09229221
0.05524565	0.07994977	0.07332102	0.04565486	0.0686657	0.04733821
0.05728799
0.1030304
0.1015683
0.06704323	0.06696099
0.05408452	0.08311202
0.07122846	0.06316275
0.04773249	0.06576217
0.05048912	0.07566196	0.06903553	0.05823991
0.06770898	0.06199112	0.07827554	0.05348007	0.06034036	0.0659912
0.0447852	0.09462532	0.05805465	0.02839161	0.04899608
0.04243731	0.08522212	0.02968799	0.06026412	0.04896904
0.04803334	0.0811982	0.04224042	0.07094483	0.06083756	0.04825454
0.04049722	0.1046243	0.03057467
0.04066306	0.08481678
0.03878705	0.08076571	0.04111297
0.06346277	0.08507865	0.03457682	0.05642408
0.04510081	0.07606937	0.03258981	0.04814718	0.03995901
0.06787395	0.0806995	0.02580646	0.05423026
0.04762417	0.06972018	0.07098115	0.03718378	0.04770614
0.05919844	0.1030907	0.0338971	0.03820504
0.03242037	0.09382433	0.02583185	0.04585429	0.06392812	0.03638132
0.05671833	0.08944555	0.03615007	0.06571997
0.04627318	0.08379202
0.0777777	0.1154091	0.04533509	0.07541671
0.06889302	0.085587	0.05403282
0.05579885	0.1012718
0.04681905	0.07835913	0.0441704	0.04554162
0.03653422	0.1019307	0.05148923	0.06209344	0.03772115
0.08381188	0.09358292	0.04010387	0.06485269	0.05732242	0.05778694	0.06801137
0.04324714	0.08951578	0.03913706	0.06785779	0.05591817	0.02283228	0.05117497	0.05080913
0.06101796	0.07075182	0.03629487
0.04189963	0.09491253	0.03632709	0.0697793
0.07101031	0.07489867	0.04265662	0.05326291	0.06815309	0.04950621
0.0610147	0.07406245	0.03114495	0.05928292	0.03507651	0.0785955
0.04905258	0.08507749	0.03911141	0.07093002	0.04909362
0.05329721	0.07455618	0.03469731	0.05724419
0.03967534	0.08344603	0.0557828
0.08684032	0.08232126	0.05332725	0.05749939	0.03800024
0.03870452	0.09640186	0.03584006
0.0398479	0.07634331	0.04806389	0.02438467
0.04727436	0.08790474	0.05991742	0.03150088
0.06731837	0.08760614	0.04654085	0.03324351
0.03543148	0.1016975	0.04729275	0.05030612	0.0415908
0.02483325	0.09510176	0.04121559	0.03640618	0.05329373	0.05289646
0.0539535	0.08046436	0.03106916
0.04846436	0.07402186	0.03882306	0.05559188
0.0599633	0.07208877	0.03588458
0.06265339	0.09971195	0.04223886	0.06887075
0.06434917	0.08452617	0.04121388	0.04203391	0.0622732
0.07577477	0.1095334	0.04082852
0.04385134	0.07566867	0.03343948	0.04416991	0.03842465	0.04544947
0.0709786	0.100277	0.04140759	0.05994835
0.07176213	0.07819434	0.03870245	0.06591769
0.05397975	0.1112999	0.03165823
0.05024591	0.09267531	0.03749867	0.06114346	0.04571426
0.04665554	0.09895415	0.0300645
0.06249542	0.0875153	0.0362679	0.03763106	0.05827167
0.0534723	0.09889349	0.03574983
0.0540255	0.09787458	0.03114973	0.03840126	0.0595225
0.05035874	0.08478246	0.04273855	0.0559578
0.03769286	0.08726641	0.0383895	0.05582056
0.03752617	0.08486455	0.05719725	0.06210539	0.03662491	0.05770728
0.04840954	0.08870112	0.03353975	0.03992197
0.06066937	0.07669648	0.03097487	0.0332292
0.04279571	0.09520806	0.02658337	0.05589743
0.06986572	0.09009036	0.03432346	0.04443652	0.04200858
0.0817052	0.076197	0.04754232	0.09385281
0.07548823	0.07245069	0.04562683
0.06584884	0.08066095	0.04430488	0.05072999	0.03570288	0.06497681
0.0379029	0.07219294	0.04880389	0.06585765	0.07598567
0.05230716	0.09980279	0.07634955	0.06291335	0.04128201
0.04614199	0.08899162	0.05802189
0.07655884	0.09635609	0.05604298	0.04979951	0.05944663
0.03887243	0.0854277	0.02810798	0.05276551
0.05214393	0.1021117	0.04966131	0.0761273	0.06623471	0.056583
0.04898359	0.07497731	0.08323234	0.04088789	0.0629945
0.06121505	0.1007476	0.04256207	0.03323821
0.06056408	0.08873039	0.03035756	0.04870319
0.09117467	0.09703415	0.04003782
0.04878502	0.09327638	0.04267462	0.0302702
0.06302825	0.08335994	0.04607162	0.06806017
0.03351307	0.08872252	0.03744011	0.07787977	0.07436114
0.0625486	0.09301924	0.03784296
0.04970787	0.07067701	0.02942395	0.04461083	0.04835178	0.0672835	0.05886444
0.06003447	0.1124343	0.03518471
0.05938403	0.1039397	0.03156569	0.02672759
0.06836419	0.06819544	0.03977574	0.05633898	0.06685167
0.05923979	0.09569523	0.03153612
0.06830902	0.09250118	0.05089831	0.03348768	0.04386676
0.06623778	0.1008596	0.03699515	0.0519659	0.02545888	0.05770121	0.02845191
0.05167634	0.09080441	0.03145123	0.02778722
0.05295037	0.07943562	0.0308334	0.04846722	0.03008992	0.03362828
0.04950956	0.07237029	0.03467869	0.05888563	0.03183497	0.03702104
0.0279237	0.08521906	0.02837471	0.0480947	0.03263219
0.05789553	0.08772126	0.0268116	0.0521907
0.07198778	0.1027429	0.03373361	0.0464581
0.05794002	0.07528104	0.03363718
0.05596763	0.09935156	0.03128055
0.05545094	0.08348132	0.03673048	0.06059092
0.07803962	0.1026313	0.04208663
0.04399959	0.09567961	0.06744985	0.03275015	0.05146736
0.03184123	0.08916605	0.03281248	0.06596669	0.03009229	0.04254657	0.05125662
0.01945585	0.09082703	0.0340341	0.04363443	0.04767943
0.05601923	0.09419659	0.031105	0.09030825	0.04145369	0.05100832
0.05866382	0.096231	0.03876175	0.05455366
0.04260119	0.09291377	0.03234493	0.0380889	0.05459194
0.06535329	0.09090774	0.0330538	0.05136578
0.08856531	0.09658101	0.05711984	0.03568811
0.04799612	0.08937119	0.03182291
0.04449423	0.09149819	0.02889929	0.05484116	0.02186879
0.0493714	0.1040409	0.03985465
0.09600852	0.08769246	0.03662713	0.06191506
0.05107858	0.09057459	0.03469019
0.04328311	0.08719419	0.03255793	0.05598394	0.05221933	0.06109439
0.053044	0.1073216
0.04176932	0.08834092	0.06015864
0.05549831	0.08862246
0.07686233	0.08818221	0.06133434	0.04522994
0.04351534	0.1040611
0.05574326	0.09889076
0.06038772	0.0930164	0.05095449	0.0623116	0.08087339	0.0889549
0.0488063	0.09522221	0.0442969
0.06434674	0.06396208	0.04500966	0.06915508	0.07146363
0.0724069	0.08320867	0.03413835	0.08559222	0.07118026	0.05656061
0.05578955	0.07673293	0.04441747	0.04274809	0.05924559	0.06134695	0.03564557	0.0577112	0.07391102
0.06631129	0.08876117	0.03995786
0.06101117	0.1067611	0.03217782
0.06146753	0.07114255	0.03356078
0.06937356	0.09537797	0.03843702	0.03123607
0.07506094	0.09683205	0.05393001	0.03510263	0.03740047	0.05709461
0.05027977	0.08463179	0.0346334
0.05418915	0.07436081	0.03138235	0.04952366	0.04847873
0.06472229	0.04068823	0.1066366
0.06776235	0.03814297	0.07893999	0.07716216
0.04696765	0.08177433	0.04533607	0.06015626	0.02946861
0.06625312	0.08039442	0.03113793	0.05948317
0.06989394	0.08325625	0.03716931
0.05685593	0.07733883	0.02636665	0.04065216	0.04875147
0.06991569	0.08832847	0.04187371
0.06111179	0.1069176	0.04253672	0.06377602
0.06814927	0.03759624	0.08475911	0.05341122	0.06132262	0.05189636	0.03376779
0.03037405	0.04219589	0.09158369	0.07622216
0.07546189	0.03959734	0.08964695
0.06171118	0.03403351	0.08328396	0.05688826
0.06706071	0.08333413	0.03255653	0.07243126	0.06386102
0.05254851	0.07373997	0.03654458	0.05208881
0.06725271	0.07633207	0.04138001	0.05862202
0.06603044	0.1113197	0.03652889	0.07520595	0.03449321	0.04452263	0.05435213
