ExtinctionRateChangeTimes
9.697032
16.09446
2.422708	8.704095	20.5901	0.9366044
40.44322	54.49472
35.2177	4.957481
22.26116	16.88707
44.05277	18.19976
28.25907	7.518071	7.155349
14.15186	46.37889
24.72884
33.72832
33.80353	53.52907
38.80798
47.53845	22.84118	33.9919
30.66384	22.74848	33.27258	26.22077	52.21732	26.11326
8.231932	6.710464	43.52038	13.19888	15.6468	52.43525	45.85588	3.432671
3.218407	3.821208
42.02506	13.66499	27.45549	4.414774	37.86658	3.424333	21.95494	28.12408
0.6746874	15.08184	43.64386
33.64536
44.81883	16.98594
4.981862	20.34614
50.81586
12.83877	1.822758	0.02199215
8.708712
18.19626
10.6383	11.5475
52.70748
52.41232	47.40316
52.41174
3.892699	15.60435	42.08188
31.63061	38.43034

15.51761	9.024234	27.10209	42.30055


55.18701
47.57321	39.32498
27.22896	50.36074	41.82999
5.260013	24.05766	41.47735	51.97163	21.67637	41.31526	18.75791	20.89305
51.91069	8.077921	29.16869	19.9073	1.893462	18.10567
46.26245	4.690098
49.20686	5.112861
1.528927	12.32746

45.92037
38.81973
46.46309	31.89859	30.11248
49.73819	11.40443	49.35771
32.31033
12.7146
37.13217	50.63352
22.24515	51.65214	14.05979
43.98038	29.65468
25.85252

7.922406	22.04673	6.514933	29.48313	27.94671
40.99422	48.25639	32.5661
23.2146	20.41211	53.27231
51.99912
42.68371	39.17003

19.61229
23.54764	2.714298
21.34034
29.53383	17.21978	27.08648	40.67626

25.05017	26.49254	14.96832

25.47426	36.5589	30.86675

36.63872	3.833525
31.44992

11.86188	32.4145	49.56823	49.81102
43.15923
5.081515	39.56576	49.1422	1.539017
15.64466	52.46222	34.74468
33.56058	45.81555
45.38956	49.56206

51.91401	43.7197	4.128651
16.93055	2.623512	25.23849
43.22409	20.41435	21.32707	31.23828	9.479657
24.61814	11.57517	51.30823	32.74621	26.33084
55.02795	7.373423
31.45583
41.87877

52.42851	49.70782
52.76865	45.66478	9.774489
6.638916
45.34155
47.99081	21.57583
44.78883
34.53059
8.572923	53.98866
7.993477	27.02737	48.23656
14.02179	23.77687

53.18339
54.91777	13.60187
50.00515	2.976508	28.78223	50.11913	27.11466
37.61437
19.44885
50.98335	42.54671	11.47542
46.04419	46.12807
11.69782	31.41943	23.07457	52.89849	52.15641
31.73145	37.23998	46.39692
11.59931
37.57239	54.55836	3.441895
6.616097	15.03326	14.36676
27.40312


49.62175	40.62706	9.204846	9.617842
27.02385	29.9671
34.0451	53.16362	22.11069
49.88658
26.33238
0.6918829	0.4842594

36.68755	17.44222
24.96	18.93673
0.3842409	32.85803	34.56302
27.55296	9.239636	5.22136
1.104616

45.22472	9.211494	29.58736	12.62052
43.24778

10.51877	35.71131
29.04157	12.24192


47.70979
39.06225	21.08359	45.31572

16.03994	18.7171	1.146286
38.07944	4.418048	14.86923	20.44235
50.75132	38.38202
37.89262	45.08917	51.16509	27.87885
8.68688	7.30988
31.40962
25.83956	7.974237
14.50832

12.59549	3.747445
2.556421
1.646319	43.7777
26.56388	35.9244



38.61756	52.82799	25.15361
48.10217
48.91873	25.29949

42.07041

17.28105
18.89814	2.723529
54.42105	41.94414	18.17379
38.14548	44.77457	16.60251	29.49954
11.9598	29.52446	19.7904
27.40894	51.27605

51.75165	10.20797
2.264641	51.37211
41.60257	9.211755
11.96683	12.93579

19.26361
11.31983	53.95151	52.17228
28.17865	10.16295	2.867255	30.47996
20.44185	7.644421
28.50553

6.405541
19.52582
41.92154
17.79215
52.86386	12.61945	22.85529	48.74868
35.01239	12.32308	25.10815
9.939975	30.68313	3.101074	10.6985

25.88448	19.11373	49.50572	52.81549	0.9992849	15.82895
48.3479	45.11863
46.863

33.08698	47.72107
0.01728742
5.77555	30.53496	46.4338	24.38506
43.11984	14.63599
26.19382
39.47777	52.90008	40.00979
45.10817
31.82614	33.51833	23.48126	15.8045	14.42155
21.66167	28.45211	10.75662	41.67742
12.52177
20.76655
13.55708	14.64665	51.41908
44.80891	13.82668	46.33284	27.6882	1.813367	51.79361
27.90744	42.8674	13.96077
18.95827
39.21584	5.404706
21.17913	32.20915	21.59958	53.01345


52.661	32.47662	32.75165
51.58568	34.24459	27.38706

29.96702	0.4332974

53.87669	30.93917	6.62258
18.97424
44.66151	17.99307	36.25525
24.20301	39.60939
30.92142
17.90897	47.22817
55.16598	9.191245	10.66505	53.58956	54.75937	45.00823
50.95412	23.43183	43.53616	41.08408
34.95661	28.12607
0.6844171	10.05885	41.74525	10.35505
52.63488
20.92595	37.50095
1.055654	27.27747	44.06507
38.45927	18.46831
26.1602	46.88296
42.22583
6.277527
21.1923	5.245811	39.21223	40.80777
36.68273	55.28861	44.73161
53.86485
35.83574	19.56687	40.51632	21.53875	34.07407
51.75095	22.1361
2.300155
24.10864	1.67427
29.40296
47.05018
9.851526	32.27046	25.66
26.84328	30.47751
27.12832	28.17013	35.01813	12.56416
30.40978	7.266551

45.70304	53.72651
49.23162	1.95892	52.24693
39.92604	23.67133
53.46319	27.18361	7.645758
44.01904

4.805893
39.98726	43.84544
53.75496	16.79736	36.35847
27.7144	23.0555
16.79717	2.39541
24.72607	43.15542	21.88179	38.53508	49.22993
48.00508	53.10423	8.359449
41.16497

31.52117	34.81472	48.91464	12.56023

50.84507	25.62216
31.89876

26.46389	22.33014	27.42377	30.73763	15.6933	17.05515
44.66565	15.06565
13.24825	2.284216	53.62639	24.39611
52.12324	43.77198
18.22716	40.70301


30.60247	48.35518	18.4978
16.70696
38.94047	15.95533	27.70479	41.94392
10.12469
47.63136	31.09714	24.76133
55.26163

27.92978
51.88814	46.04016	9.282372
30.53344	46.62409	47.76973
23.22924	6.903665	38.70082
54.2981

26.69706
2.31848	4.439199	49.12165

0.4231651

35.93858	41.22165
51.6528
51.82907	19.55044	14.08865
14.31627
34.31807	7.460343
43.66851	48.75886	39.84245	51.36459
10.38721
3.846249	53.543
0.6702798	15.92371
9.933668	50.18533
22.13501	22.13445
45.51624	46.75987
15.83398
27.3718
6.000379	14.66128
43.90518	15.7972
10.1675
24.48924
0.2892648	27.67492
3.584356

34.18365
35.87535	4.154976	11.28351	52.92455
13.54192	0.2052027	3.898159	54.01782

12.49179	52.2977	32.58538
2.89789
45.34258	24.85367
25.25714
41.05447	25.13113	13.04264
46.0368	19.51009	22.20717	40.3825	24.33903
20.22097

24.76389	42.86468
10.48934	25.039	3.761136
21.08989	14.37938	39.72772	11.37175	6.211162	3.962443
43.40569	4.184125	17.48661	4.484258
31.33391	24.07186
10.20522
7.393294
6.061969

25.99782	23.45257	53.94754
47.25768

50.93464
38.38505
48.55936	37.04511	49.82101	28.28611

26.71934	35.24115
24.02708
21.31404	13.51867
30.76237	14.77134
26.33613	31.71129	1.788202	18.33798	39.19857
38.02482	10.47788	21.3566	23.27264
27.67978	43.46351	32.09803
4.851316	8.827569	21.2083
39.80943	14.07236	46.13755
13.56457	0.1701942	53.06751
1.613308
31.50819
15.05093	51.47373	33.4058

39.20843	40.04879	46.14772
55.25884	14.86052

49.74399
34.77235	50.66087	11.2041	34.3561
49.78873
32.64371	31.82801
51.65186	26.9636
8.798904	14.77393
23.78495
31.38348


48.71936
43.12662
50.7165	37.19696	36.80621	22.72445
27.62886	42.61176
46.92664	11.71993	36.62035	7.545776
53.2164
27.48688	17.64245	38.87839	53.77068	19.5261
35.99333


10.97045	21.45995	32.78365	31.90876	5.880716
20.67959	7.860663
50.40559	37.28838

6.892385	48.80634	1.862399
1.016759	18.95421	16.99827	43.53004

48.11046	35.1652

5.531227	24.65158
45.44964
28.37811	5.705962	15.12632
47.01923	7.542305
54.14243
34.49401	34.25517

41.31382	37.58177	37.17083

41.44192	42.43784	39.00176	21.03678
32.87111	35.36923
8.978488
41.96495	25.85182	12.89989	48.31908
23.77922
14.30662
6.304431	12.67348
48.89507	14.66685	10.79139
44.25867	41.8534
55.20956	10.90219
51.81969
18.54475
6.452655	22.18219	1.64151	35.29488	40.78538	17.13017
16.58087	18.90209	37.90106

36.7239	21.09208

10.55911	19.65409
22.78163	26.10068
50.31099	26.39164	51.96621
10.03425	45.44944	3.105291	25.18353
13.10917
21.85375
20.10663	5.678313
4.822534	55.22201



24.34556	45.90304	43.28006
45.18249	32.64606	43.58018
55.26177

1.104215	34.34104	42.67678
34.11711
51.18452	50.13252	29.99448	39.32961
13.31574
54.97017
48.92573	28.62043
52.5454	19.18884	26.15498	47.98779

2.740151	16.36266
8.073316
20.8907	14.42474
36.2447	51.11453
22.00419	42.09707	25.90828	9.777162
20.08575
6.646666	40.64484
28.77805
40.83879	49.78635
24.37079	31.13935

7.949164	49.72878	2.038101	7.53495
39.39408	9.204946	29.12126	42.96872	19.80262	22.42665	50.84674
53.26935
0.8581721

52.25334	39.58378	51.22989	17.45651

3.995894	9.190265	7.468353

19.34855	13.45666
47.42642
11.32978	5.86639
37.04193
6.699702	24.84843	36.3779	5.714196
24.16542	19.52778	2.900278
37.07017
21.69658	54.24338
6.18517
8.855697	32.18191	16.96371	18.09235
49.44595	33.5926
31.0239	5.796467
25.84435
38.11133	1.991557	29.98735
6.037154	17.86901	48.63986	25.12563	36.25783	37.17728
22.19035	24.16076
12.11054	17.4242	6.624344	22.74757
43.89684	34.05411	20.59677
21.1804
44.69188	52.06141
45.20387	17.27266
54.74716	32.29526	34.52811

31.66179	26.79012	13.42351
20.88034	38.91607	15.5633	48.52702
54.47243	25.68467
29.56755	19.83015	15.66704	21.86057
17.14192	32.4304
39.85166	43.86312
13.39836	51.74604	24.88141	32.70077

29.18761

15.93284
44.46159	16.14942
53.7007	22.38133	30.74903	3.743646
39.68889
41.59906
37.56637	17.70301	18.61057
10.4706
5.066287
7.484625
6.404547	17.7111	52.6225	15.59123
52.71767	32.47792
45.4777	0.8309654	42.32626	6.442422	48.07571	19.95077
27.27738	35.05814	54.9636

6.031405	12.39907	51.68257	18.96344
34.57186
15.20949	30.18947
9.360886
32.40777	32.87632
12.40838	51.45241
47.45144	14.6535	25.62789
22.63187
48.34941	54.23523	18.45222	14.00737	22.81806
21.37889
13.91465	20.01236	35.87599
43.13221	36.61443	51.81749
3.006212	26.15717	0.5377052	3.123298
16.06411	25.1507	25.96701	41.95648
19.34022
24.51744	52.19409
42.3967
20.4034	14.09151	0.9931095	43.49102	21.78728
44.66496
23.14396	5.634145	53.27996	53.90512	47.64807
5.161832
10.77157	30.63993	16.10731	44.33211	16.52366
31.81099
48.76437
20.76119	11.31581
54.53479	47.81392	34.35303	0.3145776	14.55691	10.9207
13.2518	55.19063
23.22552	29.65312	50.0629	25.43275	48.64164
20.78721
52.78976	40.59961	27.50467	0.2886133
43.15361	44.43776	24.24925
32.49559	43.80544	13.78163	42.48027
15.23152	38.06201
30.75248	7.748102	26.43685
20.1539	47.27217	32.87014	29.92934
48.94925	34.47792
36.98899	10.76395

27.22101
21.06266	12.99273	7.786148	7.476935	7.12373	50.21001
47.13767
3.656279
2.185766	24.61942	52.51446
29.24407	38.73464
44.8167	47.48108
25.90725	37.9137	47.09248	40.06013

39.44318	31.15638
18.90715

23.43305	47.78535	19.27772
39.16495
24.47301	19.44096
41.17969	53.17986	43.92473
32.55732	23.63516	45.47334
2.094488	11.61625	20.61374

41.03864	41.437	44.63955
21.37223	15.86741	13.47398	35.44041
46.84706
5.260798
43.80186	53.62065	50.06314	48.05346
19.23463	18.15374
11.10926	36.19325
47.09566
13.96448	13.58298	18.90096
54.30467	39.50307
24.08065
44.59563	22.8531
30.84621	55.17327
44.56721	44.19762
16.13631	8.582755	8.63649
19.35686	29.02009	8.231462	22.81437
10.90394

12.94421
46.45046
47.59956
42.47416	7.30655	21.13364	13.02691	44.26404	36.31902
26.72742	11.1763


22.22777
52.90262	51.73195

17.26792
46.22471	12.23482	0.2929401
1.550312	36.2759
42.64688	9.348641	25.08135	0.4497522	38.36476
24.37371	31.26699
37.02891	33.82934
13.81079	52.41938
52.97242
24.26512	3.838817	36.85025	34.82137	40.08723	11.84608
39.4098	0.1345246	21.30079


53.87635
28.12261	3.844749	12.6846	25.04995	51.1701	48.33253	33.32525

22.00704
41.41498	9.894829	38.74489	37.97463

32.40094	54.39148	9.191049
27.00506	5.396305	39.0858	34.79586	47.87733	12.03248
36.01717	28.13767
50.26072	27.84477	19.90368
53.21484	48.27964
43.58567	46.3924	29.37258	53.54984
22.22674	52.50413
23.05193	8.620287
51.30699
28.69301	32.954	35.01255

42.30729
50.35874
49.89275
16.83149
11.81934
