MassExtinctionTimes
11.64084	51.70538
52.38683
3.500466

25.96993
12.98982
17.29021	55.32481

0.7597662
50.71721
17.45977	26.10803	40.6732
16.49843

6.203058	15.77829


19.01694
0.6241256	6.000754
16.1476
17.97754

15.09788
16.22407
12.23173
35.29726


51.81307	14.31197	5.23085	41.13177	52.68989	18.63747
5.134479
52.28552	16.8882	10.34804	35.3818	50.24244
26.20338	50.60507
11.47601

52.63551
4.206685	23.27011
32.23807	22.34076
4.484447	5.290634
15.48421
31.20756

0.8894569	35.78386
39.19224
7.448259
54.28791



45.82972

54.72135
51.48038	1.038184	35.68326	4.217766	53.59451	7.535169	0.2095661
49.55284	6.326862	31.51093
16.62909
18.02178


53.42124	24.16691
32.84003
12.17674
38.92671	12.21923	13.59298


12.53824	41.27733
18.26873
54.23141	4.730174
39.20872	36.16905	12.09033
0.9989812	22.8036
36.58249



23.40394	17.38251	5.016441
50.78639	49.37498	14.74365	29.98791	3.562843


14.16985	24.77154	50.80224	2.436584
9.714477

20.25347	8.309864


14.25667

44.76681	17.57653
34.05272	20.76809
19.9296	3.038245
44.17584	52.05478

19.56275	12.76745
15.27617

2.920069
0.4582579


17.44775
33.78267

17.5156	6.052228
28.98073


13.82747

7.580075

29.92211
24.85532

50.87125
0.4298288
11.82175
21.93316

16.24565
19.17622

48.82478	20.33065
51.47602

32.93449
25.52351

1.333912
6.596046
47.66164	19.39479


15.38855	39.3319
11.24693
38.49766	1.946511

18.21454
31.00678

8.768835	14.5244
40.54756	1.330872
2.096813
13.84101	23.83612



21.12797
9.942287	2.899675	20.00696
14.55558
14.00805	4.525549
2.425798

12.50608
14.62992	40.66873

4.623047

21.91365	49.36774
5.956295	24.52465

28.53826
9.027766
1.702902

55.17212

27.96954

29.63143	23.3028

3.551969

54.75036
5.05811
23.18069

9.015538

54.35534


27.16185



26.2552
46.38849
53.08578

6.274958
29.70073


3.321872
54.9005	4.377825	33.30013

21.90264
38.51214

1.385307	21.92139	3.518184

50.81905
15.17107	12.98255
13.87967	20.9592
24.78663


52.28737

27.0595	12.78155

16.27663




17.09219
38.22753	16.70106	18.35115
1.209045


19.5132
47.33111

0.4596325
53.70793
53.80763	49.94365
48.78193
2.154944	17.83258
53.53612	13.26419
20.21246	16.43103

1.322734	40.82165

29.86206
38.92291	19.56788
8.798201	48.16237

43.62862
6.994126	12.32608

15.88917
37.91786	9.503362


50.51884
2.887467	37.82645
19.62347
16.55508
51.38291
29.57443
38.14168	33.2074	51.99701


21.12331
0.3645161

2.030722

50.80505
26.51298
19.53724
36.93333

0.8834375




12.55755

5.186232	38.38883
54.12989


39.34039	12.786
15.35766


48.49955





14.69578	30.90501
16.8805
2.439458	52.34722
5.906653
32.74122
51.75317
20.11919
27.8362
26.15592
10.97138	2.819156


28.74202

22.73959
49.24705	47.24989
1.051151	10.43255	55.08411

15.69286
1.636038

3.189484	34.14954	54.79398

50.53176

48.75793
32.34217	12.96721


15.68936	30.50345	6.870948	9.485443


0.9883106	40.2958
11.33095


38.99438	21.13497	16.84114
34.50958
1.35534
16.14644	31.51503

45.04746

27.52735
16.93462

39.04237	4.068995	15.49552	54.21343
6.232413
0.8567377
14.15787

49.39554
16.12811
49.01816
25.61516	8.709345

7.817872


54.82651	1.025551

17.60231



23.71174	49.47285

32.45923
23.86548	53.45329
22.45343	4.267833	3.403892	6.463461
26.18556	53.74209






39.0575

11.15208	1.824261

21.19686	15.60235
10.66923
18.97998	14.85404	44.74846


26.97903	18.25749	7.341683


15.6784

51.45703	17.24371

18.03681
44.16243	51.30203
25.03328	27.71233



0.6674952

31.55267

27.84992
55.16491
12.31323
11.3035

39.28133

25.91009	13.56665

24.34666	47.13398

7.647564

4.514985



21.46106	18.71479

8.851839
3.627086
25.92577
24.2681
24.14097
33.18793

48.44652
11.5758

28.84855	22.70582
38.69338



14.49627
15.59291	6.181261	26.77179	2.843844


55.3225	24.81076	10.48667
53.96015
45.68853	3.950195
32.74567
9.357913	0.2627198



1.295739
24.81646
50.65871	4.955206	9.17018
19.60238	0.8371038
51.78887
1.586154

45.97312	1.097163	35.71549

14.69193	49.8235
26.13985
9.575149
30.23234
13.36688	28.14301
31.58418	19.82576

16.10327
8.407609	12.22069	6.107939
0.5275114	10.97591






4.487975	48.07808	15.2343
36.49079	26.22886

24.75411
18.84707	22.71321	31.62345



16.68067
18.28195
19.43767	38.03195
49.01637	24.54175




16.01836

12.77892
14.56297	0.1623285
24.66765	23.30122


15.91985
1.364615	6.38708


20.47923	12.19709
54.7832
21.06575
39.42511

26.92666	2.472699	1.660585
55.17698

48.95963	38.78061

24.78928
15.13754
51.42756
44.73359

0.01854047
13.0419

20.49708

23.46049
11.95738
12.29028	32.19109


12.9048

39.54927	52.05047	1.900585


17.05869
37.4691

47.5607
33.32725
40.55009	24.3551
21.30645
2.439907	8.400327

33.99081
26.81098
49.49641	39.24084
54.97819	49.50869	12.53044	13.57776	17.66314



7.927651	34.76667
9.603626
39.21703
34.39416	40.32148


12.2647	3.697762

14.4876	35.24333
17.63542
3.487715
51.85247	16.6413	12.18216



0.3006493
11.05816


54.96454	18.92705	13.97481
4.628299

51.60043
14.0799
38.0192
51.93974

16.94832	20.64845

23.14421	4.122104

1.460137	33.46524
12.47031

13.87232	13.43291
7.624469	12.7
44.81473
5.043495	1.505931
29.68049
51.6954	15.23724
0.2693671
38.56368
53.45591	33.65821
29.61702
38.00046	41.78554
51.37115
55.20296




22.81233	34.20978
4.274616	22.51692

18.48739
40.82587
48.36105
4.559898
10.72509

22.4558

17.50311

24.10014
22.73981	52.12991
0.3718942




19.80651
55.10896	15.10024
29.52998

14.73838
6.781394



3.187583
0.8999458	50.1704

49.7019	27.74404	37.34754	55.17591	17.482
52.15822
30.30099
7.638462	2.630435

13.84446
51.17184	24.40139	3.101866
51.87194	15.23807

