ExtinctionRateChangeTimes

42.5173
2.60669
116.6203	50.01069	24.31712

81.96688	19.89003	57.26819	84.62211
41.83832


96.91759	30.52044	75.07485	121.8001
114.6281
92.13792	16.1937


114.6632	80.39154
88.6367

24.58276	120.1019
27.94696

8.37965

58.03587	99.83553	2.080737
114.4626
11.46608
98.91313	118.9558
119.3399
36.15916
125.9165	32.9799	8.127278

12.21615

56.83829	41.09764	33.10971
52.99923
121.5171
9.607715
20.5147
69.19644	126.8069
8.723706
7.982159
91.01726

39.91593	32.29021	24.94257	14.13604
85.52768	33.31764

32.6231	116.9799
84.17952	124.579	67.64605	65.90814	53.17262
81.50573	46.37104

2.683837
63.7373
121.2533	60.60996	11.56924
13.24256
115.8146	112.4517
7.694279

12.27932	39.05937
48.11007	22.66986

85.51432
56.71677	53.86229
83.56373

118.5258	69.15124	114.842

41.8138	62.1321	18.34443
114.6172
118.0617
114.9672
101.207	111.3906	108.6041	123.3022

70.64948	55.32639
113.6935	93.90306	21.06157	21.27736
114.2636	37.35734
120.2349
61.557

71.1862	31.2826	30.44623
54.80508
85.89843


70.38613	93.4973	98.14265
111.6028

6.960915
96.15835	41.03234

79.62737	119.9121
76.42363
105.4582	38.07073	30.50177	23.00475	46.04887
35.39465	83.42737
95.04036	74.83541
112.3817

21.8058
72.44038	60.98564

123.2585
106.1277
121.3858

49.30622	90.80583

26.88245
62.15726	96.27485
122.7284
98.15021	87.07989
29.33667	21.3899	22.99277	54.02604
124.5968
126.9228	55.11617	98.35708	44.05003



51.70111



13.51043	73.78541
0.0745978	112.7444	83.17291	27.67233	109.5657
94.00212	117.1219	53.32129
79.64246	121.6301	63.79526
50.85591
13.35719

63.70195	83.77409	123.7017
35.9192	91.19704	45.28661
129.9354
11.65342
20.03107	98.5048
70.92677	93.30861

120.2775	130.6256
90.95332	112.4365	73.8164	22.67688
72.55356	57.8595

127.3403

104.6181

120.2687	114.1686
116.462
95.52079
19.30629

121.8298
22.70686
96.37999	122.2259

20.16046	104.2874
42.44351
60.16131	1.484108
92.09525	33.55316	57.90735
69.36296	101.0188
1.976497
7.915814

93.48127	100.7755	74.00053
94.70241
80.58258	12.08177	79.25931
28.11203	91.22567

62.38371
36.21801

38.96063	90.08751
99.98272
97.52368


123.798	116.3616	22.88158
57.39843	32.0105
90.97001	104.8452
27.5692	15.91362
89.71155	4.252557
72.52432

5.10506
27.9297
123.116	14.91584


109.0236	98.54367
87.8935	126.5894	129.7333	116.4417
62.94719
54.84208


104.3594

30.7066

91.29081	35.96439
32.49356	16.84748
102.9703	50.69824	112.0125
33.10747	5.54963	56.36886	43.47479	42.52456
118.2312	59.30461
117.1462
13.83115
117.3348
42.16817	20.29913

126.7772	103.4025	125.0579
54.42819	125.6458
75.8754


88.10266
58.98522	35.95743	5.414196

123.0468
56.26407	53.94254
78.42759
70.95214
62.26357	21.9072

3.368914	7.226756	110.0594

70.63367	3.091597
122.2044

45.62288
115.2341
120.662
5.05665
6.571443	59.21153
7.61664	118.0969


77.02486	63.53244
56.29496
80.01322	66.04604
86.00829	28.28914

36.01083

78.41383	1.304198
61.54139
76.61391	69.11946
124.3217	52.93825	63.62258

38.0111	85.06012	9.550346
79.30076	2.590669	125.8284
86.75982	51.29973




91.16549	75.07633

74.1854	21.22423
95.85156
102.5131
120.5605

31.5043	55.61032	71.39389

119.5298

25.39281

41.0809	71.13461
84.4256	19.34512	83.20836
10.37854	73.08131
122.1761
110.6055	83.12551
119.9469	94.32373	16.71159
16.98686	92.81712
41.09257
11.82021	42.14843
113.6638
129.6733	59.93861	68.18513
91.125	22.46866	110.3128	57.97973	76.63322
31.99388
31.185
26.16448
110.1548
5.171357
79.61714

102.2075
41.59136
97.49044	0.3675216	54.8579
69.50586	32.28157
71.02602
48.22892	90.85445
74.52195	49.50793	37.6662


129.6005

89.83645
40.39759	16.87905

71.65613	43.63583
44.72447
78.15352
24.57754	113.677	82.92923	99.98793
76.69663	42.45039	64.51228
120.8559
72.62732
115.1089	68.30731	68.16697
128.7079	12.49302

29.65886	13.0357

5.463375	39.69114
68.50267	99.21907

68.73125
88.82687	36.31647
25.33097
91.18192
47.67789	73.66112	102.0866

111.0771	49.42879
111.6883	110.7696	71.56523	53.7186


46.57032

27.9765
105.5316	101.0668	122.7537
73.80057
10.63977	40.15572

21.78694
27.93214
74.67843	110.0185	40.94562	39.55913
27.81387	23.8988	130.7946
73.89022
121.3681
89.53556	70.06067	21.37255	77.01145
88.28507
80.1774	35.75237


37.05954

25.23375


25.17517
118.6918	95.39321	128.8026
75.0961	11.93111
45.44536
19.34117
88.13518	117.7662	91.5367



5.762505	92.77645	127.5371
124.5636
52.21877	10.86262
91.44009	122.836	101.3254

1.573396
43.25405
59.7444	7.648969
98.35508	23.05655	35.41938
81.88105
44.1211	100.0149

39.77769	12.6814
40.04337	22.48235
2.645638	52.28727
18.40435	129.3678
24.07828	9.711267	119.6286

34.67519	25.7008	49.09821
31.50713


67.54586	15.8025	65.95115	34.92817

125.4166	91.06855	5.889269	122.8027
117.5797	77.79435
107.8899	122.037
69.69073	21.27231	43.04022
4.970535	84.17155	123.5627
124.018
59.9428
106.8046	50.32297
24.76178	19.33283	8.549922



111.9384
9.089072
67.0953	127.8215	126.4071
98.88768	84.77128
49.46613	91.80546	49.38686
65.08939
29.49961
82.61896	39.4549	95.28441	15.2129	26.48657

90.81554

97.89302	127.9389
100.0829	67.37353	79.43577
10.75641	89.24434	31.23894


16.76037

69.05616	16.67882
44.63435	100.5139	96.05525

123.9312	25.3293	111.7904	73.4864	81.98167
66.86823	90.69033	69.92826
52.47581

33.21429	101.9409
28.13727


38.42222
41.42319	11.91422
124.9553	26.29886	124.4061
101.3243	120.2673
47.93104
37.4187


110.8559	45.10988


127.0003
33.68842	76.61589
127.1773

114.0947

87.15043	6.447041
129.4006
1.027655	13.02691	8.263753

53.35648
131.0325	92.65656	4.459132	99.47902
126.7606
121.9897	5.798804
10.02034	40.2901


1.935801	129.6001
81.49975	8.3025
122.7879
119.2495
13.42571
17.27435
116.0413
71.01585	79.79229	0.2486679
121.343
13.71796
109.2394	87.36691	112.9106	107.8815
127.6097	115.4395


56.80725	122.7675
118.9626
115.2692	57.67684	15.16464
69.68877	60.88502
53.78472	120.9516
79.55921	112.7794	74.57782
118.8669	54.62204	14.25116
47.32246	128.5354	40.46603
30.24162	11.46363	81.36089
43.1159	86.44957	10.03526

130.1928

119.326
63.3756	7.460605

71.39587	85.65392	56.47985
130.5274	20.66858

54.93476


124.7334	47.31392	17.571	3.651036

58.89718	54.78101	56.10616
2.7072	108.6154

129.756
115.8152	120.7578

72.12293	126.3428
54.20686
7.628838
74.0598

5.531816
19.92579

52.51305

14.86668
37.22633	108.4847
110.192	123.332
61.00632	74.49481

43.38354	37.00524
124.2737
64.47926	24.5821
88.52773	67.63508
63.07289
123.7219	82.92511	74.20068	43.60066	125.4847	23.35405
21.92162	108.1856

90.88787	10.49748

17.72709	82.58426

46.20658	35.16527
54.75441	124.3722
57.40516
7.65792	78.6314


79.77705	28.91868	7.95261	106.996	130.0178


120.5257	98.11072
22.89256
62.94656	33.73077
89.74498	123.3152
114.9171	5.493814

91.73594
105.6437	93.89286
106.2691	46.47481
53.12685	12.48042	8.33158

60.92559	16.94763
39.99154
11.61129	2.183765
34.14395
20.16915	90.82895
123.4807	5.758035
39.08793	25.29221

12.17074	99.82135	96.83865

28.5156	89.10227

27.3169	114.3904
114.1129	94.34098	61.46286

20.85742
117.9874	69.42968
96.72327
44.32484	109.9978

29.05679
40.97435	45.48349
33.75013	4.348331
25.77636	32.87313	15.5759
83.33786	103.6198	94.50355
57.26042	42.53528
124.9896

36.07513

122.1857	118.2168
122.6929
112.0727	1.415524
89.59036	130.2166
109.5141	23.49558
10.13918	21.08336
111.0194	110.7094

37.92516	13.72726	50.39524
81.90018	0.2935897	98.46801

78.17831	128.4382	63.47262	50.59072	28.05361
62.95228	0.6753288	81.75401
35.24756
3.324692	118.2335	117.6697

129.7053	8.835311
57.68441
15.63963	49.32622	5.041692	66.31247
25.0085
123.808	18.89491

34.1173
38.25272	54.59699	8.493362
17.78926
9.624882	97.8381	3.787715
42.78779	8.581957	14.83016	109.6996


8.592912
125.1891	17.8816	86.81872	92.68796

65.08211	35.11797
108.3812	95.93427
113.7978	18.77678	24.17604
37.4939	127.9508
19.0057
121.513	116.1695
106.3684	90.81303

8.975681
117.8334
30.38849
50.6737	2.269738
99.78314	96.13254

29.83531	108.7352
99.22939	102.6202	16.41693	76.34905
120.7535
66.34408
113.5244
13.55408


123.8638	26.64218	126.4664	87.97594
106.062


24.22592	118.1606	6.54731
114.6997
74.96054
78.89718
72.28747	7.39885	22.79344

129.9804
42.63233
104.3958
70.69674	81.92293	115.1806	127.5125
19.00998	2.89269
86.19681	49.391
77.27466	128.0688
100.046	105.2086	52.26968
86.45915	49.64621	53.66759	117.8043
56.73347	1.632322
34.09806
51.14828

46.2236
49.52506
1.130947
50.65157	65.31793

95.23643	87.42912
20.14435	67.06617
24.78125	122.3917
2.750387
125.7978	69.08291	123.961	41.05265
110.0011	86.47337	53.95784
108.0019
60.8477	121.3645

71.97507	70.60605	23.39744
29.27323

72.36539	13.01496	37.08045
26.70863
35.82875	68.58155	24.84359
40.37088	42.26628	39.32355

119.9168
129.22	120.206
47.13135
122.0825	30.45
33.32131



104.5051	41.94226	108.0376

53.05358	27.23426	14.05712
6.899858	60.55157	50.44326
36.97593	120.2338
70.10505	62.32983	59.08792

39.93565	53.43305
129.1239
97.10387	119.8172	117.0459
77.80396





3.477444
22.87051
48.92006
112.3498	102.378	88.11627
106.7157	13.62444	129.4254

126.939
122.4025	52.09444
78.63511	55.40965	97.79332	65.09894	106.3254	3.192998

93.0552	104.5397	123.9939
91.25886	75.30216	45.13343
76.06435
14.00033
5.792026	57.85023
60.70317
108.871
44.99886
11.72237


109.1785	85.95999



38.71893

59.47698	29.43595	44.08106	24.47297
3.916929
119.8229	73.15485
116.5157
115.031	4.249496
6.995432

113.605





41.90223	5.247871	5.528817
120.0618
56.29457
22.50927
119.9336
83.62704	17.94396	88.33941
9.839052
9.444682

124.898	104.0171

47.80747
77.38375

124.2922	118.0029	66.72949
54.09686	38.88094	112.8844	96.88936
74.94617


125.1441

76.08476
72.38609
77.39554	15.01371	63.14324	68.73961	63.75035


108.7631
90.8047	55.23129	90.23285
56.67604
62.46613
115.4667	43.94411

27.25733
69.71207	24.43564
85.23853
110.1711	67.39956	15.85713
91.9228	48.04619	43.71003
127.6929
55.67179	3.150696	118.1707



120.4051	30.57493	86.62168
86.5371
43.62983	59.54061
28.59829

39.79302
102.0276
57.75684	41.5926
112.5996	46.80774	22.96541
34.69216
34.03454
24.57728
108.4826	49.34168	49.87634	98.7412	36.38451	97.57535



80.62242	70.95269
87.25921	28.06237	69.81316
125.5595

105.4159	9.531014	54.75115	55.68625	28.95381
18.94732	17.5805

41.68023	44.92132	37.37618	130.9028
58.79544	128.896
48.17258	74.80329	111.7085
0.4669823
7.973022

58.38855

55.87067	7.786761
29.20125
46.5531

123.0006	88.05558
29.112
14.64373	78.14159
114.6589
103.3657	121.5951
84.26038

12.69159	2.427704	28.6503
56.92853	29.89869
20.31479
47.05429	128.1347
112.9917	27.93698	73.73562
64.2075

13.43097	21.40569	46.66058
120.1803
107.733	1.196758
65.47158
94.8024	32.72606	63.02423	4.919616
101.2504	75.10307	125.1567
115.7597
56.11724


86.7809	1.723933	78.88821

124.1176	64.95421
52.60582	49.89096
28.2295
122.0278
83.30332
6.984454
83.14444
123.8069	66.61636	86.21732	2.029419
7.414367	121.3406	4.854158	40.37077
124.554
32.41526	46.74679
111.0848	76.18019	75.70259
104.6187	37.82006	86.06595	29.40592
53.64756	31.99573


13.28899
14.5339	2.732093
102.6207	99.13394

29.31647	100.9347	23.98231
119.2752	115.731
122.6073

112.0163
78.30608	65.12768
30.90899	125.0886	5.319113

65.27513

45.53165	4.602941	7.039729

91.55147
101.3591	105.1209	16.48564
117.8619
82.62973	8.734555	33.39134	45.18016	21.61016

37.00814	61.12644
74.98184	15.23986	129.1704
31.05966	89.0282	125.9692
109.3794


120.2541
36.15151
19.62289	96.67938
130.9503
119.7462
4.081441
5.204288	2.067923	77.49792
1.683819
17.24701	121.4288	66.32331
121.7486	67.50863
115.1326
16.85102

7.782607	68.25269	126.99	119.3954

47.25106


122.3614

29.66849
40.95098
75.99426	27.80523
126.2893





107.1285	123.7395
15.5107	109.8764	50.35821	54.45166
118.651	69.00303	57.69563
112.7662	125.2676
85.46914

126.6844

79.5848	110.7948	65.30286

85.68555	59.16297
15.63835
10.12769	89.81684
18.43929
130.8011


21.7117
93.73626	108.3809


46.07867

100.1285

64.22845
126.8589

89.01401	27.02355
60.14001	125.381
107.6066
103.3364	90.05509
12.98933
29.52977	0.1828096
83.06566	80.08591

75.24125	128.5882	45.64752
67.15926	129.6765	2.612512

85.04499	55.59785
98.96237	27.26734	57.78481	69.80604
129.693
86.45086	117.1665
113.5967	95.031	75.84161	51.16071
112.5237

22.0653	5.498467


33.441	4.496438
83.68329



88.56998
26.96577	68.49638
32.2385
70.15941
13.9304	35.41029	129.5692
114.5214
83.85061	83.05124	14.40057	126.3332
8.123383	131.1805	76.83443

96.36722
66.94757	76.55711
5.564547
38.37764
46.36295


129.911	10.06312
70.69118
38.80116	25.25239
89.54333	22.08116	71.51643	124.1687

113.8028	125.0093
36.71457	117.6363	21.70438
25.72156
10.89705	127.3344
32.60334	16.00815
60.36029
92.60078	37.42982
80.10844	67.10022

59.78948	47.9114
49.7368	36.94109
75.89981	73.18276	129.5967

60.06745	4.459715
63.39489	60.97815	127.2169
49.98132	26.6127
27.53143

111.4637	118.2287

107.3668
3.988969

57.20268	67.82956	96.67521
44.18671
102.4643
11.70881
49.10798	6.915522	36.89815

14.45268
114.3559	39.60955
78.77126	57.40401

98.30835	120.6783	130.5127	33.39177
56.39061
95.03533	23.77196	32.88692	76.76912
19.42187
114.353	0.2888841	67.14098
118.4452

54.87051	121.8253
83.64875	41.26084	57.56884	31.39547	2.59975	104.9177
99.39484

81.68442	40.86699
121.8177
14.9729	107.8697	93.932
47.13933	18.15684	1.847353	9.789762

39.04348	83.13948	1.467314
119.6653	28.75547
79.99181	121.9567	106.602
102.6064	63.60053	84.98406

104.378
121.6675	113.2399

71.5166	56.38837
76.83876
97.88592
81.5096

113.2718	50.46177


119.7207	112.6982	48.88257
28.54997
26.42173	32.86798
12.57783
83.86918
3.941273
3.015477
111.7743	105.7238	81.68462	112.0821
13.25105
75.78445	75.13025

104.6239	43.38553	24.90188	124.7154	7.305779	100.3938	50.29847
12.16146	62.21423
69.78591	48.43492	5.218441

26.02886
115.0789	21.55346


9.484404
114.1667	4.963325

55.97354
60.97735	126.8565	19.36708
100.3024	61.04885	78.12328
128.9213

108.5705
118.1943	53.05344	42.0499	1.835568	106.4456
6.360858	7.79167

81.75219	60.41994	30.19378	120.1867



18.95062	129.8994
13.67385
66.91876
120.3569	127.5601
11.93091
76.17455	67.8297
60.35067	91.29745
101.4515

62.61788	0.8932434


16.40075
32.72476
9.631709	123.2551
48.18688	97.02774
24.70501
129.0974	119.4601
4.281057

12.15856	47.78298
31.42973
88.71659	66.07666	21.20149	49.51752
4.666441	113.0589
6.102246	65.50203
105.4251	39.04163
11.82267
37.65752	2.434866

109.1283
84.40608	9.249044
110.7075	102.6357	106.7136

97.82699	110.5037
48.24373	79.65493
88.58655	120.5224	54.21622
91.62392	48.33842	84.54885

76.97766	13.58754
9.176005


117.0556
121.4174	11.40904
51.02328


40.9749
125.4185
30.42269
57.38863	32.76697

78.9692	77.24998
26.47048

116.5272


42.86101
84.35026	11.56432	10.83396	110.4073
23.00688
49.1773	115.9398
54.8503
119.2388	74.05018	65.12346	35.83614
18.50758	14.81557


118.834
18.58195
94.7641	14.51683	77.60864


106.2951


37.30253	21.86669
93.87194	32.78953

81.65371	51.00143	125.1787	42.74356
47.10368	61.29023


22.3964
86.33652	44.43586
35.46018	70.54249

102.074	125.8984
104.5765	52.16442

57.72219	130.1593
101.1601	126.0769
79.36914	53.1889

115.936
6.41581
86.03232
87.59994	58.66904	32.50135
84.68385	42.75883	60.78965	27.59775

117.333
73.97985	75.50107
122.5042

120.7802	80.52154	108.3267
93.89664
50.39889

41.68993

13.5812	123.2179
67.47824
20.75198	120.5516	6.020102
121.0572	68.42117	66.80788
56.42707	55.84938	26.19776

60.39334
94.39012

20.00285	94.90237
65.09014	53.75906
0.06416778	44.22728

9.228305	45.14406	39.09369	11.68974	25.15563

19.2494
95.98236	128.8974
89.30816
12.11097	33.36024	60.84021
86.83472	89.97398	23.27577



48.60245	32.69975
21.47753	97.05717
73.44667	11.46931
95.3072	88.00176

107.4797
104.3533	26.1781	116.5841
94.22797	24.17119
124.5579
78.5939
95.7567	71.06975

119.0073	111.9818	17.71458
94.79873
60.24818	3.495903
77.25891	23.31835	31.39453
48.19441	66.07266	114.7823	118.8229

92.34439	119.7556	18.31732	119.8221
94.72252	111.0052	48.1067
119.4452
14.14682

114.9253	66.62029	20.28874	62.48009
49.4259	37.96837	42.90133
54.59134
121.2248

10.42828
52.68129	24.32404	50.54351
30.4026

125.0775	4.933931	80.99722
9.721722
41.88421	23.30172	17.50615
84.83044	93.72181	94.25163
11.25893	48.97369	59.9669
44.40289	4.952441
34.84173
130.6539
5.477935
129.8662
11.17147
38.13917

19.61584

35.61929	22.36059	109.0874

120.2148	102.996	55.55679


53.02029	129.0702

64.56541



87.11911	129.6688	124.0595	65.27088
52.18986
22.20371	1.251024	118.9448
107.9053
63.35523	26.59054
53.99748
59.76238	25.39535

76.92131	73.36901	91.93107	14.41466	77.8436	45.08628
2.174443	104.396

125.9993
123.0554	20.27615	111.0669
57.91942
60.96874	96.53896
58.27067
123.8156
124.5756	108.155
109.4784	100.262


30.81561	13.87274
5.202541
96.81632	65.85893
103.1243
102.6221	105.1859	59.77211
126.0462
97.83402	32.76866	12.45591	2.240149
14.60838
127.2164
30.65252	25.45056	18.86281	74.11381	125.9226
86.76745
58.10182	99.76432	96.92651
42.66244




39.3238	5.994137	116.2745
57.63102	71.06435	54.15325
19.71171	96.02192
36.06461	4.084897	69.99438	29.43383
12.8135
32.84361
24.22661

37.67885	91.85269
2.573753
8.650308	74.2544
127.2474	114.8688
72.46961

99.98144	51.46247
105.8532
32.74051
77.64352	32.36085
127.7651	14.50016
27.3033
43.60024
10.50492	111.1263
103.1316
107.5455	85.50096

68.66443	84.00421	21.02744
106.1944	93.99944
68.17023	110.5382	96.19838	84.29059
98.59107	100.1828	92.90348	83.25705	74.07385

28.05438
86.68563
80.76387


55.42011

43.98869
37.98906	88.28563	35.86017
90.56562	21.78669
112.4347	106.1367	53.59036
24.40107	15.37272	73.29906
28.08726	120.3248	88.76295


99.58642	87.42383	15.29965
61.95868	61.27671	113.4195	9.722382
91.87287
52.27454	128.8253
92.21997
111.8051	50.01098	63.94121
66.62705	46.37
56.08371
120.1529	59.82742
21.7007
86.70194	125.9282	94.96845	120.6112	114.5151	123.127
111.6702	27.99791	2.347409
108.5647	23.11354
73.39062	72.98205
71.54843
114.8088	57.43459

5.21625	49.26013
72.52584	113.7511


47.86619	121.3799	15.84324
25.42229	83.14355
82.28346	55.92614	53.57503	75.67536
73.87023	72.87831

97.77337	14.98181	14.07978

96.01808
37.88398
120.1489	24.2789	57.9347
87.36623


88.1215	0.4956272	124.2807	122.3577
122.4451

76.96872
62.59584	49.72964
100.1043


119.7217	117.7611	48.95732	92.07176
38.8965
96.64337	14.20693

88.57622	73.61592
128.671

85.59845
33.70796	92.15753	110.9112
88.3697	27.34861
36.51723	115.2162	53.21374
68.86884
69.73878	17.93806
29.51811	24.23848
106.0795	1.943105
94.69283	54.64971	64.77702	4.198652	20.9398
116.9806
95.21779


1.856939
40.26998	22.84477
81.74533	65.31145	95.54811
40.26035
78.84307
124.8322	16.18826	11.16766
26.41833	25.66497
69.20484	47.8776	0.328322

9.015438	31.19174
27.20344	130.8061
32.89279
88.1246	122.1082
26.81422	19.35163
31.60171

43.65141	7.347973	119.162
25.2573	1.171787

105.3769	41.79412
92.59344	111.5092	40.73978	35.94106

106.0819	86.56707
94.23948
116.7238
14.79469	117.6074
75.75763	62.66716
45.17223	47.26565
27.40571	88.49019	115.9363
116.9651	1.46462
66.06923	63.32117	107.5826
30.94183
16.67092
76.98764	125.4555
45.71782
28.86476	102.2493

10.35834	56.37972
122.7725	127.0144

70.89317	44.99749	1.549727
10.84303
103.9101	61.97266
31.8755
76.07206	3.861865	0.01096028	68.20162	55.6673
80.26326	116.5858	127.671
67.34704	37.95586
88.74167


82.20975	118.8563
18.92093	98.43732
75.58104	54.88218
113.3051	97.15882
112.4969	114.0252

81.83102
84.45006
73.21839	103.6781
45.21199	86.61437
109.2118
30.09046
118.8989	14.46051	128.6746	127.7031

114.337	74.13396	36.29091	36.86419
91.63646

130.6999

93.09298	84.06992


32.75461	60.27482	86.16457
71.79321	63.88527	18.69469	39.49993
17.35664
128.4839
102.5171
13.5697

28.9648
83.7958	7.087587	38.11412	78.60904
17.90168
2.941932

109.7725
94.49493
76.36411
71.4246
56.5442
102.1461	8.651413
38.42851	55.70215	83.54786	8.237119	85.61345	100.7131
7.14776	79.75153


76.39299	91.8872	49.817	21.28812
6.351916
24.39194
123.0067
2.130781	125.351
92.50653	41.92629	91.8293
100.3823	92.19131

59.25077
91.58116
5.898835	4.610258
122.4304	119.5001

11.57609	9.39541
2.530564

92.03928
84.74434	118.297	33.11466
26.17274

1.246647	120.3687
87.08735	79.64193
16.65777	7.608868
58.02218	86.25967	127.6605	99.57956
87.20171
125.43	40.99886

47.21539
26.92344	56.89863	17.24724
16.94022
74.05546	22.75471
113.2506	23.1352
118.1549	116.0344	100.2736
114.7372
89.51074	101.7763	102.076
130.7421
98.28237	8.360481

24.00113	38.07138	97.41519
3.212148	124.2925	20.61144
74.85262
68.31487	64.33461	91.28928	22.98252	5.271722
111.3806	83.29911
30.2319
59.34342	20.95147



97.31846	0.9900985	96.67484
75.4932


54.76794
87.30213


66.38316
117.6154	84.61727	97.38857
110.9134	127.8392

113.6204
103.5963
5.727986	114.6839	52.3416
22.28588
54.05385
124.2923
14.57668
39.78092	114.4777
28.5621	17.28059	2.531103	3.0321



17.25097	74.53014	99.553
21.15397	16.25155

112.414	7.775325
98.57457	111.693
85.7406	1.249524
40.09642	4.355318
117.9962
126.2166	102.9497
100.9423	126.9184	88.32756	80.80179	61.06692
117.7637	105.9915	3.839763
8.318157
40.57385
73.06725	98.12551
70.06502	4.700119
123.9598
111.9522	69.38713	88.31536	89.09016
117.1631	114.9173
59.8327	46.15342	112.0072
62.58221	100.5012	81.14696

116.0765

65.85799
68.84117

97.25268	68.54096	4.931634
94.20039
62.85792	117.6767
95.71975	33.88535	27.62655	4.71319
64.57702	79.64611
83.83007	83.51099
9.805989	41.11709	13.95297
62.36588
33.78504
10.27448	7.363259	16.8769
52.38317	126.5349	15.60036

76.91656

75.01226
121.0346
58.71864
67.16875	33.85802	72.08302	30.02949
9.6057	16.17028	69.06155


82.76811	56.02949
8.071294

110.8782	53.01339	40.50968
108.8134
43.5884	15.74799	7.263998	35.12173	59.28026
56.67757	23.41645	119.1885
31.14603	97.35104


43.13759	0.1455007
22.27619	121.7803
36.53695	115.8558	25.14025
37.85661

37.911
130.1885	86.69146

109.8222	94.8473	40.67436
125.5773	74.88103	45.68818
78.09517	71.00616	24.45905
66.10368	37.05436
62.98435	34.77256
71.40747
54.21961	9.20758
41.99707	75.25609	125.1054	38.13162

79.57925	83.5285
97.80628	130.7407
111.9228	91.67359
51.83808

116.5896
119.1375
56.33547	46.73248
113.7085
68.27689
70.10436
118.0167

64.6277
115.3146	80.57867	39.05041

99.08248	34.51278	7.256839


56.13526
17.5051
83.85216	27.44292


71.14475	50.6819	84.60581	34.5325
38.15082
117.5735	68.24559
35.37039	58.78378	48.7818
124.223
115.6644	9.908715	91.40785
89.87518
105.6379	97.51051
3.143282	84.94347
72.42482	36.83859	122.2883
7.363159
44.47882

40.14645
104.1811	78.77301	85.1817
70.56523
122.7873	10.36413
117.2697	6.492125
111.6484
32.63222	104.8947	81.42483	67.33532
0.2264698	121.537	108.1491	23.52839
97.61038	30.89631
3.25767
125.7886
81.73919
79.70609	114.1824	64.61463
117.171	101.8622
126.8815
13.78433
69.83231	60.24068

116.7391	11.42527	35.91227
65.72478

100.1106	54.94871
114.1785	12.56958	23.93524
111.0981	125.9889	85.59823
119.8112	9.468784
1.06881
122.7805
90.23044	116.7855
8.430395	107.0569


72.72588	116.9862	95.88053
122.335
114.6071

67.49861	97.99591

9.774386	65.40831
112.7355
71.76378	59.43292	13.59892
69.46472	52.8563	52.65586
43.73926	87.12622
128.5066
87.84794	53.20916	127.7518	113.5607

112.0312
75.57793	3.835603
112.7552

78.03161	4.788667
10.40794	36.78259
92.68891
108.6379

90.82133	37.10456	48.31632	15.16806
89.15707	52.997
1.155254	117.2463
107.6477
79.71276

14.70461	124.7783

87.52534
47.40251	42.45339	119.6962
68.04155	29.84247
79.09061	12.85936

72.42362
49.66116	112.7645	36.1469	99.6363
43.86285	125.9136	3.65391
122.3029	105.3757	21.02661	124.0612
125.905
98.43412	83.42024

67.84317
38.62355
82.34025



115.7695
89.91342
72.1561	111.1081
46.83764	36.96662	40.16355

1.79279


83.28962	2.952871
90.37152	57.60355	118.3241	34.24814

22.749	99.94759	14.73588

54.33675	50.87516
120.8313	27.65025	3.440572
26.72442	16.25241
80.59127
92.85696	38.1932


10.60992
78.10369	107.2813	126.1401
9.349281	89.6028
76.98231
30.50324
4.119404
119.2517
52.99414	30.6172
111.5401
37.15322
110.8926	48.36332	32.78111
47.48748	42.31821


107.7613	98.50081	27.11348
53.51386
80.31703	8.119564

102.7989	68.92795	7.589673
121.1593	33.01215	58.8777
110.8702
15.54951
95.24369	74.52612
99.09446

89.62386	11.16956
54.71443
30.14926
23.22083
49.54311	19.97195
73.66679	23.8447

51.12991	4.559485
28.19797
85.34385	19.14585

38.44794	123.3307
86.13526
110.2273	90.54011	21.04889

16.05213	105.3798	99.84011	130.5804
90.84785	23.62053
117.2926	3.824316	109.5245
115.9171	58.82603
117.0339	74.3454	22.15265	20.15074
12.01283
16.27484	101.7329

54.79114	119.1405


97.37981

7.238348	86.29807

58.11374
29.09049	106.1169
124.4216
0.3917052


89.97157	72.93619	59.31786
88.56222	25.18421	124.7323
44.60086	3.072172
80.38929	46.69793
91.37924	42.85067	74.66664	77.07385
18.41249	105.2523
1.252072

13.95698
62.90649	9.173639
96.55663
23.95281	83.90295
85.01167	28.4215
92.81218	28.77673
112.8578
99.04354
121.2594	16.36705	21.12975
120.8179
47.0799	76.35605
62.12068
53.89215	59.10561	90.95235	58.66901
48.35954
118.15
108.3366	25.85441	124.5869
41.8041	36.61883	128.4582

62.8019	53.2416

91.45632
118.5251	91.65801	27.15834	40.73648	130.0394
111.0101	42.97982	123.0002
109.9292	43.33488
116.5662	95.32263
117.7888
113.9226	130.1646	66.64396	123.369
73.86585
34.44077
34.48205
36.38094	130.821
68.04761	4.566635
113.485	8.292679

9.152583	124.5826
47.75709	25.13869
22.26663


36.42457
68.62935	113.4488	42.99534	43.57239
48.07444	25.05157

85.47975
116.8356
120.5689	86.87686	74.85615
130.8324
46.8225
112.9832
12.60542	93.19155	127.798

85.10652
1.690222


73.93663	96.06678
112.3501

108.3388	51.90793
112.7199	18.21812
119.9904	50.21457	110.1491

91.27136	35.76393	79.66177
59.88914
64.70111

66.98204	18.87567
81.10726	51.75999
111.186	105.3677

53.83418
125.3072	47.75094

54.19713	1.298726	84.63424
0.3621536
101.8674	28.56057	122.0788
5.09586

29.08002	12.4792	58.49709
111.5834

115.2143

65.39866	49.5233

73.09145


113.6612	93.08382
114.1172	26.59301	39.52396	46.60538
99.40876
47.26091

114.2462	8.563252	124.9907

26.1323	129.8207
65.1994	19.65798	87.82592
93.921	30.69604
86.32114	41.39203	64.26146	77.93373	45.02868	109.0595

38.81068
64.87682
118.1187	12.03063	84.69905
23.87853
20.13319	72.77531	126.2966	97.45677
16.10758	131.2194
93.38749	72.62191
81.73388

27.25732	102.3194	100.6999	122.4742
110.1291	107.9917	88.28081
113.8595	88.33748	26.2681
15.84702	129.6234
117.0914


16.44751
47.82563	34.94356
31.33155



49.27714
65.33551	39.64792
70.16815	10.35718
40.93286
13.22945
42.50746
102.2295
41.13859
82.85746
91.6028	52.19967	81.60713
74.52744
24.69476

91.74231	11.33097

11.95805

20.30371	11.37963

