ExtinctionRateChangeTimes

19.12627	44.02989	5.673409
17.56989	65.41481
84.26836	1.893999	0.6601483	11.89566	77.20643	24.62656
33.36231
21.76796
57.90657	36.88872	55.00387
41.81228	72.45534
30.33173	40.8138	36.74497	71.21782


62.27234	61.00416	33.20916
81.33914
2.789161	65.2128	41.50108
77.76353	79.90558
56.15571	66.11603	5.839856

76.03842
50.53526	52.12173
34.40838
66.21311	46.53811	81.04367
21.98626
78.40489	58.37623	31.69167	19.96427
42.68227	69.2466	42.60527
32.58089	18.26199	23.08202	57.7059

23.44014	1.568135	85.57528
51.34992


75.3852	0.3795121
4.644584

54.68976

8.545925	0.6354979	2.471804

68.31431	70.81923
42.96009	33.58643
61.45387	18.63299	30.81259	18.12691
87.64472
9.757494	81.89387	37.43946
13.464	4.444639	65.54422	48.52538
25.98763
35.19897	5.12436
8.794189	84.7226
83.90967	26.08808
35.78684	86.62877
24.26092	1.064063	48.20715

63.99445
22.15244	12.27848

84.20585	80.53754	36.43083	89.31852	47.68685	12.7255
64.07613
85.99427	64.80739
67.58628
78.72967	16.02495	4.815083

19.61783
28.41094	49.71831
21.55129	43.74037
62.57039	0.08334209	58.00694
25.90395	19.30064	29.01357	23.26513
50.30008


68.64713	35.20894	84.86457	20.98475	38.25089
49.53771	41.78234	80.17962
5.778834


17.44594

41.96781	76.70864	73.10595
38.6064
26.73602	54.60389	26.60187
70.98588
80.61261	61.89024	16.56626
60.39638
50.4303	28.6921
75.27039	42.9905	36.41614	15.99177	71.92975
50.56817	10.93218	9.258245
47.61059	45.02104	35.04984	31.34733	19.33984	84.42854	64.13034
58.38605	26.54287	62.16581
40.88549	32.67214	75.97772
84.44517	23.64987	82.06273
81.49393	37.46554	66.01085	20.06338	32.583
57.26181	49.72809	50.79635

68.0632
6.750905	44.89656
33.8918	19.65475	32.08645	50.43757	24.45253
6.596177	13.58831	25.3392	81.48272	61.44532	40.87122
38.42011	83.6292
11.06841	35.53418	15.24333	1.58114
41.79488	46.81887
67.55541
86.71205	23.2541
6.411991
65.68451

37.96428
70.34447	39.69112
55.59196
39.02329

24.65783	34.77887
62.64129	46.79247
0.9332058

47.10925	23.94446
67.54779	22.24292	14.61114	73.8622
73.99568	7.790333	75.97979
12.14849	66.12318
63.76169
58.86028	22.12771
12.61523
40.49332	52.21811
55.12065	35.10031	83.91784
81.48518	20.72328	17.59841

30.37074
2.557427	4.422187
83.0553
84.50164	14.35921	12.57727
85.8469	34.09647
29.4429	82.7983	89.41319
81.76334	81.33021
79.30447	26.66749
82.26231	7.942002
6.268297	72.14313	54.29898
16.81562	12.80029
61.68302	45.5727	9.028692	68.77768	5.088043
15.8781
56.96856	86.03671

73.37495	63.84375
87.37936	44.42761	73.47818	38.26962	1.82151
66.93774
40.41912	65.39903	65.19584

53.57989	80.96516	41.8053	2.285567

20.18715
51.25778	37.21332
58.86948	25.15545	5.969892
79.15775
79.12972	89.15858
72.34768
72.74589
48.66598	16.66701

8.154268
32.30349	5.966173	32.22094
74.91243	42.90828
80.05917	38.26448
81.39112
81.39112	20.12191
81.39112	73.83868
82.73453	16.0171	33.26462
83.68977	46.64213	49.46732	70.67245
88.66781	68.4548	64.51036


59.73971	33.88087	3.842701
14.14289
79.18065	77.47927	30.51929	65.73066	70.56466
13.50886	67.87204

82.517	58.72367	8.544078	65.30694
83.55972	44.72894
13.81738
67.56748
87.87848	24.967
36.56107	81.87051	10.4803
23.39494	55.38487	80.28502	60.88644	19.58343
21.57894
60.95748
25.29092	5.60055	1.589414
53.809	7.2953	77.78946	14.22472	80.50023
20.8764	45.64519	33.89715	70.41375	29.10234
1.971437	48.12078
59.45108	11.1481
81.51624
21.942
76.17164	53.4969	38.85021
53.6298	15.71068	68.63412
37.82509
24.16798	40.41439	45.48351	48.66653	82.49522
83.62562
60.59943	79.65154
16.94809
51.19736

19.02941
60.64981	82.96883
71.02
62.53835	77.51002	88.19588	21.29547	52.46904

83.98617	79.49414


21.84828	55.29804
85.16715	4.354456	86.1361	87.62896
78.01012
69.95586	84.50875	79.85689


66.5156



38.57063	83.88284	3.496498	46.17621	75.96974
14.30783	38.22878	55.6658
88.62144	16.3172	44.29004	46.24733	11.96208	22.84691
32.33642	68.22885	25.79734
24.70784	44.36711
68.20376
31.52906	27.31803
87.76793
67.13242	54.02217	20.30842
22.25814	48.29777
76.62903	49.94614
7.422565	80.96587
1.168768	43.54643	33.52975	11.78815
56.54437	49.17695	38.24856
57.47425	23.36144	40.18665
56.1923
59.95388	2.671502

21.95955	9.543044	83.06918
0.02789524	2.181525	89.52731
62.96649	49.78622	24.09905
1.584491	48.39267	31.5375	50.70087	10.26709
64.47048

34.84078	46.09261
29.29086	6.85353
37.12752	75.35277
11.4228	49.18102	86.50236

15.96086	62.26928
57.21368
49.04929	13.26162
40.18793
77.00592	29.53095	89.48252

21.6538	54.15894	69.75532
34.16674	22.18413
58.85364	80.22758
87.16997	30.24371	39.27527



68.24228
64.85754	17.12716
80.23475	15.77376
71.22124

42.62255
40.18713	28.14554	79.44061	78.11763	63.51789
86.28118	76.07244	12.68028
23.41425
1.359538
34.86222	8.993002	57.68663	4.118624
43.89281	30.31067	59.78683	18.68182	38.59395
36.57558	35.70955	9.399154
9.089183
63.67222	23.27074	22.75996

20.95759
17.89046	2.334233
5.582043	31.23219
84.04517	7.535742	6.50396	13.41428
29.46884	27.01871	72.59966
86.87314
85.85263
46.36064	75.56773	69.28314	82.91596	60.88284
69.01974	31.66183	73.2939
55.07259	8.684155	46.34888
69.64402	19.78059
58.15313
42.65821	20.10585	41.37723

35.06785	11.46941
45.38327	37.65814	30.86669	0.4456019
59.00905
66.28877	9.412466
69.85004	84.78942	62.52785	32.81273
9.21379	32.8301
9.895933
67.31478	64.96683	56.75848
61.89486	84.13252	70.1479	63.06862	41.76225	54.42317	46.358
24.8686	38.43639	10.95922
70.8789
59.44784	18.19487	9.901906
72.48709	74.32405
76.56164
40.32971	37.6503
22.38718	67.01261	78.60778
85.54444	84.4751
66.94687	56.51678	87.24082
7.223798	65.66766	87.78019	3.824175	27.76776
83.82789	56.6755	69.95378	16.45255
61.08371
87.82936
24.53559	11.65151	48.98707
34.42533
1.619221
11.33639
86.94155
39.55938	1.351777	84.94289	70.95149	32.47577	22.95222	56.94479
38.88816	32.42301
78.34878	31.74638
79.90393
5.245603
82.86344	60.45031	70.22719
57.17731	62.14105	19.5999
64.88025	71.82686	18.51885	13.33121
80.49007
73.69705	11.27227	33.14309
11.95821
19.33786	46.43587	46.22835
16.53069
30.37256	21.79529	24.97337
64.18992	1.688938
28.23433	62.95657	48.62951
79.01614	41.518

28.1498	46.01683

7.765277

59.5467	77.46666
64.45499	12.88171


31.54724	47.72214	22.54813	16.30507
24.90695

80.48088	82.13207	22.61701	77.56972
36.23455	26.3447	24.32604
59.67683

69.16086	67.86562	22.37417

43.93745	15.39222
84.75574
45.99024	64.93946	28.865	35.18639	69.26034	72.98566
71.4081	54.96863
84.61302	83.29378	86.45004	5.014174
19.51571
28.2504	5.961794
43.19484	37.71376
51.37166	22.80013
30.77764	19.31488	8.421091
86.97895	86.1557	58.14384
33.08357	58.83714
41.64889	41.44434
57.88818	5.123811	67.9291
65.40311	25.5594
19.45978	50.58201
31.17497	20.57446

67.0922	39.37221
74.93443	88.86232
78.53141	23.2397
73.69897
16.59177	40.07393
65.09796	12.03282

43.94979	22.48517
89.63916
62.447
42.85742	78.16095



34.5845	50.62233	43.87637	24.33604
89.02857	31.93046
16.32761	77.57423

82.57179	72.93941
38.3338	67.59749	55.53334	15.11473	78.73423
29.76364
25.89614	61.19614
40.16279	66.92544
5.58828	67.91954

43.73616
63.44779	80.18611
27.00267	64.31827	87.20095	74.06365

69.21827

74.15614

33.88504
26.69519	10.36184	6.977522
53.52471	17.59402	38.46684
48.9501	43.45729	71.41326
65.30484	70.52277	65.23481	18.11876
6.565693


68.01802
58.30967	38.88842	24.62789
13.4235	80.98603	75.14736
85.92264
11.2894	1.588488
23.26043	14.5385
46.40163	71.64738	1.894572	30.09197

34.87964
11.20177
6.375184	39.87413	45.79167
2.109072	49.21874	73.83548
44.65683	4.532995	85.83776
19.36329
0.4107137	33.3254
27.36801
68.43633	58.12353	88.852	55.35522	44.35915

56.42286	50.08178	43.56757
83.98286
88.2504	39.52388	27.9049
64.93053	41.7307	15.435
83.09766



46.57635	12.74295	46.09996
87.60914	64.65584	64.83246
65.5507
22.43699	83.5849	87.53592	5.21066
16.57225
59.0739	65.37111
48.19584	35.87696	33.79252	39.19069	2.299015	23.18425
16.08376	84.52844	70.55638	33.39029	64.39003
28.46113
42.42778
5.522903

19.45925	29.43348	84.86814	81.01275

84.56695	19.02266

37.86946
80.45081	56.88009
22.22366
45.42244	45.09412
13.44554
4.484034
63.28421	5.664017	67.2254
2.294587
62.42365	79.52953	5.934598	68.27324
31.94778
63.52575	19.99284	63.73251	26.02479	32.86788
64.22116	27.06085	71.42927	72.53243

61.9596

41.96298	3.507069
68.79986
45.62183

72.27117
45.90206	72.93761	33.65258	19.77479	31.63771
42.66111	78.77561
29.87652	63.76674	52.23461



31.3498	67.46365	86.44798
77.64932
37.88788	7.453943

3.629446	37.3642
28.41301	4.479948
40.72492
37.52866	85.66908	6.625592	34.2524
45.04715
22.94089	46.22269	21.11488

46.35985	5.962143
80.25175	44.75357
83.09201	82.84501	69.26909
76.47905	22.13038	50.56746
77.07266	4.600874	6.851093	1.835754	59.09614
77.15781
78.25278	72.7828	16.12063
78.2396	24.2389	19.4652
79.84814	2.542923	74.68776
49.83154
65.28885	32.45668
10.21234	32.67081
6.163967	41.38506	83.27176
81.3074	45.77458	28.7602	9.224485
27.81437	87.69561
55.37336	6.613588
80.99431	27.88644	46.83036	31.90876
79.6725	56.69254	52.06394

37.01039
50.07497	31.25675
5.001095	17.34898
86.87418	56.93168	35.89927	6.256526
24.6496
46.58915	43.30082	72.72156	5.059541
65.32604
65.83137
81.62108	17.82898	41.5454	77.4666
20.71278	80.07863
25.63242	78.24541
41.47311
39.21824
39.16105	29.91498	85.28181	4.968789
58.83824

54.47456	37.90018	12.28251	80.33079	44.98347


47.34406
40.26904	17.98358	3.953071
16.17508	59.46135	1.344281	1.053899
74.53596	87.83352	62.97536
30.00538


33.7592	41.08316	59.07312
13.4096	63.26454	42.68434
30.89283	67.3805	17.81939
41.01698	39.52973	39.38463
4.287996	1.57453	21.12675
37.70799
3.850302
57.43587	5.792084	73.68479
52.78507

