ExtinctionRates
0.02879092
0.005186038	0.006555816	0.01179336	0.01395409
0.00253803	0.008946171	0.005089511
0.05456876	0.01057975	0.01677581	0.002755945	0.00312607	0.005575554	0.01559449
0.005185998	0.01925244
0.004926609	0.04628314
0.0004885018	0.008210251	0.003390442	0.001236386
0.00519597	0.002627123	0.02928166
0.003157966	0.17121	0.02106339	0.00735478	0.03110427
0.06914251
0.01555541
0.002628842	0.004792322	0.03208996	0.0169549
0.02929553	0.006254535
0.007725226	0.001049943	0.01147542	0.004113065
0.002192646	0.006221649	0.01061264
0.006681615	0.02601662	0.003821742	0.01756113
0.03129595
0.01362263	0.0312292
0.02659333	0.03674191	0.02523406
0.004186898	0.001824934
0.005230889	0.003914653	0.005087261	0.04581145
0.001203975	0.01694088
0.001330094	0.02624924	0.00118692	0.0291236	0.07124401
0.001493258	0.001616726	0.009755616	0.001549677
0.008599561	0.04579764	0.001807944	0.03558211	0.05022076
0.006326892
0.008537599	0.02684367	0.001899628	0.007140097
0.006355767	0.005741076
0.008239395
0.005896218
0.02170524	0.0118426	0.02425584
0.005013123	0.00584379
0.01994643
0.004475547	0.003565771
0.0009747588
0.04037896	0.01089786	0.02300608	0.005301778
0.01205328
0.009118482	0.02867613	0.004728472
0.03208458	0.0003768423	0.0400253
0.01776189	0.02255936	0.008691387	0.03696137	0.0116044
0.03006896	0.0214428
0.01376795	0.01839709	0.02548954	0.02957173
0.1322658	0.01313331	0.03813069	0.01123761	0.00312739
0.00532469	0.009266812
0.02100077	0.005538102	0.03655851
0.007464064	0.003895392	0.003269037
0.01382482	0.008232746	0.01602372
0.002935597	0.01826951	0.001878112
0.2178398	0.001607684	0.01495131	0.007149012
0.0104036
0.002262499	0.03260523
0.005667815	0.02200127	0.01902994
0.01150026
0.001960254	0.004506528	0.007022367	0.01028655	0.00340768	0.03093754	0.0110843
0.02702064	0.009309552
0.001673629	0.005235724	0.01706014
0.01307095	0.0114149
0.01320663	0.005520242	0.01371399	0.007419604
0.01134642
0.003512198	0.0006757246
0.006634706	0.02300946	0.01279475
0.002810807	0.05005577	0.03436386
0.03152764	0.008969936	0.037666	0.02255387
0.08432599	0.03897128	0.005932992	0.0108162	0.01640458
0.009013095	0.01057859
0.02463284
0.001472325
0.04663311	0.00157172	0.0189042	0.01363878	0.02230575	0.009568861
0.03015625	0.002979987	0.002024718	0.003510579
0.01376283	0.00224727
0.00199544
0.0125065
0.001431517	0.04404583
0.01031043
0.02895616	0.007842839	0.0463625	0.01310587
0.01311457	0.003155871
0.006482868	0.02317	0.01594781	0.01333936
0.0229666	0.005596474
0.05076641	0.07482088	0.009310704	0.009911302
0.01057046	0.0212416
0.002098451	0.043385	0.00754337
0.01127405	0.01389407	0.02280682	0.003563561	0.03828083	0.005209967
0.007200328	0.0356204	0.002565832	0.000236184
0.005999191	0.02777652	0.02511967	0.004494526	0.003682026	0.0173722	0.1120227	0.0008056667
0.003039408	0.003884712	0.01514863	0.01096345
0.002298057	0.008681342	0.02016362	0.001744415
0.01346332	0.1416853	0.004854393	0.1041996
0.126095	0.1239982	0.09662652	0.00803942	0.01136258	0.001067249
0.01003537	0.002143488	0.02476995	0.01750766
0.01692792
0.07197261	0.01412398
0.004024367	0.01243952	0.0164736
0.002965773	0.003057137	0.02245739	0.008924401	0.005460254	0.005197569
0.006193435	0.005986269	0.03140357	0.006871943	0.003912647	0.009223471	0.005632379
0.01016313	0.02581484	0.05181887
0.01265606	0.01503823	0.02355236	0.01423271	0.01605962
0.009058404	0.0129037	0.004216148
0.009640741	0.001998288
0.003694161	0.002842373	0.0009235673
0.001054199	0.03950101
0.003505414	0.002451017
0.02867556
0.01047749	0.00811535
0.007646938	0.002710067	0.01694964
0.006423105	0.008605946
0.03438308	0.01869043
0.002361502
0.01546313	0.01325159	0.01347743
0.01349012	0.001031555	0.00895613
0.00269219	0.05689444
0.01392687
0.007438559	0.004327966	0.005916379
0.00204585	0.01092246	0.04537889	0.004477353	0.003643695
0.002856075	0.007017209	0.004609869	0.01075616
0.005613149	0.003157223	0.009491848
0.008052367	0.00580928
0.00187526	0.007172097	0.00193491
0.0173014	0.003887524
0.02314415	0.001535465	0.008853856
0.03196704	0.001545371	0.0710306	0.02129894
0.001472938	0.04163773	0.001844394	0.04687879
0.003412964
0.01748448	0.004696077
0.03950673	0.001190767	0.00185555
0.000581012	0.0008920749
0.004789636	0.05130602	0.003417335	0.01468913
0.008728207	0.006371101	0.01941394
0.004422237	0.00301569	0.2516261	0.004502018
0.04474002	0.1657593	0.001941017
0.004428862	0.149713	0.02153851
0.05369495	0.155827	0.006686812
0.160865	0.001455547	0.003299308	0.001869674
0.009597779	0.01676457	0.009968324
0.007033794	0.0009812119	0.005906844	0.00834193	0.007588027	0.00446724
0.001950098	0.042744
0.02229698	0.01409053	0.002658599
0.002977018
0.03662028	0.07011314	0.009529531
0.01796709	0.07787434	0.007011534	0.01487079	0.003997614	0.0158637
0.01903592	0.004381298
0.001655664	0.00320113	0.03188979	0.004325536
0.01738781
0.008238568	0.002840037	0.02328141	0.01709688	0.03210701
0.002390562
0.001766478	0.00692843
0.01647664	0.01112182	0.01298579
0.003717904	0.02105838	0.04229544	0.004785942
0.02461901	0.01128982
0.005339544	0.1401465	0.004811216
0.00961557	0.003728974
0.009205051	0.004830407
0.01422375	0.002646667	0.008312182
0.03503016
0.03487098	0.02909096
0.09058785	0.02096251	0.02854606	0.001336258
0.007024514	0.009637021	0.003303115
0.02379792	0.08702982	0.01052372
0.008150274	0.1651895
0.004685102	0.1739661	0.01522986
0.005534421	0.203202	0.003339705
0.04518605	0.203202	0.009793799	0.002009997
0.03583855	0.308678	0.09318175	0.01921672	0.03284507
0.04761306	0.1631046	0.02085079	0.03863555
0.002552432
0.003416988
0.007708375	0.02111515	0.002896768	0.01075124
0.009874757	0.001968491
0.01217131	0.05703508	0.0097007	0.03186908	0.02902776	0.004674913
0.1408616	0.01066923	0.01752993
0.0106945
0.002356119	0.09993938	0.00450497	0.04986723	0.005477896
0.06331315	0.1292317	0.00569592
0.009947361	0.04184287
0.02848005	0.00202545
0.02291374	0.009217199	0.01246756
0.003010231	0.01940402	0.000991087	0.03124414
0.001979832	0.01052694	0.01822493	0.002437024	0.003632816	0.01670687
0.005369436	0.070873
0.01650876	0.004872568
0.009144554	0.0402752	0.001432681	0.002644836
0.02309278	0.004111122	0.01934516	0.007123222	0.002646967	0.0115789
0.01501927	0.01460945	0.009802692	0.005986	0.0315135	0.09386662
0.001960523	0.001714742	0.004465448
0.01836396	0.009646192	0.002742813
0.003672023	0.007213275
0.0101165	0.01994001
0.004411328	0.0193353	0.0004959764	0.01056119
0.00242322	0.02468313	0.01538156	0.006496134
0.008190472	0.006984073
0.02497784	0.1108573	0.001300985	0.02351047	0.02842767	0.0215279
0.05254397	0.0009003355
0.001418482	0.00776278	0.002937095
0.01205151	0.04762903
0.01719962	0.002849592
0.005558956
0.01648716	0.01308207
0.01900472	0.02493103	0.05729381
0.0005459965	0.01897904
0.009182435	0.002270626	0.00227499	0.001677461	0.01773371	0.006561102
0.003777544
0.007344561	0.06389634	0.01579782
0.01482252
0.05109055
0.0002431159	0.05776849	0.01244654
0.02415847	0.1656815	0.008015121	0.01134638	0.005328791
0.01236365	0.01991788
0.001007151	0.00392853	0.009915704	0.005997674
0.007769275
0.02237517
0.04009366	0.01283363
0.01245269
0.006900805
0.01848403
0.05967933	0.0249001	0.001389058	0.005356375	0.0117038	0.004840507
0.04503005	0.01278292	0.009569308	0.001803528
0.004278714	0.0353897	0.005355393	0.005181983	0.006529393	0.001832838	0.009926242
0.02022826	0.02906515	0.005578104	0.01426307
0.005517856	0.004084624	0.01218375
0.03186106	0.006822127
0.04525518	0.01324582	0.003497734
0.02771142	0.1282791
0.002535507	0.03717164	0.01246335	0.01447765
0.01290345	0.04462701	0.05167279
0.003089011	0.02709239	0.0003155324
0.0060157	0.004688306	0.03478502
0.003059427	0.0265857	0.0130088	0.0266223	0.007954462
0.003975858	0.004144428	0.0008437412	0.007704176
0.007392399	0.003412243	0.05843361	0.03693441
0.01780065	0.006818757
0.014954	0.03436875	0.05504416
0.01951522
0.02627444	0.009521707	0.01091783	0.007210249
0.003946484	0.005680446	0.005137628	0.002115837
0.02543819	0.01223099	0.02701718	0.004619286
0.001619111	0.0622095	0.00431333	0.01942728	0.008728123	0.001073994
0.02526033	0.004384216
0.02127736
0.01314485	0.01496671	0.0009128548
0.0359601	0.02082672	0.003450993
0.01392005	0.004463144	0.02144297
0.002931292	0.01713631	0.006221782	0.007439611
0.006248372
0.009276354	0.004082777	0.01221606
0.03331191	0.0118017
0.01382234	0.002765727	0.03294968
0.0044033	0.04872759
0.00130486	0.06828771	0.01581612	0.06415825
0.03507299
0.01304497	0.01437564	0.0007965373	0.00202989
0.001556969	0.01646116	0.01158288
0.02809661	0.004814443	0.02726562
0.009084682	0.0151906	0.01764343	0.02546467
0.00919635
0.01730002
0.001605778
0.005031463	0.002135957
0.03353354	0.00205838	0.03161481
0.008444318	0.1162382	0.00626873
0.05115263	0.008192952
0.03021466
0.003161941	0.01748063
0.006960916	0.02511749	0.07598441	0.05535455	0.01006817	0.01003901
0.007984958	0.002752393	0.02537306	0.0009564845
0.005749796	0.001445886
0.0418923	0.009973985
0.01000817	0.007880557	0.0008271221	0.00794223	0.08380788
0.0100185	0.01706405	0.01685918	0.0126084	0.03159411	0.07724985
0.005427393	0.002228676	0.07536562	0.0115283
0.001370066	0.001185315
0.003785908	0.001973488	0.01480113	0.01432892
0.02514208
0.003352519	0.01569008
0.0014381	0.02624617	0.00928849
0.006518384	0.04440524	0.03617603
0.009127905	0.1575068	0.008002691	0.07099	0.02001446
0.03266728	0.0432874	0.001628689	0.001182631
0.006128351	0.05176534
0.002988199	0.07177418
0.02868221	0.008472207	0.03848463	0.05120567	0.06060267	0.02619356
0.007698737	0.006078112	0.01295562	0.006317187
0.001641879	0.005460271	0.01403297	0.05207236
0.02380598	0.00456402	0.01290532
0.004156438	0.002120934
0.008226356	0.01226607	0.03860737	0.07395518
0.02636093
0.003242767	0.0008597188	0.01264716
0.03058581	0.0008293663	0.008919272	0.007950132	0.009957512
0.002439236	0.01243527
0.00586048	0.007772907	0.01745061
0.04864163	0.01927307	0.001798478	0.0370167	0.03473137
0.0283862	0.01827788	0.003389667
0.007610313	0.02036173
0.0333241	0.01882927	0.006137239	0.003243785
0.005737651	0.07561175	0.004382997	0.04438923	0.01254274	0.004954782	0.02331799	0.01090168
0.001077368	0.09976279	0.02434559	0.02295911
0.02177077	0.01220608
0.01714663	0.007660135	0.04792696	0.0113963
0.01990461	0.005325839	0.006871343
0.007566711	0.002544424
0.001559204	0.01274728	0.01413218
0.023496	0.02076167	0.01088922	0.03848753
0.01630774	0.001893812	0.002763995
0.01157398	0.02002762	0.006475343	0.09829671
0.1255381	0.006723107	0.003328232	0.006371331	0.01553631	0.005448114
0.01268456	0.07775348	0.008811036	0.01166761	0.03665167
0.02099917	0.005568837
0.001664815	0.003122468
0.02336408	0.005987531	0.01320401	0.009806529
0.002642357	0.002130602
0.03192018	0.001291092
0.01159189	0.01259587
0.009755878	0.002510572
0.02264791	0.00248586	0.008212864	0.07519188	0.003519531	0.008999181	0.03730996	0.02564639
0.00804618	0.003460382	0.01926123
0.01885806	0.1437604	0.004080615
0.01812401	0.1583866
0.01867013	0.06436164
0.07136484	0.002238053	0.03656426	0.01202599
0.06592545	0.08446029	0.001951191	0.04853701
0.01411436	0.0008919701	0.01505072	0.02514564	0.003137312
0.003906012	0.00295086
0.009204521	0.05421348	0.005587667	0.00405881
0.07993475	0.01406559
0.00604439	0.001677441	0.009816781	0.03530856
0.02635472	0.004298478
0.01577815	0.005184988	0.0201283	0.005063508
0.08060859	0.002847786	0.0595656
0.002721828	0.008000952	0.00411449	0.1150239
0.008479889	0.08187915	0.002739
0.02129225
0.007719216	0.03141131	0.02809801
0.04030269
0.03414721	0.0423264
0.008796225
0.003084527	0.004827569	0.009392624
0.001578884	0.007936074	0.004731818
0.01383145
0.04140605
0.003163761	0.04743564	0.004760309	0.004326718	0.002280557
0.004248355	0.04183324
0.009585196
0.002473573	0.001846289	0.008769054	0.004543377	0.003830557
0.00106497	0.006137775	0.01644162	0.004281946
0.02501259	0.00860257
0.007685235
0.06886702	0.03252864	0.009673296	0.03715861
0.008981471
0.007059757	0.008696403	0.02216873
0.01000293	0.09343604
0.02261193	0.01820312	0.009094564	0.01196387	0.01522598	0.004057601	0.01103431
0.005356277	0.0179255	0.01038773
0.003822798	0.02768278	0.3462129	0.01065348	0.01742445
0.02155844	0.01672915
0.01144897	0.003458376	0.01026717
0.01166122	0.02000319	0.02950234
0.005310344	0.00349366	0.04999333
0.01394906	0.009747569	0.02998895	0.009249907
0.00455132	0.04245987	0.01525546	0.00282272
0.0167075	0.02472001	0.01110098
0.02494546	0.01443701	0.05569851
0.03383867	0.05518434	0.0532785	0.04902782
0.009068254	0.00238055	0.01401427
0.02578101	0.03710447	0.01244641
0.001479132	0.00626528	0.02849767
0.0039436
0.002657051	0.01678384	0.003248546
0.006574588	0.01094964	0.002309765
0.0287703	0.02803368	0.02847466
0.01402285	0.003076149
0.004212811	0.01293204	0.02286458
0.003943645	0.009139646	0.01066387
0.004544134
0.02146356	0.007849096	0.01896614
0.006526496	0.03189887
0.01822387	0.03788919
0.02503382	0.02986841	0.02195897
0.02221585
0.01747065
0.008764851
0.001934905	0.009633	0.007214044	0.007846496	0.03408565
0.007178505	0.01682488	0.004742945
0.002711596	0.004184583	0.009339573
0.004291472
0.001330691	0.013301	0.02155836
0.006176267	0.05283656	0.02427106	0.009543057	0.03994992	0.08611713
0.07010596	0.02312086
0.008025676	0.02481894	0.01671591
0.01723192	0.04816137	0.009446533
0.02930599	0.02182299	0.004297459
0.007446004
0.009068964	0.01846025
0.01240082	0.000596881	0.05370663
0.006749158	0.01030762	0.01408188	0.07403252	0.02543573
0.008411331
0.08796836	0.03686762
0.1230171
0.07602816	0.1097397
0.02135346
0.002406033	0.001141099
0.02119895	0.01765148	0.03188199	0.08233199
0.002342016	0.009274097	0.004889292	0.01172965
0.0316065	0.002059269	0.022867	0.01004435
0.0007821599	0.01393098	0.006526607	0.002900792	0.03769021
0.005699854	0.01935143
0.001015815
0.02712289
0.02143463	0.009838515
0.008639978	0.01169978	0.00642721	0.03443881
0.01586417	0.05653527	0.02519214	0.001885038
0.02838314	0.01599751
0.0520881	0.001885711	0.0006076936
0.01807745	0.01406389	0.03325551
0.008210929	0.008315196	0.01388356	0.00818007	0.0006559488
0.02033563
0.007239605	0.03084654
0.02096637	0.04448215
0.09513899	0.001728905	0.09275049	0.001751966
0.00125516	0.01352754	0.001049248	0.02168794
0.005821679	0.005256164	0.0503565	0.1180869
0.003219384	0.003870198
0.007977906	0.005708226	0.003706393
0.0009765618	0.002672549
0.06741806	0.003263505	0.001944053	0.05731987	0.04782299	0.02273838
0.003936233
0.04092467	0.005395118	0.01540639	0.00846523
0.004855854	0.007814238
0.0154535	0.01094336	0.006051708	0.003218683
0.005533428	0.01921633	0.01114269	0.002621122
0.007629044	0.03617964
0.01460838
0.001227608
0.01150283
0.002313281	0.006773984	0.03465861	0.1279732
0.0300702	0.001163616	0.03199171	0.005437918
0.01319882	0.001180103
0.02779078	0.00585663	0.05288391	0.1444509	0.01013075
0.01255167	0.03818032
0.03239425	0.02802333	0.0370164
0.007713432	0.01642883	0.009107564	0.003541423	0.02598501	0.002745053	3.495543e-05
0.01618061	0.03958036	0.001846127	0.03046416	0.07605933	0.003001274
0.008830098	0.01975546
0.001348213	0.0004705284
0.006563957	0.002724573
0.01248728
0.008046375	0.01605152	0.006102872	0.01381129	0.001152852
0.03692931
0.0258403	0.03736317	0.005878287
0.01074968
0.003438977	0.01781298
0.02918718	0.00389132	0.004857564
0.0108616	0.07165209
0.007887716	0.01888908	0.03692528
0.005323792	0.004068317
0.002403021	0.005681122
0.007278758	0.03278026	0.003898566	0.0265317
0.05568286	0.01948192
0.0004391567	0.002607788	0.01432387	0.05134533	0.00122876
0.01804099	0.03661074
0.01675495	0.009015161	0.0638819	0.00479211	0.003961623	0.0003600621
0.01824633	0.03108035	0.001161054	0.01369858	0.002973644
0.009441668
0.01133064	0.005069872
0.01730541
0.07033662	0.008501738	0.008277695
0.01668176	0.001843202
0.06316677	0.01934994
0.01995165
0.01146335	0.02761043
0.005630872	0.01850644	0.001882681	0.04155784	0.06790377	0.002430066
0.01077934	0.01641825	0.01666827
0.008844949	0.01168257	0.007638748	0.006206759
0.025846
0.001513525
0.003612159
0.006212687	0.0487198	0.003639194	0.03428468
0.02042042	0.01353216
0.001578427	0.0185244	0.01093798
0.02764086
0.0827722	0.05057441	0.006426213
0.07209057	0.0158484	0.006682761
0.007970117	0.001049198
0.01579279	0.01506329	0.05996965	0.0009959599	0.04252505
0.02867449	0.021791
0.04178178	0.002655341	0.003986443	0.01118885
0.0130718
0.004671352	0.005289949	0.02330685
0.005700011	0.09760954	0.0054712
0.0199684	0.09028292	0.05261568	0.0008620652
0.02960555	0.1102023	0.0331646	0.05421088
0.1365986	0.1304524	0.02325911	0.0381269	0.001584835	0.01328582
0.004044921	0.2344803
0.001646832	0.217118	0.01865426	0.007251429
0.022919	0.2032501	0.0004054766	0.1100932
0.05820667	0.1131834	0.004429677	0.01392596
0.005133061	0.03116373
0.006975267	0.01611514	0.01584241
0.02503276	0.000602526	0.003200024
0.007994384	0.006818534	0.02489476	0.02526209
0.01166142	0.01129832	0.002781091	0.03641759	0.001618265
0.002089504	0.01701748	0.00358161
0.0167492	0.005386284	0.002287864
0.01196196	0.1732171	0.01624933	0.001902546	0.003337768
0.01014769	0.07999128	0.01371829	0.1593032
0.01186642
0.004548174	0.001128561
0.006640281	0.05913728	0.06040638
0.003480052	0.004254	0.0009827702
0.01614475	0.01141824	0.0005789082	0.007055022	0.006526664
0.08391057	0.005649578
0.008330877	0.008911529	0.004601757	0.01531957	0.005078593
0.009182088	0.01176695
0.001804345	0.003763392
0.000626962	0.09011833	0.01020961	0.009639407	0.01276051
0.01720481	0.03589762	0.01356541
0.01444542	0.003263091	0.005600035
0.003214025	0.00988542
0.01832535	0.007307825
0.004728397	0.01017349	0.06755208	0.07348784	0.004543667
0.05357483	0.0165967
0.01258912
0.003468641	0.02121446	0.003065716	0.0009925488	0.004295049	0.001286477
0.0100996
0.01628925
0.002373882	0.002183706
0.001820904	0.057146	0.1071748	0.00332598
0.003549454	0.08125373	0.0166571	0.03194127	0.01074205
0.09958499	0.04454035	0.01511177	0.0486396
0.002253214	0.02504756
0.005704386
0.002630749
0.01711333	0.002716008	0.01682671	0.001124941
0.0383853	0.01171255	0.003060356	0.002897004
0.01193436	0.0344626	0.001570083	0.01135756
0.01658767	0.01332363	0.002795122	0.00783141
0.01860934	0.01648889	0.07437395	0.0029599
0.03182284	0.03238101
0.2126973	0.002801823
0.00749686	0.003545589	0.02409595	0.001922361
0.02570717	0.009748477
0.006474854
