MassExtinctionTimes
86.32658	54.55494
89.01365
87.97373	31.88193	14.43553	55.3445
36.40593
87.36759
88.97329	38.01946
86.37196	2.752666
87.47749	20.84505
82.83941	47.05255	55.41088	9.864682

85.96781	36.12046	24.51601
16.06908
16.30068	22.03742
54.53716
2.704426
86.06444	4.676914
84.35931	5.917397	35.83523	21.25695
87.70768	85.88754	50.10657
85.88754	38.43942	34.10933
64.47841	40.42653
54.79208


39.7699	24.38239
51.14737
81.96561	13.63115
48.51425	84.56718

43.57262	63.02392
19.42601
84.49245	81.7841	56.79378
26.66195
34.56121	53.3836	2.436741
4.859181
15.75681

39.23766	36.11174
3.60618	27.5085
85.96769	20.01135	1.775039
81.47889	13.71733	8.159644	52.5394
4.799408
32.71523	17.53176

49.77469
42.83523	63.85535
19.27038
84.60894	68.62509
86.7495	25.38854
87.49073	35.88455	64.46488
20.99696

26.12463
86.58291	48.52658	11.89562
84.55397	85.40644
86.99276	4.902898	36.73741
48.23099	88.2687
83.94765	64.3511
86.01723	35.72551	39.28017
86.43221
85.08545	2.314023
86.47863	39.33074
86.70973	41.57643	40.78563	0.1339286

43.0744
51.81807
40.40965	64.10956
41.05967	87.79223	89.1897


84.94481	88.29027
18.73728

84.92908	32.75831
37.36906

87.47691	78.66102	36.14839
88.23133	29.47679
25.93137

18.17584	38.13825
87.12999
39.90179	54.47074	55.39718
81.06288	31.29301	42.60464
41.30381
86.07364
3.975541
20.13873	64.78248


8.43932	53.99163
6.356399	11.13327
85.86585	4.933276	88.999

22.01436
19.72682


88.92775
32.44322
85.57509	3.458043	23.23621
85.76397	89.54506	41.21947	74.1704	32.021


85.94338
65.6002	60.12237	9.378506

41.4627	31.0694
0.4273242

87.44738
29.26756
3.357083
63.63808
54.69551	16.82426	3.513764	21.03708

19.06742
65.58001	13.27569


89.12325
62.39241	49.90469

42.25386	83.20689	20.37809
46.65719
42.39789	82.90561	31.14946
29.78058	36.10272	62.47325	50.72075	84.59437
43.5776	29.68028
37.20506	20.87439	2.339566	2.880924

33.56347
62.48261
15.58999
35.58776

2.635905	41.17555
37.77593
63.13469
2.557857	37.6801

65.89568
22.53075	12.93561	69.24518	0.7056579

52.46015
82.08211	49.37554
87.78191
19.97028
84.37605	24.42667	19.66654

41.6305	62.70711	31.38688
3.574996
32.34154
86.42093
4.266415	30.93038	16.25186
1.882759
44.29156	70.09753	59.44831	2.203629
41.95117
44.3606	3.684536	2.22537
57.70209	23.66629
48.02602	35.01276

71.4898
27.40694

10.54294
20.95594	39.93127
41.57377
51.07197
14.51954
18.88825
45.80475	20.16863

68.21481	60.09866	56.207
85.93065	37.86275	17.30422
85.71809	83.85758	13.28587
37.90026	82.79003

42.45124	55.01059
2.019542
87.16995
87.72099	1.863186
19.46623	53.18487
88.77012	70.14868	50.02241
38.43536
82.89216	88.609


48.37954	41.15394	36.6957	17.06865
39.47665	16.62087
4.705348	61.02014	86.1302


67.22163
45.07425
63.63319	87.65118	4.612321	42.67671
84.49192	62.22603	25.75059	41.5998
87.49957
3.002776
35.96366


49.35538
11.91103
64.01835	26.33735
4.909949	61.93835
63.52578	34.15707	53.95113
52.87086
87.66061	34.75994	86.90723
1.56091

85.72004
85.61681
84.12901	54.70827	3.206566	60.23605
84.23859
13.89031	38.70654	35.01061
28.99158
25.79775	19.90802
42.66941
34.96569	64.52374



3.908225
63.3255
85.12594	39.66508	60.96419

86.02184	40.01379
85.13723
1.685151
65.09147	50.70976
86.53897	55.35458
36.76553
37.30613	76.64053

3.578424	75.29762	85.27008
88.50294	48.03575
21.36187	8.71006
37.66175	57.55657	54.6657
87.07041

38.54748
85.25596	80.57823
36.70395	0.1238535	40.34587

29.75172	53.76641	39.56358
64.64175
20.54433	41.94156	36.31934

81.01069	42.42686


54.28665
19.97642


33.54016	82.99572	8.457282
87.1029
20.88731
30.6437
85.24798
86.08705	52.99661
88.37131	61.71549	45.26951
20.90126

28.77277	63.89923	18.10059
2.883765	53.81969	2.474861
39.90763
18.06876	1.858224


28.76031
28.14518
88.07622	42.80123
20.08541	48.4253

65.36135	53.42305	63.94994


25.67199
57.29673
25.56244	39.28859
86.01755	85.07375	39.45893
89.12213	42.83004
84.12931	40.41529
81.82351
48.29236
82.65231
44.22362
20.31325	32.21064	38.64147
86.13481
41.60159	59.17032	34.94373	8.969287
61.32584	46.71141

86.79174	18.82058	62.61839
42.86119	1.507447

78.87876
82.8866
85.96598	55.6856	30.53369	53.34178	88.14294	77.23988
85.92901	24.78648
41.27513	8.41851
31.94641
81.979	40.12642
88.10522	7.840693	37.81463
83.07198	53.48344	40.33428
83.30676	75.50186
33.68026
45.33727
30.95421
38.65268
84.34659
40.14524


41.2638	89.66892
40.94917
87.69665	29.55789
85.76694	39.07154	28.27291
86.63306	25.83975	62.11971	73.76157	47.48122	4.182326
85.23439	0.3808964	62.84281
85.28377
19.03365
19.32467

81.7859	33.12084	85.16746	41.12315
3.236663	35.79889	14.6635	0.5986683
64.23659
88.73233	70.42555	59.80007
85.57154
85.79523	59.40476	40.42266	86.18552
83.62472	43.47724	74.55079
18.78048

62.1978

11.60256	59.39376	26.25934	45.62985
83.3103
53.36932	80.82521	78.26176
89.02048
83.10823	31.88554
88.46408	53.60912	63.07846
86.68822	80.60751
86.74316	63.80575
85.01411	78.58941	57.11824
87.39667	48.34171
84.7323
89.09937	31.86992

39.50863

4.160179
35.31383	81.98234
31.09505	88.0997	88.88193
62.65821	42.58691
88.79725	35.24476	43.51521	25.06524
17.93949	80.65295
26.32071
38.2081

1.717516
73.01158	53.51878	43.38512

36.6234
2.704161
13.81038	38.1851
65.39923	1.701231

27.96373
26.714

42.61458	79.76304	21.17301	12.91216
0.3930762
24.39707
3.64617
31.13984	81.98132	41.08484	3.355953
17.816	37.90475
17.18983
50.59094
87.05069	31.20727
34.96275
17.23164
86.06683	72.80229	52.40378
84.26717	45.47072

5.909632	50.47461	80.38234

85.06367	63.19205

86.28191	48.34207
33.55945


39.14511	61.19988
30.21902	20.81748
85.24918
89.08808	71.08571
89.02253
42.17141	80.30011	62.18695
20.29712	65.67661
40.56933

43.98989
52.97047	12.49338
87.32318	2.651094
57.14171
86.91015	45.36064
49.00595	28.69013
64.64123
83.58974	18.24172
41.61366

85.46728	18.73802
35.56231
54.1544


87.21053
29.9633
42.03309	29.58037	68.43392
2.063729
0.5924719
40.64922

86.156	10.01796
23.2926
82.22826
2.867798




44.35102	1.021613


86.56385
87.98994
87.98994	78.41215	19.49845
86.06938	83.09399	53.91096
84.51067	35.60916	75.87658
87.01274
86.62074	64.84953	21.93539	29.03757
86.24885	39.21339	38.82586
85.5024	80.30425
84.41153	89.0122	34.46585

82.89795	37.84994
2.585325	1.591759
88.81745	54.94367

32.38606
86.14396	87.75347
88.73195	0.8088072	40.98194
37.16821	86.83114
52.45693
87.53844	34.70795
88.53784	46.00814
87.32612	41.13065
88.47644
0.9955442	63.50514
8.122062
41.84937

32.78354
39.3674	34.04532
28.87157
75.94135
25.74021
0.6188028
81.77407


53.52713
12.95431	43.14038	19.23189
6.459023
82.77322	16.85922
40.15807
3.348525
38.89156
34.48111
3.180082	78.97355	88.31372	84.57714	52.91713
86.05069	25.92031	74.49978
86.05069	4.056652	53.33291
86.72352	57.47939	7.018427	16.40846
88.9912	55.68689
26.91647	79.25162


40.38213	7.647866	52.91295
2.475444	45.10123
34.02855
20.07979

42.05282
54.29308	7.726432
65.1255	29.6403	52.41273	61.1266
40.76614	29.85366
82.14485	80.7685
32.79531	48.85786
88.73221	13.48489
85.81843	21.14558
82.94786	42.54829	28.76864

37.40867
38.59942
88.71583	60.40267	83.23084
84.01645	46.72181	25.91723	29.10696
64.67479	19.73111
63.77998
63.77998	53.63284
64.80792	54.12072	35.79131	60.96442	73.20135	27.92224

32.90365
41.44512
26.44336
89.23473	54.04468
88.83034	54.69038
53.55163	42.52637
81.66659

85.90224	36.06284
32.4769	83.3662	61.68264
12.22516	61.41423	37.93683
26.27711	39.83522
64.62867
62.09964	40.54805
0.1124546
74.82764

38.06596	20.33803


86.21545	39.57103	87.63936
86.21545
34.34885
35.29412

80.2159
30.09562	67.87085	40.92661
85.95891	64.70741
85.41223	37.19433	74.18456	64.65627
0.8762554
