SurvivalProbabilities
0.6862901	0.4272576
0.5042946
0.4030526	0.4745991	0.7540024	0.9000339
0.792127
0.3657595
0.2317051	0.3557288
0.297004	0.7530758
0.2130629	0.5118188
0.4037943	0.9117331	0.5735554	0.7226491

0.6072197	0.707276	0.4786884
0.3688107
0.5228962	0.9271129
0.3972081
0.2042942
0.5193882	0.5535866
0.2546215	0.5856565	0.2674625	0.7974414
0.4873494	0.4030564	0.9919353
0.4354373	0.5682327	0.9990754
0.7273604	0.2520381
0.7024371


0.3514024	0.5374224
0.789191
0.2461537	0.1141549
0.6400954	0.4973882

0.7911284	0.6221021
0.0992395
0.809141	0.5946144	0.9463023
0.4984374
0.8052885	0.4193976	0.09318051
0.2799726
0.2460363

0.4217712	0.6181575
0.07245203	0.881109
0.2900664	0.7215556	0.06163938
0.5550435	0.8314348	0.640554	0.6840345
0.8653401
0.5141023	0.5875364

0.3049811
0.2684315	0.8175025
0.8454438
0.4859762	0.9388641
0.6252855	0.401488
0.7371244	0.6205767	0.751127
0.3864031

0.9251673
0.2654667	0.7478738	0.7790651
0.3337085	0.509214
0.4598582	0.8397512	0.6500247
0.604651	0.724089
0.6977456	0.6719523
0.2848063	0.5501297	0.63675
0.2298725
0.26153	0.01776625
0.4155291	0.3914875
0.6353382	0.5502632	0.6305068	0.4085896

0.8873969
0.7269731
0.6088878	0.7281577
0.4958161	0.8142741	0.6329541


0.5953323	0.8262909
0.970324

0.6031203	0.5354797
0.5406384

0.6907827	0.9937657	0.4787289
0.5040353	0.686044
0.5684718

0.8052019	0.5225831
0.2938778
0.6385734	0.5109558	0.7439091
0.7921466	0.530589	0.4619698
0.4302697
0.8780283
0.152317
0.3377045	0.7942819


0.9316014	0.798031
0.6251466	0.9903969
0.7356711	0.621844	0.9157077

0.9861331
0.736843


0.4231309
0.4972962
0.6313401	0.8933502	0.8027765
0.8953116	0.9774287	0.6761182	0.8774987	0.3502217


0.8520677
0.9429203	0.8304621	0.5682305

0.8543427	0.3534602
0.6806334

0.8165429
0.6197841
0.222134
0.8590477
0.722001	0.5675267	0.9345168	0.1859794

0.6920349
0.9342346	0.9434689


0.4882648
0.7170303	0.3674624

0.3226797	0.7658371	0.4144371
0.9464892
0.6808162	0.884349	0.6957636
0.5974682	0.7773235	0.4040848	0.7583205	0.9945096
0.7943259	0.8179679
0.5984394	0.4066	0.5259179	0.3033536

0.7261108
0.2583288
0.7030385
0.8064562

0.5142201	0.5285492
0.2438567
0.6687081
0.1614038	0.7675765

0.8405127
0.8973686	0.7936208	0.877098	0.6480617

0.6112264
0.972611	0.9124129
0.595845
0.08995995
0.9748192	0.555358	0.5752543

0.0908175	0.2839255	0.7733828
0.06871693
0.5530483
0.428393
0.3275785	0.7534609	0.8473704
0.8269131
0.4263709	0.998149	0.9376248	0.4060369
0.9667749
0.8734718	0.4164777	0.3420758
0.8480437	0.9254211
0.9693161	0.7283576

0.7909482
0.4686454

0.9969162
0.4420463	0.2266848
0.3970702
0.549598
0.3136332
0.9294388
0.682672	0.3111023

0.8739711	0.5219458	0.9498899
0.3191641	0.4674232	0.4172021
0.4381774	0.8309281	0.7213761
0.3912619	0.9468364

0.5792073	0.4173595
0.04440249
0.8014502
0.5319666	0.6416867
0.5177656	0.5030803
0.2738185	0.6620144	0.2743793
0.4846759
0.6541613	0.74575


0.8459192	0.5827023	0.4206587	0.6269441
0.4396014	0.316365
0.7122479	0.5475532	0.7608809


0.942081
0.5534137
0.2627161	0.6044309	0.1586483	0.4317278
0.2973623	0.6550813	0.9715398	0.7296427
0.4695623
0.3911738
0.2472165


0.5256687
0.7672639
0.4972869	0.9456839
0.5114935	0.538298
0.4080647	0.4015088	0.3297306
0.5876791
0.609583	0.3962095	0.4656244
0.7289704

0.4808312
0.1815546
0.177741	0.4304381	0.7583717	0.9872197
0.5905139
0.5307305	0.8467324	0.4413496
0.7955243
0.4107061	0.8930283
0.3797676
0.7395968	0.7743567



0.1994773
0.9238544
0.387456	0.3519064	0.6340391

0.5695117	0.7106473
0.5175608
0.9196576
0.8499329	0.5731047
0.5384659	0.6777765
0.4802905
0.5477499	0.7604701

0.9336614	0.9099484	0.8780253
0.4501857	0.5202479
0.4676112	0.3092658
0.6423503	0.7158348	0.6280073
0.4065861

0.542173
0.4718542	0.8563565
0.6745297	0.9608471	0.9456195

0.7892122	0.8056419	0.6223624
0.776962
0.9928554	0.6641603	0.4351973

0.6722041	0.9269454


0.7289662
0.9345472


0.9022709	0.5468548	0.7860162
0.9869614
0.722172
0.1857908
0.3540582
0.3984833	0.2580506
0.9243328	0.6328927	0.563263
0.9206808

0.8868009	0.7994828	0.4173316
0.3555967	0.6933309	0.6214837
0.3429531
0.7504554	0.04333405


0.7840364
0.8675835
0.5850296	0.6531436
0.1253124	0.6044445

0.6210104	0.5000695	0.7119105


0.3016574
0.5437002
0.7460828	0.5315778
0.7125805	0.3909729	0.5366643
0.4233599	0.3540151
0.7448654	0.5537697
0.8434895
0.6681221
0.576745
0.9136285
0.09733239	0.9094942	0.6276637
0.4957219
0.724428	0.5286939	0.3860114	0.4471807
0.81853	0.8966944

0.5131059	0.2217534	0.6217953
0.8780697	0.8386598

0.6837363
0.5118041
0.5358791	0.5759046	0.6144141	0.477825	0.7725814	0.910241
0.4012823	0.4021565
0.2171665	0.04308694
0.6961954
0.3384085	0.5154015
0.5201116	0.1429505	0.372216
0.433061	0.3178134	0.492818
0.4081905	0.8733938
0.8197857
0.5534942
0.3393695
0.3267249
0.6114713
0.9317884


0.2835604	0.8695251
0.418284
0.6613159	0.7547805
0.4683719	0.6115048	0.6052279
0.2872141	0.6950966	0.9138653	0.7128067	0.5734884	0.6436428
0.3317665	0.5590884	0.5768402
0.5150678
0.1601141
0.9977918

0.385396	0.614365	0.8305003	0.4530075
0.03981067	0.3516399	0.8646975	0.8587299
0.9692849
0.3278286	0.7955412	0.7567782
0.2385738
0.7223682	0.4948981	0.2592801	0.7137215
0.6398077	0.5857251	0.9762116
0.1677746

0.5159599

0.6994179	0.9524986	0.4580439	0.5217646
0.8682978
0.5165159	0.9475065	0.6453829
0.6183202
0.8947861	0.8585462
0.2927957	0.2442191	0.7859566
0.278263	0.8650795
0.2806771	0.4714329
0.2086474	0.4984917	0.9097432
0.105893	0.6459343
0.1193037
0.2549951	0.598572

0.3896084

0.8454302
0.7757039	0.574552
0.5572258	0.8684522	0.7187516
0.7999761	0.3745465
0.5477384	0.7883795	0.5382238	0.2337217
0.2073426	0.543847
0.9139653
0.5486828

0.6735163
0.7464794	0.5643765	0.9131536

0.674092
0.4590978
0.8014899	0.636053
0.4858264	0.3098038

0.6028685
0.9420622

0.6708582	0.9126149	0.5020121	0.5390986
0.4551172
0.9528605
0.1863102
0.201372	0.5304608	0.8156516	0.03405796
0.5313921	0.4017785
0.8311975
0.9225182
0.5799031	0.6695088
0.6210577
0.2998994
0.2985744	0.6826645	0.5400613
0.8920734	0.3528923

0.9117967	0.5811749	0.5635131

0.4990627	0.9142252

0.5129333	0.8133597
0.8939179


0.5945294	0.7731238
0.9126063	0.5517856
0.5426331
0.2760335	0.7823849
0.6415121
0.5377129	0.9832314	0.7825739
0.8588547	0.9806286
0.2899595

0.9265762
0.6320446	0.7778671
0.3425398	0.2309294
0.5011055
0.2947731	0.2879593
0.6739191	0.4376708
0.7124611
0.5307543	0.687663
0.4223105

0.4411925	0.8135535
0.4507538
0.6058718


0.4516935
0.768319
0.1988076	0.8103992	0.6160538
0.6638253
0.9086025
0.4345308

0.9472818	0.7336721
0.6233295
0.6864393
0.7696247




0.8514289	0.6925675


0.3357983
0.1950341
0.1660018	0.5960306	0.6087689
0.4180139	0.2504067	0.6645684
0.1823537	0.5612655	0.7524524
0.2950429
0.2363833	0.8812239	0.4467224	0.5652133
0.2347706	0.9862152	0.5220619
0.3088248	0.992427
0.4542214	0.2963924	0.5122926

0.7325772	0.9402677
0.05040381	0.8790162
0.6822154	0.542915

0.499079
0.3034796	0.702681
0.6660229	0.9106387	0.7433805
0.3675502	0.5485848
0.5146021
0.2891058	0.6043124
0.3436132	0.7679392
0.4029604	0.1390513
0.3350685
0.4598891	0.6100823
0.5887436
0.2618815

0.8193095
0.3824839	0.830355
0.8221849
0.9370156
0.9166509
0.1297144
0.8871407


0.6514148
0.8900252	0.9156601	0.8492622
0.9837926
0.8278101	0.5824819
0.567087
0.4582718
0.8623373
0.3542314
0.9991837	0.7589654	0.5450301	0.9039816	0.3608104
0.191968	0.7811011	0.548961
0.2724751	0.72988	0.7107369
0.316306	0.5076529	0.6862791	0.5728931
0.4329153	0.5699511
0.7782837	0.8126199


0.647501	0.878213	0.5616093
0.5625341	0.3544206
0.3540785
0.9690403

0.5216049
0.6640701	0.9706762
0.5631216	0.9147425	0.6969226	0.6820063
0.6389953	0.9078517
0.7674494	0.9523491
0.6774367	0.5176914
0.4444327	0.7645445
0.2716869	0.4419359
0.5781172	0.4209971	0.9323314

0.4549092
0.3038239
0.617295	0.609865	0.7961168
0.2186043	0.6447115	0.6177917	0.5977961
0.6787813	0.6952778
0.1903714
0.1983688	0.2132546
0.3134143	0.4223742	0.2031519	0.9234693	0.7827404	0.8590549

0.4513711
0.5550416
0.901809
0.5067276	0.3192038
0.4422425	0.2454431
0.7918778	0.4169635
0.6278654

0.8131735	0.2391261
0.3388965	0.5504776	0.8898087
0.2586506	0.8293632	0.5625769
0.582274	0.9598498
0.9568088
0.4099578	0.847574
0.8663083
0.4205367

0.5562028	0.304634


0.5871288	0.4072982	0.6617588
0.2073889
0.8802046
0.208044

0.9038092
0.8449745	0.955382	0.6933067
0.6202667	0.8443904
0.4778483	0.4934334	0.7988235	0.9050244
0.4134764
