MassExtinctionTimes
72.96235
54.93181	17.26431	71.53214
121.9208	84.44541
1.341455	69.75846
129.3743	29.57416
129.3063	14.91657
129.2335	59.09109
129.3885
129.0814	72.91865	102.794	100.012
129.4519	111.5799	44.54396	127.5193
129.3888	99.38778	35.98471	70.80123
129.3888	118.148	12.87368
129.4547	129.9814	15.79979
129.6973	82.26171
129.3044
129.3718	2.846388	71.93006
129.4313
129.3391	44.33755
129.5256	26.88699	69.85221
129.45
129.45	73.51081	29.17226
129.45	72.62022	50.83213	62.32839
129.1953
129.1953	72.27253	12.18452
129.1313	109.0104
129.4178	78.54745
129.4178	6.225183
129.4421	117.9919	81.5063	47.1871
129.4421	63.40695
129.1621	73.62262	70.39943	51.94545
129.4991	69.55063	3.428543
129.3811	19.15906
129.3811
128.0338
129.2534	64.96283	20.5741	72.81147
129.2119	75.01088	45.48813
129.638	118.479	9.02199
129.0274
129.3007	18.99072
129.4587	2.527355	121.1612
129.4587	72.88479	71.28043	124.0299
129.2135
128.7958
129.4139	128.8597
129.3547	3.963092
129.2365
129.1736
129.5347	105.2459
129.4639	99.28509
129.5672
129.3437
129.4434	0.2436482	48.17687
129.5569
96.58397
66.89919

36.30104




14.62055	2.195094
128.0754
64.90152
20.99914	19.20831
55.57188
41.89665	10.17087

66.49749
129.2855	0.5365328
129.3534
129.5349	44.80334	118.362
129.3599
129.4207
129.4207
129.5825	74.96901	43.99633
123.3551
129.5644	124.91
129.2461	127.9966	76.29732	6.644592	0.04123527	36.99156
129.2059
129.451
129.2314	75.6722
129.2869	17.64696	6.079085	70.07116
129.4438
129.4657	101.7975
129.4135
129.1267	124.7062	73.52526
129.3344	4.681357
129.4441	115.2106
129.3946
129.4728	99.8367	64.8229
129.3025
129.8445	115.1341	124.8573
124.6557	60.33287	117.1267	88.90483

28.83981
72.54279	89.43623
66.55082
49.80491
52.23169	27.58116

130.0396	19.96118
73.48824
78.10661	17.16949	93.63312
62.43005

72.68746	58.40958
129.0832



35.74464

73.02831	64.0082	38.61129	124.7669
46.6896
2.82206
1.909363
43.61191	62.2869



91.87616
125.7419	16.0345
49.28607
78.68995	101.6039
57.7168	5.088322	4.76794
72.25475	128.0295	69.19405
73.0692	9.0654
73.99394	129.7444
22.30885	48.63836
63.18707
23.03207	73.30978
2.443956

10.4434	4.733322
26.50359	8.813043

68.85425	39.54654	0.03707776
8.381014	8.231754	72.74134
3.33905
62.5209	37.41931
71.62194	89.85333	45.28312
115.9775	36.49771	116.5216
54.55164


126.6489	72.22493
129.3725	83.16309	27.52239
129.5839	40.05671	72.36811
129.2183	71.86111	17.44873	51.12463	10.83175	66.7273
129.4053
129.323	4.489893
129.4108	3.487301
129.1587	115.9101
129.4252	74.36043	105.8011
129.4319	77.22763	115.5102
129.3565	101.2022	117.808
129.437	107.8254
128.9448	85.88838	129.4474	15.64167	54.76974
129.1608
129.504
129.5468	72.5705	33.68294
129.4387	93.69294	19.81422
129.5002
129.0269	2.475202	82.50524
129.9888	22.16974
129.3568	73.02567	3.129498
129.1778	117.9867
129.3602	52.55507	117.3128
129.2706	38.32273	18.64865	3.31771
129.4496	108.5871	48.99459	72.40108
129.5711	3.677026
129.4204
129.6588
128.8862	74.75394	84.99253
125.2946
4.384834	0.2383128	101.748	48.6475

120.4741	74.80313
72.63709
36.32505	3.69881	69.03353
73.23972	101.4412

83.96856	37.30944
60.24417
122.9777
73.09724
9.88832	1.038327
9.218074
36.21195	17.163
5.629655	64.12678	70.75869
129.5104

64.06254

51.23359
49.99159	2.506492
58.78531
27.7219
129.2067
74.44305


72.53898	17.86406	91.04069
57.81217	56.14636
71.55847	41.43255
69.7742	87.68653	8.263094	31.08988
1.123876

43.20086	119.187
71.97381
53.18591


10.89813	10.85797
70.3101
21.9083	67.33839
81.59337	9.04394	6.345892
103.0061
68.51681	74.40521


72.4644	130.6712	2.753498	103.9555	53.58747
60.29984


6.730619	17.56011
75.80915
29.82071	67.0038	37.32862	37.31268
101.0863	46.81283



130.05
127.38



74.35132	28.24613

63.2307


14.49793
74.8512	86.23516
73.16905
28.94205
45.06704	18.38596

2.257343	110.5322
45.29862


45.41932
91.8101


115.9667
70.24369
67.35445
31.62861

89.833


48.85854	86.78746


35.76032	80.34897
1.953718	6.75988

129.1555	24.39826
129.1555
129.4101
129.4101
129.4446
129.3155	114.5259	66.99911	89.50628
129.3598	124.5504	84.31599	61.11208
129.3355	130.6547	74.97486
129.2119	83.28326
129.3957	118.259	111.6586
129.2272	72.18234	7.206946	49.09284
129.3024	58.95132	72.24333	17.09311	25.03949
129.3128	43.47751
129.2124	113.8057
129.1678	59.02626	15.86115
129.3702	70.76457	21.73385	66.43263
129.107
130.0545	89.21337
129.3677	71.20555
129.3748	113.9523	76.49924	21.66325
129.567	86.5462	8.640775	57.19767	75.68755
129.567	55.10927	11.1651
128.8454	119.163	63.19522
129.4507	41.60216
129.6254
129.5345	36.61532
129.3506
129.1743	70.52004
129.4417	64.97992	72.58406	68.12113	121.4406
129.1081	124.3609	89.43245
129.4239
129.2772
129.4407	61.46108
129.3657
129.3657	121.7594	71.70046
129.3657	63.80671
129.4531	64.29862	64.7146
129.3794
129.3098	86.65212	34.48242
129.4487
129.4487	117.0709	73.82966	11.49754
129.4487	71.56821	54.4019	110.7838
129.3927
129.8768	51.33993
129.1742
129.6514	20.5438
129.3958	53.5945	9.155634
129.3958	122.0557
129.3958
129.3046	22.88419
129.5421	13.6341
129.3836	67.00036
129.3663	117.5061	120.6182
129.3492
129.5822	74.1182
129.3227	69.11285
129.3694	124.9676	72.67321
129.352
129.4418	110.7622
129.4418
129.4418	17.48495	51.86811
129.4418	73.96898	119.7316	6.28446	38.54636
129.4418	37.689
129.4555	90.40891
128.9029	127.6205	34.67854	73.33366	74.14882
129.5443	68.55609
129.5443
129.0303
129.3661
129.4656	25.81342
129.3847
128.873	72.50471	48.53361
129.942	74.62065	79.54622
36.33215
128.1241	93.36129
128.2046
129.0763	72.53664	106.3337	0.4342739
129.3171	36.27177	71.70728
127.5852	130.8205	3.155979
129.2482
130.0281	54.07225
129.6088	0.2867139
129.2733	51.04088
129.4479
129.4479	7.311278	71.98532
129.6431	64.65725	124.084	89.64724	0.4371499
129.4708
129.4708	81.42434
129.4222
129.4222	70.37939
129.2738	124.4856
129.585
129.4307	56.38297
129.2042
129.2042	64.26349	86.61275
128.8054	23.15258
128.6147
129.249
129.4396	0.64015
129.3366	52.13328
129.4522	70.20448
129.4522	124.6109	55.5034
129.5007	117.0421	73.64838	108.104
129.5007	40.30453
129.3943	121.6797
129.3988	50.24296	32.99
129.3988	74.23323	87.42127
129.3915	71.50528	54.07
129.3915	82.74404
129.3915	67.36841	82.59173
129.5796
129.1993	122.3569
129.8413	121.5702
129.4282
129.3674	2.369003
129.4244
129.0304	89.328
129.8973	129.5213	66.5421
128.9154	121.9584	72.62001
129.1562	78.54483	42.91085	100.5937
129.5604	121.0682
125.6599	129.4659
129.224	84.78526	29.70209	130.2675
129.0702	25.0482
129.5693	124.6004	26.74541
128.7647	71.57856	7.010965
129.3452	38.84747
129.1962	129.0187	69.95965
129.256	2.331549
129.4281	121.4689
129.2699
129.4627	74.51663	44.7987	98.15558
128.9818	49.18796
128.0584
129.1804	74.60374	122.9955
129.4114	3.282625	38.28404
129.4114	65.4519	61.29727
129.8545	72.25745	11.13997	58.65224
129.4143
129.4179	74.61896	65.72159
129.4179	72.1568	38.25108	119.3684	120.8265
129.3457
129.2822	64.81281
129.3221	51.32046
129.1011	74.77806
130.0187
129.4291
129.4291
129.4522
129.3042	69.71334	73.85666
129.208
129.466	117.9969	0.485998
129.4497	70.77106
129.4497
129.4702
129.215	5.144614
129.215	74.97589
129.4746	118.328	99.51183	73.7874	29.75238
77.21622

57.0314

1.533233
126.8968
80.19525	39.17637
71.87213
36.12292	17.01303
79.17352
25.96755	9.697718
124.3645
61.79473	34.11371	82.68241
66.83858	89.84505
72.81057	54.92668	0.8768571

80.06587
74.52089
66.84708	64.43437
115.8529
29.32107
112.5755	68.06185	91.80909	16.96732
74.13668
63.61545	99.06834





76.55352
70.0665
47.24019

113.7586	84.2917

57.65439
10.59027
71.93575	58.40565

71.03527

74.48557
6.622823
81.60714
129.0133	66.6665
120.8501	130.469
32.16235	38.89783
48.63619	17.59127	68.8515
28.07342	13.8392

8.715278
70.74601	32.7858
124.0634
18.78321
0.6613335
4.251594


0.2407254
74.31085	46.09245

54.58815	39.6548	72.47548
125.2289	64.8199
99.63874	75.0764
75.19909
24.69651


75.33527	27.27491
120.0793	51.66483	73.4389
110.6607
44.30427
73.99207	37.28857	84.79164
84.63302
63.65411	16.00685	74.83105

98.57496
101.8215	117.7403
68.45037
66.17464	74.65083
73.743
1.388284	2.535984

59.30786	92.23247


89.18837
47.10348	98.42212



1.161892
73.89399

73.01297
111.3605	94.53002



56.70423

72.78307
55.49985	41.31329
50.69869

72.6808	9.015074
106.7457




16.73685

129.4962	125.0472	48.38663
129.551	30.81684	31.63826
129.2612	73.73984
129.4344	70.37624
129.1487	61.13158
128.39
126.369	77.39427	11.78249
129.4456	47.26982
129.4456	70.91738
129.4456	121.5208	42.23354
129.4295	121.6648
129.4658	44.72457
129.504	31.61881	58.74246
129.2197	124.1276	88.24986	69.63919	60.2492
5.993557
115.5453
17.54269	129.73




9.647289
36.63549
16.66966	90.59416


129.4171
36.90834
0.8790643

56.97601	37.59586

55.34833	34.47467
128.4603

71.0686

12.66456	25.24159
129.3734
129.5009	9.807258	0.2139627
129.4398	28.11814	45.60099
129.4398	17.92953	84.23083	25.6683
129.21	125.0637
129.4046	69.00325	37.4342
128.7761
38.7587



93.55711

75.24198	115.8101
110.1495
125.2956	60.33034
116.8669
12.02033	72.22201
6.677409	73.449	36.729
10.6823

69.82281	63.95841	32.28917
72.95739
7.941874
68.8457	66.48057
28.54171
52.79933
33.9922	63.74176	32.6883
11.95166	124.5796

129.3756	105.4088
129.8542	87.25445	13.0545	27.70277
129.1467	71.96524

96.98829	76.89287



17.5049

69.5115	128.2398
73.13609	33.95417

30.93502
5.937264
89.97619	17.52399	3.900425
78.09825	26.21876
131.2167


40.7257	74.33244	44.12378
17.6447

45.04814
70.12377	36.533
71.43373
68.9576	6.177086


73.39488
75.14524	50.82562

0.3932785	3.287074

71.22559	77.14051

116.9576	2.310512
24.24103
3.567725
11.43481
18.93934
73.43701

13.54739
39.71149
60.04794
83.0887
93.49189
43.39034

129.9522	73.18371

69.82673
77.76732	100.3758

39.50423	72.8071
97.26143

34.41441	73.85893
19.12466	44.32892

58.69875





130.8672
130.0405	72.60522
128.616	106.7912
127.5095	129.3676
129.1323	17.18457	90.05364
129.9157	125.3627	71.81647	84.82939	113.6972
129.4593	53.28833
129.21	82.93442
129.4275
129.4275
129.2719	0.6469411
129.4288	54.0059
129.4597	71.69618
129.9064	1.003954	10.63038
129.2638	30.3724	35.04684
129.4105	52.61911	5.168281
128.7731	16.55328
129.3474	33.98005
129.3652	19.52174	39.08317	62.77428
129.3652
129.3801	118.6665
129.3801
129.457	73.79477	47.69842	44.56746
129.457
129.4736	42.60147
129.2188	74.00738
129.2188	73.21124
129.4765	74.19858	20.69528
128.8528
129.1626	54.45382
129.6801	74.19901
129.3189	74.31686	49.09747
129.2453	73.60413	68.26042
128.9266	71.6426	90.24475
129.3259
129.4663	73.11872
129.5619
129.1972	20.52826
129.5799	12.1619	14.92287
129.4363	6.847923
47.76802
72.09397
14.48968	87.40532
73.40232	30.96679
121.952	81.1307	57.27392
1.288749	23.33033


71.45617

12.55174	47.86554

112.2174
72.63571
62.69265
8.693833	18.47041
126.8395	100.6307
70.65093	68.61352
27.27862	12.99906
7.142169

46.1185
55.04904	97.88099
2.332763
3.694462
96.20222
55.18954	5.873746
125.5606
74.18102

89.33281

36.61792
61.1166
45.4114

10.53953	89.95663
40.27539	46.10854
73.15923	9.750618	65.30155
31.34245	0.005000267	71.87536
98.74313
35.41488
70.81973
38.03938
125.3539
72.49866	126.208	2.021969


16.91127	26.84003




10.42306
129.4523	69.19179	45.45708	12.95991
128.1699	70.32993	70.53291
129.5252	111.7712	66.23203
129.3499	74.47435	48.06357
129.3499	11.86138
129.4097
129.2964	60.87449
129.5232
129.2535	125.1802	60.06694	64.13728
129.4323	63.76896
129.4323	47.04377	70.22552
129.2005	17.46472
129.0884	54.44857
129.4787	69.52418	61.0579
129.2638
129.4092	79.87758	28.00541
129.4051	3.598556
129.406	53.47842	109.3241
129.4509	12.95088
129.2827	121.5707	25.02399	128.9074	39.3993
129.4965	48.86155
129.3931	45.80648
129.3648	99.90443	30.4014	128.0232
129.2317	121.0687	15.58931
129.5768
129.087
129.5563	120.88
129.316	69.68139
129.5909	118.2766	49.44973
129.468	60.9577	44.38722	77.72659
129.3473	71.02715
129.1755	5.470974	10.26106
129.1264
129.2961	49.24727
129.1513
129.3831	54.2572	34.9644
129.3904	2.890881	56.41292
129.4622	72.42573	44.07937
128.7071	84.76291	76.5399
129.1044
129.3262	85.41343	59.12414
128.9661	130.7333	51.80568
129.1997	73.36546
129.2263	63.29133
129.0228
129.1503
129.3013
129.2074	122.0826
129.2372
128.5043
129.4041	72.73855
129.4041	121.6617	32.47821
129.1505	89.90147	63.34949	35.11476
129.5384	72.33525
129.6953	73.2808	55.84302
129.8292
129.5326	72.5952	123.8644	70.61591
129.5326
129.4047	90.3726
129.4047	73.83591
128.8082	74.45275	114.6846
127.9439	18.47904	101.3312

4.144874
23.98243
98.61731	76.2415


72.55589	44.32689

68.81733
71.18504
37.6776	18.33757
91.63424



69.97906

73.90894
67.14963
119.132	33.87858	111.7882	20.47435	85.53791
126.7084	85.56563
129.3061	47.76964
84.96453
29.2735
8.472167	94.84308
8.297927
15.74923	74.18012
59.9373
61.46327	13.72278
1.965837
9.845028	126.1694
71.07662


128.2021	71.88773	95.87991
16.49727	0.02347724
67.68318	117.626	97.66499

74.26076
0.5053247
73.48033	129.9126
30.99275
70.96805	15.51497	41.89301	31.33249
87.12883	82.6265	65.24545


112.7895	15.80342
43.29746
83.20976
3.976451
56.98846	24.47851	104.1365
130.0169	76.60861
72.19755




97.75066
74.33597	48.25192	35.84191

118.0957	62.4353	36.50739

125.3236	43.0615	59.99568
56.23099	71.08117
21.62917	119.1696	4.759519
62.4378
4.992642
69.20979

42.11961	90.39362
42.10462
19.05227	77.86712



25.2626
79.80825
90.89332
16.89919

86.75685
71.16215
39.3684	7.397023
30.53348
70.95914	10.75439
66.875
129.4431
129.4431	74.10778
129.4336
129.1322	11.07075
129.5106
129.4162
129.4544	74.44964	44.20808
129.4989	118.8467	12.47545
129.4166	73.87693	118.5895	14.84515	35.44128
129.4166	117.1898	55.50917	71.33759
129.4166	39.0379
129.2668
129.3951	73.66052
129.3951	129.8173
129.5806	55.21744
129.0953	75.17919	12.52381	1.953485	92.58243
128.904	60.79191
129.5271
129.0786	56.64264	54.2106
129.4253	6.96782	110.3996
129.5672
129.3985	103.8853
129.0243	124.3466	11.84816	30.71702
129.1385	119.5608
129.3959
129.1924	50.57343	74.27126
129.1187
128.6896	73.97971
129.2164	31.73174
129.4113	62.27407
129.4113
129.4191	73.72098
129.4191	59.68447
129.4191	12.67769
129.4408	74.73445	55.28903	35.06059
129.4408	47.97962	26.83387
129.4467	50.7091
130.0718	40.51683	30.13485
129.4283	7.013994
129.1657	73.73467	57.92928
129.2117	62.33687	11.25718
129.3185	91.76322	66.35828
129.3185	41.32541
129.3794	53.44715
129.3991
129.2202	70.78134
129.4241	61.11507	82.16872
129.4241	31.52706
129.3086	71.66902	35.6517
129.4026	69.8382	31.7099
129.4026
129.4026	9.845262	44.14566	17.02377
129.5478	34.68651	68.41031	122.7556
129.4117	83.49461	10.28043
129.4117
129.3818	120.4016	44.05152
129.3557	122.2197	69.05116	9.324853	3.29086
129.3557
130.8224	112.1368	75.16484
129.5951
129.3183	40.51028
129.3639
129.4227	58.11146
129.4227	74.61294
129.4227	74.08215
129.4227	21.96168
129.3778	121.9197
128.9052	49.62593
129.5918	44.99621
129.2434	112.2222	34.66237	2.445447
129.4163	16.55398	73.02803
129.7314
128.7675	74.28677	42.54908	89.00613
129.4984	54.05075
129.3055	76.99936
129.4694
129.4381	33.00263	17.21168	55.69294
129.4381	74.46878	38.84182
129.4381	72.93309
129.4192
129.5501	20.29089
129.5588
129.157
129.6586	91.86376
129.2219
129.451	74.59961	71.54692
129.4726	81.68025	105.4097	73.78063
129.4726
129.4446	78.92561	11.4393	126.3868
129.2153
129.4003
129.4107	52.84415	57.27774
129.4107	2.58919	19.07471
129.4213	119.0777	11.46731	96.66025	15.70744	3.238947	36.69408
129.4213
129.4213
129.1376	56.1295	22.29372	118.5742
129.1652	71.65568
129.5856	8.815689	69.34574
128.1752	107.3145
129.3811	67.08503
129.5736	14.80193	20.81383
129.2366	20.60931
129.3782
128.7451	82.76771
129.319	94.41444	110.7918
129.3674	4.269606
129.3035	57.33034
129.3843	52.28912
129.3843	72.15292
129.5575
129.428	9.492472	72.24858	51.00094
129.2058	124.087	122.2543	101.9117	82.36076
129.2058	111.6012
129.1949	73.85307
129.3237	72.50566
129.1776
129.4283	122.9741
128.8915	3.588756	129.6264
129.4422	54.65386	86.14573
129.4765	73.4676	35.29755
129.3583	71.15685
129.7315	74.45905	88.7447
129.2743	96.82257
129.4163
129.925	124.4556
129.8606
126.8077	36.91333
129.3677
129.4287	64.90307
129.4287	74.18383
129.5388	64.79701	69.37517
129.4425
129.4425	116.9929	75.61176
129.4425
129.4425	120.972
129.4439	2.541193
129.4439	68.95858
129.4439	12.99588	54.87349
127.4925	57.17402
129.3953	74.16036	122.7559	60.72101
129.318	14.76116
128.8901	58.64809
129.1626	71.04064
128.1805
129.391	121.0709
129.588	122.4545
129.462	48.83612	72.06889
129.3982	64.64143	56.17196
129.6179
128.5875	39.29826
129.749


118.3608	16.19346	35.14807	89.71114


70.93478
117.5663	36.89931	29.37341
11.20777	69.97224
73.72855	11.39831	3.912218
49.95742	55.98549


53.98299
74.1366	45.12179	116.8785

12.12315

50.95793
103.7723

10.40201	102.3931

70.91533
74.10481
56.04035	46.51499
62.45731	17.21161


57.89831


47.75993
40.02002	83.17842	98.87207	82.42426
99.20714
70.09111
71.9941	19.84714	17.83265
72.43786
49.18625
70.96577
9.237949

53.6432
72.02218
64.38198	3.012274
71.95677
73.16296	70.32687





61.15558

76.01497	74.11024
86.05492
3.312837	125.0611

121.2629	26.85932
96.80586	0.3573969

28.99017

48.41127
74.01083
66.74303	2.644403
128.2324	70.78443	125.8477	68.4266

109.3091	7.96609	15.71261


44.22306
7.964772	70.66217
73.99298	35.63365
79.50223	129.1155
9.633632	80.49802



15.5074
122.0189
86.26684
49.1116

101.1074
127.8624	8.878234	11.66619
129.1728
129.4512
129.4512	72.08988
129.4512	15.50071
129.4512	9.396246
129.3518	92.62093	51.28527
129.4515
129.3656
129.2746	80.38891	22.67192
129.2746	69.68452	30.24808
129.038	20.87676
129.4292	53.98291
129.0461	90.05286	55.90941
130.0673	24.55498	45.84294	73.96174
129.3127	70.06693
129.4367
128.2049	129.5588	73.65603
129.181	74.48379	2.656327
129.181	129.5859	129.8947	97.10251
129.2303	36.90117
128.8528
128.1994	74.23121
16.15806
84.67403


42.81067
127.7316	28.10909	91.58579

53.79697	14.432
129.8373

38.79971	57.5527	18.82542	108.9841

60.71393	19.93998
125.2807
47.13766
41.83403


54.51661	62.27314
76.75044
72.7276	60.41076
19.71938	8.453776
5.795815




129.3757
129.6647
129.4898	57.60011	54.0684
129.225	3.5879	28.09696
5.364572	3.750152
23.20059



10.86233	89.87467

35.29935
0.7442866
115.5056
124.4444	87.68905


51.95811

69.66849

72.07348	14.5191
74.66137	49.7438
84.77198

74.3946	90.25959
7.605407	69.41648	52.46975	70.21277
34.0186	34.78607
74.42369	4.455035
128.8319	31.58016	64.68318	31.77522
129.3633
129.3861
129.6697	73.41636	1.496668	72.61649	32.73621	68.86028
129.4247
129.4247
129.4237
129.3675	76.42427
129.3675
129.456
129.269	54.7237
129.458	60.89075	60.46054
129.4451	25.07088
129.2874
129.423
129.3564	2.354321
128.9855	7.44424
129.3762
129.4067
129.287	4.518914	18.72609
129.2035	72.38841	117.1405
129.2035	74.43783	119.7767	122.9701	69.56951
129.5235	64.65994



10.45441	114.27
27.28599
69.81008	16.70559
2.701782
1.715752
60.16302	77.08198	122.9429	9.984154
72.82861
63.23099





72.83032
10.41375
73.38215	3.315363	67.46429
56.30155
0.26041	25.93182


75.41155	73.27199

130.3501	50.81333	26.53675




40.59931

72.48186	32.67959
74.64342	32.45944



115.8102	73.94956	10.3315	108.5996
1.088127

129.1565	30.641
129.4313	75.41165
129.427	69.27436	121.1304	101.4858
129.427
129.2767	37.02307	67.50175
129.4351	39.18897	54.66852
129.5191	15.56458
129.407	74.28647	130.9466
129.407	16.63028	6.644204	68.93959
129.9196
129.8451
129.6903
128.5168	72.77498	115.0455
129.3578	74.45413	16.1895
129.7199	110.0365
128.8882	15.91533
129.452	55.67808	73.7333	109.6361	112.8218
129.2632	9.477189
122.1749	128.5995	40.32483	68.86944
128.1595	66.89868	7.070014
127.2544	72.53511	25.5745	66.70192


72.05248
22.52357	87.21831
79.93528	130.0298	35.64764
124.9654




74.3974
129.7254	126.4475	73.5831	10.17898
129.3764	71.45087
129.3683
129.4141
128.8533
129.2181
129.1449	17.65956
128.7393
129.3636	66.23874	82.6832	34.84377
129.3016	118.2366
128.7684	105.3181
129.4643	73.73758	120.0227
129.5665	9.438834	74.96271	63.40512	57.05511	79.16369
129.2038
129.3217	76.17316
129.4202	24.52774	21.17719	15.68674
129.4202
128.0543	105.0558
129.3554	5.669181
128.639
129.4058	5.153526
129.2888
129.0495
129.3872
129.3966	68.12048	122.2444	82.73925
129.3966	90.00847
129.1702	44.22355
128.7951	71.45005
129.4725	127.9502	73.32647	105.6185
129.3918
129.4554	55.1763
129.3821	66.94957
128.8957	102.887	15.97635
129.6895	17.12966	54.26568	64.19678
129.3707
129.3428	58.0871
129.4545	5.644138	111.2543
129.2707
128.7705
129.4905	124.9738	92.1339
129.4401	44.9397
129.4468	36.5737
129.4096
129.4096
129.4096
129.1727
129.3562
129.1426
129.4655	126.8939
129.4667	84.94628
129.2941	97.83608	41.77801
128.3086	74.68284	0.09862329
129.3148
128.3829
129.46	68.78132	120.3274	55.50345
129.5468	10.8179
129.5468	69.0317	31.48562	71.62317
129.545	125.1115	71.34962
129.0225	73.82766	31.52343
129.4698	71.51669
129.4613
128.6623	71.83819
129.3652	86.79499
129.3652	73.34825	3.966708	121.1984
129.3652	71.49448	88.1509	60.40081
129.3891	57.09428
129.1662	85.43709
129.4259	120.3496	99.23689
129.4259	122.0608	74.29963	70.7088	43.30782
129.4259	6.758475
129.5827	42.81324
129.3615	72.85342	127.8766	84.41916	22.81132
129.5681
129.5194	69.36247	64.51684	0.6034263
129.5194	27.11063
129.1607	59.55511
129.3695	75.70168
129.2691	73.6146	38.28448	51.08731
129.224
129.4301	3.368745
129.4301	92.22205	42.54222	49.82173
129.4301	54.83601
129.5002	125.9004
129.4277	31.97977	39.69649
129.427	72.57637
129.1944	58.53231	32.80732
129.1944	73.83411	34.81711	17.3904
128.9135	45.11346	101.8718
128.6261
129.4633
130.851	72.49633	4.080878	13.7607
129.3695	35.31351	96.15287
129.848
129.5716
129.3999	53.76311	86.7254
129.2345	39.10584
129.5743	118.0599	64.22205	72.58551
129.4637	74.13321
129.0983	81.19156	65.59329
129.4296	85.85558
129.4296	71.46402
129.4296	67.00501
129.4148	117.8568	23.64884
129.4486
129.4176	74.04447	30.36217
129.4176	92.24564	117.4917	7.442728	63.20028
128.2873
64.34596
52.10172	31.56755
116.7208
49.7252	45.02723
97.58434
130.8544	77.20205
72.37364	23.96606
125.3631
128.606	43.60397	7.403107	65.54767
129.2513	83.36096
129.4498	12.80586
129.6844	70.18425
129.4437	70.23983
129.4437	17.9309	69.35887
129.5535
128.9087	2.011185	89.1026	1.926756
129.9119	45.85747
129.574	34.85734	10.79425	74.95705
129.4981	80.73369
129.4356	122.9786
129.3911	72.25857
128.9386	31.47421
129.3937	71.75221	70.48349	65.72659
129.4262
129.1966	51.75888
129.3165	116.8761	87.95464	49.82681
129.1326
129.5692	119.9363
129.2095	125.0422	39.61553	54.12794	124.5714
129.5687	14.67953	19.52003
129.4225
129.4225	16.47736
129.3324	72.26613	42.47946	74.15484	124.14
129.5629	15.799
129.4102	0.6880445
128.1804	61.09203
128.4507	1.907578	57.42331
129.5037
129.4107	0.1626947
129.3976
129.4153	34.00004
129.22	47.29291	60.4005
129.3244
129.3244	44.23325	76.17227
129.9197	116.6495
129.4891
129.5123
129.5815	70.75319
129.5706	120.8118	59.71484
129.4481	11.85076	71.64288	18.81316
129.4481	72.54461	61.27379	6.944784	11.32392
129.094	73.09986
129.3343
129.3879	27.31909	122.9017
129.3424	33.38543	68.88794
129.4542	50.03256
129.4542
129.2443
129.3833	70.39967	66.77594
129.2741	71.34764	48.28087	42.9074
129.132	57.74503
129.2216
129.3971	54.88984	100.3517	87.83041
129.5033	116.3638	3.848231
129.3557
129.1941	108.5275
129.1941	100.5087	60.55463
129.4409
129.2495	78.54192	2.641478	34.37044
129.1251	20.57082	47.60101	3.016127	32.05151
129.0921	46.00665
129.4484	0.4980497	87.27043	71.34563
129.4484
127.8577	0.4721453
129.1632	76.81943
129.8015
129.5857	125.058	19.91999
128.3843	74.01432
129.3146
129.3966
128.2525	73.8707	59.10421
129.4485	34.46472
129.4485	34.29373
129.4485
129.4485
129.3019
129.3622	73.43651	9.078062
129.3514
5.496387
11.9746
58.55955


33.6451
8.902359	73.68393
74.13158
46.78762	52.16168

39.09873	69.7199
128.8931	29.46782	28.77373
26.80617	52.76992
21.46472
45.71012

96.09295

35.86485
54.8996
72.15442




129.1045	55.38038	0.3702539	43.58812
129.4145
129.4321	56.21763	38.74641
129.0815	51.64999
129.2152	17.71367	26.59179
129.5328	70.34984
129.6414	77.80401	51.51699
129.3858	1.34307
129.4535	29.95971
128.6444	0.7186526
129.4241	12.34129	70.0392	121.3755
129.4241	11.45642	52.72575
129.3297
129.3297	71.60536
129.3297	53.99454	84.26593
128.9663
128.7737	55.95783
128.9094
129.4531	0.6369268
129.6257	115.2907	31.67712
129.3632	43.97036	100.9759	1.426776
129.2654	70.03469
129.0591

62.81475

49.57933	42.79799
18.69205

122.4679
31.51625	118.4202	62.5312




52.44566


60.21224

58.43465
69.58098

69.51063

99.98761	62.17072
41.70954
80.29654	85.55923


121.9548
128.4733	37.12778	11.33054
126.9109
128.905	85.41703
129.1112
129.2218
129.4668	66.60154	78.92858
129.1972
129.3035	86.77181	59.41979
129.3681
129.4735	73.04061
129.4324
129.1927	74.13517	106.8241
129.4905	67.67041	4.707048
129.2216	39.74401
129.3952	0.2375144
129.1827
126.4312	57.88888
12.12996	19.18109
27.70718
62.20115	8.135654


4.292131
18.73281	116.5343
17.02747
112.5785	57.359

72.64854	13.07522
130.0369	40.37316
129.5677	9.282932	76.56243	52.13426
129.684	86.25061	0.3390001	100.8401
129.2237	74.48326	5.474169
129.2237	74.12741
129.4763
129.4599
129.5255
128.7873	17.14984	81.69838
128.0624	91.98991
129.4422	74.42983
128.8517	51.74973	125.3947
129.4382	70.49552
129.0781
129.4593	19.11528
129.3231	81.10538	45.43733	118.8392
129.4218	125.663	73.49233
129.5969	79.74562	81.59133
129.7229
129.0009
129.253	1.396286
129.199	122.413	11.27935
129.3181	129.0058
129.4027	87.9981
129.4015	118.6305
129.4015	24.18405
129.4015
129.4015	71.87884
129.1275	26.54391	64.73063	127.2144	46.10622
128.0201	121.7715	54.23991


11.876	21.68136
15.44356	51.97869	121.0292
124.4149	7.078382	74.11645
38.58292	24.37612
117.2444
115.4154
74.5312	82.98015

10.46713
74.1235
51.6088	99.54582	21.84241
56.20223
48.05173
72.30603


129.9284	73.09239
40.61435	45.5328
72.47017
72.31342	88.014	78.80616

65.58918
22.37922	51.74105
121.5458
130.9957
48.30612
118.2571

53.90375	78.22221
122.99
64.942
47.48114	43.29545

48.42134


27.17078	124.5284
59.46275
72.49647	124.313
34.25977	121.1839	10.54455
51.32355	77.72181	59.12545

71.51813
48.94714
76.52868
6.524338

69.03006

44.78594
39.92331

2.037417


57.92303
104.2776
30.96081
1.930369

129.5205	53.00907
129.3577	53.91111
129.149
129.1516	59.11655
129.459	115.5539
129.3637
129.4184	53.34463	1.39601
129.2211
129.4421	122.3233	89.17429	14.77947
129.4421	81.60288
129.4421
127.519	129.5321	116.0613
129.9069
129.1663	16.96283
128.8907	73.63283	73.58913	3.298198
128.4413
129.7072	22.85528
128.2174	74.79181
128.2085
129.0933	12.13799
129.5474	15.3696	59.14598
129.4385	69.01157
129.4036	105.9219
129.4351	121.1633	3.871428	43.72248
129.4351	19.01656	112.8704
128.1549	12.09207	49.54246	98.988
128.9592	73.5109
129.3044
129.8592	127.9171	55.42378
129.1924	115.7408	71.90983	70.94771
129.22
129.3876	15.27652
129.4306	67.31084
129.404	70.39019
129.1544	29.99078
130.0164	59.04736	48.4237
129.2575	25.42735	108.3863
129.0122	72.24671	126.6521
129.3055	75.44265
129.0525
129.4298
129.4276	46.55923	13.62808
129.4562	10.64017	73.52952	12.57446
129.3423	51.91963	49.24218
128.1856	72.76071	82.97248	44.33151
129.2276
129.2018	94.49498
129.1186	30.85077
129.2037	121.6962
130.0651
129.5747	110.1177	81.5288
129.4355	74.36774
129.5587	61.59929	67.03987	4.793221
129.2185	124.4362	1.834463	69.04592
129.4027	70.9931	66.96349
129.4955	26.30139
129.1176	124.3633	29.68856	54.57585
130.0028	48.46884
129.7038	17.29774
129.1928	0.2406855
129.4596	116.3384
129.4596	57.64705
129.1007	10.92477	1.046475
129.1007	71.52087	113.2233
128.175	75.22372	90.68252
128.886	12.15896
129.4012
129.5763	35.26858
129.435	120.6477
129.567	121.2357
129.4722	9.051403	4.500138
129.1728
128.875	74.06781	111.2436
128.7031
129.5032	70.98052	49.86145
128.6604	69.62376
125.32	56.8487	51.92841
129.4204
129.4204	55.00016
129.4204
129.369	121.9654	84.51666
129.5695	120.1148	58.68481	115.6061	71.68294
129.815
129.3431	74.07675
129.3899
129.4163	74.07862	99.71572
129.4163	35.9518	78.32046	72.11203
129.4095	119.0106	33.00347	20.70885
129.5324	122.393
129.1747
129.1747
129.1747	80.37964
129.433	73.78044	52.00483
129.4318	74.50914	45.36967	7.474805	55.8673	20.62298	66.77159
129.9585
129.2934	121.5004	71.53081
129.3775
129.413
129.1888	48.96006
128.7678
129.3293
129.1016	123.6127	70.1814
129.2084	2.015363
129.4608
129.2841	90.41627	33.92462
129.0655
129.5545	26.42988	84.50435
129.2052	101.7323
129.3049	46.12422
129.4406	4.248177	120.8366
129.0793	86.20865	74.42288
130.0713	121.6281	66.54538
129.2498	71.04108	2.408816
129.298	73.92566	124.381	69.27218	34.09884
129.3274	56.4166
129.4061	73.2781	35.68792	35.59209
129.7204	62.55531
129.7204
129.5665
129.4427	74.29936	7.387728
129.4172	0.7610342	67.56295
129.535	52.45669
129.5738
129.3168	55.14825	75.80752
129.448
129.448	74.01035	51.9238
129.3286	19.33013
129.2512	55.57412	12.87058
129.4346
129.3846	73.75982
129.3846
129.4083	34.4566
129.0046	120.2462
129.5733	55.70944
129.6474	32.17558	10.86018	89.93998
129.3952	46.37728
128.9675
129.2158	72.66502
128.689	122.3151
128.8101	61.09006	121.4412
129.4333	41.7943
129.0441	126.9775	16.85921	39.52772
72.45641	34.12187

105.9107	108.1255
60.13354
28.52877
6.624323
55.12467
128.1986	74.29869	35.10357
129.1874	26.62899
129.4982	37.64326	68.83986
129.4273	43.74464	57.40091
129.3578	33.73529
129.3578	124.8813
129.4563	26.55329
129.4563
129.2891
129.4277	74.19352
129.5676	35.17116	0.4792314
129.5676
129.0744	69.13286	11.88286	37.47244	42.73059
129.346	49.32989
128.79	118.189
129.2033
129.5483	81.26623
129.4453
129.3843	85.08402
129.3843	69.22192	68.50164	43.14116
129.3076	3.796003
129.3076	75.55276	106.3312	83.07605
129.3644
129.3644	53.9851
129.0733	74.62746	111.4265	91.02522
129.4434	32.9345
129.4434	65.39648	40.97478	29.94799	49.17579	76.88814
129.4434	77.58725
129.4434	71.19624
128.4502	120.1491	72.78552	2.023939	98.51859
128.7885	10.39476
129.3417	27.12356	60.02526	4.884281
129.4262	130.1131
128.5503
128.846
129.2328
128.7561
128.5215	58.7375
129.4606	6.720451	14.37671
129.4555
129.2331
129.1606	71.36005
129.3658
129.2958	112.5319
129.4829	28.98537
129.2927	123.9596	16.73854
128.5148	64.75602
129.4859	90.48706	66.11732
129.5184
129.4619	83.06715
129.4737
129.4424
129.6859
129.4249	27.98443
129.1955	52.31753
129.4149	16.31908
129.324	47.80123
128.9667	12.0316
129.281	77.34123
128.1824
129.0662	83.27231
2.504668


56.02486
4.601972	10.96939
5.275584	39.65382	1.805023
123.7674


50.70756
72.69677	88.73255	27.8664
84.25501
74.67101	113.9221
121.2381
129.3957
129.6787	121.4038
129.2252	74.73156	78.535
129.2252
130.0788	72.92473
127.9803	53.15348	86.57121
128.8864	37.37919	77.57633
129.0932
129.1425	43.79464	91.75156	61.87167
129.4498	118.6392
129.2326
129.1796	75.11717
129.6053	124.1235	1.417546
129.4521	118.056	36.20352
129.4521	71.31985	91.95244	71.92375
129.4521	112.1393	25.93161	70.1348	4.933529
129.0812
129.0238	27.99728	39.02147
129.4675	73.21792	116.0137	35.99868	7.037484
129.3495	65.85805
128.2081	73.42479	54.12636
129.3057	121.1843	44.75079
128.1308
129.5921	118.4247	54.77695	73.86966
129.5978	94.15619	51.02733
129.4166
129.4166
129.1058	32.92003	17.86805	117.0754
129.4485
129.441	3.836637	69.91787
129.441	73.79844	2.791093
129.441	72.25746
128.9216	69.96189
128.7942
129.207	73.85176	60.59382	117.5101	30.11072	62.39723	68.02761
129.5275
129.3906	61.84719
129.2299	78.67393
129.0728	53.50025	78.97138
129.9547	15.99843	72.83788
128.543	75.1253	36.24891
129.1915	124.5157	71.38687
128.7589	54.85054	39.31612
129.5121	78.87383	44.14658
129.1371	130.855
129.433	6.39132
129.4224	4.980824
129.3192	69.63596	10.63271	22.2514	120.1772	35.28615
129.7311	42.50862
129.2139	113.1029
129.4257	62.55731	0.7933683
129.4257	70.93661	17.74801	84.47721
129.5647
129.5647	49.23187
129.6223
129.1076	74.35375
