ExtinctionRateChangeTimes
24.62648	22.2859
6.146908
18.83471	17.08375	12.15629
3.645889	6.537738	16.54649
15.53129

17.19644	20.13404

6.219267
16.52387	2.197241	14.41316
12.19864	5.529751
20.19084
14.20039	19.06318	13.29131
16.68042	24.83858
18.00004	23.88104	15.37376	21.61238	0.7336386	16.05893
9.500854	24.16986
3.875641
23.72308	7.597614
6.520643	22.63461
19.9677	25.93032	0.05239743
12.44937
7.973425	24.56478	10.24778
6.559019	20.3546
0.3261871	10.39263	11.61974
26.13882	3.740436	8.213863	2.852325
11.64011	13.62714
9.367287
10.34494

3.386511	19.54477	6.003384
26.94394	16.81702

3.847291	19.68442	14.10228	8.590815	9.286749	14.05069	20.07584
16.54644	4.525134	22.85319

2.695155
19.8098	2.994865	2.786138
6.708497
23.32053
12.80742	5.388699	3.615415
25.57614	8.247672	24.25906
18.37102	2.039423
21.19103	3.541207	20.51796	17.3822	15.01582
1.801909	12.65324


22.9143	13.82971	1.324464
24.56391	18.15984
5.279286	20.36985
3.771641
6.097134	20.48047	4.25867	15.11034
20.23866	5.00029
24.51316	4.281001	3.810837	22.95622
0.8914301	7.513635	23.8073
23.34077	1.614213	19.36684
21.22368	4.770637	0.5361166	27.50987	17.375	3.13653
15.54482	19.29095
13.39894	8.250282
2.70525	9.351886	27.6292
13.00609	0.6788084	6.696736
17.18113
20.50919	14.45186
13.37577	20.68856	3.30295
5.801944
1.945288	16.23604	22.55342
25.63894	20.63065

7.703549
28.13086
28.06611
2.243193	20.24011	7.1173	7.32607
24.08094	15.60763	16.81495
6.420955	0.6131144	2.586844
3.946743	23.66616
19.38109	0.2348582	25.99916

21.11931	17.10256
14.79243	26.29436
14.57253	15.5985
20.3448
7.380141	0.502181	17.74782	11.24767	19.42146
27.70821	23.50277	24.30641
26.81326
14.85879	23.58245	21.22958
11.24012	1.082028	4.940917	3.113192	11.10601	23.8486
3.695586	20.05296
3.343823	24.42284	0.7285401	5.797931

5.810585	4.423793
23.89103	22.44778
17.03018	24.64827
0.1872995	15.70034
26.86606
20.53032	18.44211


7.164266	1.467583

22.65497
5.754882
5.025212

12.40203	18.44496
18.41988	8.46059	19.42869
16.14195	14.67822	24.53031
26.49443	15.26959
24.10907	13.58105

13.76604	27.99412

12.00267	28.10828
7.874891
21.27401
1.398468	4.175065	26.77157	20.67748	10.12944
5.011485	13.27984	14.80317	10.09518

13.09872
18.31503	16.17231	6.74173
18.16002	21.49459
17.30445

8.170861
0.6020966	23.53175	7.685907	2.234588

17.24509	18.63781
21.86389	3.475256
3.61234	22.40628



9.930722	13.19946

20.13157	8.696382	15.27272	12.36573	19.73964
9.499457	27.91172	8.822382
14.7967	27.24007	11.24857	28.21902
21.71079	7.568569
0.3795229	12.03114	7.516267	2.294613
18.09676
24.13638	6.065849	14.29124
1.239685	23.70232	23.91003
4.273285
19.26413	23.0068	8.056281
23.23378	11.63394	9.797415
5.47725
24.84571
21.22964	21.65963
16.96371
18.56193
22.55197
22.41741
6.413073	12.45136
28.1575	6.197838	13.07893
24.76129	9.932166	3.721074	6.384986
10.27049	10.54377	24.88262
18.02428
28.3335



19.06358	15.29627
22.77893
24.41537	6.29764	1.675265	7.591771

9.088808	11.22976
23.37676
1.989915	3.583359	13.76492
10.34659	3.606755	20.59535	24.42008
19.4208
26.41442

14.60611	0.9143134
0.7643215	27.80896
8.211893
27.18084
1.142323
0.4669715	14.42105
26.66646	8.100676
7.115788	28.2909	17.11122	18.5997
23.30295
11.17421
21.57767	26.3862
18.85761	9.719771	24.26756	19.68537
14.63614	24.80575
25.27009
25.94287
7.94266
7.472086	26.68743	9.44466

27.41151	10.00728
13.77511
11.86294

15.91541
2.575226
7.636756	22.70517	27.39266
16.43967
24.7331	11.46261

20.63337
3.666952	16.91298	9.077553	21.30212	6.819036
22.22157	21.1585
24.01279	25.64632	1.299768

18.94124	16.3421
2.794471	21.50331
27.10344	6.233722	3.980973

1.968782	10.22379	15.14052
17.65408

1.076249	17.05556
3.008912	25.07458
7.198526	13.46026	23.07325	18.16387
20.44883	5.156499
17.65594
13.9829
20.01342	0.7846304	20.70184
15.68445	16.06741
1.786674
24.1154	6.754247
3.74749
17.46707
3.778132
16.38279	10.37817
11.92494

6.888141	16.85221	6.859262	20.18435	18.52688	0.3698732
22.64453	28.07918

18.26341	20.29983	4.710209	20.4354
8.354144	13.1244
12.51332	1.587448	1.287342	22.43232
17.89262	4.089463
23.85708	27.92843
1.968276	20.45031
21.6419

10.33996	1.197858	4.408634	1.408653
14.95731	13.08045
4.490794	18.70271	0.814128


15.89401
8.763817
12.01002
11.70928	27.3608	19.54668

16.80498
5.115348	24.94682	26.34382

12.95847	17.70495
7.149611	13.86393
15.51857
14.01738	20.64482	20.90045	14.14048	2.579347	9.982569

4.64841	0.5716257	20.04285	3.104518	10.23049
27.62324

0.5658345
8.414239	14.00949
8.343735	2.210742	14.57096
18.20509

11.09238	5.452087	11.31381	1.337867
2.104983	26.35532	27.8298
12.91025	19.50947	7.962161

24.76879	17.83967	0.7043727
14.31333	22.80083	4.09066
11.74814	8.333156
24.6065	12.28575
27.32537
3.935817
5.58008
23.55141	24.852
27.45807
10.78092

26.23966	18.25084
15.91073
3.520501	6.257529	21.53068
6.580328	4.011811	0.1407997
1.814288	16.97504
24.84359
17.8593
15.25336	18.63893
22.84633	10.28083	26.59473


16.99678	12.41804
18.07885	24.50875
18.11707
5.1068
11.22748

16.80809	22.92559	28.01233
12.4922
19.28191	0.4899585	26.20378
1.363341	23.55415

19.77618	13.91292	16.66792	1.824936	25.80429
8.53697	26.98823
12.06508
20.57115	27.9909	10.95997
3.012759	17.50889	26.6964
16.51908	14.74795
5.958698	17.63659
21.94166
18.04816
22.38795
18.21405	7.956326	27.59404
17.91803	6.301226	19.8334


19.28494	20.42003	6.206315	22.72091
3.662213	17.55319	12.60516	26.85571	26.32589

7.355284	4.410542
27.68728	19.42555
13.20345	4.133642	22.13642	9.710927	16.11768
26.75928
19.2415	15.1563
20.73374
17.27855	7.830093
18.25775
15.47808	9.535428	0.7733631	10.38544
9.066458	16.31945
15.8824	27.69761	0.4565831
14.06107	19.30539	12.42793
12.22296	13.04396
19.1303	0.06919161
24.37307
24.80338	11.38845	25.30112
6.749825
14.87814	9.53046
24.20207	3.254122	19.79394
16.55256
8.735707
22.68168	21.41216
16.67955	23.01658

8.855738	5.393315

10.83554	27.82688	10.59273	4.067919
15.85255	0.2908169
3.605133
19.2904	27.01481
6.583506
7.13287	20.2223	26.39997
5.010339

0.3530065	8.34882
22.44294
13.95209	26.10015	24.41448	4.703774	3.560611
0.09630262	24.13112
21.97579	18.46277

26.09417	0.2545965
11.6647	22.45446	7.65017	11.34722	25.42177	4.838668
22.31215	3.528433
6.911121
19.01047


1.137404
24.436	0.4120793	2.465624	19.93757
6.130175	6.242936	7.765734

25.42423
20.83816	20.57837	7.020612
0.3996723	14.4716	26.88581
0.8431076	23.29772


1.245282	21.71023

20.89212	15.29869
23.7799	17.73327	13.98073
9.094171	26.92305	28.25584
4.941936
10.09887	2.025111
5.542833
25.10479	15.61974
5.471217	1.977742
8.566586
9.126371

11.38915	6.651173	2.165889
27.47855	5.770237	23.05495	15.87401
4.757983	1.52377
10.8225

14.97401	2.731681	23.38405

17.16022	10.07128	19.03625	19.07495

23.2807	28.0125
26.02801	7.219501	21.24364	5.886673	2.132768	3.71454
7.018129	15.18419

8.350754	16.22608
19.25642
7.784901	23.16178	26.00998	25.87572	25.42223
0.2612969	13.91955
24.21979	21.32053
8.388795

10.21094	9.425429
24.576	19.23649
4.837764
24.37835
11.72565	11.24522	5.697973	21.19328	12.79002
24.14783	0.06028306

24.59395	26.42489
9.64918
10.80524	3.543708
24.52658	5.1852	27.5489	24.5049	13.9637
8.539493	18.56855
19.31898	21.27244
18.7695	22.80528

20.33697	4.357031
15.39352
12.68357	25.62613	16.64781
6.963522	15.47973	10.5658


6.305896	9.79947	15.08483
12.76208


12.20093	2.306759	11.16812
24.756	4.733302
6.778546

16.67418
7.223816

5.642301
27.16058
18.46467
2.240168	13.41983

10.19924	1.874659
16.34258	22.97556	12.72011	15.14446
8.595596
8.141117	9.426754	26.49518
28.38362	1.042205

5.076873	16.85389
11.00126	4.541176
25.2418	19.03205
18.66986
17.90913	23.51958
6.282299
14.11304
24.09571	17.3347	0.2455971
18.5705	15.18295	22.18057	3.973582
8.492306	4.916027	21.47982	12.18222

27.77382	10.64696	10.28458	25.90424
15.90056	2.910367
9.493125	28.13756
4.852483	19.32823
12.07699	23.57597	13.25859
26.31093	6.696963
13.28881
6.326493
9.660727	9.812616

1.411461	6.014043	7.917131
23.9937	23.43893	25.15978
9.839118
26.92935

22.67491	1.805225
20.24437	17.02504	10.73778	9.993366	5.901101
6.061613


22.25965
2.34909	24.27954
13.04743	27.8901	25.10429	7.537357
4.422722

11.57948
1.902365
28.06133	11.4107
4.767751
9.701526	22.34708	28.33097
1.083483	15.10879	15.80536	3.544825
9.247099	26.48301
11.20774	3.877007	27.657
2.428811	17.83195
22.01314	14.47956	25.35989	28.36582	19.14532
28.26206
2.732307	5.330617

2.630515	8.793599
14.62059	3.239697
2.44515	9.715793
10.64887	21.80827	14.07815
17.4758	4.727999	25.47721	17.48757

1.247033	19.74945	13.39076
20.14679	27.98936	19.00126
22.115	19.50111
10.53086	7.510043
5.238468	20.89795	18.78742	24.4835	4.181076
20.85627

21.96928

3.630959
20.60261	22.7367	20.24021	21.57061
20.00646
20.60178	8.594645

16.69221	25.73746	25.16227
13.28487
4.362189	1.884589
18.95325
4.066619
25.36043	4.527211
12.998	16.9165
18.49355	21.05888	11.0404
14.13086	15.95734	24.88488	25.1509	14.18339
15.05563	4.125766
14.98765
10.93977	8.741402

20.00527	22.11083	4.774869
17.79113
2.927811	15.2296	18.04655
1.108214	21.18636
26.65932	5.18869	9.147327	21.30764
4.583877	4.424193	3.27657	1.095504	28.21355	2.878655	14.48117
3.269304	27.13504
19.26985	18.88884
27.77849	14.47365
6.626313	17.85917	27.02228
17.32216	19.26856	3.172737	19.40376
19.56608	1.318356	24.19187	24.77645
21.84712	16.87788

5.42069	19.78761

0.3526545	13.37117	7.730685	27.78894
0.4528953	20.99587
11.97807	17.47973
9.286722	15.42452
9.982921	19.74322
17.41283
11.73105	24.39886	22.67133
21.00633	23.04451
2.55228	9.951624	20.09354	16.0294	27.75008	27.08371
17.57578
15.83184
5.381866	23.78206
4.873559
21.61072
22.98651	16.2656
18.05249
11.01463

9.868897	3.043824

23.16598	14.59523
0.8203991
22.82807	21.99031	15.96323
14.17381
26.97918	2.771003

7.529003	4.236966	6.187384	27.45974	6.997016	12.94541
15.15829
18.5724	8.592416
27.7076
10.38829
13.08784	5.673685	1.692343	28.25841	7.222262
25.79923	1.133764
8.934792	0.5770186
15.42651	4.646278
6.645893	15.86073
12.86567	22.17771
26.9963	2.193766	15.14667
13.07183
7.321809	27.82284	12.16643
2.980502	1.176383	12.34494	8.514146	5.473004
13.35815
