SurvivalProbabilities
0.5089813	0.9099458
0.168936
0.4736921	0.4962001
0.467905	0.6925126
0.1916915	0.808192	0.7014097
0.3372749
0.8887075
0.9344905	0.8613156
0.4758234	0.5732672


0.2712921	0.51807

0.5231486
0.08308993	0.8368693	0.3073541	0.7626085

0.6736565
0.886258
0.611033	0.8498184
0.7662216	0.8679087
0.45121
0.8992808
0.9719548	0.2156166	0.4491589
0.6968801

0.7147882	0.5482153
0.7236253




0.9674328	0.9733109	0.8870572
0.7626116	0.01367226	0.9501843
0.6604065	0.6765404
0.9934285	0.01773916
0.9227901	0.9740258	0.3911421	0.4912139	0.3732602	0.1958235
0.566996

0.1798672	0.4718905	0.03385915
0.2975132	0.2665438
0.1891354	0.09798466
0.4417451	0.3476001




0.09559657
0.3376349
0.4963989
0.3991734	0.2506213	0.8759152
0.4250452	0.1560425	0.7657924
0.4014715	0.5868014	0.8107252	0.3467269
0.6236783	0.1379319
0.6541109
0.1925378
0.2450844

0.6655281
0.9798651	0.1162276

0.1946168	0.4302718
0.387399	0.8606283	0.4445576
0.1320513
0.8841124
0.5627135	0.07806333	0.3019403
0.6049982	0.2886775
0.4246774	0.6320749
0.7792715
0.01743154	0.08442237	0.7757587	0.9333544	0.8958845	0.6832879
0.8992219
0.6963695
0.07443532	0.703869
0.7938845	0.4247474
0.2272115
0.6819095	0.06068701	0.5773986	0.5035311
0.4588579
0.01965963
0.2843475	0.7663783
0.4283406	0.1370013	0.2892092
0.3810259
0.6915491	0.04520405	0.7765516	0.7751982

0.8182368	0.02153373	0.3067567	0.4085222
0.6950628	0.4684074
0.5708522

0.9977265
0.9037771	0.3524727	0.4101817
0.6705299

0.4449175	0.2214652	0.2247561
0.9679479	0.7028633
0.210428	0.7535721	0.2271997
0.8541911
0.7928001
0.8378619	0.7532821
0.1206237	0.2376399
0.6627774	0.7267858
0.6437694	0.6732792	0.1936875	0.5055746
0.9294772

0.5235441	0.2005892	0.07897291
0.2642346	0.8199643
0.0392984	0.8802937
0.6199053
0.4258185

0.2927413	0.5669485	0.2367705	0.1802595
0.9059937	0.3185216	0.9236533
0.6862559
0.7130917
0.1764442
0.2728462
0.3656312
0.4387252
0.5294102
0.04777768

0.9524428
0.05879909	0.7622598	0.9803994
0.1636343

0.3848379
0.6399147	0.5502664	0.5517008

0.7485007	0.5910492	0.1232092
0.6040443
0.328307

0.2979385

0.2478488
0.6368044
0.05274071
0.2754601	0.2932598	0.3113161
0.5449547	0.6903683
0.8283715
0.9747688
0.7117414
0.4388662	0.2456371	0.9569087
0.2427785	0.3272511	0.8581399
0.182805	0.1518085
0.6216955	0.008021681

0.4091578	0.6262246	0.8773839	0.5931086	0.943688
0.8887585	0.5456251	0.9686107	0.7176372
0.5497549
0.4385002	0.2818854
0.6068121
0.9892637	0.8604716	0.5878351
0.5205018
0.5945008	0.03508988
0.7775495	0.7342947
0.2381776	0.1276438	0.2165331
0.4406524

0.989536	0.9511488
0.4161748
0.1381782	0.9190114
0.5922844	0.9419269
0.007625508
0.600993	0.2692185

0.5422135	0.05710484	0.9844799
0.2941763
0.2577947
0.9294488
0.549872

0.292263	0.4658612

0.2342492	0.8308066


0.4718059	0.9417566
0.4766916	0.9393786	0.4996483
0.2835372	0.4096349
0.1607968	0.1998982
0.7061311
0.2627791	0.9400318



0.8642373

0.4928491
0.8190526	0.5308668
0.4655688	0.3269504	0.7470948
0.9738755	0.5278989	0.8390337	0.2768173
0.8251329

0.03671311	0.4706943
0.2704017	0.4365022
0.001363839
0.6358982
0.8312964	0.9574152	0.9255702	0.3517857
0.823247	0.4349278	0.6188845	0.4360977

0.4255646
0.1517062	0.9812934
0.8950364	0.8045034	0.01678031	0.8265584	0.7631075
0.03019502	0.4308208	0.5408219	0.992158
0.05623791
0.1066195	0.6851935

0.1554022	0.6795506	0.8857126
0.6808063
0.003711113	0.260696	0.4069089
0.1576363

0.7820196
0.5768844
0.8509095	0.4314714
0.9004141
0.1503176	0.9722998	0.2055882

0.07897567	0.7865822
0.5342559
0.786796	0.8511382	0.8699565
0.1644913	0.04985428

0.3913646	0.9170715
0.2761473	0.1879924	0.03243277

0.4498089	0.3460826	0.5839571

0.5129792
0.6214077	0.3019086
0.5694906	0.9295403	0.601911
0.7874884	0.9759243
0.3533788
0.5625537
0.5354351	0.5934595
0.810024	0.8295845
0.9067654	0.2770632
0.7912355
0.9525206	0.6164554
0.304146	0.9584137
0.9633103	0.9319714
0.7509609	0.6403016
0.7716743	0.4361277
0.6418632

0.7353878	0.1809888	0.8286566
0.4334209	0.1885451
0.36722	0.7686514	0.5160252


0.790501
0.1699255

0.9343158
0.181737



0.7847575

0.3055291	0.7829303	0.9143449
0.091909

0.7222891	0.3230102
0.8474797



0.02765614	0.2058534	0.8581191
0.1224822	0.90044	0.4308301


0.2018591
0.09550918	0.706134
0.2065294
0.2734848
0.7937874	0.8468024	0.3340645	0.6690301
0.1509213
0.2815595	0.2563691	0.8810497

0.7301045	0.8957132
0.4338331	0.1091439
0.500651
0.8075328	0.8748805	0.9853535
0.04606359	0.2926191
0.029627	0.9200188


0.9441579
0.2204455	0.8931277
0.8061668	0.804326	0.06394261

0.7737403	0.234622	0.4906898
0.9184415	0.9360049	0.6686593
0.524373
0.001712421	0.9215976
0.8205288
0.8447182	0.6599771
0.6097815
0.7317132	0.9711942	0.684041	0.8583902
0.08647568
0.2505768	0.2697266
0.3503394	0.1578519



0.7550838	0.6484963
0.9400405	0.9603056
0.2458033	0.8072661
0.528207	0.5977241
0.888452
0.2366149	0.4993507
0.3915788	0.01148958	0.2019986
0.6136303

0.5228666	0.4223351
0.1283317	0.9805657
0.5986176	0.3705802
0.4078948	0.8942287
0.2480299	0.4593066
0.6511663
0.9984029	0.931978	0.4616194	0.9555671
0.4174953
0.8692915	0.7472373

0.2326791
0.8715141
0.9721665
0.2743738
0.04104738
0.9009751	0.3972577

0.1728519	0.4360087	0.1856146
0.5340231
0.1030455
0.7613719	0.5564676	0.02241629

0.5156245
0.3250698
0.5520349
0.205186	0.2473875
0.7459012	0.9668568	0.8860745	0.6863488
0.8016274	0.7641854
0.7941787

0.4036775
0.5551303
0.9918197
0.004335405	0.8219774
0.8741811	0.2130695
0.693113


0.3225415	0.7557326	0.9288177
0.3006377	0.5011247	0.02374328
0.5718763	0.8607098	0.2468559	0.003640584
0.4735505
0.7892288
0.372901
0.7668801
0.2548072	0.1406289	0.9881037
0.849837
0.1633441	0.7787109
0.3997886	0.6569258	0.2881922	0.8413301	0.7572406
0.04746954	0.9882886

0.3492004
0.443424	0.06731647
0.1350296


0.1984236
0.2913269
0.2387037	0.04871217
0.3710185	0.7507731
0.706099
0.1296742
0.4904259	0.3255801	0.7025931

0.5708468	0.6185659	0.3202542	0.686242
0.6658389
0.2552558
0.3175341	0.4954911	0.1122501
0.02659489	0.09977094	0.8474076
0.9843984	0.4771405	0.01129537
0.9382442
0.223785
0.001848105	0.8046123
0.22017	0.4388322

0.4072723	0.2552073	0.833763
0.3703464	0.6560556

0.9067074
0.6885678
0.5662455
0.2333897	0.4899648	0.9888069
0.6249958
0.7318515	0.5299528	0.5709843

0.2440126

0.448628	0.6817514	0.2136867

0.8398773	0.7161672	0.8763506
0.9534275
0.3464072	0.9283201	0.4492904
0.6358828	0.9319002	0.9747007

0.6269737	0.8805844
0.8560454
0.781239
0.6149443	0.1654323
0.5819362	0.6137727
0.364082	0.9289533	0.3587693
0.9280033	0.5456057	0.9147977
0.9255871	0.125545
0.9371799
0.2932412
0.3442449	0.97438
0.6080706	0.7749705
0.5264357	0.4590102	0.8409006
0.8363197
0.7544944
0.3836036

0.6093271
0.9558331	0.4099339	0.4195209	0.07456339
0.7121416	0.2848639	0.4552579	0.6265793
0.4515406	0.3168566	0.2730321
0.9134363

0.5693505
0.9006261	0.8384704	0.8652397

0.0009768881	0.9881553	0.8815599
0.7680047	0.2090108	0.07013972	0.5472373
0.01761612
0.1390197	0.9602347


0.6457582	0.06140294
0.1118681
0.8968158
0.8865173	0.9542503	0.8108911
0.6521975	0.9679658	0.2862904
0.3572031	0.6636454
0.378017	0.3096447
0.6913509	0.3191713
0.6837645
0.9604742	0.3705455	0.565626	0.9104543




0.2307242
0.2540899

0.8070794	0.3109373	0.01005203
0.6680649
0.9566659

0.6206316	0.07202973	0.3014988
0.5824564
0.1394335	0.9799314	0.9598334
0.1561929
0.9945367	0.08382833	0.8784379
0.8214387
0.5612229
0.3782499	0.3973682	0.9937265	0.9558744	0.2789773
0.3291824	0.04609837

0.07363835	0.9845404
0.03501868
0.5447681
0.9802564	0.8086905
0.8138322	0.6031239	0.5029585
0.03374698	0.6842804	0.829365	0.7933243	0.5871405
0.3835916	0.9597882
0.8113615
0.2577997	0.2370412
0.2245691	0.6241343
0.06477674	0.198427	0.8950096	0.2955344
0.07029031	0.3730143

0.3118055	0.7337855
0.5455125
0.8160999	0.8804672	0.0511955	0.5157547
0.5117962	0.270894
0.4247527
0.9786876
0.003762757
0.06555872	0.8499439	0.9221135
0.1118251	0.7513254	0.502676
0.7275313	0.4592121

0.2450044	0.7470248
0.1381271	0.3975651	0.9806399
0.1618577

0.9443923
0.7004949	0.3850772	0.7825649
0.2736981	0.4742652
0.507413	0.1954135
0.3448132	0.8122342

0.2276375	0.445358	0.8876615
0.7086665	0.7956559
0.2656706
0.372326	0.3339896
0.36068	0.2202924	0.3654422
0.4131539	0.684778	0.9657298
0.8269906	0.9990505
0.123503	0.4767239
0.01143607	0.9910006

0.2314905	0.02480391

0.3867196	0.06146643
0.8767905

0.06921322	0.3568503	0.8977709
0.6426728	0.3440987

0.04475339	0.6301724

0.9454866	0.3202364
0.2291431	0.5551439

0.4604722


0.7741813
0.9826772	0.7632425	0.3559851	0.9810384

0.7150264




0.7386304
0.7272616	0.8814641

0.04650783
0.0625307	0.4568494

0.3350961	0.606495

0.2166643
0.4200848	0.7714247
0.1257989	0.2309878

0.1290874

0.8172176	0.3727995	0.1092465
0.8540996

0.6209125	0.3278314
0.2726011	0.5418205	0.7540607
0.7337788	0.4663064	0.2375092	0.5391799	0.4385504
0.6747657	0.9003447	0.543047
0.4711697
0.7376898	0.3398625


0.9939128
0.6479972	0.4903456	0.4209777
0.4722628	0.6728531	0.6140824
0.9110394
0.6581882
0.9440431	0.1808432
0.8836059
0.329188
0.4936544

0.4216023
0.273875	0.636445	0.6931944

0.4224941
0.6635526	0.9544951	0.7719785
0.6674064


0.7190673	0.6428126
0.374906

0.4071314	0.9576382
0.02875805
0.09703244
0.04796047	0.1537474	0.2399683	0.5417867

0.09157785
