SpeciationRates
0.08889363	0.06150929
0.06856846	0.01038143	0.064199	0.06970616
0.07630204	0.03303586	0.09311933
0.07497257	0.0615207
0.08494205	0.05110993	0.07716505	0.08648212	0.04488697
0.05926317	0.06292779	0.1018393
0.09858322	0.05783286	0.07175027	0.08279968	0.06915616	0.05275157
0.05602887	0.05881026	0.07362559	0.06081573
0.06343238	0.06490001	0.08899954
0.07010671	0.05672551	0.08184215
0.07116573	0.04640807
0.1026204	0.05077416	0.07370571
0.02842693	0.05684096	0.09187135	0.02055932
0.08292635	0.04906861	0.06918499
0.09641839	0.03939854	0.07259781	0.07555105	0.05388461	0.03039749
0.04374722	0.04057527	0.06833369
0.07165786	0.04898225
0.06352038	0.06277375
0.09850673	0.04219211	0.06199562	0.09749015
0.09509823	0.04863914	0.06589727	0.1194881	0.06345974
0.06425743	0.05221511
0.1014069	0.05701176	0.03230234	0.1213558	0.07082632
0.07346878	0.05509861
0.08982029	0.07244136	0.08016681
0.09999746	0.0545113
0.09165326	0.04119963
0.1150053	0.04499854	0.0758663
0.09434309	0.05543519	0.08740102
0.06775506	0.06424136
0.1188531	0.07433561
0.0864485	0.06279266	0.08662815	0.1285485	0.0922736
0.1001224	0.03413046	0.05645093
0.07300444	0.06746266
0.06726343	0.0645731	0.07999643	0.08289338	0.1057942
0.03215272	0.05774544	0.05454214	0.06740302	0.03870327
0.07065664	0.02508172	0.0770867	0.06594124
0.07926358	0.04788867
0.1115334	0.07055227	0.04645537
0.07424299	0.05416127	0.08747923	0.02804608
0.06836533	0.05369149	0.09149463
0.09725396	0.04247672
0.03970386	0.05309231	0.1074605
0.03745106	0.07685686	0.006381648	0.06908349	0.09329242
0.05160119	0.05067646	0.08241806
0.06883686	0.05408563
0.05271988	0.05662089	0.08896872
0.1420834	0.07873028	0.06819301	0.109937
0.07091092	0.07696121	0.08657069	0.08125927	0.06100981	0.05264251
0.06036673	0.0886908	0.03761674	0.0761322	0.03991321	0.01403102
0.08327426	0.03806217
0.04316774	0.01108647	0.1601918	0.06342714
0.09479636	0.01392718	0.07194017
0.06489808	0.07314563	0.05232857	0.07442833
0.06501722
0.07434923	0.04121392	0.08486892	0.1079995
0.06033794	0.054268	0.08534455	0.06040259
0.07282895	0.02913276
0.07532165	0.04385218	0.06590516
0.1066927	0.06018343
0.09007237	0.05150654	0.03983205
0.06083498
0.06322079	0.06596455	0.1118705	0.06442964
0.05110068	0.05455525	0.07376365	0.08591858	0.08328514
0.09361388	0.05949524	0.0902113	0.1038659	0.0703114	0.02608245
0.07821291	0.06934079
0.1087212	0.05193669
0.07841241	0.07108247
0.06610709	0.05051291	0.0844567	0.05275385
0.109118	0.07035883	0.09197691	0.02539625	0.0490407
0.08674408	0.06815822	0.04468073
0.07682588	0.03505383	0.09865446	0.06292441
0.09751894	0.05645944
0.07341824
0.1153054	0.05471117	0.09706568
0.1049607	0.05955524	0.0624414	0.05273329
0.08605594	0.0215182	0.06460559
0.1145972	0.0562437	0.05895493	0.07305681
0.05407485
0.07014393	0.08263649	0.07288648	0.07654063	0.0361135	0.03975463
0.05588104
0.0847393	0.05008612
0.07773235	0.05253651
0.0781692	0.06541154
0.07103436	0.04916823
0.04189467	0.0780308	0.06157136	0.08840886
0.08158796	0.008544892	0.05484343	0.1182673	0.0673125	0.08233371
0.08673467	0.0688363
0.06390756
0.06027412	0.06306522	0.07056736
0.07938571	0.06590407	0.02868889	0.06095198
0.08862064	0.06604715
0.0926744	0.03713348
0.0739172	0.0487686	0.08927424	0.1078601	0.03470839
0.08608592	0.0275424	0.05358593	0.08728018	0.04582753	0.1058097	0.07018563	0.05372357
0.07939478	0.05378947	0.08483026
0.07197552	0.05841728	0.04904406
0.1211485	0.04712152	0.09044692
0.09481429	0.06446612
0.1041288	0.04345475	0.09197382	0.02150141	0.0926913
0.05002143	0.05701864	0.08932029
0.08657228	0.06951017
0.04182076	0.04084441	0.08740208
0.06937933	0.08710738	0.05386229	0.02802201
0.06453985
0.1072955	0.06238752	0.0770073	0.07194346
0.07298141
0.06512618	0.0565254
0.07091714
0.07762371	0.06110834
0.08749	0.09295176	0.05727779	0.05930372	0.05549159
0.1128902	0.0725932	0.09385892	0.06173874	0.08138172
0.09809151	0.0588083	0.06485314	0.04877457	0.08975246	0.05068889	0.07144291
0.1093552	0.05930243	0.04956823	0.1102232	0.05591614
0.0884352	0.07170749	0.05135119	0.08473671
0.05992334	0.06700182	0.06158238	0.05599941
0.08133538	0.05882133
0.05897843	0.06216316	0.1117451
0.09288829	0.0460572	0.07423703
0.05540424	0.05254366	0.07452054	0.07246436
0.07268158	0.05263224	0.07596273
0.07594903	0.05384225	0.07981874
0.1052765	0.07036882
0.06535253	0.03438809	0.06643664	0.05883383	0.09951046
0.08767294	0.04692008	0.03045485
0.06949328
0.09631811	0.07350988
0.07189057	0.0491665	0.0808396	0.06777083
0.06849828	0.06375256	0.05180541	0.0844861
0.07084894
0.09332056	0.04806257
0.0870533	0.05280965
0.03976355	0.01888217	0.09644105	0.07697122	0.0270979	0.07456881	0.08143826
0.04699578	0.03127148	0.07405496	0.08649805
0.08452615	0.02733951
0.08963767	0.09232747	0.05257546	0.05929716	0.09017615
0.0620544	0.04769479
0.05571533
0.1084092	0.04664634
0.06601244
0.06845804	0.06456812
0.09147237	0.07078186	0.00804402	0.05070425
0.06805939
0.08689869	0.05649827
0.05550334	0.0720156	0.06857128	0.04714393
0.09685311	0.06122867	0.04909774
0.1014173	0.0682084
0.1028369	0.05317345
0.07482001	0.05043173	0.06730215
0.08513916	0.0592474
0.04409907	0.01813215	0.05087038	0.085356
0.07692297	0.06254145	0.0687072	0.06588581
0.05486514	0.06881604	0.06345464	0.04823706	0.05165567
0.06795719	0.1332785	0.06237584	0.06767502	0.03994768	0.07662427	0.06465922
0.07059151	0.04819243	0.08163836
0.07448815	0.05138284	0.06675117
0.0604895	0.03777503	0.06602795
0.07754205	0.0545076
0.0858028	0.04492028	0.08536459	0.08899662
0.05879974	0.1130284	0.07572209	0.03532721	0.03924054
0.06664203	0.04437518
0.07846677	0.06800439	0.1127356	0.1145688	0.07332451
0.07750032	0.07387278	0.075118
0.07454785	0.05666717	0.08196564
0.08289755	0.05844552	0.06681051
0.08778848	0.05309561
0.06059808
0.06066047	0.05016428
0.08986102	0.06819698	0.06868121
0.06690869	0.05396933	0.08613018
0.05164821	0.02887461	0.05780634	0.1111905
0.06547235	0.04572315	0.06796106
0.06755187	0.05332953	0.0870341	0.06838	0.06935808
0.07952845	0.05148582	0.08801699	0.06947657
0.0820815	0.05425089	0.04538936
0.08413399	0.06276857
0.09397164	0.05467388	0.07835606
0.04787841	0.04346422	0.08406936	0.08730699	0.02394395
0.09470278	0.03950158	0.0958105	0.05462166	0.06147138
0.07819822	0.03079204	0.05673517	0.07334925	0.04274929
0.06292455	0.05509158
0.05167503	0.0697221	0.03941376
0.10012	0.05724783
0.06057256	0.05610777
0.05039578	0.06727587	0.04574073
0.08053124	0.05674827	0.05186038
0.03298445	0.05312544	0.03825209	0.04293374
0.06104437	0.07550951	0.0341001	0.04770401
0.1226938	0.04928244	0.1015882	0.09058332
0.09739398	0.06906007	0.06501078
0.07767183	0.05113797	0.08234163	0.03397202
0.08849092	0.08551467	0.06965788
0.08946735	0.05718824	0.06120744
0.07938095	0.04771836	0.05115474	0.07587382	0.06661753
0.06457792	0.08825318	0.06294162	0.05430515
0.08651925	0.05719497	0.05876255	0.08568312	0.03166438
0.05592987	0.04988349	0.08206894	0.08067304
0.06441106	0.05508845	0.03941062	0.1239162	0.08417713
0.1120534	0.00998807	0.073066	0.04700834	0.08131145
0.06639617	0.05569869	0.08652906	0.05414034
0.08823446	0.05235799	0.08004022	0.06525839
0.07921711	0.052882	0.0956347
0.05635199	0.08275745	0.01956184	0.06966779	0.07174613
0.07565856	0.06125226	0.07969765	0.07525442
0.07455475	0.07739582
0.06682094	0.0457883	0.06976184
0.07750802	0.0518272
0.08886008	0.04758435
0.1133892	0.06180341	0.07478601	0.04560489	0.02001653
0.05896168	0.04905237	0.02004442	0.0733451	0.0947266	0.01610729
0.08729221	0.07126701
0.08584685	0.04814426	0.05838684	0.07991853	0.07577389
0.06340392
0.07030047
0.08621059	0.0686663	0.08249983	0.06471273
0.06400222	0.06398899
0.0859437	0.05832808	0.0728381
0.064596	0.05641154
0.07592633	0.06600849
0.07325768
0.08419983	0.077179	0.08826783	0.05178899	0.0743579	0.07263423
0.1142211	0.05937145	0.0953733	0.0713973	0.07416049	0.01158878
0.07729539	0.01137145	0.06621326
0.0799446
0.06982925
0.07158124	0.05348453
0.0756973	0.03956702
0.08217745	0.04983057
0.08950862	0.06542509	0.07518726	0.05453975
0.04614967	0.0527011
0.100832	0.06637
0.08046923	0.05077991	0.07533532	0.05583476
0.07170101	0.05341509	0.1276129	0.1172231
0.07703716	0.07884956	0.1053486	0.09826948	0.04685948	0.04093798	0.03555848	0.07917649
0.05497235	0.06044298
0.04884981	0.05641595	0.08087677
0.03762448	0.06974222
0.09691289	0.06012772	0.01601054	0.06543402	0.07157831
0.09081256	0.05642729	0.05792603
0.1008365	0.0691243	0.1000473	0.08338828
0.06022095
0.07518967	0.07275849	0.07967361	0.05407512
0.06018074	0.07952936
0.07248993	0.006327096	0.08000396
0.1002727	0.06495312	0.08157931
0.08537372	0.05777534
0.09166415	0.04869954
0.08348667	0.02388969	0.06883392
0.1049763	0.06044679
0.06902072	0.04757026	0.02577799	0.08691732
0.08732867	0.03879148	0.08511543
0.1008872	0.04196277	0.06142196	0.09370197
0.0789583	0.05804551
0.09814989	0.05597081	0.06880572	0.06313764	0.08335081	0.0754042
0.07515338	0.05937295
0.05110426	0.07923222	0.06221958	0.05644267
0.07072855	0.06321588
0.05706573	0.04370713	0.03949787
0.08540977	0.04532987	0.06722071
0.09208272	0.05110681	0.106102	0.05034136	0.1044926
0.1018796	0.0556975	0.06420929
0.06815982	0.04535225	0.07350672
0.05681852
0.08168347	0.05209056	0.07857079
0.06744049	0.05622373
0.06617635	0.06952805	0.0383162
0.07703747	0.07214592	0.04540875
0.0555798	0.05966032
0.08932841	0.0649468
0.02750582	0.06218318	0.07105139	0.06576049
0.1100351	0.06067143
0.07276492	0.0755069	0.06048673	0.07079595
0.09464594	0.04454983	0.006529454
0.06992799	0.01706604	0.06538671
0.05423544	0.03015318
0.08253182	0.05215945
0.04540133	0.04121564	0.07449756	0.04560259	0.08519277	0.08537477
0.09195466	0.01228089	0.04919125
0.05948372	0.05779338
0.07694155	0.06054291
0.07084378	0.0223267	0.05425418
0.08871516	0.06433611	0.1435312	0.03929453	0.05406538
0.04697061	0.04586806	0.08539438	0.02329017
0.0757622	0.05791005	0.08227378
0.06527583	0.05744599
0.06737816	0.03223977
0.06931509	0.05360483
0.058733	0.09060155	0.08271737
0.09742254	0.058076	0.1002794
0.08642579	0.04537357	0.08361456
0.06843799	0.03720225	0.07654828
0.07361475
0.08956406	0.05785953	0.07163311	0.02808943	0.07952302
0.06627647	0.09685446	0.06099982
0.09010663	0.07146694	0.06062343
0.07841095	0.06168101	0.04078479
0.04880863	0.05911871
0.06314438	0.1001126	0.1010918	0.04791269	0.07886909
0.02515634	0.0664982	0.07734665	0.04274094	0.06872424
0.06447639	0.0308716	0.03617023
0.08169551	0.07349038	0.07230009
0.06926769	0.05852116	0.08296415
0.05570455
0.0813811
0.09503982	0.0545544	0.08465606
0.07928179	0.05447941
0.09591613	0.05363106
0.07388416	0.05623231	0.06398992	0.08833533
0.09392315	0.05258235	0.04620941
0.07252282	0.02095561	0.07329181	0.0649596
0.06333445
0.09251886	0.05359596
0.07353773	0.05409448	0.08345491	0.07350436
0.06493311	0.05321471
0.09990853	0.06640199	0.04123842
0.08030796	0.01260094	0.07384262	0.004812779
0.02865143	0.05955457
0.06826611	0.04194273	0.073343	0.07817769
0.09035445	0.05731377	0.1054448	0.09930037	0.1235935
0.08017832	0.06286395	0.06081162	0.05073557
0.06570708	0.06196564	0.1125703	0.08205285
0.02539976	0.06414769	0.0599678	0.08886511
0.083812	0.04724043	0.05734321	0.07580278	0.0674056
0.06754262	0.05984237
0.0632649	0.05748999
0.04363146	0.049976	0.1107851
0.0509689	0.03758971	0.08988927	0.06659911
0.07745567	0.08293867	0.05353731	0.08216143
0.106928	0.04933819	0.07638112
0.08985765	0.04119885	0.06852721
0.06473836
0.08817187	0.0571385	0.0504979
0.05644446	0.0530356
0.09230532	0.05215428	0.08302964	0.04784728
0.06539921
0.1146294	0.04569613
0.08487535	0.06634101	0.05706737
0.06895566	0.0486849	0.07961139	0.0420994	0.07799528
0.05611368	0.06691968	0.07224739
0.0799823	0.05011414	0.07588127
0.04836735	0.05645802	0.08182586	0.1038697
0.1035628	0.06837956
0.07880195	0.0567471
0.05634886
0.08472099	0.06224704	0.06347221	0.07879326
0.08604535	0.07782829	0.07873759
0.05190219	0.05420239	0.09819371
0.07464356	0.03597347
0.06280951
0.07240261	0.05752411	0.1050454	0.05216074	0.04561778
0.0651243
0.09545499	0.06760032	0.02902821
0.1021678	0.06212092	0.0001271995
0.06195566
0.06828309	0.0471532	0.09790552
0.05036137	0.0455727	0.05919252	0.09612675	0.05630861
0.07055893	0.01719712
0.08510057	0.05285813
0.0857073	0.04917279
0.08081278	0.09495397	0.05151565	0.06016976
0.06429619	0.09790825
0.07655525	0.0568959
0.08687017	0.04684175	0.08632299
0.06893877	0.03583114	0.0698994	0.07339464
0.06098089	0.01223208
0.1314415	0.01324744	0.0988259	0.07002278
0.1025702	0.06106505	0.07431018
0.1056239	0.02390039	0.0760685
0.05406033	0.05431986	0.1099396	0.03458339
0.06168818	0.03526546	0.06603942
0.07640464	0.07252619	0.08877665	0.03538616
0.08264562	0.06451836	0.04707042
0.0945891	0.05338843	0.04510397	0.0743463	0.098565	0.0749996
0.07658744	0.04402037
0.07340071
0.0763456	0.05159136
0.1074861	0.06230966
0.06946409	0.04798369
0.05121515	0.06855735
0.07437045	0.02075472	0.05163587	0.09113138	0.08183761
0.07980451	0.06693084	0.07304727
0.08436755	0.08384318	0.04209368	0.02368665
0.0625219	0.03408965
0.05455926	0.05057219	0.0737933
0.1056664	0.05277875
0.06543362
0.07285566	0.08341961
0.07406283	0.07134355	0.04349903	0.0614174	0.08841383
0.06842754
0.05780701	0.05587896
0.1007354	0.05595752
0.06649455	0.04977304
0.08087792	0.06048758
0.07822182	0.06314286	0.03910849
0.07300732	0.05619343	0.05217677	0.0664986	0.08797422
0.07811693	0.07200377	0.06706193	0.07384482	0.07530572
0.0761647	0.066489
0.05260818	0.06139174
0.09655697	0.04693497
0.09107106	0.03527197	0.05360793	0.0800483
0.07741508	0.09802154	0.05279959	0.04437033	0.07834225
0.07492631	0.06403559
0.0743727	0.03581984
0.0923083	0.05448494
0.09474643	0.069233
0.05441893	0.067857	0.06574754
0.06945447	0.0540887	0.07990317
0.0796513	0.04516226
0.0456079	0.08414333	0.05457177	0.1216976	0.05790066
0.07484935	0.03177324	0.0843775	0.05406809	0.06691761
0.05383853
0.08442328	0.0282238
0.06398168	0.06953994
0.07547532	0.05233936
0.06439276	0.04247434	0.0786309
0.06597629	0.0004453481	0.09034118	0.06826023
0.0571081	0.0544375	0.09870568	0.06528523	0.1071772
0.07141522	0.04981794	0.08294575
0.08355793	0.05066764
0.02798229	0.05086397	0.07425598	0.07070397
0.07170341	0.04732111	0.06293215
0.06695013
0.06161221
0.04571894	0.07715899
0.07836367	0.05856179	0.07571393
0.06924286	0.07019639	0.06541621	0.05344368
0.1056392	0.04302347	0.06489901
0.07819798	0.01445558	0.06206839
0.05781288	0.05241666	0.07237172	0.03604408	0.07057015
0.08485769	0.06460618	0.1446836
0.0769875	0.01581477	0.0686159	0.0710084
0.05190995	0.04875237	0.07628723	0.0529594
0.08557731	0.04720937
0.08819989	0.04827114	0.05338656	0.09838133
0.06064743	0.04806557	0.05969373
0.06072733	0.07033228
0.0640453	0.06346974	0.02136171
0.06693788	0.05590176	0.06701612	0.06083185	0.1032342
0.0982604	0.06826742	0.02708245	0.08827565	0.09405641	0.07245256
0.06082751	0.07524784	0.0434813	0.07457642
0.06435251	0.01692897	0.08467719
0.07392705	0.05237037
0.09080686	0.06326035	0.07722391	0.05123982	0.08245854	0.07635395	0.0672562
0.07496744
0.04213538	0.0555138	0.07822587	0.06160548
0.08661008	0.05579626
0.06465953
0.06784323	0.07699457
0.07058836	0.0514338
0.05674706	0.005185053	0.0716831	0.1095541	0.06392883
0.03652023	0.04490745	0.07318529
0.08862448	0.07176803
0.09515594	0.05741381
0.06602649	0.05652759
0.07392192	0.0616757
0.09048601	0.06321945	0.08631785	0.05757879
0.09769176	0.07943378	0.05304838	0.05899697	0.04496001
0.1189888	0.0506257	0.07823596	0.07714682
0.08659036	0.03742601	0.08012915	0.04999491
0.04509313	0.07818225	0.05454872
0.05160974	0.1075502	0.05134889
0.0901918	0.05455546
0.079987	0.05519368	0.07922137
0.05601199	0.06188894
0.07496338	0.07762763
0.09448977	0.05298454
0.03362537	0.03940272	0.08354219	0.06072472
0.05375368	0.07251742	0.03994121
0.08829852	0.03374422	0.05335098
0.08311936	0.06979041	0.06373892
0.1436672	0.03252008	0.07648238	0.05884612
0.1011986	0.02370745	0.08196536
0.06555556	0.06450986	0.0762728
0.05229676	0.07263739
0.08286123	0.0732048
0.08462854	0.05954337
0.0875068	0.05741843
0.08588188	0.06576211	0.02628408
0.06415887	0.01741908
0.09118702	0.05149437	0.08690928	0.03710248
0.09326025	0.04100787	0.08604926
0.08720744	0.04794681	0.06311935
0.06089728	0.04876404	0.07858821	0.07051687	0.08324637
0.05116471	0.06700529
0.1001958	0.04103622	0.07140751	0.03876427	0.07146623
0.05906116	0.05152977
0.06395868	0.05152846	0.08266307	0.04386251	0.09444258
0.03742485	0.04269426	0.08285214	0.04259436	0.07774135
0.09622777	0.05251175
0.05975174	0.07460282	0.03160181	0.0932962
0.07357874	0.09232053	0.08736611	0.0560586	0.05058191
0.1010755	0.07485839	0.04543956	0.1085445
0.0993289	0.07347268	0.06005966	0.05054406	0.0651367	0.07196725
0.1057862	0.05117529	0.04514189	0.08535226	0.04594696
0.09768945	0.07959203
0.05278675	0.05791908	0.07481409
0.07659216	0.05765473	0.07340748
0.07248524	0.06518472	0.03566112	0.1099238	0.06364324
0.05900601	0.09181691	0.07798449	0.06195225
0.0975906	0.02420848	0.07975685	0.05871492	0.07206692
0.09924727	0.0457501
0.07844345	0.05788201	0.08105542
0.06660036	0.05403827
0.08335795	0.0365468
0.09456526	0.04960262
0.05349009	0.03988284
0.07228094	0.05256207
0.05873636
0.0524605	0.05863678	0.03987456
0.06241615	0.03591403	0.06570443	0.05663243
0.1056845	0.08956981	0.03321882	0.06871105
0.0439149	0.05822212	0.1017849
0.0805494	0.08618102	0.05208519
0.0704713	0.05922335	0.08143297	0.03028413
0.09811349	0.05349544	0.09216223
0.05488804	0.06837427
0.08416265	0.0566013
0.04506648	0.0465687	0.09027914	0.07886341	0.04223917	0.07013382	0.06304787	0.1036811
0.04737319	0.06084578	0.09040205	0.01397528
0.09100805	0.01352753	0.06483113	0.08932583	0.1079631
0.06513387	0.06032873	0.05319233
0.04776911	0.06243529
0.06297699	0.05936271
0.0643526	0.06683539	0.07832394	0.0290347	0.08299312	0.07106315	0.1176345
0.1049612	0.05962058	0.08567539	0.02268683
0.08484639	0.02607275
0.04568461	0.06750633
0.07497265	0.05644812	0.07345456
0.0696638	0.03593597	0.06134782	0.08432583	0.0595733
0.08600657	0.06389409
0.04475806	0.05688994	0.0593088	0.1114536	0.08497578	0.0753734	0.07024303	0.07439511	0.1459637
0.1272821	0.04458272	0.1161289	0.05959698
0.08216069	0.04320713
0.1085365	0.0296776	0.04918357	0.08168689
0.07612654	0.06469813	0.07808206
0.09824807	0.06408895	0.08603731	0.08972502
0.0976525	0.06861866	0.08689805	0.05432688	0.08090297
0.05463066	0.0916735	0.05748702
0.07074167
0.0500386
0.1045036	0.01403061	0.07144041	0.08479358
0.06766009
0.052268
0.1074059	0.05235435	0.06701092	0.04500892
0.06329297	0.05330042
0.1375673	0.06986133	0.02208869
0.1277652	0.06220166	0.04465542	0.06209158	0.03168384	0.06281081	0.06541429	0.01481382
0.0523351
0.04741001	0.07800924	0.04974226
0.05814914
0.0462588	0.05575011	0.06227571	0.04852063	0.1322309
0.02800064	0.07261916	0.0642822	0.1040723	0.07044467
0.1152722	0.06157209	0.09919889	0.07912742
0.07787703	0.07557968	0.0823377	0.03225353	0.05728215	0.05204669
0.09276012	0.06914114	0.02141881	0.05598203	0.06022943
0.09975816	0.04306141	0.08910689	0.07112965	0.09761077
0.06150098
0.06194254
0.03370085	0.05220186
0.0403454	0.06076013
0.02672693	0.04394021	0.07582393	0.08785903	0.05691915
0.08424686	0.07969355	0.05507813	0.07281536
0.1216081	0.07563206	0.08610849	0.05490101
0.06836112	0.09671706	0.05029455	0.05682657	0.05819181	0.06161092	0.09494664	0.01755586
0.1058374	0.05069198	0.09993721
0.08816077	0.0734265	0.09208527
0.08452516	0.06872707	0.05657758	0.03782225
0.05439182	0.0509369
0.08939569	0.06305603
0.05969628	0.0707006
0.08254164	0.06731423
0.08231257	0.0563604
0.06870824	0.009266269	0.06562354	0.03176004	0.09029008	0.0426162	0.05290026
0.06550185	0.03697207	0.04597053	0.1036833	0.08038829	0.08721484
0.09521747	0.04615303	0.08170914	0.05267949
0.07846966	0.09932287	0.06900006
0.04693523	0.02433393	0.1117898	0.07322726	0.1083203
0.05689579	0.05862663	0.05978788	0.0685914
0.109353	0.06589498	0.05357285	0.07445137	0.07199168
0.07365886	0.05855308	0.07798329	0.09272838	0.1025564
0.1094475	0.04833597
0.04579124	0.06523329	0.08259355	0.08408177
0.08337625
0.08361406	0.06468395	0.08359814
0.05642639	0.06608994	0.087713
0.1275384	0.08432543	0.06574633
0.05302379	0.05589858	0.1057916
0.05889397	0.06549073
0.06477009
0.07488534	0.04875647	0.05229029	0.05456297
0.07324077	0.09089301	0.05848217
0.08719328	0.07101959	0.05400927
0.07409083	0.06930657
0.1180263	0.03224112	0.07624485
0.0840659	0.04424346
0.07475755	0.05139355
0.09443581	0.06615041
0.0547925	0.06252469
0.06462159	0.03555243	0.07453711	0.06070118
0.05935367	0.04876819	0.04071277
0.06313721	0.05763602	0.08223068
0.07299645
0.06143348	0.01096513	0.07674514	0.04081733
0.05915082	0.02710285	0.06788967	0.07785761	0.07392655	0.07326027
0.07271435	0.06031469
0.0389571	0.05417285	0.1038304	0.03455603
0.07806552	0.03936841	0.05961733
0.03696554	0.04300699	0.0842435
0.05778009
0.04813844	0.04877669	0.06087767
0.0769557	0.07717411	0.06341815
0.06139717	0.06335206	0.04852559
0.08020027	0.06224644	0.07083998	0.08912577
0.04957158	0.06284744	0.07782842
0.09266575	0.02469867	0.09570743	0.05283047	0.07045167	0.05854332
0.05973181	0.05400963	0.07780708	0.04677948
0.05988421	0.01450952	0.06713139
0.07206234	0.06094192	0.08135142
0.09499124	0.07499869
0.09812668	0.06795057
0.03364267	0.07395018	0.1087576	0.09577969
