SurvivalProbabilities
0.3873442	0.6039326
0.7785177
0.4041436

0.7135505
0.7830926
0.2710291	0.4787378

0.7281361
0.8889532
0.8261143	0.6621717	0.7717659
0.8977841

0.6478091	0.8230301


0.3353293
0.3992267	0.4689423
0.7943218
0.9448551

0.8601855
0.3402822
0.4568711
0.845659


0.5549601	0.5077064	0.918272	0.9578449	0.8725595	0.5215888
0.3884067
0.5996593	0.4870728	0.4459985	0.49134	0.9403713
0.6106099	0.8211301
0.7648121

0.8444728
0.7031209	0.9638175
0.7980282	0.8521508
0.8013755	0.8215518
0.2063853
0.7982499

0.8487246	0.9997234
0.7547789
0.7599012
0.891722



0.7551166

0.5959312
0.228219	0.8956525	0.5457385	0.746626	0.7321039	0.8801786	0.2072501
0.7184078	0.8359709	0.7562426
0.8704327
0.7712836


0.9635053	0.4336097
0.8922105
0.7712145
0.867819	0.8321201	0.7072601


0.3428157	0.6949386
0.4811353
0.7826301	0.3167865
0.6722754	0.6874807	0.8798358
0.2425784	0.7350088
0.5398646



0.9497235	0.9764447	0.9574254
0.8070502	0.8780181	0.69783	0.8730758	0.3152025


0.9738663	0.6494627	0.7779019	0.984064
0.5431082

0.7648969	0.86738


0.1882611

0.9965914	0.8579563
0.7620499	0.3738707
0.3859856	0.7874596
0.9383342	0.6899617

0.9802621	0.3849429
0.7384723

0.39242
0.1959059


0.4904679
0.7003458

0.19951	0.9406847
0.6474244


0.7315657

0.9525737

0.9978443
0.8232647

0.7784353
0.7360629
0.736091
0.8041737

0.7111006
0.5752485

0.9665589	0.9273561
0.5958211

0.8927036
0.7355947

0.4587578
0.9315141
0.8001876	0.4605687


0.6862724	0.8871768
0.8883308
0.6998345	0.8398099

0.9296757
0.9915272

0.8371281	0.9513771
0.9551623	0.2929838
0.4322395
0.7957536	0.9246817



0.4742209
0.962833	0.1023717	0.969857
0.1391047
0.8968862	0.4422491
0.403077

0.3771263
0.5366461	0.9560903

0.5081989

0.5977196	0.9621634
0.7291994	0.6132307

0.7162254
0.4301588
0.6601591

0.9967025

0.819051

0.9651321	0.4370274

0.6961414

0.8740869
0.5187469
0.8350892

0.5082301

0.7704339


0.7650382



0.3103825
0.9882182
0.9859979

0.7013138
0.8751647


0.5086716
0.6961053	0.634918	0.6088333

0.6440107
0.5157401

0.09740957	0.7124641	0.9924053

0.8981018
0.1047279	0.9377366
0.6254655	0.6209897
0.6818534


0.5274526

0.6448701	0.3815507

0.5111359




0.9516967
0.8134778	0.6147312	0.6609184
0.8476547


0.5077231
0.762624

0.4346151
0.9942441
0.9112779	0.7180738
0.5853593
0.8263497	0.4903901
0.974799	0.4955073
0.1869853	0.770825

0.7386623	0.951111

0.7244197
0.3113232	0.8569299
0.7706531	0.9981988

0.8575527
0.9388976	0.4696872

0.3143248
0.7746292	0.4427437


0.6099744
0.7012329	0.8165347
0.4660311
0.4053056
0.7398186
0.4960631
0.8864912	0.8228236	0.7658581


0.4911714
0.05193325

0.1849708

0.6238325
0.7155525
0.9695991
0.772791

0.8605563




0.7205813

0.8710297	0.7606356
0.7082686


0.5172044	0.6603319
0.7059234


0.5122612





0.827412	0.8689064
0.4554417
0.5724565	0.984613
0.9619966
0.7933788
0.6302603
0.534225
0.5317657
0.5148009
0.4806688	0.7966407


0.9872319

0.855228
0.8829809	0.8487584
0.2480964	0.6267111	0.7150257

0.9519325
0.2581213

0.4620697	0.9644073	0.5285336

0.8334718

0.6146216
0.8041792	0.5801879


0.4250514	0.6534257	0.7181557	0.9504841


0.7962496	0.7795581
0.9463808


0.2688897	0.7714995	0.6021278
0.9178897
0.3358406
0.4968007	0.8132882

0.9250436

0.7444
0.5732795

0.4944287	0.7457783	0.9805792	0.8794988
0.9512354
0.2166112
0.1866878

0.7959172
0.2076591
0.3418702
0.6088921	0.9350836

0.8325918


0.722479	0.6583971

0.9127809



0.867227	0.5562359

0.8964493
0.8711168	0.8095598
0.9625086	0.3553139	0.5308198	0.9345761
0.5326509	0.9149092






0.3380958

0.9535198	0.5214325

0.7032356	0.4583757
0.9466841
0.779053	0.4089385	0.6176844


0.4396617	0.947298	0.4598534


0.3520095

0.7522203	0.5612624

0.9263845
0.6301478	0.9476801
0.4205731	0.8651802



0.3013879

0.952368

0.9479611
0.6215283
0.881283
0.1781012

0.5994887

0.7738738	0.954736

0.7685731	0.9187111

0.9391644

0.1763719



0.5274657	0.9265134

0.4408468
0.6714347
0.9921266
0.8931357
0.2428792
0.9487137

0.7371333
0.8662083

0.7078728	0.7633766
0.823759



0.8979527
0.4130462	0.7454981	0.8978029	0.9124775


0.598717	0.9334461	0.889449
0.9575813
0.85735	0.482343
0.9537856
0.6780387	0.9871847



0.4090204
0.2706074
0.8584565	0.7065738	0.4275771
0.9080375	0.3217633
0.6233027
0.3620415

0.8116295	0.1110864	0.9393076

0.8854034	0.8881966
0.579165
0.3379965
0.8748079
0.6272381	0.7066467
0.9285913	0.8085289

0.3143998
0.6799565	0.5270465	0.2205406
0.009798352	0.6249423






0.3403374	0.9281537	0.5382627
0.8451283	0.9493175

0.8750858
0.590857	0.5910071	0.9707362



0.5888149
0.8144547
0.3048837	0.9680506
0.6134614	0.986275




0.3109522

0.3801487
0.7109334	0.1864233
0.8179328	0.4045044


0.8286126
0.1842848	0.8616576


0.9185618	0.8963672
0.7404435
0.743627
0.9781371

0.8091856	0.5351907	0.4513347
0.967926

0.6946506	0.9813731

0.6694196
0.661303
0.9488818
0.9446434

0.5292253
0.9255269

0.9510699

0.2983682
0.4357253
0.874957	0.9424686


0.9848366

0.8124356	0.693661	0.9248846


0.5361419
0.3339401

0.7336898
0.9523139
0.7853581	0.4234636
0.8875257
0.9322832	0.2941773

0.8235246
0.5144422
0.6550693	0.4585972
0.782199	0.8012497	0.9306894	0.3183698	0.8382514



0.4731295	0.8525931
0.3459722
0.5540207
0.6761818	0.8426175


0.5586228	0.6504617

0.8739349	0.8325453
0.2462646
0.6410146
0.47781	0.6863786	0.3490036



0.3182014
0.4095766


0.5203154	0.485333	0.9789147
0.9104935

0.9313377
0.8232489
0.9285637
0.9087559

0.9825555	0.9448763

0.924973	0.295107

0.3542157	0.7034685
0.9176909

0.4194335	0.9133779
0.7998149	0.4684898
0.8265295
0.2629632	0.7560278
0.8498194
0.5516737	0.4905089
0.1029592
0.692076
0.8280175	0.9608339
0.6544618
0.6370144	0.9490891
0.603635
0.8000516




0.6828613	0.5337058
0.8988444	0.5313387

0.4882193
0.9117486
0.8599632
0.8325508
0.7931824

0.8409811

0.364101

0.6777297
0.7554068	0.7419734
0.252782




0.6625282
0.8162549	0.2458087
0.9253123

0.8474671
0.9984526



0.8614034
0.1618609	0.9320079

0.7044764	0.6607916	0.6698139	0.8666491	0.8176569
0.7376604
0.9421797
0.8855781	0.1649615

0.7098688
0.5854353	0.9158063	0.937865
0.5519205	0.3975927

