SpeciationRateChanges
57.95777	43.11771
49.2294	4.789613
44.99402	34.66795	17.05694	3.479313
7.047548	0.7112911	0.834256
59.08701	29.17445
51.30478	17.21484	35.54143	47.79273



2.469154
57.7854
11.27458
10.90415
2.276518	44.10786	38.4173
28.68343	26.06879
54.59855	28.22391
0.9102226	11.55158	39.48392	20.65343
31.90957	16.21191	24.79749
18.75918	29.04697	17.4878	34.44253	49.87324
6.544219	3.04609	12.87926	32.46854
37.05534	5.551972	64.96842	53.14966
31.41925
35.46944	10.97114	29.15201

11.89112	21.83337
36.79715
13.56383	34.00056	49.84568
60.31979
3.652483	29.47465	25.74501
35.24555	17.98666	30.29096	36.39814	52.70472

39.69551
14.04223	22.51508	9.041222
56.3946	44.94755	7.58427
18.38819	34.47703
49.32624	21.6342	3.029723	1.218689	5.171373
38.77327	50.00034	18.61922	65.25867	41.36559
8.438542
16.47088

38.21249	50.00274	26.55301
52.09072	55.95122	31.06215
34.57928
61.31751	22.62227	13.21285	8.052141
2.123225	34.63481	50.57299
14.39119	50.11023
58.94103
35.87353	43.82849	8.03039	65.19516	38.05411	65.7827
34.62689
48.09847	47.62832	12.42237	62.70264
54.93874	65.7596
30.04783
27.71159	14.03183	4.653908	64.09124
51.79378	29.78244	15.48819

51.22063
59.7149
20.85837
61.6374	41.32733
57.15968	39.02278	56.40778	44.60883	18.6385
56.65117	15.48542	35.37301
32.9746
28.04953	51.18953	53.18741
42.23003	9.088373
32.24713
30.26147	56.56283
20.64136	30.62205	8.787083
27.09682	39.69473
2.864657	35.01734	57.57744
35.84318	53.16352

33.9876	17.25292
35.52803	16.2877	57.56977	51.93005	4.878265
55.15606	42.60241
35.93161	18.40039
16.33159	15.70854	37.38058	31.98698
33.10419	23.73291	54.31668	52.71363	23.94034
17.95861	27.18558
36.59628
48.0459	31.75901	47.10606	11.36463
48.80496	21.5752	9.118991
30.1514	24.78512	35.55851
47.13767	37.10123
53.01314
35.85976	45.18666	18.93756	48.181
61.68755
45.29345	31.61126
6.270583

13.36427
37.57146
56.89136


26.76288	9.622647	53.45076	24.97797

36.17271	65.66339	31.6544
6.743187
30.69754	12.61315	32.66874	52.29774	30.55054	31.78041
34.81588
35.70723	10.8966
13.78332
36.41155
62.34016	56.93132	29.19745
36.81076

65.64009	0.5690528	20.23923	12.98308
50.04498	20.51251	23.5748
21.92325	12.85777
48.8997	33.60917	8.804247	0.3282492
18.61868
55.23387	28.49742	1.844209	27.64281
35.47125	9.425203	4.888619

53.93832	9.70731	63.03229
50.48936	45.12806	0.4870308	29.71167

38.52142	27.34076	58.60205
14.99356	9.525561
32.82539
51.40339	35.26334	54.53594	26.02431
50.59297	35.73712
33.35446	42.07614
26.53238
8.314535	63.27666	31.89965
34.82264	61.92499	1.869386	35.01538	36.81995	39.69999
54.82294	22.70666

47.4429	41.69635	40.71806	32.61975

34.22821	9.92789	45.57471

53.96144	13.9954	44.28433
56.9787	3.110109
53.17977	28.58322
18.82548	50.45054
51.5021	14.45554	30.90366
58.88091	24.21811
40.11827	24.64621	38.18764	37.3527
16.60571	56.07424
60.87295	53.09718
15.89797	31.92012
35.39537
57.28269	34.67984	47.19535	33.69376
53.69832
4.580233	63.65156
12.8685	30.78636
9.087725
33.99909	43.66214
33.27192

27.54605	5.459993	15.31098
0.8468152
47.87937	0.311507	57.26635
49.95622	36.01862	50.13234
31.2753	6.659253	5.704724
52.8635	36.26971	43.85648

59.57531
9.040308	34.08228	39.07917	32.4752

65.09713	51.30756	32.13592
19.67724	22.8292


30.49066
65.55391	15.2027

6.989717	21.54387	51.01224
40.96646	1.676379	53.06304

48.46372
57.51335	2.692908
25.44589	0.7738834
25.68056	57.32348	57.37256
51.38651
55.28424	2.504174	18.92882
34.91122	10.23691
31.03583	39.88782	0.2576527
50.54674	36.09426	28.88845
42.8004
65.77055	29.17941	30.01511
56.64589	64.44931	29.67438	14.70336	2.911195

33.26981	10.63719
53.27012	6.089373
31.14043	0.9617372	18.08046	5.870475	42.34342
38.50924
52.18079	30.07082
50.73279
34.70742	39.04162
51.18648	27.62941
64.2136	46.92433
23.03403

32.55875	14.08819	50.47036	45.80107	26.47793
33.68976
7.11434	50.67632	53.81404
15.72705	37.38139	31.63899	39.25084	5.649221
63.19103
38.50744	62.76911
64.09645
23.49328	3.953246
13.96988	50.10084	44.88087
50.44161
26.18459	20.07214	25.83016
49.54706	32.87808
31.55889	15.21302
26.70006	31.8146	9.559913	26.42469
51.23706	34.60447	22.52514
50.33209
34.79516
34.09662	7.939804
47.6954	38.00265
39.09105
51.48354	9.502303	24.24546
37.72683	47.67159
34.26872	5.441009
46.5661	23.94648	40.73085	65.73234	44.77385
43.67301	13.4119	0.8899801
14.7054	29.36201
54.83176	45.61433	44.69372	65.69655
50.78485	20.76244

51.17621	37.18908	61.73345

47.00258

54.01509

51.81528
34.6968	26.01884	6.735228	28.80481	58.56951
29.2107	17.46679
29.76368	21.01274	42.99589	29.24094
28.69097	45.94507
53.91217	6.006523
43.32294	18.59499	21.30013
16.71117	34.76027
3.817394	2.153061

24.73162	14.43846	11.50267
50.94932	13.13236	9.983604
31.80847	4.603753	22.9539
48.59918
25.18988
57.93878

15.78959	61.78726	1.961419	11.78782
57.60671
44.53477	51.99366	11.68591
40.78574	32.24129	55.66724	35.9598	24.3862	7.728636


54.93712
41.15819	4.669132	4.487766	25.87318	10.44888	27.94574
40.91174	51.40361
54.00223	36.60508	30.181	16.26089
6.830296	54.239
50.63739
28.16869	48.17598
13.70607	62.89319
24.1218	18.40714
25.54107	26.96401	3.005752	5.997528
53.41728	4.501831
52.74192	35.90015	42.89015	36.98099
31.4158	0.01349925	51.80919
10.83296
39.83222	17.66222	63.79138	30.24853	62.12078	16.9248	49.2032	0.3547991	56.91634
58.3811
65.40576	19.7774
1.462382
11.57847
28.77276

27.86652
26.72272	12.39879	25.40672	8.384954
36.24161	49.63007	10.52999	33.39933	18.49127
27.77699	13.70041	12.20099
50.32246	38.89096
45.9316
7.503862	27.34306	63.43469

55.06204	5.509903	52.40598	2.115727	43.5287
62.41322	10.12692
51.80622	38.03765	34.2775	23.25788
33.30607	25.49087

14.16245
58.32249	44.59329	38.48376	0.8319528	58.04777	32.1158
37.78421
48.33551	33.28002
26.84157	11.09236	47.89669
65.77809
20.93214	11.94576
48.06116
1.34631	22.35426	56.98022
31.36353
15.76977	35.85586	49.95894	59.61411
14.39286	35.24144	16.69177	9.365092	43.29181
48.16274	54.49473	41.50002
39.88577	10.5576

51.31785	19.71696
49.28048	35.59745	4.809021
26.2375	60.06088
62.57257
16.0437	62.61084
35.96593	1.210902
35.08342	44.95381	20.40518	25.82166
4.203194	29.75085	17.92543	11.76794	40.49939	23.08369
32.57178	54.68194
46.19984	35.75481
44.93955	2.615323	34.99816

35.8466	55.06836	5.704854	35.06386
1.935239	54.24574
49.06052	17.45287
51.62178	45.48549	58.43161
37.21724	47.69776	4.062119
64.24575
30.77786	52.72542	10.81138
26.3054	37.48716
36.65965	5.567017
36.36547	30.82573

60.63218	56.27714
34.10613	14.02995	29.23107	13.05335	61.91877	2.746531
36.48658	55.50652	44.85042	29.07296	26.52356
7.33353	35.0084
50.04233	25.53296	46.69634
23.04649

41.27789	37.19673	55.06381	34.80202	26.6858	44.39725
11.56984
47.26543	35.40992	42.67337	19.5466

38.33912
14.4572	40.38694	20.22434	47.57587	23.16651
28.87605
63.26994
40.97121
55.03868	12.9625	17.80725	61.58224
35.62736	10.69445
16.55714	49.98377	33.32687
38.11289	58.81774	51.9879	26.38651	54.86954
41.54676	49.22734	1.703512


52.94137
40.20559	14.89753	22.59961
50.34727	31.15568	23.06374
51.60722	27.85948
36.29258	30.37411
10.1316	59.96612
52.49228
54.49264	25.96797	39.08184	52.72751

14.96382	19.74237
16.45114	10.51686
38.0394	24.31096


62.20649	35.79516	26.18938
50.63144	18.17791
24.96584	62.99147
20.58915	44.75602	9.658456
45.18686
49.27455
7.02922
3.620848	38.48282	48.0229
38.95454

12.04979
23.91038	15.81392
35.65929	34.75656	18.88222	51.92143
45.77609	14.07933
39.01293	48.19948	13.94781	30.95309
48.14414	16.83768	65.12491
44.45398	19.70933	40.26844	34.54561	43.98542
10.25517
51.86981	31.2379


48.00098	33.84586	19.58664
40.88382	39.75812
34.13953
22.3134
26.67046
7.688416	9.586607

36.28409	39.07802	6.442662	62.24057	58.31901
49.86559
48.72686
37.06925

65.86455
33.24107
1.628249	53.59866
10.37447	8.65701	18.7104	1.475131
17.99036	50.39054
42.82748	15.47928	27.59785
14.32512	54.866	25.28369	50.74751	46.34893
15.62487
18.49427	9.888429	3.479513
4.536052	47.47514	7.556281
49.42483	8.032778	4.651318	48.6991
1.383458	64.64271	24.36833

50.06635	25.46427
54.88589	21.55693	58.66001
51.11876	41.68761
35.4172	3.30898	61.07104
48.85906	17.05813	9.699811	2.343421
18.13195	14.86622	53.41233	3.535912
25.06029
46.37176	29.39785	11.17411	2.050328
50.2995
28.13054	17.70708	7.928406	26.84717
36.19861	61.05991
63.09802	32.31241	32.29017
49.02567	31.21721	8.812468	30.66499


35.62666	40.71421
9.483323	34.74643	3.718264
36.00073	14.99345	56.31112
21.71402
38.91336	36.98084	30.96911

43.7822
9.089093
34.09586	9.944216	48.71754	11.45208
39.31312	36.59352

55.48048	39.54103	23.19595
35.68166	65.03414	49.41922	42.15496
35.79912	5.329603	5.035228

47.48353
14.91955	59.33878	7.265975	58.85821
15.53244	35.54005	34.27395	6.80448
36.19268	15.83155	28.50234

37.5851
36.55626	13.37152
57.15517	22.10361	10.87474
54.6773	20.56546
36.58893	48.77232

38.33599	21.64961	9.376817
58.80073	51.19228	58.90961	53.996	24.41732

58.23953	54.62353
48.49108
57.37718	33.61009	16.38109	38.88984
58.60484	51.29804	48.93686
38.81282
25.00743
11.74728	21.32335	35.29458

37.53375	65.01966
14.31491	54.54987	41.6918
26.18269	59.5181
30.00506	1.840874	50.14392	31.89225
61.87776	32.87694	13.66527
40.27512	13.20992


36.85847
44.412	3.84325	36.06937	14.37358
65.55425	52.08782	21.7151	65.41969
28.81356	56.80949	5.428612
23.78567
36.56158	54.42389	40.43968
34.90949
17.55232	49.6237

35.33574	26.85638	23.98146
33.57429	50.79923	6.209255	32.94824
33.08288
42.25377
35.56987	1.661318	55.56427	59.24933	47.33795
48.93421
12.4434
14.81438	7.936085
32.92463	52.59089	34.20617
50.03319	22.51486	56.25562	30.70834
49.43544	34.65601	3.288479	65.42897
15.74992	63.17695	0.04259989

5.22435	26.84295
60.73252	60.43676	41.67538	3.466608
56.47259	42.40736	5.767598	15.90562
20.52643
32.32508	26.83694	49.95468
3.57571	61.40032	50.97188
47.52335	6.37108
38.59593	14.04313	35.71256	16.24508
60.75906	59.74594
58.54492	34.50203	18.46979
40.52509
22.11004

10.04354
51.43727	50.23257
21.32978	12.41881

28.81468	59.69548
57.51608	40.25359	1.505638	52.88407

