ExtinctionRates
0.0300782	0.01399225
0.001594105	0.003989441
0.01794219	0.01550413	0.01262016	0.03411084
0.06771896	0.01825691	0.02681077	0.03799532
0.006416803	0.02909866	0.01654155
0.04427837
0.00827468	0.007169769	0.04951142
0.03986479
0.01082813
0.03597021	0.03703513
0.04433756	0.007165346	0.03623889	0.04734769
0.03084283	0.01875068	0.06075157	0.05198246
0.02851786	0.01436878	0.03317075
0.03953683
0.09399772	0.04156478	0.03296038	0.08000683
0.0527847	0.03213138
0.03665041
0.01121483
0.0338667
0.04831684
0.06349713	0.04779246
0.02815078	0.04581737
0.02159643	0.002182463
0.04231857	0.02218827
0.03584174	0.05822881	0.03255972	0.02404797
0.02975969	0.07944605
0.002671711	0.04831427	0.02760358
0.009452212	0.03776795
0.04777909
0.008475142	0.04005153	0.02718631	0.01480187
0.04457679	0.04387897
0.04419045
0.04855972
0.04520335	0.03293694	0.03298953
0.07482396	0.02588721	0.02572916	0.04051884	0.01884467
0.03209738
0.02906529	0.04480853
0.03608097	0.04359156
0.02858402	0.0637741	0.04507185
0.039729
0.05075809	0.04344726
0.03737083
0.006445761	0.03503868	0.006763394	0.02201356	0.01787566
0.0311514	0.04300803	0.01026991	0.0424753	0.003362689
0.03600296	0.04489711
0.03424505
0.07743456	0.0356327	0.05539742	0.02938355
0.04378354	0.04022469
0.01821949	0.05175798	0.04126238	0.01123692
0.04597808
0.008076507	0.04183554	0.007946576	0.03887106
0.01947569	0.04285787
0.03232394
0.06238971
0.05402769
0.01691999
0.05018251	0.01628989	0.0158163
0.04666188
0.02910308
0.05183843	0.04045333
0.0175288	0.05643369
0.03020256
0.035608	0.04533902
0.02311548	0.04482106	0.03361173
0.06404425	0.03016289
0.05067761	0.01407516
0.01837544	0.0821191	0.04175192
0.02223524	0.06997527	0.04050922
0.0319835	0.02782323	0.01503036
0.02848696	0.01970696	0.03082952
0.02397757	0.01933479	0.05438395	0.06326337	0.04478072
0.03604965
0.04799378	0.05940314
0.02887281	0.0516495	0.03242891
0.01784532	0.03645942
0.0367595
0.03604816
0.09208182	0.03861288
0.05376296	0.04501929
0.04182962
0.007601885	0.02689334	0.08083407
0.004988421	0.04284457	0.05827488
0.04679238	0.0372968	0.02145995
0.008404774	0.05620501
0.05975506	0.06245886
0.04695908
0.03642691	0.05696171	0.0329402	0.02445721
0.02820985	0.033058
0.01795052	0.00748933	0.05620035
0.04072435	0.03007892	0.02303177	0.01626452
0.0254923	0.04364704	0.007898638	0.01038384
0.03031678	0.04033849	0.02587781
0.04304781	0.04516088
0.07573946	0.05785787
0.01163398	0.06254129	0.008322211
0.05112028	0.04044605
0.05714222	0.03962373	0.04847557
0.04504126	0.03832855
0.05459878	0.02972561
0.05952388
0.01613443	0.02571695	0.04715772
0.0004656972	0.0632053	0.01991685
0.02647998	0.0502603
0.06896965
0.06236884	0.05599126
0.05002294
0.02292337	0.03231843	0.03837988
0.01980807
0.006908559	0.02997796	0.01658904
0.02363037
0.0142334	0.0114016
0.02230657
0.02853964
0.001106507	0.05982535	0.03095601	0.07521429
0.06852154	0.0304959	0.005643716	0.04738581
0.02585551
0.02614831	0.04278958	0.004548191
0.04611012
0.02900096	0.04182742	0.04381198	0.01635497
0.03036445	0.02609087
0.04589322	0.01018489	0.02921668	0.02764185
0.02804383	0.05304715	0.01272351	0.009773411
0.04060739	0.00483025	0.03798416
0.04791196	0.04093807	0.05935401
0.03097926	0.03754837
0.0345865	0.04230904	0.0301035
0.06604219	0.05700547
0.0584878	0.06164433
0.05054469	0.03525429	0.02291627	0.01942533
0.04302412	0.08923263	0.06902642	0.0846152
0.0643687
0.03343365	0.05542858	0.07701676
0.06575119	0.06339805	0.07926536
0.0387578	0.07030987	0.02897383	0.04685155	0.04760142
0.06991772	0.01346728	0.02634782	0.02624798	0.03767211	0.02996167	0.04822776
0.0479795
0.06484468
0.01374997	0.06818074	0.0475287	0.01939429
0.07585771
0.07218832
0.06456361	0.09622304
0.01598977	0.04196088	0.008413031	0.04216346	0.05878636	0.0355605
0.0307347	0.0460142	0.02239491
0.04217392	0.06452127
0.03148711	0.04052377
0.04121022
0.003260577	0.05189698
0.06800168	0.04461264
0.0187632	0.005370326	0.02739895
0.03096225	0.05654525
0.03605847
0.02266352	0.05111909	0.04983703	0.001252795
0.03665019
0.04488614	0.003419417
0.02047962	0.02688724
0.02680059	0.07371737
0.0376336	0.04804278	0.06119592
0.01444702	0.03905841
0.01031579	0.08269028	0.03867791	0.01072552	0.02884811
0.04201933	0.04995273	0.015874
0.0418285	0.07241019	0.04107047
0.06010096
0.006001693	0.05707427	0.03813844	0.07534699
0.03326856	0.03832311
0.01508151	0.06195363	0.03708278	0.02436339
0.05676415	0.05082161	0.07159019	0.01512364
0.05163909
0.03766043	0.04250756
0.01322911	0.03386222
0.02291996	0.01373324
0.006012282
0.05229018	0.003025681	0.03878588
0.005997705	0.06961328
0.00528867	0.06318225	0.007196516
0.01113714	0.08374139	0.04698145
0.0635504	0.03769599	0.04100975
0.03722138	0.02458274	0.007952668
0.02141134	0.03694345
0.003124505	0.03534945
0.001991768
0.02817453	0.008271249
0.05897403	0.05292941	0.005640719	0.005522332
0.04305704	0.003349187	0.01545095	0.008679943
0.05348884	0.001930291	0.01987608
0.02149201
0.03030402	0.01806591	0.06075381	0.03001111	0.001159015	0.0291274	0.00482767
0.09488788	0.03417141
0.01941673	0.05981608
0.08997682	0.05121575	0.06001502
0.04452501	0.0284603
0.0175617	0.02671635	0.07186492	0.04642354	0.02332908
0.02304369	0.03953103
0.02767556	0.008124404	0.007235691
0.05097514
0.0009774996	0.04874743
0.05426299	0.00287097
0.0192174	0.06765916
0.04716775	0.0421266	0.04324858
0.06583223	0.03420143
0.05204186
0.05616171
0.02361447	0.05877825	0.03891715
0.02348758	0.04093957	0.04611775
0.02670136	0.06539034	0.04606486	0.0786553
0.02009562	0.04504332
0.04012357	0.04173795
0.02998953
0.009267415	0.03244062
0.0385159	0.08539716	0.04859761
0.03546978	0.05341008	0.004015985	0.04753454	0.0007178022
0.04027474	0.04300792
0.01588639	0.04578448
0.05529419	0.04416
0.0283998
0.02158693
0.01823039	0.05341437
0.0542057	0.05772229
0.0147465	0.0407536	0.045976	0.0009848994
0.06218835	0.04945373
0.00650477	0.03725868	0.07633508	0.0440388
0.03866534	0.04712575	0.0575374
0.03482516
0.01556443	0.02270477
0.0370152	0.004957814	0.01354593	0.01414497
0.02380315	0.01672302
0.02750031	0.01286897	0.008866557
0.02372298
0.02136802	0.01639312
0.002274457	0.05776292	0.0299459
0.02852643	0.1013105	0.01596783
0.02941964	0.0773086	0.004768766	0.06848268
0.04852293
0.03027762	0.06349057	0.01674118
0.02470601	0.00610386
0.0204616	0.03219096	0.013657
0.003077213	0.009178856	0.03313138	0.009389002	0.05125371
0.0005426354	0.002073477	0.03106414
0.00690278
0.01417283	0.01202155
0.04676394
0.02115111	0.03342864	0.003541776
0.02584806
0.03920656	0.01630262
0.02506032	0.03718021	0.006787358	0.05662892	0.03274922
0.0754632	0.01216666	0.05318938
0.0138776	0.0066803	0.02175772
0.03463099	0.01138127	0.05338673
0.07322508	0.05933095	0.0401464	0.05132219	0.02655899
0.04235178	0.02331459
0.01537429
0.002081506	0.02621827
0.019258	0.007015556
0.00639086
0.02680946
0.02151109
0.03100742
0.00773182
0.006786543
0.04576805	0.0001710931	0.01939907
0.02484196	0.000616726	0.02683252
0.03543399	0.07294012	0.01474657
0.02948457	0.06150761	0.04134509	0.03210073	0.0267197	0.02674514
0.03450184	0.02801938
0.02449634	0.02140285
0.01747516
0.02838957	0.01239258	0.02025897	0.03121631
0.04658695	0.02874613	0.03998844	0.02179829
0.01408652	0.02437706	0.02018356
0.04927761	0.02749807
0.04316893	0.03615601	0.03320314
0.03272165
0.03064413	0.01260345
0.00861104
0.0007380473
0.02029769
0.006528982	0.04566762	0.02736728	0.01868173
0.02995382	0.01916784	0.02674723	0.04794908
0.021776
0.03646509	0.004239286
0.001498527
0.00316154
0.01303187	0.01937458	0.02977172
0.01076336	0.01272077
0.002063228	0.07904478
0.03809679	0.01184932
0.05520051	0.0009394354
0.02987716	0.001053411
0.01455792	0.03211689
0.03252208	0.012811	0.02363344	0.01281499
0.03532906	0.03189945
0.01655525
0.09062048	0.03469314	0.01610394
0.03189711	0.08441163
0.002933832
0.007057588	0.0005411707
0.06068613	0.01131439	0.03249192	0.02030605
0.002308399	0.001867616	0.01899838	0.01002329	0.01417535	0.008166926
0.0005498469
0.01133355
0.03334786	0.002409661	0.003706302
0.01918132	0.01966422
0.01924355	0.06727251	0.01488833
0.008502252	0.04437963	0.02630634
0.004734462	0.001578459
0.015224
0.02351383	0.0008271886
0.03187879	0.008469382
0.008832411
0.05765882	0.01808774	0.03543216
0.001325128	0.03566493
0.05353088	0.009482067
0.01195905
0.02065266	0.01968248	0.01893775	0.02503735	0.01476999
0.002812779
0.0364481	0.00650887
0.01580206
0.02001679
0.01388056	0.007418915	0.0090082
0.01326983	0.01060314	0.02746304
0.03019017
0.0440937
0.01597729	0.0430799
0.01126722	0.0528585	0.07742084	0.0592769
0.05704155	0.06590374	0.0326271
0.03912241	0.03288665
0.04153473	0.03655526
0.03882211	0.0020807	0.01332979
0.03881289	0.0110034
0.008716513
0.02861655
0.005727205	0.06487273	0.0158082	0.009606512
0.02832653	0.0598819	0.02124901	0.01191009
0.0246546	0.02474955	0.05777707
0.02926424	0.00749009	0.01487305
0.007388896	0.006329483	0.06090032	0.0566738
0.02134812
0.0378377	0.03113666	0.02969262
0.004235076	0.04687429	0.005939669	0.03613889
0.04448096	0.01882141
0.04374287
0.01271683	0.05250417	0.01033144
0.03508518
0.05538277
0.03964721
0.007480178	0.0615591	0.03196846	0.05580852
0.008680679	0.05212043	0.02178576	0.04815629
0.04835406
0.08479051	0.05813455
0.02223962	0.05623302	0.04872929	0.03169969
0.034001	0.08252279	0.04129348
0.04385857	0.04660639	0.002860278	0.08439985	0.01333199
0.003972067	0.06155612
0.04783428
0.05807742	0.03294376	0.03857458	0.03743298
0.03370696
0.03776359	0.03956476
0.01196926	0.05178806	0.02701787
0.01782072	0.05223357	0.0450187
0.03025141
0.06135054	0.04863611	0.03579309	0.008254663
0.02439851	0.05756959	0.05870575
0.03073189	0.008881592
0.02397679	0.0837979	0.01093167
0.04431911	0.003518107	0.08282559	0.004111581
0.02253933	0.03784403	0.06249579	0.06839301
0.007730776
0.03295507	0.03346383	0.0348047	0.01558993
0.02360492	0.02561535
0.04251163	0.04836917
0.03200481	0.05417193	0.04470951
0.02639495
0.07227265	0.06685811
0.03870613
0.007206426	0.03839084
0.02542565	0.03838963	0.0303027
0.06221637	0.04220963
0.04599767
0.01930826	0.02367081	0.03108087
0.03932383	0.02875411	0.06125505	0.04412515
0.01042512	0.03560001	0.03792968	0.06886972
0.004730635	0.02877511
0.0285861
0.02720284
0.04884398	0.02735746
0.02910032
0.01417871	0.03260155	0.03562949	0.02340323
0.005972015	0.04163821	0.02968276
0.03567886	0.008800464	0.003031035
0.03396867	0.01746282
0.04442362	0.0116498	0.02001427
0.01220283	0.00377734	0.03030214	0.0264923
0.01591473	0.02000946
0.03877592	0.04761193	0.03955835
0.001313288	0.04585742	0.03218584
0.007161617	0.03127396	0.04105037
0.03855318	0.04710586	0.03483217	0.0840756	0.03261409	0.05002914
0.008791013	0.04069443
0.05923765	0.04845617	0.01570762	0.03337366
0.03423006	0.05539633	0.02978162
0.05775367	0.05136841	0.07938042
0.05395686	0.02648579	0.04632835	0.04554127
0.02812978	0.03242378
0.01059231	0.03357007
0.04351863	0.04241673	0.06102711	0.008574902	0.05227235
0.034817	0.006122734	0.03666375	0.02688097	0.03766299
0.02641155
0.05224658	0.04027235
0.04225251	0.04141023	0.05820138	0.00485214
0.008770259	0.02986148
0.01245262	0.05602883	0.06397535	0.001322604
0.03027383	0.03413282
0.01535905	0.002383918	0.02676056	0.04192277
0.05245441	0.05541601	0.01883969
0.03810449	0.04645422
0.04530655	0.06678459
0.03312269	0.05829154
0.06608033	0.05424453
0.05774134
0.05024749	0.0720849	0.001949467	0.01467308
0.04007698	0.04184574	0.03871983
0.005826104	0.05855245	0.07860184
0.02018985	0.03362381	0.07653033
0.05512785
0.01364917	0.05759944	0.05234776
0.05485916	0.05286951
0.03971279	0.04265385
0.02333665	0.06197686	0.02778978
0.04388901	0.02549375
0.04288131
0.01824926
0.06382569
0.03970587	0.02005411
0.04910152	0.006402194	0.03323085
0.007983811	0.0427309	0.02358835	0.00406789	0.002622489	0.04665781
0.03057875
0.03707006	0.02967479	0.06682509
0.05258925	0.03458866
0.03777374	0.04238418	0.0490745
0.01972699	0.008208545	0.03068595	0.007983542
0.01456404
0.002050449	0.04275592
0.01077796
0.02949407	0.03434166	0.00975352
0.04775735	0.04799164	0.008522878
0.02195103
0.03171972
0.03208649	0.02965095	0.02153891
0.01646812
0.01464085
0.0264539	0.05804976	0.02294046
0.0298349	0.04361331
0.03115002	0.02748591
0.002188577	0.03705448	0.02824689
0.004259019	0.04764587	0.03257443
0.01195466	0.02500747
0.01285157
0.002958386	0.04904362
0.04120713	0.0242171	0.03952005	0.01033883
0.0273604
0.03415732	0.02244564
0.006334881	0.03510183	0.001720678
0.003478899	0.01593267
0.002972613	0.05420464
0.007192428	0.03121906	0.03303032
0.04665889	0.04849428
0.03661969	0.05491674
0.02033466	0.04168504	0.05454664
0.01238289	0.01270929	0.03060664
0.04744801	0.006430676
0.02877421	0.01876588	0.02556297	0.01816375	0.02351558
0.007497599
0.0161869	0.01994374	0.02510997
0.02496951	0.03760513
0.03399176	0.03531443
0.02977251	0.01160444
0.02191841	0.01382306	0.04095919
0.03639831	0.007433491	0.01634962	0.01734554
0.02327374
0.003361644	0.01338263
0.0009838549
0.002899357	0.01992402	0.003997691
0.01793702	0.01827104	0.01838874
0.0006681401	0.02104004
0.02574865
0.003047572
0.03316522
0.03812921	0.02630166	0.018035	0.02094981	0.05611706
0.03446997
0.04442602	0.03421982
0.02502113	0.0132035
0.02643684	0.004791898	0.03983506	0.06135783
0.02895658	0.005313543
0.01038827
0.02953128	0.05593866	0.001993687	0.04304713
0.0333694	0.0556239	0.003530744	0.01145476
0.006533428	0.05118179
0.03567428	0.02218735	0.0459799
0.002421596	0.03481857
0.01403923	0.01886104
0.03170756	0.01780993
0.01109944	0.008266498
0.02087131	0.01328914
0.04333073	0.0183083
0.005266933	0.001712887
0.02207594	0.005609629
0.001102292
0.02060952
0.003972774	0.003642572	0.0038662
0.03055477	0.001477521	0.007625772
0.03708218	0.009412849	0.002355141
0.01804032
0.01584221	0.02334574
0.03501614
0.02119551
0.01168206
0.001758906	0.04385579	0.01297468	0.01695809	0.02626665
0.03846567	0.03184273	0.06117252
0.008276924	0.02164094
0.01822566	0.04297216	0.01606998
0.001121074	0.007451494	0.03147981	0.04278882
0.01004644	0.01886783	0.008160931	0.0708083	0.02944565
0.02963997
0.01730914
0.03027111	0.04931954	0.01521312
0.02218601	0.03870552	0.02470971
0.04784165
0.02971067
0.03232562	0.02460155
0.02492862
0.0222998
0.02388637	0.0179703	0.004232297
0.01980586	0.01131638
0.02945211	0.01376702	0.04055434
0.003551555
0.04499208	0.01151832	0.008922752
0.003799272
0.0541159	0.05873387	0.02751008	0.004516912
0.0144351	0.03510702	0.01243681
0.04437209	0.02329626	0.02583236
0.02819864	0.02469492
0.02655281
0.03165578	0.006707693	0.01530879
0.01951753	0.03411588
0.02583326	0.04769108	0.03264494	0.01863832
0.03245395	0.01424811
0.1023731	0.008820621	0.04611576
0.05549435	0.0124292	0.01789837	0.03830186
0.02515465	0.03264835	0.02187561	0.01578883
0.01710041	0.02568423
0.001661609	0.009072564	0.05249149
0.002141654	0.06582672	0.01650883
0.03342755	0.0276399
0.008370257	0.009371439	0.07230964
0.0185072	0.02317136
0.02321198
0.01868156
0.07142262	0.008044025	0.005287667	0.02057339	0.04452512	0.007148482
0.02477583
0.006423874	0.03422615	0.01260573
0.004196551	0.04928969
0.01530531
0.01921804	0.009510671	0.05080259	0.05347492
0.02445506	0.01870327
0.006380801	0.03028493	0.02632738
0.04609453	0.0225327
0.0428797
0.008017048	0.01707262
0.009802593
0.04908806	0.008435738	0.002463571
0.002845648	0.005769234	0.008231363	0.03304265	0.039439	0.01042357	0.0379302
0.03084985	0.1034818	0.03993083	0.03455378	0.03220741	0.03567038
0.02562594	0.06615135	0.02240566
0.002727651	0.06052949	0.01769646
0.005751293
0.01233122
0.04989608	0.06223017	7.920656e-05
0.0438709	0.02572081
0.01595251	0.03225517	0.0003737478
0.02285032	0.01093023
0.0005728558
0.004513278	0.0009122665
0.01394288	0.001585431
0.04121854	0.004692065
0.02086204
0.05689911	0.02138114
0.01365219	0.02742308	0.02019932	0.01526071
0.0414799	0.01360701
0.009027235	0.007127048	0.03107052
0.03434897	0.02586833
0.04038662	0.0288091
0.0120456
0.04139408
0.01269544	0.08835786
0.01648371
0.0008818774
0.01819198	0.0004962181	0.02969812	0.01469801
0.01434095	0.0008722966	0.02618631
0.05127941	0.03388662
0.01074561	0.04419519
0.02870177	0.03265532	0.05562467
0.006989382	0.03045091
0.04883381	0.03180588
0.02815737
0.0181292	0.014306
0.002893443
0.01922688
0.01283512	0.01422058
0.05325842	0.08484441	0.01535415	0.04307377
0.01215529	0.005970746	0.01375149
5.198161e-06	0.04483026
0.01760237	0.05039722	0.02741577
0.01948123	0.01477851	0.01333566
0.01765931	0.03711686	0.0177194
0.02893051	0.02873714
0.0299384	0.003509295
0.004061848
0.004493937	0.02800343
0.0198798	0.0009652046
0.000765032
0.01850048	0.08009263	0.01300499	0.05187649
0.008207491
0.0171191	0.034233	0.01953449	0.005630828
0.06444204	0.004934464	0.007537017
0.03179279	0.0008812323
0.02189404	0.001314472	0.02433426
0.02706181
0.005230605	0.009579854	0.03279025	0.02335441
0.02070008	0.00708612	0.02167885
0.00135631	0.06829624	0.00610102	0.02964318
0.00980375	0.011503	0.01800344
0.01421463	0.02648716
0.02060764
0.03669459	0.04335756
0.01970257
0.0235534
0.05571882	0.02424201	0.005704347
0.06046268	0.01250591	0.02716691
0.01995191
0.03847036	0.02176519	0.01030657	0.02102878
0.001301699
0.02806024	0.001234781
0.002379319
0.01004155
0.04687357	0.00392691	0.04054635	0.02853556	0.06954338	0.04142902
0.01195324	0.03089736	0.003153597
0.01834765
0.01222075
0.06938937	0.06768259	0.02423293	0.0790112	0.04069628
0.002346465	0.03787849	0.01145199	0.04795062
0.002479691
0.02909015	0.001702775	0.01017539
0.002468149
0.01246864	0.01285471
0.03159258	0.007853088
0.04399026	0.0444963
0.01632245	0.04276336	0.03149905	0.02581993
0.009172026	0.03095714	0.05962576
0.01816405	0.0475145	0.06564252	0.009074776
0.03598535	0.07618632	0.03136499
0.05359398
0.03436494
0.02398049	0.08068827	0.05420703
0.02043363	0.05411218	0.03515563
0.01997024	0.03898252	0.02240965
0.01472815	0.05880855	0.05940195	0.0327657
0.02850657	0.04992197
0.06908081
0.05987209
0.04874163
0.003902131	0.04663675	0.008275515
0.02915624	0.04132701
0.04219228
0.02017031
0.02881531	0.03648903	0.02669745
0.02664142	0.0415796	0.01363209	0.03177192
0.04721525	0.01345249
0.0208971	0.04400518	0.005426232
0.04412455
0.04637367	0.0432347
0.02102673	0.03856796	0.03434922	0.02164586	0.03434512
0.01397121	0.02921427	0.04060659
0.02295373	0.04246783
0.04687084
0.04294969	0.06245052
0.03255976
0.03169007	0.02327004	0.05585216
0.01121197	0.002216206	0.06379482	0.0453888
0.03273485	0.04974671	0.00734123
0.02352975	0.03773775
0.02776106	0.05105262	0.03726483	0.02883519
0.0348196
0.03486085
0.03017449	0.08728244	0.04173343
0.07317864	0.01778301	0.04972227
0.04229722	0.02765448
0.02254772	0.05690341
0.02242269	0.04405704	0.03468801
0.04007591
0.05290412	0.04793167
0.03768411
0.04762371	0.02735933
0.05004055
0.04724529
0.01496148	0.01501134	0.01473111
0.06199816	0.04877983	0.04204855
0.04511011	0.04987366
0.06437946
0.05233719	0.04389195	0.04162058	0.07221659
0.05150267
0.05438954	0.04885895	0.05165682	0.03474391	0.005480624	0.05641091
0.01089644	0.03965266	0.05446102	0.03926389
0.02896593
0.01802726	0.02769882
0.09711978	0.02501551	0.02297118
0.01368645	0.04061966	0.01063175	0.01326984	0.00440516
0.04922654	0.01976837
0.03708814	0.01846127	0.01166912
0.005375792
0.005971632	0.006569388
0.01645496	0.03242859	0.04917542	0.01550432
0.0403802
0.02483901	0.02303946
0.02548679	0.05030772
0.03369689	0.02691071
0.0371435	0.02652947	0.03096769
0.03458039	0.01802317	0.05498815
0.07897858	0.002481379	0.03139517	0.001529921	0.02209729
0.02727884
0.01514243	0.02542999	0.04499358	0.04692958
0.003330034
0.02624409	0.004463427
0.007058436	0.0009755645
0.0107302
0.01931573
0.01708124
0.07777159	0.04144558	0.01277805
0.02590452	0.02672947
0.007467259	0.02963746	0.0220141
0.06031888	0.02393674
0.01742653	0.02950092
0.04340786	0.04047536	0.006147383
0.03220101
0.0295796	0.004716642	0.02602668	0.03751797
0.0422453	0.01659956	0.004728657
0.05325273	0.01621185	0.004685014
0.0243386	0.006660172	0.06727975
0.02848455
0.01750582
0.06470107	0.02454392	0.02396194	0.001612149
0.01663633
0.01971589	0.01088699	0.0154121
0.002967502	0.004027805	0.03491068	0.02014583
0.005795965	0.0004538099	0.03035217	0.0164551	0.01891355	0.0264862	0.04107454
0.02428099
0.02937811
0.007371996
0.06045074	0.005766782
0.0006780872
0.001871957
0.01416019
0.02579824
0.02797871	0.01747093
0.003694263
0.01428007
0.008491361	0.05146886
0.01566837	0.004590657
0.04189469	0.05727862	0.01047023	0.01815783
0.01121405	0.03672133	0.06133845
0.001826432	0.007666825
0.04016327	0.005660504
0.009991767
0.03204657	0.02091276
0.009711999	0.02362133
0.04018715	0.0490719	0.02311118	0.000780349
0.01772181
0.0249953
0.02908099	0.03086501	0.004651176	0.001271204	0.02648289
0.02094712	0.005978037	0.03164902
0.03108445	0.005980494	0.05065764	0.007705241
0.04214163	0.0151932
0.009625824	0.0234718
0.01873436	0.007000729	0.05007447
0.01697946	0.05842733	0.01001275	0.05328919
0.02644366	0.01393447	0.005572717	0.03557944	0.06580449	0.01748814
0.02188287	0.02012116	0.007697301	0.04668471
0.007584258	0.03279091	0.05966926	0.03669687
0.03544811
0.007327103	0.01228805	0.04003007
0.04279052
0.04468461
0.04123217	0.04722664
0.0493268
0.03281488	0.02726931
0.05944529	0.05331745
0.05853424	0.01269053
0.009375623	0.0321811
0.05162741	0.04252928
0.01879392	0.02391864	0.05707036
0.02580071	0.01004971	0.04561067
0.03651657	0.006729259
0.05040843
0.02983822	0.03823513	0.02942033	0.0173323
0.03777767	0.05821506
0.04181718	0.06396146
0.06867884	0.05688346	0.07771218
0.04727628	0.06330672	0.02400977	0.0338211
0.01819208	0.07198332	0.04102948	0.005454422	0.00607827	0.01132934
0.04939106	0.004647023	0.05252627	0.0270305	0.05413931	0.01370183
0.07887708	0.01100186	0.05576696
0.03917498	0.0206711
0.0181735	0.04356674
0.02301513
0.01946626	0.03791368
0.0135863	0.0447047	0.0128301
0.02375133	0.01485334	0.0399288	0.07592892	0.03151284
0.0150147	0.06331781	0.05065658	0.01944332
0.053399
0.04624912
0.06347941
0.05876451
0.0650207	0.06289183
0.04702395	0.06835531
0.04557486
8.834823e-05	0.05125333	0.01410979	0.06284109
0.001585117	0.03094119	0.01906943
0.002179302
0.02292287	0.02378861
0.03196652	0.04092968	0.01860583	0.01169749
0.01184585	0.04172085	0.08331219	0.05808613	0.05120825	0.01423615
0.02608184	0.01706058
0.00797892	0.01930563	0.03138425	0.02008575
0.002150529	0.001535911	0.05166459
0.02457543
0.004948997	0.03443252	0.0488643	0.01408295
0.007350811
0.02992889
0.05202122	0.02163397
0.04038228	0.05806731	0.05931963
0.008529416	0.06973694
0.0241667	0.04545583	0.02194727
0.01867591	0.02405876	0.03356297
0.02125003	0.01945718	0.04396628
0.02256891	0.06614948	0.003796282	0.02526952	0.007173891
0.02795348	0.01659587	0.002941349
0.0172
0.01381489	0.01580653	0.03069095
0.01410255	0.02666943	0.01838325	0.03154949
0.02741211
0.007046478	0.01229919	0.001864323
0.0231845
0.01621486
0.07495568	0.0006772833	0.05061638
0.01247866	0.01040353	0.05865402
0.04197729
0.05465206
0.03969203	0.03653828	0.03519986	0.02860536
0.02285757	0.03784092	0.01147546
0.05439601	0.05721045	0.05778175
0.05528151	0.05671258	0.02419215
0.06019846	0.03604791	0.05696264
0.03578864	0.04318547
0.04297631	0.0563668
0.01903026	0.05885479
0.04925643
0.01792195	0.03399537	0.0002703774	0.0006171448
0.05159809	0.06714047	0.01335234	0.04449269
0.01262269	0.05918889	0.02321509	0.01652818	0.04307881
0.04412268	0.006780044
0.02751631	0.02707683	0.02290263	0.02588268
0.04039983
0.02302927	0.04022328
0.06087979	0.008740352	0.01448573	0.01037519	0.007057218	0.03554752
0.03877491
0.04746547	0.06116376
0.06383827	0.04188697	0.01787704	0.03925334
0.0251991	0.03689068
0.03201831
0.03869963
0.03598161	0.009529046
0.01955097	0.007540137
0.008557552	0.005065334
0.01649688	0.04462694
0.01684664	0.02104755
0.01215503	0.07169483	0.01966668	0.0002600846
0.0005498868
0.01101311
0.02399062	0.04783305
0.0338707	0.02164696
0.03516575
0.02482084	0.03681831
0.02747	0.03337659	0.00266918	0.01275083
0.0192417	0.04915821	0.0003820925
0.008526712
0.0001445506	0.02212581
0.03083566
0.02142204	0.01793569
0.01115253
0.09583851	0.02300848	0.008107851	0.0185301
0.05343701	0.02384949
0.00340319	0.06031559	0.01364237
0.02358564	0.0219083
0.0282175
0.05444968	0.02709339	0.03970967
0.03266479
0.05484811	0.03329001	0.02044501
0.01902802
0.008389064
0.001637242	0.02259534	0.04695783
0.01580527	0.05129766	0.003224324
0.01705231	0.02563107
0.02577854	0.0235384
0.03043649
0.02136887	0.03805051
0.004949	0.04537651
0.01696598
0.0110175
0.02179759
0.0302078	0.02754831	0.008578457
0.01475579	0.02618964	0.03005288	0.04745782
0.01732499	0.02224319
0.01946486	0.007872163	0.04396163
0.009997161	0.0629259	0.01267815	0.03303946
0.02096895	0.002136181
0.004226406	0.01988684	0.001414431	0.02811785
0.01201684
0.002107951	0.03884816
0.01611908	0.02689572
0.01294682
0.0269001
0.06022129	0.008664659	0.01567783
0.02765226	0.01670251	0.03870529
0.01371697	0.00733142	0.03735242
0.001995137	0.01663494	0.000591868
0.01519137	0.03337486	0.01348958
0.05112158	0.005660567
0.08039127	0.02878337	0.00581481	0.02810142	0.02411433	0.007398904
0.005284447	0.006839059
0.04286028	0.02133194	0.05703302	0.02779069
0.05474253	0.008991483	0.03943244	0.01109528
0.02289089
0.0357554	0.03117054	0.03442912	0.03907711
0.04669802	0.006425194	0.02740591	0.05249409	0.04109021
0.04017946	0.0251901	0.04774097	0.006542391
0.02104944	0.02917852	0.03986708
0.0432123
0.06413508	0.0236677	0.003471545	0.06077613	0.003973749	0.01647048	0.05996429	0.002319228
0.01655866	0.03488128
0.02197705	0.06967649	0.02447472	0.04241808	0.003844057	0.04820865
0.004467437	0.03270271
0.022333	0.02344664	0.02611474	0.06031705
0.02800604	0.020723
0.0003580043	0.00989161
0.009931525
0.01248795	0.01131301
0.03036404	0.005091675
0.01476418	0.02480679
0.04784227	0.03286113	0.06907802
0.02262657	0.0187714	0.0254383	0.0277468	0.0462695
0.02032279	0.04514807	0.01085313
0.04428962	0.01070789
0.01167739	0.005129834	0.01777623
0.003286725
0.0005112561	0.01658505	0.02613879
0.003198563	0.06424677
0.01829655	0.01873829
0.03245655	0.007298606	0.001580338	0.01356489
0.03163577	0.002495609	0.04252839	0.01307806
0.001618368	0.01389042	0.01763591
0.03001987	0.007868066	0.02159159
0.02258977
0.01549414	0.04365202	0.02612279
0.04927639
0.005820184
0.001155662	0.0450784
0.0267919	0.02028782
0.06281708	0.006152556	0.0338463	0.04061901
0.01290481	0.02909661	0.05045065	0.003908716	0.03090141	0.03081983
0.01403918
0.002716076
0.02928316	0.007694927
0.04495908
0.004584274
0.0005442076
0.0130529	0.006920186
0.01497259
0.03578858	0.01273606	0.02390317	0.01360009
0.04710692	0.0200169
0.001380022	0.01059852	0.02451489	0.01333099	0.006434162
0.0001702511
0.04540974	0.00997496	0.04571222
0.02457996	0.008162574	0.09246022	0.03884621
0.01680564
0.002505925
0.01354908	0.01121227
0.02030416	0.02613531
0.04173866	0.02628501	0.06541106
0.0397788
0.03939458	0.06219723	0.05264427
0.01603162	0.05504188
0.05362619	0.03045629	0.0727893
0.04865254
0.04809748	0.06206866	0.004525203
0.002450952	0.0263374
0.01984308
0.01485593
0.01871219	0.01186494
0.02070069
0.006893427
0.002926861	0.01634778
0.06770846	0.0001507541	0.02312347	0.03736422	0.05641043
0.04062403
0.02971303	0.01701216	0.03349938
0.03625124	0.03183889
0.001526495
0.02743795	0.05519772	0.009500378
0.006089491	0.005182262
0.01074251
0.02014182
0.004521927
0.004366563
0.01241555
0.02830211	0.01701544	0.03485926
0.02260698	0.09813939
0.02574211
0.03150208	0.01185841	0.006073397
0.01624037	0.03139349	0.02060494	0.009736655	0.02362244
0.009802807	0.02842206
0.01261551	0.008797508
0.0008064708
0.001416351
0.0081635	0.03989196
0.01631323	0.05251467	0.001922007	0.006831963
0.02641027	0.03138327	0.01187212
0.01236919	0.01178492	0.001037657	0.01290288
0.07369827	0.02678535
0.0183072
0.0443137	0.04137736	0.06003713
0.03261054	0.03037567
0.02855777	0.02098577	0.0304156	0.004402176	0.02403621
0.05857186	0.06119703	6.008451e-05	0.01565382
0.01032835
0.01694078	0.05596577
0.02526266	0.004718342
0.001839014	0.01848285
0.005584942	0.007051719	0.02818247	0.01062163	0.04375934
0.01735408	0.00814721	0.01169468
0.02414923	0.015735	0.04081013	0.04159759	0.02177266
0.002985132
0.02100431	0.0442418	0.03377405
0.02741956	0.05924103	0.006583233
0.01311904	0.03524081
0.001616089
0.05894192	0.03865993
0.01224412	0.004817735
0.008212436	0.06776828	0.009180806	0.002036437
0.01534377	0.008550728	0.05325791	0.007624822
0.01101478	0.00178434	0.002035632
0.02163205	0.07461555
0.04173422	0.03873809	0.03268423
0.04630428	0.02473278	0.02832507
0.05069549	0.02480033
0.0369622
0.02179209	0.01478416
0.01527987	0.01617235	0.009051194
0.04888175
0.03029025
0.01353384	0.08403436	0.02924297
0.01442314	0.05559522
0.06920667	0.05899643
0.03175793	0.01510513
0.0377681
0.03479704	0.03054178	0.05692833	0.02986875	0.03661726
0.04470242
0.04662407	0.02471536	0.07598676
0.03831636	0.1027962	0.05666838
0.06088989	0.03796818	0.05222346
0.05293021	0.07569102	0.04768933	0.006920033
0.04052805
0.03045244	0.0387289
0.03244124	0.04470832
0.02915232
0.04583938
0.02357716	0.01440744	0.02829755	0.003880638	0.002662991	0.06169226
0.0377473	0.01147985	0.008861483
0.03316994	0.009484496	0.01626733
0.039227
0.01826854	0.0494505	0.04326949
0.07347931	0.08525644	0.05093692
0.04703168	0.02742153
0.04620883	0.00710673
0.02939599	0.02629513	0.02008976
0.004859368
0.0248401	0.01725535
0.01835831	0.002063002	0.01123561
0.04331844	0.005060851
0.05923753	0.009477607	0.02022697
0.06032233	0.004977474
0.05054054	0.02226348	0.01634998
0.03057886	0.01688391	0.0649523	0.001725686	0.02120657	0.01279144
0.01184139	0.0561893
0.02154551	0.05441608	0.06787615	0.02813561
0.02233391	0.06343392	0.08406749	0.0581635
0.02976313	0.04355924
0.03568834	0.03724338	0.0657227
0.00865608	0.01282187	0.03845738	0.03070721
0.04601408	0.04779147
0.03228644	0.05362576
0.03177213	0.04596038	0.02063554
0.03663914
0.02639867	0.05118773	0.05168912	0.02836363
0.04639132	0.001147195
0.01027861	0.04141164	0.005936468	0.05467923	0.002589919
0.05838744	0.06271822
0.006028348	0.05909098	0.07542489	0.1130237
0.06741021	0.04461821	0.02654245
0.03590255	0.06760497
0.005478453	0.03385777
0.02811609
0.04938454
0.04038404	0.0571869
0.02876773	0.0449799	0.03400703
0.04583029	0.0375899
0.03654578	0.02301791	0.02125621
0.05516437	0.03241664	0.03344459	0.03292061
0.02654109
0.001399205	0.01720558
0.004659014	0.05693337
0.02331036
0.02693599	0.02209081
0.007627303	0.0368365	0.01993517	0.02221135
0.009707768
0.00982223
0.001512705
0.006467664	0.009418166	0.0003838936
0.01101539	0.005134983	0.0151024	0.02439359	0.01584512
0.04615402	0.03418384
0.01895459	0.04944206	0.004621134
0.01976419
0.0137493
0.01868273
0.00185093	0.03610945	0.02516423	0.04369608
0.03877297	0.02069006
0.01180558
0.03836765	0.02457979	0.07036849
0.01677219
0.03076859	0.0164174
0.02840166	0.03666444	0.04678518	0.04831714
0.03615549	0.03126516
0.02554997
0.009117958
0.003910752	0.0135653	0.01261662
0.02788795	0.007593833
0.04652579	0.02515771
0.02997427	0.005982478
0.01658082
0.0205946
0.03234161	0.05410414
0.01708849
0.01769975	0.009363126
0.02376243
0.02995668
0.01382727	0.007766317
0.03552015	0.03336998	0.03280125
0.02721107	0.01549385	0.03130958
0.02123379	0.01907149
0.0251038	0.03233418
0.03170955	0.01692599
0.005879368	0.06289673
0.01962455	0.01659414	0.0035221
0.001151928	0.03414844	0.05831153
0.000591708	0.05569969	0.007137127
0.01019328
0.02048445	0.001827221	0.03978238
0.04561926	0.004193315	0.02799426	0.05140436
0.02302485	0.01624859	0.0387614	0.0380579
0.01519888	0.03395954	0.03670962
0.02338283	0.02905459	0.03930983
0.02586773	0.02405437	0.0361996	0.0324177
0.03118793	0.01525671
0.0258594	0.02341387	0.02890385
0.03549844	0.0198562	0.04439102
0.01527433	0.04229436	0.03313618	0.03709531
0.007304542	0.02012213	0.04171798	0.03617119	0.03501489
0.04295616	0.008823966
0.0235649	0.01869425
0.001050414
0.01555027
0.03119565	0.02906157	0.02488347	0.03182615
0.0236116	0.07955978
0.01204726	0.01820171	0.01029768
0.01709073	0.007505203
0.02292606
0.01842964	0.009863651	0.03933252	0.01614911
0.0004022205	0.006407876	0.04346866
0.02035659	0.01127329
0.01324487	0.0295564
0.03490018
0.004382347	0.01142085	0.03717083
0.02381917
0.03884907	0.02131724
0.0247442	0.01800824
0.02117231	0.03220365
0.002132061
0.05022056	0.06180233	0.0003831556
0.0157626	0.0670972
0.02456563	0.01435378
0.0411616	0.01989337	0.01997728
0.04319549	0.03603129	0.02061446
0.02158411	0.02553015
0.03016496
0.003619628	0.04978902	0.01655755	0.02208698	0.02289079
0.01856101	0.06645942	0.02065995	0.04481454
0.02923909
0.04858578
0.04791204
0.002919687	0.05186242	0.04346212	0.03498202	0.02595848	0.05465317
0.04422364	0.01030494	0.015245
0.02013525
0.05785985
0.06901387	0.057758	0.03250201
0.03955843
0.04521431	0.06826201	0.02079663	0.03371652
0.02244065	0.04339704
0.04145237
0.04803095
0.05170582	0.04591742
0.01618414
0.02387268	0.02214638	0.03138017	0.05037476
0.01938153	0.01969311	0.02550876
0.007674497	0.003825804
0.01295438	0.002442735
0.02739876	0.01961081
0.02093359	0.05497629
0.01695402	0.04387712	0.03359128
0.05216241	0.0008008039	0.02074971
0.01236551	0.04589442	0.09200003
0.03490314	0.07592608
0.06463975	0.06309645	0.02144965	0.06748899
0.01577799	0.04340025
0.01348665	0.02653998	0.04463119	0.05453008
0.02693249	0.01558215
0.02214635	0.04773265	0.06405071
0.05885972
0.06456831
0.03266387	0.04524219	0.0363608
0.04285919	0.04831794	0.02957497
0.0591808
0.0507933	0.05937095
0.02330307	0.0490449	0.008115272	0.02254559
0.00700925	0.06419095	0.08215556	0.007752419
0.02155767
0.03894243	0.02672344
0.02666952	0.03013487	0.01852883
0.01365774	0.03939875	0.04126037	0.04830824	0.04140047
0.0495774
0.002538435	0.06115692	0.009453684	0.01612181	0.001086688	0.0334807	0.02071561
0.01493292	0.01134444	0.02278594	0.06121298	0.007604383
0.006547976	0.0348684	0.02598794	0.07994546	0.006587549
0.04300375	0.06689659
0.04680743
0.03009819	0.04818022	0.02010229
0.03925912	0.0374292
0.009939415	0.02066898	0.03108289
0.02848087	0.01979672
0.04544774	0.008575436	0.0342626
0.04769392	0.04447058
0.02447135
0.02017464	0.05478663
0.04330856	0.03835035	0.01511484
0.01202183	0.0313811	0.01742304
0.02373125	0.05471465
0.01330708	0.09491904
0.03032957
0.007872486	0.03793978	0.02155832	0.03856079
0.03714018
0.05310188	0.05739711
0.006192714	0.05865438	0.04166158	0.03970422	0.04183659	0.0127305	0.03985938
0.0347076	0.0548269
0.0416124
0.04552274	0.05256198
0.05042503
0.05380789
0.005295633	0.03986224	0.05772361	0.04097319
0.03352808	0.03178397
0.009877176	0.07388566	0.02570827
0.008872126	0.05240772
0.07458774	0.02817901
0.05103717	0.05782479	0.02600516
0.01921278	0.05519883	0.03152556
0.05926566
0.03008379	0.02522557
0.02808596	0.04339511	0.05620194	0.02419169
0.04794414	0.03458694	0.01018844
0.01689303	0.04384766
0.02776858	0.0563839
0.02666777	0.04251173	0.03280895	0.05389966
0.01361023	0.04355301
0.02788572
0.02830806	0.002340069	0.0478831	0.02734909	0.004167312
0.05126113
0.03312678
0.04067281
0.04175821
0.01977086	0.04480048
0.0111831
0.02772348	0.02525663	0.01228466	0.03831045
0.03223389
0.01172183
0.01584551	0.01448009
0.01783952
0.03228204	0.0006851979
0.004066766
0.05039707	0.01242113	0.003315131	0.01299117
0.01909193
0.01773555	0.01907415	0.04325399	0.04456384
0.03312243	0.04795844	0.02144478	0.04979551
0.01214071	0.06461547	0.05180833
0.02222593	0.04040829	0.008146752
0.04827133
0.07219989	0.05355018	0.02461142	0.06170057
0.05922178
0.04824586	0.06513698
0.0487345
0.0240426	0.02497068	0.04300597	0.0284492
0.03582418	0.0256571	0.02075954
0.003882226	0.03040917
0.007304018
0.0463832	0.01370118	0.01664421
0.02903516	0.02817934
0.04870644	0.02910306	0.03623503	0.06073699
0.05660698	0.03996122	0.06046245	0.02544084	0.02100593
0.054349	0.06645064
0.03707454	0.05197022
0.05608387
0.06228896
0.02482568	0.05194464	0.01601065	0.0423978
0.02157082	0.04814958	0.0157989
0.03972247	0.008590222
0.05999594	0.02786697
0.04059991	0.06936383
0.01235399
0.03481761
0.02118777	0.02862626
0.0007036791	0.03851423	0.02148863
0.04386671	0.03799904
0.01666798	0.05141636
0.002481266	0.05732109
0.00313217	0.07289846	0.03592361
0.04934658	0.02778332
0.02205124	0.03969426	0.04275455	0.04449638
0.04666736	0.03712334	0.03082316
0.07243609	0.06563916	0.03344847
0.01973274	0.02081147
0.009249808
0.008555049	0.02967003
0.0234283	0.04262033	0.03120306
0.03832423	0.06517971	0.03224738	0.07832562	0.0004582039
0.04110914	0.03732418	0.04151968
0.03756307	0.06224741	0.03990807
0.03573681	0.04965808	0.02639152	0.0516517
0.06225343	0.02937454	0.04073544	0.03616423
0.03259322
0.02765434	0.03280606	0.05898332	0.05293912
0.02410186	0.04958893	0.00851773
0.02223496	0.02989011	0.0542938
0.04247934
0.05334209
0.05526395
0.04813583	0.04972964	0.02504426	0.01402615
0.02691725	0.0206684
0.01700837	0.00917318	0.04008591
0.002899434	0.002301762
0.0551682	0.01151493	0.03309175	0.04295329	0.02142234	0.02865061
0.007671799	0.03047472	0.04835231
0.02020957	0.06338644
0.03006054	0.1079332	0.0005529807
0.02226125	0.0002807139
0.03017873	0.001889158	0.04574443	0.01702905
0.03646724	0.02179262	0.02553291
0.006543222	0.03890102	0.03732299	0.006474709
0.0152281	0.03286283
0.0229417	0.03974092
0.03600289	0.04943029
0.02413305	0.05199599
0.04139329	0.07404018
0.008504829	0.06818525	0.02321479
0.01144402	0.01580833	0.04635162	0.03065559
0.01591425	0.0507659	0.03797466	0.03369856
0.0132347	0.0496507
0.01931151	0.06255541	0.04886396
0.02464721	0.05356031	0.04490295	0.03200281
0.03222083
0.03088742	0.03038517	0.02077115	0.05563982	0.04315449
0.01827559	0.01552952	0.007576992	0.02233661
0.07159481	0.03668405
0.03778996	0.04745494
0.0004090115	0.05375198
0.03415233
0.01252468	0.03030207	0.03904329
0.009632627	0.03465652
0.03450813	0.03851621	0.02999272
0.02128806	0.03273798	0.04665202
0.0199386	0.01833257	0.03900035	0.02541863
0.01152675	0.04334883
0.04753426	0.0002137579	0.01225806
0.01989643	0.006935689	0.03693015
0.01687894	0.01678471	0.02570964	0.002307173
0.02904573	0.001602389	0.03196451	0.03638674
0.006917721
0.03009455	0.01859491	0.004794975
0.02615679
0.0264519	0.03069387
0.02258638	0.02505749	0.01491786
0.03720212
0.01138471
0.03052723	0.02884642	0.01977208
0.02230027	0.003288047
0.03261509	2.25845e-05	0.01402723	0.003119629
0.03167437	0.0288214
0.03210334
0.02243054	0.03965525	0.01181929
0.02755201	0.02804525
0.03774947	0.04351458
0.0188496
0.03946329	0.0176321	0.05550355	0.03694382
0.002639902	0.004637166	0.04058347
0.01714148	0.002166963	0.03007454	0.01751162
0.007531456	0.01085465
0.004420855	0.02735542	0.04915832
0.00775477
0.03682823	0.02777379	0.02573066
0.00426914	0.0009540565	0.06838666
0.002994519	0.01393631	0.04845076
0.002971327
0.04095598	5.202095e-05
0.001995133
0.004184343	0.04845048	0.01288572
0.01165197	0.009456827
0.009549488
0.04751549	0.01516481
0.03710849	0.02706562
0.003968335	0.03585203	0.04064297	0.03330941
0.05017525	0.003061215	0.03553511	0.03555007
0.01824003	0.006176188
0.007627151
0.0120545
0.01961739
0.02414296	0.02964917	0.0352137	0.02060267	0.01622441	0.03518355
0.02263392
0.0493465	0.001820182	0.003825019
0.01317105	0.02003327
0.0005603592
0.001047515
0.0154163
0.0328737	0.004353257	0.0229528	0.02400401
0.01792947	0.004808606	0.01704002
0.003652795	0.001777516
0.01737789	0.01248429	0.007435267	0.03501305	0.010468
0.06942622	0.03307144
0.02462841	0.03593752
0.1005325	0.009311447
0.01201211	0.03131197	0.02249587
0.04131927	0.03498016	0.02659773	0.01984192
0.012166	0.02256055	0.02601355	0.01615734
0.02121363	0.0346538	0.02074182
0.00558157
0.01013839	0.0697945
0.007954313	0.08346819	0.003173526
0.01941257	0.03529945
0.01611381	0.04805425	0.0168319
0.03704861	0.01907478	0.01870439
0.0291613
0.02508418
0.02415755	0.001514304
0.02916278	0.03450675	0.01298052	0.01814276
0.01989724	0.02813294
0.0269019	0.02518733
0.03582998	0.04381148	0.03268263
0.07364725
0.02992876	0.04874034	0.08159674	0.03595497	0.05969625
0.03593064	0.0315851	0.0362133	0.02287687
0.05028244	0.004076051	0.0406051
0.03507444
0.01467284
0.03375258
0.037084
0.01374005	0.02477235	0.04545791	0.01010355	0.03486654
0.04505602
0.04225159	0.01610783
0.03914174	0.06290295
0.01999168	0.05989095
0.02509208
0.00165189
0.0001931275	0.008682953	0.01113691	0.02034035	0.03473726
0.002789474	0.05863494	0.002895325
0.04063956	0.0104873	0.03522837
0.03789128	0.0692155	0.005198636
0.004475495
0.009648635	0.01619282	0.01202842
0.01381725
0.01500825	0.004397968	0.01034021
0.0151422	0.01100016
0.06766579	0.01203061
0.01098314
0.01178345
0.002661351
0.04444263	0.04569954
0.0156953
0.003753454
0.03571425	0.0256848	0.02218865
0.05649259	0.007083462
0.02075394	0.02324812
0.01578205	0.02895799	0.01279765
0.01978745	0.03186049	0.02965772	0.009875861
0.03759829
0.01342644	0.03251408	0.008623589
0.01858135	0.001795471
0.001330078
0.03540608	0.007367432	0.02046204
0.01010755	0.01495942
0.03564305	0.02744195
0.02790149	0.01274913
0.001502786	0.04420505	0.03681763	0.004403118
0.00966717	0.00707426
0.03450753
0.00717433	0.06784523
0.02882074	0.01689247	0.03737807
0.007423866	0.005922331
0.01130731	0.05571545	0.00716231	0.004801373
0.01088492	0.05228031	0.01077352	0.005949351
0.02369829
0.01536533	0.0376275	0.02708959	0.02947787	0.02297868	0.004897324
0.0252496
0.001761946	0.01518619
0.0215879
0.06096791	0.03639059	0.02149164
0.0349305	0.02173388	0.007812367
0.01554108	0.01189978	0.007095108	0.03881433
0.02570005	0.05918976
0.01187997	0.05056657	0.001623297	0.03354996
0.002874619	0.05392694
0.01686466
0.0414796	0.04643245
0.01551977	0.02378111
0.05333434	0.02015834
0.006434654	0.02397526
0.03656598	0.04843044
0.05787163	0.06748987	0.05593621
0.06442181	0.04764025
0.0275923
0.004224271	0.03052591	0.03508338	0.0467876	0.04879301
0.01401087	0.002365626	0.05968526	0.05633068
0.02664743	0.05241393	0.06084744	0.03924662
0.05443725
0.03408511	0.05326822	0.02261435
0.04341404
0.001886601	0.05021473
0.03368132	0.03064605
0.02593713	0.005237199
0.01785389	0.008292312	0.02391823	0.06696991
0.009986529
0.01264954	6.269544e-05
0.02990962
0.02637542	0.01584033
0.03628445	0.05918338	0.00772411
0.05324713	0.05258366	0.006833539	0.05618435	0.00117047
0.06664007
0.06861238
0.0242903
0.01137362	0.04846828
0.03996127	0.03383632	0.06167077
0.0620751
0.04815925	0.03263841
0.0510894	0.05622186
0.05770033
0.0251214	0.07005773
0.03233632	0.07976077
0.02933711	0.04268315
0.04296639
0.02496252	0.0708902
0.008153206	0.05179301
0.02533626	0.05727222
0.04700635
0.04008119	0.07383134	0.07563286	0.02352132	0.01380541
0.01819616	0.05611917	0.0139224	0.0593852
0.03800098	0.04590525	0.01198273
0.06653701	0.04753909	0.01277417
0.0386932	0.0510748
0.04736973
0.005705027	0.05312697	0.006541402
0.01157458
0.005807386	0.02532012	0.04138979	0.02746552	0.007802961	0.001889197
0.01725973	0.03090728
0.02116789	0.03393435	0.009385375	0.04818778
0.05488013	0.02734455	0.002685205
0.005499256	0.05516263
0.07653759	0.05726872
0.03408001	0.04638932	0.05637653	0.03461659
0.01448766
0.03078822	0.03022323
0.0569142	0.006388884	0.04361315	0.03089125	0.03455066
0.06210863	0.04397677
0.05262594	0.04103087	0.01993279
0.04172223	0.03750761
0.01722967	0.008976627	0.0577443	0.01185044	0.007319949
0.05099118
0.01908567	0.06265678	0.03507934	0.01718995
0.0356687	0.1025218	0.03762905	0.05345077	0.02759825
0.0233283	0.009931369
0.03601549	0.04644628	0.02157099
0.02114197	0.01502221	0.03991755
0.02490339	0.0313291
0.02941513	0.03215613	0.02548526
0.03226494	0.03577266	0.04667364
0.01396061	0.02280978	0.01903295	0.01311288
0.02434345	0.01373163
0.0231135	0.01069586
0.00807835	0.0481752
0.02477327
0.01545646	0.07362851	0.001918645
0.01407245	0.02562374	0.007497935
0.008494347	0.01713249	0.006071893
0.007150444
0.08325627	0.02568564	0.05038714
0.01042851
0.05407453	0.001942967	0.02985186	0.0129903
0.05705164	0.04977454	0.03954242
0.01489907	0.03052919	0.01997491	0.04744124
0.001385641	0.03446004	0.01265104	0.01847509
0.007573532
0.01852888	0.006693126
0.02389838	0.01182924
0.009073963	0.07653445	0.03382386
0.001929535	0.06792999	0.04272232
0.005495827	0.01465694
0.005054501
0.02673641	0.004598176	0.02407632
0.006505945	0.004044291
0.01901115	0.006596473
0.06844051	0.0006892567
0.008289929	0.008005578
0.0008166969	0.00130871
0.007750447
0.001267697	0.006273296
0.00249535	0.0001125586
0.009902922	0.00573716	0.003312408
0.005849772	0.0301091
0.01812419
0.02067762	0.01262597	0.01764924
0.009044831
0.03500977	0.01849857
0.01497161
0.0256908	0.03119268
0.03272462	0.02500888	0.05849968
0.02403838
0.03924297	0.007328121	0.02659999
0.02131175	0.02812361	0.03837549	0.03422882
0.04063446
0.008392506	0.009761453	0.003312246
0.003993055	0.001239109
0.02255756
0.02486161	0.0278051	0.02807568
0.008215565	0.01995564
0.00232056	0.01578313
0.03728299	0.006072623
0.02207758	0.002543243	0.02091509	0.0349049
0.01532053
0.02485749	0.006164617
0.0113801	0.02965144
0.003561106	0.0114854
0.007171542	0.02992337	0.02185581	0.01018853
0.01546412	0.04243846
0.02836011	0.05301793
0.01745246	0.0430712	0.06144765
0.05984757
0.01480455	0.03797845
0.05112769	0.008409231	0.02978512	0.01641343
0.006918216	0.00941972
0.03179856	0.0008180346	0.01115383
0.03204104	0.0136935
0.01871999	0.007762159	0.0246878
0.02717001	0.01160568
0.07106136	0.02098768	0.02578351
0.005802954	0.01125846	0.0316768
0.02791356	0.01914789	0.03788608	0.05092544
0.02233378	0.007197536
0.01965744	0.01837189
0.04726708
0.04394299
0.01139255	0.0207409	0.06077126
0.06427149	0.0241396	0.02303703
0.003706733	0.01731454
0.009087391	0.02990442
0.03616211
0.00827436	0.06055844
0.01728018	0.03579892	0.0443525
0.01435428	0.0373961	0.01857475
0.007867587	0.01140797	0.00764927	0.04636867
0.01659856	0.01225913	0.01808918
0.03558625	0.02267673
0.01014397	0.009560115
0.03265236	0.02550459	0.0513798	0.02910692
0.01539837	0.02819039
0.06317399	0.02752159	0.09847849	0.007539979	0.05009229	0.01529946
0.01851559	0.006577213
0.02838271	0.00171365	0.02947626	0.008836595
0.01970601	0.0351144	0.02716021	0.01073296
0.009480686	0.02671459
0.008798629
0.007023459
0.0262015	0.0003735243	0.0004354379	0.02735329	0.02735047
0.004357089	0.01153369
0.06291242	0.002754593
0.005497091
0.008334129
0.003222171	0.01025349	0.01335199
0.008501424	0.02285525	0.006085844
0.01977808	0.01935241
0.0414564	0.03629211	0.02400713
0.01839146	0.03373861	0.04660524	0.03675901
0.009476726	0.05238533
0.01428721	0.04111468
0.0143748	0.0445181	0.03889334	0.00889473
0.04499662	0.03101269
0.03933099	0.04565673	0.0385673
0.04698479	0.04512402	0.04338649
0.06488377	0.04457971
0.03022589	0.05598821	0.03710472	0.01978832	0.01478994
0.031451
0.03731104	0.06469049
0.02895104	0.05413989	0.04427356
0.001152766	0.05909979
0.01826927	0.05035283	0.04895737
0.0182029	0.05582375	0.03224608
0.008223303	0.05478202
0.01638773
0.01479309	0.0379684	0.01244187
0.01127597	0.04500385
0.01763859	0.05058337
0.04784778
0.04927582	0.03155642	0.04957939
0.02407064	0.08522523	0.06744599
0.01592462	0.06310391
0.02521789	0.04553105
0.04774695
0.002565556	0.06407619	0.01913952	0.01927137	0.06343464
0.05612128
0.0591478	0.04644921	0.03012172	0.006192275
0.034525	0.04182106
0.03225404
0.04022853	0.00880238	0.04454856
0.05690089	0.04701946	0.01405334
0.02075643	0.07436772	0.02611738
0.04879763
0.03858187
0.05126398	0.06769982	0.04678154
0.02484955	0.05566239
0.0190601	0.05396676	0.02875739
0.04761509	0.03552265	0.04507207	0.05294525	0.01071196
0.04252845	0.03022625	0.06584488	0.02581296
0.05055565	0.04779234	0.07431125
0.05421582	0.1063012	0.04379708
0.03188527	0.001710175
0.01629434	0.01713588	0.05947912	0.007498755
0.04074347	0.002169606	0.06565096
0.0003645086
0.007073091
0.04251337	0.03394939	0.004177118	0.04723921
0.05065064
0.05740105	0.008763236	0.05530141
0.0239852	0.03778592	0.01081527
0.0478329
0.01790266	0.04614286	0.05600838
0.06655979	0.02063098	0.02055414
0.02628565	0.008205758
0.01542075
0.0529812	0.03140489	0.04379118
0.06444687	0.04489692	0.01736905
0.03761476
0.04475737
0.01312951	0.05271406	0.002608176	0.02121401
0.04952788	0.06402179
0.02480863	0.03606841	0.006096884
0.01630332	0.04634434
0.02045522	0.002070919
0.04596859
0.02773478	0.03251337
0.04152586	0.004815829	0.07099281	0.03758997
0.05943531
0.04614034	0.07526707
0.05126228	0.03580173
0.05077709
0.02356916	0.06380698
0.03379369	0.05397627	0.01573929
0.03653967	0.01935593	0.03084371	0.04068378
0.03116422	0.04098868
0.0257175	0.01507307
0.03684388	0.03807465
0.0225928	0.03731884
0.02167423	0.04268816	0.01607966	0.03966044	0.04224268
0.01151176	0.05233497
0.03161262	0.05934604
0.03718901	0.03287665	0.04765174
0.02430068	0.04637113
0.02960236	0.03875952	0.02992974
0.02875634	0.03670441	0.03981667	0.009190156
0.02849309	0.04584207	0.04065787
0.0432521	0.02642532	0.03614896
0.007229431	0.02583932	0.04314046
0.0148928	0.02486072	0.06221628
0.05207468	0.03911243
0.03821541	0.04686319	0.04589825
0.06516152	0.04466699	0.009951544	0.0293472
0.01179579	0.02955925
0.03843567
0.04670245	0.04482413	0.03140738	0.02276579	0.03237002
0.01847793	0.03465876	0.04570748	0.04447802
0.03983633	0.06728428
0.0326356	0.06746422
0.03108401	0.07105199	0.004840515	0.03240436
0.050877	0.07039926
0.04270793	0.03083897
0.01004569	0.03412475
0.06327777	0.06474069	0.1164541	0.06860598
0.03495426	0.0857732
0.02515343	0.04470063	0.04089047
0.01068892	0.05417202	0.03032948
0.02402031	0.06234768	0.06862942
0.01386914	0.03967871
0.02627494	0.04397171	0.09141215	0.01258462	0.04416824
0.06071964	0.05037854	0.03109026
0.04579	0.04474635
0.06199548
0.06179453
0.04902032	0.03462727	0.06267618	0.004433865
0.01022377	0.06068378	0.0005486884
0.06368214
0.02121386	0.04923508
0.02302813	0.05903969	0.06335425	0.02367197
0.03094986	0.04650769
0.03912164	0.02602551	0.04094887
0.02719525	0.0131213
0.03642015	0.02653717
0.01858236	0.04031063
0.04411115
0.02499596	0.02858063	0.05788568	0.03498681
0.05816001	0.02901506
0.03317185
0.02708251	0.03249012	0.04943672	0.02961264
0.01248962	0.04431427
0.0358354
0.01989161	0.07719484	0.02603773
0.0352873	0.04857945
0.05808831	0.05916257	0.0247041
0.05490295
0.05731062
0.05195025
0.04574501
0.02511599
0.02119803	0.04622056	0.02858048
0.04782546	0.05204491	0.01455369	0.04201209
0.03952597	0.06052737
0.03729656	0.04423972
0.05687688
0.07864089	0.04478139	0.03704191
0.07190348	0.03347346
0.009075699	0.0629463
0.01351416	0.04110143	0.04752442
0.01516818	0.06692511	0.06400553
0.05826386	0.0637555	0.01653337	0.003196956
0.02035549	0.08767938	0.01631933
0.001427891	0.06646144
0.005224246	0.05202549	0.02351491	0.04897388
0.03062596	0.05105384
0.005945808	0.05786043	0.01204667	0.0491555
0.04353544
0.03262123	0.0003272674
0.04273135	0.01333618	0.03045588	0.03853849
0.008586481
0.008840743
0.01827075	0.01741538
0.03043079	0.02904628
0.02991236	0.05519083
0.02134559	0.02818201	0.004089587
0.04975759
0.03417327
0.001670708	0.01829635	0.09015158	0.04242783	0.01478692	0.01198723
0.04324346	0.01670379	0.03337455	0.01611769	0.0478083
0.02948848	0.02837134	0.0258639	0.009897744
0.03719231	0.0403027
0.03723342	0.01870819	0.02858515
0.03679719	0.02606549	0.03315607
0.05123722
0.0430351
0.02613279	0.04773969	0.06251449
0.007482016	0.02184986	0.01296007	0.02023242
0.03041045	0.03129956
0.03034646
0.04632082	0.0520669	0.02771729
0.04946757
0.02587881	0.05609906	0.06286353	0.01667021
0.02975888	0.03957581
0.03665989	0.05258971	0.0216774
0.03045366
0.0616501
0.04744562	0.03413326
0.03123694
0.03452171	0.0339614
0.0152482
0.007157067	0.02230977	0.01274746	0.006665222
0.03823723	0.03041789
0.04353709
0.02797625	0.03058229
0.03926454	0.01516813
0.03101139	0.04086667	0.07203152	0.01476262
0.04743354
0.02536285	0.05485801	0.05077377
0.003368606	0.05575974	0.01524627
0.02453137	0.06199229
0.04939458
0.03834201
0.01857464
0.008014366	0.01873585	0.01140497
0.00834636	0.11327	0.01287951	0.03317459	0.02600925
0.04079024	0.1151761	0.05504652	0.01615878
0.06666003
0.0183827	0.01650506	0.03267535	0.04353071
0.03833969	0.04413181
0.01924032	0.04890328
0.02928429	0.04060664	0.03053103	0.02790698
0.02341822	0.05089127	0.007057367	0.08373081	0.04004204
0.01994078	0.02319122	0.02289475
0.01762188	0.01889975	0.02813868
0.04144051	0.039299
0.01161805
0.03514536	0.02679151	0.01621289
0.01981755
0.01898465	0.04180326
0.04592246
0.04197159	0.04657302
0.02380328	0.03973482	0.02679691
0.07125777	0.01817923
0.03403458	0.01597359	0.004986155
0.06012361	0.03319443	4.190277e-05
0.03194524	0.00245809
0.01875883	0.02887187
0.00515869	0.01784536	0.006538067
0.01245362	0.001578635	0.01988942	0.007056836
0.02119616	0.01558964
0.01610376	0.0681354	0.003761463
0.01848191	0.004594131
0.01395778	0.004807631
0.02835395	0.005003552	0.02105295
0.03338306	0.02524278	0.000841371	0.0007481282	0.008993025	0.01624499
0.02950792	0.009628708
0.005983996
0.009661405	0.01124026	0.0005958492	0.01451954
0.03173215	0.02940004
0.01150621	0.01307028	0.02267186
0.0110583	0.05795814
0.03602645
0.03317423	0.03380883	0.03335104
0.02054507	0.007706785
0.001943181
0.00930377
0.01326783	0.0001138607
0.009470394
0.03071396	0.01427975	0.03185953
0.006081231	0.001846899
0.02681467	0.02371249
0.0272081
0.02581012
0.01117808	0.03639131
0.02125792	0.1122971	0.01407961	0.03040441
0.02000389
0.02294365	0.017789
0.04829906	0.01112678	0.01577482
0.0194971	0.02432845
0.01821441
0.03349735	0.001571322	0.02344995
0.03260401	0.02033364
0.02992186	0.01251678	0.005112029
0.008804715	0.0008663017	0.000816184
0.04973662	0.003241242	0.04084644
0.06663071	0.03457503	0.01104955	0.02163312
0.04939822	0.04759976	0.04752381
0.03330559	0.03669129
0.02529332	0.01381074	0.003192921	0.0458151
0.009548087	0.01248097	0.04878422	0.02886512
0.01426281	0.01330602	0.02174965
0.01860838	0.01000108
0.03146422	0.03263099	0.03322925
0.002840943
0.0009280297	0.02691513	0.009543856	0.0226886
0.01990775	0.006057295	0.02184093
0.03662831	0.04009808	0.03093843
0.01545001	0.01284838	0.01190578
0.006779769
0.004482694	0.01632725	0.01807658
0.02065007	0.01194437	0.02299058
