SurvivalProbabilities

0.5579012
0.5085972	0.827254	0.7222676
0.854401
0.8179846	0.3433906	0.7894901
0.7558407	0.8077586
0.7405173	0.6691193
0.5984816
0.3641933	0.8336218
0.4029516	0.8528832
0.3654588	0.582859	0.8261727
0.3391683	0.9002563	0.8445053	0.8271952
0.3750589	0.462468	0.3307135	0.2736565	0.6882217
0.2327876	0.8047098	0.814809	0.7364293
0.2490001
0.2980932	0.5038609
0.2428774	0.353997
0.284915	0.4110815	0.3865924	0.5603149
0.3287555	0.5475901
0.2989694	0.6310077	0.9849276
0.1976701	0.5808808	0.5509612
0.3638432	0.6087566	0.2566373
0.4545849	0.2410481	0.3142826
0.3873714	0.9763159	0.3098766
0.4354585	0.3996245	0.7217191	0.2418635
0.8532535	0.6547491	0.807307
0.3432363	0.4221811	0.8861503	0.8815452
0.3391191
0.4260218
0.2787574	0.7291205	0.07921327	0.1716976
0.3739962	0.4410424
0.3655798	0.7569815	0.5361301	0.2953476
0.4157378	0.982704	0.7314183
0.3846446	0.4979571
0.4090351	0.7859439
0.4950738	0.75687	0.4022009	0.9858346	0.8888724
0.2521778	0.2424617	0.4506804
0.3660624	0.9523432
0.2578185	0.5149043
0.2600521	0.3177307	0.6129565
0.2731736
0.3421645	0.6127762	0.6240246
0.2688799	0.71092	0.2695042	0.8621597	0.7758512
0.3682461	0.8169351
0.5047416
0.3870502	0.8223832	0.8998957	0.8516473	0.8385553
0.5585691
0.3703404	0.1940975
0.3648259
0.2415351
0.3695574	0.3952096	0.4775607
0.3733252	0.9009297	0.9857524
0.4601214	0.6878339	0.9458201	0.3640623	0.7591775
0.4185514
0.4172857	0.7282547
0.2596527	0.2990143	0.3395734
0.2741135	0.09828486
0.3911905	0.9188773	0.3344347	0.2112294
0.2182589	0.4147376	0.7469211
0.3290282
0.3494937	0.5031484	0.8041388
0.2659407	0.830635	0.6477949
0.3605388	0.9807535	0.801414
0.3928621	0.6759867	0.7550977
0.4400561	0.7214554
0.2798228	0.9462891
0.3263281	0.3021419	0.9337105
0.4816215	0.9059606
0.2581354	0.8371935
0.343158	0.477846
0.1939198	0.7144434	0.8610986	0.4837234	0.9202192
0.2489459	0.3437806	0.7894422
0.3975367	0.6712321	0.8007973	0.9383372
0.4051021	0.2185874
0.5338049	0.7108083
0.4515506	0.574785
0.3868581	0.5294015
0.2945821	0.7043398
0.3405679	0.568466
0.2555915	0.6371763
0.520034	0.2105717	0.384778
0.4309266	0.6268717	0.5930471
0.2716813	0.8578529	0.7639752
0.330367
0.3223338
0.2984584	0.4073456	0.7306263	0.7623288
0.2386015	0.7342867	0.8695956	0.3816989
0.4155441	0.9591835
0.5015008
0.3734217	0.3627234
0.2845497	0.9654151
0.3521068	0.9603749
0.3310575
0.3571123
0.321013
0.4135217	0.9004786
0.3136579	0.6404184
0.3667397	0.7437021	0.5861615
0.2652835
0.381629	0.5672528
0.4362674
0.5556458	0.5649514	0.4314156	0.6798629
0.365026	0.7047327
0.2843465	0.5696933
0.3258674	0.2585567
0.4009107
0.442915	0.6352264
0.393914	0.4313213	0.661144
0.3022152	0.8520247
0.3968205	0.8837473	0.9970398
0.4851916
0.3473726
0.4160821
0.2135867	0.8630845	0.9440057
0.3432948
0.478679
0.636554
0.3712609	0.7796644	0.4223627	0.1491691
0.3423323
0.4087524	0.2580844
0.4305582	0.7331173
0.2522639
0.4477447	0.4763453	0.9030379
0.4639146	0.5122025
0.4267365	0.5446838	0.9663198
0.2429603
0.280202	0.5669285	0.3739574
0.4138274	0.6941558	0.7773671	0.6927952
0.3339916	0.8504461
0.2660134
0.2527862
0.254123
0.3037244
0.3397049
0.3816077	0.8437376
0.2459653	0.49906	0.6969306
0.3609659	0.7207918
0.2343907	0.6638717
0.2577273	0.604334	0.6106246
0.1725014	0.5494314
0.4045471	0.4414257	0.9905284
0.3051175	0.8230895
0.3024191
0.4412331	0.9398374
0.4427307	0.8237865
0.3534391	0.4247309
0.433181	0.4439058	0.8878772	0.7911058
0.3539523	0.6081923
0.5955638	0.4925812	0.871244	0.3120081
0.6331811
0.3598622
0.5134151
0.2637296	0.4299303	0.4625899	0.7678823
0.2683506	0.517504	0.8806333
0.2280124	0.3391193	0.7724325
0.3741848	0.7449096
0.310605	0.3808138
0.3689437	0.6701606	0.7674891
0.3185682
0.3675325
0.4135953	0.4890876	0.1166249
0.3207635	0.6360187
0.2784605
0.2224581	0.6373473	0.5507602	0.0699878
0.3574224
0.2908042	0.7753966
0.2368083	0.3843878	0.9839432
0.448158	0.336172
0.3353603	0.3531287
0.3146448
0.3177423	0.5936311	0.8203968	0.4298757
0.2707853	0.5494033	0.4330545	0.947632
0.3053379	0.8716785	0.4592461
0.3468533	0.4114981
0.2772296	0.7169515
0.231892	0.534187
0.3418106	0.403196	0.7854793	0.3079098	0.7618451	0.7651047	0.340199
0.2478047
0.3636448	0.7206703
0.4932414	0.4519086	0.9797479	0.7512676

0.8413379
0.5793564
0.9127924

0.3207425	0.8174109
0.2866079
0.3202788
0.4044641
0.2418064	0.5445158
0.4189152
0.2082313
0.3063787	0.508551	0.9013151
0.5750508	0.891229
0.3341815	0.5795673	0.9024366
0.2590286	0.7859906	0.3701545
0.2330835	0.5918631	0.7955563	0.3493877
0.2624529	0.6178012	0.8974958	0.6172118
0.3311563	0.7153953	0.3844975
0.2470648	0.2571096	0.6888486	0.6735729
0.3554137	0.7760367	0.6570375	0.7656155
0.4420642
0.2682158	0.5004059	0.4723079
0.4062342	0.6516789	0.3938153
0.4354565	0.9889113	0.9295148	0.7507688
0.5395646	0.570977
0.3131942	0.5769504
0.3324309	0.4475891	0.7277004
0.2662192	0.8476231
0.2125205	0.7062596
0.2125205	0.5569253	0.8570143
0.2410749
0.3317974	0.7346655	0.7653289
0.2938697	0.7471121
0.4006575
0.4988685	0.8825232	0.5054906
0.2917689	0.981361
0.4748049
0.4294946	0.7606966	0.8190739
0.294046	0.4075401
0.4407279	0.7642133	0.8425483
0.4103535	0.5249567	0.3765886
0.2565463	0.8892423
0.1705932
0.5211765	0.6642934
0.1945351	0.7040874	0.9214147	0.9351225	0.384998
0.4704573	0.3078209
0.3037302
0.311768
0.8184261	0.9813936	0.826163
0.7185624	0.944788	0.4570536
0.2180165	0.5220562
0.2028062	0.565701
0.2212847
0.3555425	0.8330185	0.9486168
0.3593458	0.8905778	0.8544508	0.8139922
0.4506746
0.5194349	0.2682415
0.332366	0.5842397
0.8109214	0.1040626	0.9544457
0.3680672	0.9419195	0.2351308	0.9160416
0.4652816	0.2710375	0.6514368	0.7466608
0.4592982
0.8762016

0.7433484	0.673273
0.7887025



0.9467534	0.9751111
0.5021978
0.3709002
0.8606259

0.8920973
0.3068071	0.6111192
0.4946584	0.8624845	0.8098007

0.7505666

0.6002425
0.8713747

0.9950662

0.78412	0.7253007
0.7121492	0.2947486

0.2261917
0.614419
0.8955246
0.8899078
0.7569465	0.3996353

0.4029048	0.9579379	0.6385117
0.9733007	0.7022099	0.6661566
0.9500158

0.8480973	0.6168802



0.9149162

0.825143
0.6570683	0.9289037	0.2140084
0.985223
0.9032168	0.9935073
0.6116294	0.4289481	0.9822389
0.2097856
0.8011876	0.9236584
0.3573309
0.291683	0.871417
0.9602363

0.4989592	0.9167253	0.6235979
0.5759477	0.9876667

0.7844558	0.7739723	0.966216
0.9816192
0.2802159	0.9616701
0.8861495
0.8756329
0.3267967
0.6771122
0.8429013	0.237868

0.9073091	0.920342
0.8064138
0.7262536
0.7076227

0.597571	0.7905114
0.8814317
0.4314932	0.6443417

0.7868786
0.2741602
0.2992432
0.2569549
0.4010046	0.5375904	0.5466435
0.428629
0.4322788	0.6537221	0.8373407
0.5692126	0.5589466	0.5190769
0.4321033
0.2833366
0.3089245	0.3546544	0.8456476
0.4467331	0.7738123	0.9833379
0.5168969
0.5960965	0.3729647	0.3397518	0.640767	0.3816471	0.8237178
0.5717829	0.471528	0.6522449
0.3979299	0.451117	0.9938114
0.2611804	0.8701301	0.3389028
0.3353289
0.4343188	0.3305774
0.5005595
0.5839505
0.3658128	0.7680898	0.1381982
0.4479902	0.9548473
0.3477486	0.8186918
0.3321048	0.2247223
0.5272384	0.6494892
0.4227761
0.2878676	0.9937311	0.4689858	0.9618086
0.5238577	0.6299061
0.4302116	0.9291252	0.365686	0.5777487
0.3430643	0.7334483
0.3865211	0.5557123	0.7965592
0.4312565	0.9181365
0.2098082
0.3271578	0.4914814	0.2455153
0.3687057	0.536312	0.89438
0.3570974
0.3770409	0.8117152
0.443255
0.3583593	0.1151038	0.7991048
0.3894363	0.5420166
0.5456319
0.3297613
0.4220936	0.986959	0.9758378	0.8650765
0.3045383	0.3943167	0.8999092	0.8749534	0.6401917
0.4938635	0.2467185	0.2377414
0.3988497	0.2990545	0.3903072
0.4550178
0.4201005	0.8273099
0.3036757	0.3735528	0.4188162	0.7900303	0.9541425
0.3007528	0.6375005	0.5825358	0.7947793
0.3271745	0.7268557
0.3528074	0.2378247	0.7363247	0.5953302	0.9116389
0.2865313	0.7778024
0.309441
0.4070463	0.717775	0.9102951	0.8896615
0.3520902	0.7076727
0.2841366
0.3946787	0.6544165	0.7707259
0.3995581	0.5764414	0.5952982
0.3959002	0.6480641	0.5651298	0.480202
0.4259239
0.2250353	0.3320488	0.9172551
0.2614091	0.8221819	0.7298984
0.3283356	0.6635976
0.1846761	0.9327105
0.205183	0.9319055	0.4328087	0.7269134
0.3266644	0.8948339	0.4591098
0.4178536	0.8046553
0.5141232
0.2423886	0.9009681
0.2213401	0.8542505	0.8018803	0.2715047
0.3264907	0.9864597
0.3811535	0.8130923
0.4564268	0.7371229
0.3962667
0.6062367	0.2200801
0.3435085	0.4031889
0.306221
0.3660556	0.5311999
0.3383257	0.2072776	0.9065948
0.4007938	0.5944395
0.4816857	0.823309
0.3130735
0.4356042	0.6342911
0.2570822	0.7111985
0.3699732	0.5817991
0.2162616	0.5409934	0.9194797
0.2857362	0.6270369
0.3331234
0.3284771
0.4721574	0.7363504	0.98309	0.7108458
0.3279015	0.7745415
0.3082264
0.3689241	0.9806332
0.4558861
0.3178534
0.3671013	0.3191422
0.366081
0.2632497	0.7387236	0.8805579
0.3068691	0.4524168
0.2963608	0.7412467	0.545938
0.3590546	0.6634771
0.4181971
0.4200118	0.8548727	0.5171113
0.2710988	0.6575213
0.2885704
0.3446209
0.319018	0.4614907
0.439232
0.4157953	0.6379988	0.6598469	0.6774026	0.907555
0.4431792	0.3103122	0.6013326
0.3736097	0.5503746	0.5455535	0.2123854	0.6687419	0.9529872	0.6844639	0.7976638
0.2828535	0.6447561
0.2762638
0.4160272
0.4272914	0.4279205
0.6863427	0.7855796
0.4747779	0.6947128	0.5527235

0.7867808
0.8545009
0.6669121

0.86522
0.7193644	0.8419693
0.9796269
0.831378
0.7366582	0.9984871
0.7564357	0.5768687	0.6982163


0.9099517	0.7289105	0.8873096



0.9501073
0.9212108
0.7180265	0.6268317

0.9700633	0.6485268

0.4938775	0.9829949
0.7290937
0.9600568
0.4650218	0.4564728	0.4576237
0.4663669

0.5564925
0.8155151	0.9061983
0.9454886

0.9447674
0.483961
0.6939185	0.8489197
0.6314611	0.2901348
0.8515165

0.7557954
0.7915474	0.959729	0.857406	0.9546722

0.7941308

0.2825875	0.9258836	0.5728438	0.8560348	0.5906368
0.4542283
0.6821887

0.8611496	0.9109895

0.8321764
0.5059316
0.9998253

0.6435885

0.502594	0.6018483
0.3547932	0.6977407

0.6989516	0.9243824


0.8187268
0.778989
0.2400403
0.5268027
0.7484145	0.9889101	0.9755303
0.3083202	0.6391931	0.05571642
0.897266	0.9954146
0.4193954
0.4814613
0.937797
0.8792231	0.6549396	0.6501687
0.650455
0.8599983

0.370739	0.8623982
0.6255465
0.8142392	0.76073

0.8143896	0.987458	0.9027961
0.6482443	0.5698433	0.425344	0.5148406
0.6847907	0.9635228
0.7068917	0.6236618
0.866859
0.7326111
0.5150801	0.5321659
0.8168865


0.8432394

0.5232867
0.2856632	0.7735397
0.8416278
0.46918	0.4278387

0.5752863	0.6238867

0.4455408	0.9808123	0.5829349
0.7299357	0.7348037
0.9830349	0.1792669
0.3594266
0.896146	0.8727452	0.7929322	0.8502376
0.9273901	0.4069718	0.3357043
0.8718872
0.04925583

0.5772408
0.6148606


0.8495861	0.8882932	0.742432
0.930091	0.7262971

0.6725234	0.2532962
0.9293111
0.6168978	0.5900229
0.9991808	0.1159514
0.9881488	0.5871872
0.0253275

0.8694146	0.9648521	0.897492	0.6702644
0.4018284
0.3524096


0.6191468	0.9027454	0.3954337	0.8342551


0.2280933
0.7553205

0.6991893
0.4787571

0.9587845	0.7870766
0.5327766

0.3063488
0.4907223	0.7038266	0.8479501
0.4148033	0.8188993
0.9786051


0.4050347




0.4816861
0.8892244	0.7101578	0.6921687
0.5833345
0.5551664
0.9925251
0.7541061

0.3856941	0.2910055	0.940282
0.5072647	0.519616
0.2953653
0.7190899	0.4346055
0.7275508


0.9612769
0.9126529
0.8158547
0.7701347	0.573542

0.6433982	0.326539
0.3957912	0.9490837
0.4040487	0.01641335

0.5081584
0.7965708
0.9155176


0.9132562

0.621412	0.9453413	0.7984588
0.9999455	0.5467751
0.3398054	0.9152926	0.8764342


0.8664896
0.8059199
0.9379899	0.9475905	0.989406	0.7296656

0.8248226	0.9886594	0.6697476
0.6059986
0.6478737	0.9991816
0.9356797	0.2553907

0.4546841
0.9668443	0.8932319

0.6100805	0.3699313


0.5246213	0.4524296
0.8042732	0.9768543

0.4575919	0.2438255	0.880939	0.9803718	0.8382612	0.8515479

0.8106822
0.3926556
0.09561925
0.819831
0.6234687	0.7598727	0.9657834


0.8318632
0.7823977	0.5948995
0.7766132	0.7734758

0.3875044
0.5225855	0.6835296
0.406147	0.61292
0.4070306	0.8910232	0.7491728	0.3538569	0.7989833
0.3961599
0.3262611	0.6456476
0.4456404	0.2987859
0.3074715	0.3275406	0.7903157
0.3209459	0.6237894	0.9624424
0.35212
0.2287763
0.3447092	0.858285
0.3387535	0.4279702
0.3672656
0.4742935	0.7593627	0.5894901	0.9920582
0.279956	0.8202382
0.2844635	0.7905373	0.9814243	0.8252027
0.3918825	0.3601311	0.8083063	0.9643848	0.7648111
0.4552109	0.5359929	0.6219437	0.3986794
0.3521492	0.8465452	0.9145221
0.404564	0.7090711
0.3298149	0.2322128	0.8670785
0.460099
0.3599473	0.8736224
0.3787222
0.3958276	0.9228281
0.4531842	0.7385888
0.5841221	0.8839692	0.9100018	0.8975987
0.2888093	0.5158958	0.7476631
0.5079129
0.413859	0.8062461	0.8763434
0.3608592
0.4045287	0.7536441
0.5250079	0.5626007	0.6350888
0.239923	0.3389734	0.5356086
0.3209726	0.6388367
0.3245208	0.6859875
0.2931417	0.8162055	0.6631101	0.4008549
0.4259839
0.3855734	0.6077245
0.4459741	0.893693	0.7229253
0.3230649
0.2267686	0.4824091	0.6148442
0.2434511	0.4872435
0.2895133
0.3964612	0.7143102
0.2257347	0.1926459	0.8137231
0.3464501	0.8903857
0.2326513	0.9532491	0.7316162
0.252497	0.3399833
0.2068292	0.8521587	0.796223
0.257779	0.8202358
0.2629793	0.7895802
0.2680094	0.3573089
0.3363206	0.957959
0.2987265	0.941958
0.2021164	0.4040198	0.9963183
0.294877	0.9701147
0.4209174	0.3761668
0.3483224
0.3580071	0.5270142	0.8965258	0.6988964
0.4030087
0.7208058	0.8668267

0.9387919
0.6470253	0.3977448
0.9786092	0.9578709



0.5584284


0.9732846

0.9684824
0.8180267	0.2397322	0.421977
0.9465598
0.4562785

0.8541311
0.9474223	0.6755019
0.9443719	0.3669366

0.716591	0.5481464	0.9945288


0.9752478
0.8891141


0.3176106
0.3244455	0.9856546	0.3312146	0.8845347
0.5676081
0.9826854	0.6332341	0.3437492
0.5336869	0.590343
0.5644315	0.745715

0.888911



0.8671403	0.7235655
0.9992883
0.6180323	0.4159852
0.5699304
0.6322403
0.5308163	0.9406143
0.7188832	0.3458123	0.7847315
0.7211877	0.9543921
0.6777863	0.804192	0.7541076


0.3422398	0.9524925	0.687001	0.197198

0.725996
0.9624668
0.7209657
0.6045009
0.7915031

0.7142374	0.6183922

0.5802268	0.4392935

0.4830998
0.4898162
0.8182347	0.9484443	0.529034
0.6823287


0.3760227	0.6137984
0.2514222
0.3447128	0.790833	0.8529583	0.4244539
0.357184	0.7456397
0.2926223
0.3621043	0.5473484
0.4178449	0.6953134	0.8191958	0.7834579	0.6716427
0.402333
0.3482875
0.3497527	0.8674734	0.6737764	0.6611789	0.6985151
0.2619414	0.4804756	0.9223401	0.6668147
0.2145927
0.3909344	0.6725046	0.7379021
0.3912123	0.8065071	0.6303654
0.4140437
0.4011806	0.8001061
0.2439213	0.5912181	0.9026211
0.4526679
0.3574204	0.9832697	0.7806372
0.3877183	0.856374	0.57153
0.4197795	0.9172247
0.4776577	0.885716
0.4442787
0.5607548
0.4032704
0.3860399	0.3046396	0.5584062
0.472897
0.4868589	0.4551919
0.3424499	0.6999747	0.3796825	0.37537
0.2505321	0.5959826	0.351016	0.5683079
0.3365461	0.6020304	0.6459366	0.8567785
0.2769335	0.8463654	0.77806
0.2941809	0.1351125	0.5594507
0.3501279	0.7987823
0.2536869	0.7763917	0.4107985
0.2961736
0.3144113
0.3215617	0.60019
0.2449666	0.8174461	0.4068479	0.9283994
0.26046	0.6233383
0.4260156	0.5664431
0.3244729	0.9190565	0.5687864
0.7511967	0.5832021	0.5055525	0.2377278	0.7452332
0.2645401	0.7250876	0.7351076	0.921405	0.9183855
0.5193254	0.6873331
0.3368159	0.5785233
0.3043156	0.4328249	0.9043646
0.5292967
0.5920416	0.9318502	0.1101165
0.3443781	0.2494957
0.2892277	0.8251726	0.5085745
0.2225388	0.5836019
0.2451743
0.295783	0.3541125	0.9294671
0.422447	0.5925008
0.3019072	0.8873596	0.7761576
0.3552648	0.2835929
0.349435	0.2477886	0.8177278	0.7618013	0.8970685
0.3613355	0.6542911	0.1984454
0.5152692
0.2656525	0.9567309
0.6285206

0.5829997
0.9101264
0.8623225	0.3296829	0.8821413
0.2152657
0.4330434	0.3548542	0.8583017
0.2879708	0.6309852
0.2670179
0.2989038	0.8594319	0.5291399
0.3695421	0.4343399
0.341799
0.4005968	0.3065557	0.7382476
0.3606202
0.3647047
0.4227523	0.6856468	0.5824653	0.6125641	0.9493166	0.3757938	0.6459445
0.5035364	0.2697479	0.3200406	0.9095706	0.4821136
0.4242236
0.3512924	0.7770744
0.2286291	0.5567208
0.3964365	0.4674433
0.4421768	0.6688892
0.2810858
0.3422952	0.3375009	0.424609
0.2575105	0.5267772	0.6876755	0.6122822	0.5020351
0.2291814	0.5053592	0.8735684	0.8826016
0.188672	0.8292404	0.03126978
0.4560854	0.5704154
0.1976372
0.4849193
0.3064795	0.934926
0.2912448
0.2461226
0.3061083
0.3505513	0.5219861
0.721232	0.6874832
0.4937518	0.6396259
0.9354724
0.6926865
0.7135042
0.6026177
0.397708	0.5852555

0.423717
0.8407765
0.3143246
0.6119258
0.9652019
0.8057658	0.5225655

0.9846264
0.6748472	0.6865532

0.8371865
0.5941814	0.160917


0.45503
0.9794561	0.6591228
0.6670904
0.5869525	0.8439409	0.876011	0.8686553
0.03596647




0.8727487	0.9599774
0.9588396
0.3631761
0.2901717	0.02562368	0.8983266
0.8188582
0.7582685	0.5235807
0.7708253

0.4922915
0.6205631
0.5613918	0.1635392
0.700604	0.9484881

0.8941061
0.5914247
0.544815	0.8953289	0.4708439

0.5767621	0.9054928

0.9474824

0.9389033	0.9926038
0.9589997


0.479496	0.7117641
0.3867454	0.3610912

0.7668542

0.5524997
0.9339669
0.703369
0.9563804	0.9569329	0.5886504
0.6730964
0.9323066

0.8434289
0.3590106	0.7463185
0.432754

0.5851616
0.6729941
0.7105828	0.9202302
0.8925971
0.9290397
0.5174965
0.9674178

0.7721395	0.9922705	0.3888373
0.8813038

0.4050703	0.9477369	0.7616105
0.237553


0.9750725	0.8713398	0.8992627
0.2908779

0.9334901
0.8840632

0.8097725	0.4676011
0.4001853
0.7290087	0.7222312	0.7694274

0.9335501
0.8162557	0.6933157
0.4049083	0.3567013	0.3481007
0.6670717	0.697326

0.985099
0.5766676	0.9123976
0.6345709
0.7906914	0.4263074


0.7772258
0.6641546	0.7934389
0.8141554
0.7670823	0.7426297

0.7605737	0.6631138
0.4280202	0.9806002
0.3638701
0.288322
0.3841011
0.3854243	0.8691856	0.6454543
0.2817168
0.3477225
0.2878991	0.5690541	0.9826839
0.3279409	0.6330888	0.8718175
0.244507	0.4248337	0.8385772
0.3092232	0.4825678
0.296944	0.3138308
0.2257628	0.6629032	0.4937426
0.2327019	0.2902397	0.8509373	0.428685
0.5441855	0.4722109

0.5294181

0.3288949

0.9669098

0.4387655	0.08705623


0.5689907	0.358603	0.5104332


0.9097408


0.5741462	0.6186558	0.8405304
0.7009069	0.6872647

0.3287845	0.777417	0.9598856	0.5470662
0.4181832	0.122116
0.420161	0.693368	0.8816475
0.6627151
0.7015794	0.6099104

0.8760497
0.461609	0.6604142
0.9456373

0.5068625
0.7069447	0.701783	0.8062815
0.3979655
0.5298881
0.9154742	0.956884
0.09342038



0.5485418
0.8386752	0.6739561	0.269719

0.8495153
0.02965007
0.9764206	0.9833093


0.5043182
0.907235	0.9720063	0.6106873
0.4619221
0.4458047	0.3483441
0.3517964	0.2134753
0.3628088	0.9824649	0.7120033	0.7936088
0.3008495	0.6742553	0.774193
0.3992106	0.5310056
0.3072224
0.3511678	0.5704799	0.5120691
0.2771464	0.4593195	0.5728775	0.9343003
0.2591153	0.4310624	0.8780706
0.316339	0.7157805	0.3829429
0.2479629	0.5639391	0.6909353
0.2788511
0.4379355	0.5442915	0.8457365
0.3420732
0.3263066
0.309375	0.6775071
0.3521354	0.4632282
0.3352442	0.6804322	0.7121328
0.4058934	0.5102522
0.2625847	0.3817757
0.451233	0.8352781	0.9661203	0.8529024	0.7650875
0.3999143	0.3751465
0.343355	0.6429683
0.4299259	0.575206
0.4278706
0.3537693	0.5484757	0.7609667
0.3269432
0.4034702	0.1822746
0.424377
0.3294668
0.4276835	0.6547017	0.8395226
0.4837719	0.9220571
0.3259978	0.6720571
0.3002873	0.8276918
0.3539214
0.3995526
0.2556793	0.3426058	0.8642905
0.2360963	0.545816
0.327651	0.3720904
0.4199024	0.3783209	0.8297789
0.5828695	0.4297406
0.6076647	0.4937461
0.3079048
0.2988585	0.9308041
0.2837259	0.733728
0.3693684	0.3221514
0.3846888	0.8238449	0.9888653
0.4254712	0.8357339	0.7520502
0.4634923	0.8190928	0.1720702
0.315583	0.8865285	0.1662453	0.2751521	0.4081274
0.291541	0.6350319	0.6888598	0.8172641
0.3860017
0.4314294
0.3137846	0.8296234
0.4205116	0.6227536
0.3481786	0.6301513	0.5466591	0.7057422
0.3483636
0.3645147
0.387677
0.4047893	0.572605	0.7029113
0.3376068	0.2770361
0.2956588	0.2804264
0.3003634	0.9642043	0.7096717
0.2860299	0.9794479
0.287482	0.5810572
0.3605404	0.7354616	0.4693915	0.5663832
0.4000561
0.4096635
0.8221053	0.4433024	0.5966421
0.4668971	0.985123
0.300442	0.7617418
0.341617	0.2651038
0.9099163


0.936636


0.753042



0.9837953	0.8196989	0.9940007


0.7871377	0.4654641
0.8084481	0.3109759
0.272944
0.9033347


0.9266696	0.8228427
0.5170752	0.7437808

0.6870354

0.572653
0.6362418
0.2937591

0.5932127	0.876838



0.7277388	0.9993058


0.4249121	0.9718649	0.6352006


0.4314252

0.04132066
0.9560527

0.9635893

0.4513534	0.8484339

0.8068308
0.6293339
0.9257182
0.7110784	0.935643
0.5381463	0.7488501
0.675968	0.7595213


0.7163354	0.9175576
0.5402288
0.8725166	0.4787236
0.4663356
0.7496957
0.2546734
0.8060531	0.8539529
0.7007847	0.7216558	0.8063464
0.9327137
0.3713691
0.2802492
0.5440988	0.7254859
0.6100359
0.5902351

0.4892863

0.4248398	0.6674964

0.7260404	0.8676136
0.7569903	0.811492
0.9173367	0.6019863	0.9357572
0.8107982	0.9612192
0.6245125
0.3254769	0.7817723	0.9289405	0.8948829	0.8788766
0.1968377	0.5141901
0.3459633	0.4808808
0.3911094	0.3079745
0.4868988	0.7239849
0.3362568	0.9232106
0.3398972	0.5791096
0.3346253	0.4112648	0.417807	0.9766174	0.8642073
0.3774549	0.3004168
0.5031517	0.8528843	0.6503825	0.7483833
0.3315801	0.7787422	0.800952
0.4287051	0.815008
0.4179752	0.1288204	0.6558916	0.8149934	0.8240148
0.4550025	0.7985852
0.2689482	0.4185521	0.818204	0.9016081	0.913419
0.2898232	0.754446
0.2507469	0.506485
0.349715	0.4763985
0.3859799
0.2931266	0.4137652
0.4065892	0.404051
0.4522221
0.2922792	0.9449611
0.489413
0.3330478
0.2697003	0.3265934	0.9007795	0.89733
0.2126771	0.3261429
0.440308	0.7859382
0.4027467	0.9692108
0.2584276
0.3009344	0.5207708	0.3587389	0.4453792
0.3553875	0.5954505	0.2512292
0.2819064	0.4194175
0.3315458	0.5310449	0.7928109	0.8155926	0.8383444	0.5268196
0.2725464	0.5567217
0.3598041
0.2442696
0.3769205	0.7151684
0.3581658	0.556439	0.9742106
0.3781207	0.7071412	0.9750564
0.3197704
0.3067309	0.8120214
0.2847374	0.4104462	0.8864771
0.3144839
0.3749026	0.5573214
0.3853161	0.6530771
0.5141637	0.9854138
0.3199464	0.9124427	0.5754387
0.3384816	0.9727381	0.5277444	0.2500572
0.3157581	0.8018395
0.3530266	0.3396093
0.3039732	0.9077247
0.246564
0.2358162	0.420984	0.4364879
0.24966	0.8695505	0.8536267
0.2697983
0.5980839
0.3681835	0.7190296
0.694893	0.2613868	0.6129206
0.2971868
0.3758406	0.5415398	0.5301963
0.4540027	0.7300154	0.8656491
0.3029779	0.5021808
0.3882701
0.3708951	0.6285432	0.5186732
0.4117254
0.2884501	0.7836141	0.4766696	0.6402563	0.6100112
0.2426863	0.4227985	0.9158933	0.9127673	0.9002968	0.9690136
0.4767861	0.4576985	0.6760635
0.2959766	0.1539071	0.990005	0.9985199
0.3527195	0.9065676
0.3171048
0.4483822	0.9634637	0.6457742	0.6913554	0.8983843
0.3714979
0.4293295	0.9396688
0.5522163	0.6763814	0.4781816	0.3590821
0.3988138	0.2591044
0.297357	0.4067245	0.4531927
0.3520314	0.5234992
0.4157874	0.8916798	0.5252201
0.4173371
0.3673191	0.8042646	0.539627
0.4826575	0.9536125	0.8265911
0.3330232
0.4225372
0.4373889
0.2778277
0.4111844	0.6376952	0.7346032
0.4336026	0.8085348	0.5616102
0.3836615	0.7909851	0.7858483
0.4621022	0.08859238	0.8236194
0.3005192
0.4831127	0.578115
0.429478
0.3212111	0.378291	0.8228722
0.314745	0.7260844
0.5637816	0.7952517
0.444706	0.8314019
0.3414702	0.7037732	0.9191078
0.3485499	0.3206679
0.3297976	0.7470631
0.367397	0.4002535
0.2870169
0.4785846	0.673074
0.3340193	0.7013737	0.6402168
0.3450947	0.2035388	0.6540173
0.2944561	0.5121692	0.9279261	0.6296501	0.5885952
0.3580714	0.7328276	0.8128931
0.46877
0.2978988	0.3825684	0.3874308
0.2790757
0.3699346
0.2722542	0.4539853
0.2697287	0.3417401
0.2437265	0.3865369
0.4509811	0.9946633	0.1947318
0.3321335	0.7792347	0.8901963	0.1962458
0.5643387	0.308051
0.2550687	0.5437806
0.2505548
0.2995339	0.934996
0.4212873	0.9625252
0.5861071
0.3101785	0.4737535
0.3706623	0.2935097
0.2665905	0.3511487
0.2980043	0.9875387
0.3714537	0.8374461
0.3705362
0.2331496	0.590681	0.9787759	0.7396346
0.3348091	0.7171138	0.631717	0.8277102	0.7594224
0.3094404	0.5670792	0.4797944
0.3789946	0.3034268	0.9100835	0.4378537	0.7154277	0.8827296
0.3354836	0.8851367
0.2543494
0.2113678	0.879667
0.2832108	0.7177806	0.784296	0.4836076
0.2331707	0.2988961
0.3319259	0.8718343	0.9132071	0.5758044	0.5269319	0.3600564
0.4861186
0.265665
0.3485924	0.8229183
0.3477399
0.4963756
0.2448643	0.9986076
0.3345818	0.5028525	0.8357957	0.3721739
0.3165372	0.3283793	0.6120835
0.3192927	0.600823	0.3182889
0.3806702	0.8169879
0.378188	0.6146319	0.7286736
0.461338	0.4512376
0.5387215	0.6061703
0.4069329	0.649055	0.7057063
0.2679907	0.5402602	0.7758361
0.3433452
0.3606516	0.8855836	0.6486777
0.4082939	0.990891	0.4740876
0.2968361	0.6132464
0.3709674	0.816446	0.845381
0.3901325	0.4566097	0.6458472
0.3243477
0.5476366	0.5664627
0.4586969	0.3074357	0.8711731
0.8296827	0.5980429
0.6882706	0.9152883


0.7624808	0.7539453	0.9733654	0.8727207	0.336417
0.2616893	0.6100073
0.5391969
0.4010226	0.9465793
0.2902222	0.445197
0.3996973
0.4996735
0.3282645	0.4731373
0.2848492	0.7719166
0.3964145	0.959435	0.6521758
0.4134839	0.9884155	0.8654599
0.2642802	0.6410608
0.4311294	0.6990833
0.3984664
0.2969972
0.3177216	0.4873613
0.4008626	0.7261271	0.9119205
0.3686673	0.8441571
0.3942191	0.6558009	0.9224457	0.9635164
0.2886921	0.9611
0.3142207	0.8249359
0.3589888	0.514753	0.8563712
0.4868887	0.6273817	0.6512028	0.6605749	0.6734132	0.835559	0.72349
0.2766861
0.3259474	0.3233184	0.4573167	0.2420155
0.3326559	0.6202961	0.9295313	0.8726906
0.4528188	0.8916908	0.6700668
0.3073377
0.4861122	0.9520288
0.5285258


0.8546887
0.6075484	0.9144955

0.7876245	0.5430429	0.8335772	0.9387866

0.8660421	0.9028584
0.8984565
0.9473152	0.7727349
0.7384721	0.4058597
0.9251582	0.9217308
0.9559075
0.3383795	0.7936108
0.7185321
0.5008576	0.8200361
0.5988525	0.6415619

0.7743875	0.1095371
0.8751513
0.7656693	0.4916264
0.3683002	0.712471	0.7817832


0.9890976
0.8515088	0.7654979
0.8763714	0.7111185	0.2626657

0.3779324
0.5939058
0.9709028	0.5788428
0.6952965
0.7393917	0.3933327

0.3195817	0.202394	0.9390037
0.513067
0.4186965	0.5678678	0.789692	0.4023727
0.2163412	0.9968928	0.9384947	0.5666814
0.1703816	0.5020385
0.5419653
0.7506083	0.7235624
0.849999
0.4579195
0.4638484	0.9143202

0.4676703

0.9222452
0.7634108
0.743523	0.8044903	0.5818165
0.6179567
0.6186546

0.6212395
0.1806042	0.9989186
0.7255474
0.6481888
0.8589069
0.3698705	0.677838	0.9476232
0.5035892	0.2685894
0.8201745
0.7786348
0.8121071
0.2156873	0.9667942
0.7580269	0.7222527
0.7366919
0.966917	0.6013905

0.6268075
0.95351
0.9445447
0.6833793	0.9915067


0.6445653

0.8368123



0.7763077
0.2896403	0.7210286

0.8792466	0.6298677	0.4652915	0.8521233

0.8122844

0.6830769	0.9579436
0.714473	0.9222445
0.3434621	0.9606567
0.9696819	0.5476246
0.5315118	0.6923641
0.4421815	0.7337771
0.6042787	0.7076264
0.09094629	0.9103092

0.7730079

0.9193564	0.5466907
0.5241302	0.9565477	0.9712926
0.3831759	0.5238165	0.878524
0.4252543	0.3850281
0.4369533	0.4345031
0.5581116	0.5766479
0.9012301	0.7558799
0.6772081	0.8988587	0.48388

0.7685091	0.5846361
0.9347546
0.9994513
0.6639262

0.3542867

0.802637
0.9233921

0.8217614


0.7744158	0.7928145
0.4952748

0.6664948
0.2205033	0.5415409
0.6337449

0.7013917
0.7809645

0.5094039
0.5300741
0.5701294
0.8342595
0.2179483
0.570807	0.6505433	0.8988081
0.3187335	0.924798	0.8384763	0.866507
0.2900888	0.9116061
0.2482146
0.3872631
0.3540069	0.4091593	0.5405715	0.7417841	0.7769202
0.3445336
0.387841	0.8657677
0.379192
0.3217769	0.3913798	0.8538293
0.4380607	0.7171629
0.2364944	0.9428577
0.2660191	0.3534629	0.8915497	0.9136675	0.6194114
0.3280146	0.8824885	0.9629439
0.3117285	0.9678022
0.3054264	0.7049486	0.9739186
0.4816642
0.3433594	0.6510325	0.3252524	0.6536073	0.8587766
0.2541684	0.5815956	0.8032891
0.5022351	0.6775087	0.7783588	0.8835934
0.436918	0.2830099
0.3899556
0.7532676

0.4528368	0.8243044
0.18736	0.746329	0.4764866
0.2699734	0.7341917	0.504525
0.2911278	0.4582319
0.2866045	0.4206938	0.6541788	0.757843	0.5833427
0.3460622	0.5436991	0.5709178	0.8886126	0.4184017	0.4806638
0.2692408	0.7442875	0.8616583
0.3031975	0.6750405	0.2735275	0.6545438	0.6810548	0.9801815
0.3030675	0.3927452	0.8525128	0.7822132	0.790247
0.2443087
0.3082496	0.4072241
0.315887
0.274022	0.7945461
0.2557305	0.7999178
0.1902708	0.4162786
0.3235691	0.4833758	0.9180307
0.2987244
0.2951048
0.3718254	0.2872972	0.5329602
0.407199	0.3995774	0.9159943
0.2567092	0.7284687	0.4874973
0.377813	0.4615851	0.5664924
0.3108393
0.5881696	0.9019796	0.04734692
0.2885031	0.9337121
0.3078492	0.6563802
0.2756411	0.6170138	0.9459658
0.304372	0.8930947
0.3092698
0.2357147
0.3162543	0.9370313
0.3053413	0.8705348	0.6954116
0.3306134
0.3986272	0.7042216	0.7932854
0.3317483	0.6065406	0.4656672
0.4737506	0.6934181	0.9549649
0.263485
0.3489692	0.7174872	0.669423
0.4056135	0.4881371
0.2581991	0.2190055
0.2062664	0.6486432
0.4153284
0.2601754	0.7205068
0.698177	0.8837282
0.4784588	0.6605058	0.3989041	0.9583983	0.4171554
0.6218626	0.6675873	0.6513116

0.3787003	0.7378661	0.3702854
0.9491522
0.7488869

0.3314534
0.6496822
0.1720217	0.6427862
0.5489427

0.691387
0.7389116
0.9097304	0.8859404
0.591717

0.6726849
0.3240012

0.3636098
0.7652656
0.851986	0.8641594
0.5710338

0.4096522
0.7728912	0.5768188
0.7506944
0.7194202
0.7165706
0.950979

0.9125615

0.8872618
0.9245459	0.7716177

0.8447608	0.9073392	0.5313758
0.1881817	0.4691736

0.9775325

0.5382685
0.2326695	0.7659271
0.8995199
0.8838903	0.7112538	0.8831084	0.4172194
0.910304

0.4856985

0.5622463	0.455818	0.8554933	0.7938807	0.7597409

0.735805	0.9195322
0.9575509
0.821139

0.6656869	0.8234996	0.638526
0.4637578
0.5911313	0.9219469	0.846381	0.4024687
0.634555
0.9545253	0.9413884	0.7583906
0.4298164
0.7587378	0.71397
0.5086184
0.2466709


0.7802438



0.3877098

0.9281563

0.6271191	0.4589543
0.6176108	0.4105459
0.4170044	0.9326351	0.8432632
0.3641354
0.475259	0.5285002	0.7759396
0.3984285
0.389213	0.6944023	0.481169	0.8461867	0.7896746
0.3867279	0.706543
0.3552831	0.369662
0.3623589	0.692395
0.4570159	0.804913
0.406511
0.3800178	0.5176331	0.9356951	0.745093
0.3994724	0.6721424
0.3078687	0.4257087	0.5170626
0.5193771
0.9507878

0.7937499

0.5034593	0.6156261
0.8412991
0.6406798	0.7074971	0.4964315
0.4537589	0.703366	0.9654254
0.498883	0.4940099	0.847004
0.27379
0.3040139
0.3360486	0.6622414	0.7102849	0.853054	0.5899414
0.3778845	0.7613371
0.2109979	0.5388005
0.2472757	0.3745126	0.829442
0.3066431	0.8542137	0.9401198	0.3977737
0.2435355
0.1739376	0.8793881	0.5924122
0.3248257	0.5093087
0.2422188	0.457728
0.3637222
0.3203282
0.393086	0.8598392
0.3788082	0.9816046	0.745585
0.3410985	0.5793883	0.8536525
0.3915797	0.5469582
0.2799137	0.7474665
0.3635
0.4052547	0.5322489	0.8309893
0.4573476	0.7626762	0.7183042
0.3429511	0.2735721	0.6236403
0.3170136	0.8952852	0.9026154
0.3387121	0.859856
0.4020461
0.2960274	0.6261386	0.351983
0.3416303
0.3687867
0.2388104	0.7289624
0.2904461	0.5923395	0.8334798
0.5978327
0.3824874	0.4947996
0.2689719	0.4216899	0.6388734	0.4225749
0.3321489	0.7999552	0.9439767
0.2450078	0.545332
0.2132915	0.6445339	0.6261185
0.2739436	0.4824592
0.276113
0.2962161	0.5704743
0.3896755	0.8653519	0.8148119
0.2899635	0.632308	0.8198665	0.4237569
0.507313
0.2642857	0.9502309	0.91947
0.2346437	0.5020819	0.9572394	0.7474644
0.2698322	0.7812796
0.2982984	0.3555414	0.8421674	0.7682696
0.3587109	0.3444338	0.7492118	0.4067735	0.9530716
0.3895931	0.738334	0.6184495	0.7057996
0.3858234	0.7014142	0.9197733	0.5367646
0.2290125	0.1281129	0.394462
0.3878221
0.324976	0.1694082	0.3220106
0.2771292
0.4438713	0.4225178
0.2788526	0.6994697	0.965151
0.4311881	0.05166946	0.7346943
0.3394073	0.6931686
0.3625593	0.4806237	0.6051948
0.2547136	0.7693232	0.7222831
0.1970281
0.2728146	0.9907666
0.2649916
0.280108	0.6023628
0.3275903
0.5113436	0.3310657	0.816221
0.4302627	0.6062041	0.8771096
0.1915473	0.4408196	0.5710405
0.2215367	0.7598502	0.6699829
0.3162097	0.5629703	0.6390774	0.3290719
0.3521826	0.6430372
0.3783864	0.4980531
0.3339023
0.3936402	0.5478384	0.9856998
0.2931705	0.6773916	0.2851783	0.954545
0.44652	0.9029206
0.484622	0.7624707
0.335499
0.3803216	0.8832411
0.3637294
0.4110854	0.7557516	0.622302	0.4844958	0.9538764	0.6183727
0.2581623	0.4759951	0.8990879
0.3851423	0.3474421	0.9911024
0.4124292	0.9566021	0.419524
0.3074495	0.4678548	0.5690833	0.6964261
0.3576686
0.3112641
0.2098753
0.2295559	0.7942644
0.2787014	0.3349983
0.2987374
0.2925576	0.3232617	0.6772999
0.3400962	0.5472478	0.7031911
0.3040448
0.43821	0.8397146	0.9907404	0.503784
0.3546892	0.7228016	0.7148725
0.3441369	0.7819379
0.2832761	0.4046
0.3419425	0.6485329
0.2509443	0.3812393
0.4432866
0.4598418	0.8683778
0.304295	0.9604515
0.3020994	0.375359	0.4821476
0.2605482	0.6851003	0.5621334	0.4510945
0.2930686
0.1944856	0.7269553
0.3974677
0.3595644	0.4550855
0.2552229	0.8037503	0.642542	0.657612
0.4091574
0.3315511	0.6736139	0.4605073	0.7446954	0.5446095
0.3097902	0.3499875
0.3819903	0.6049102
0.3864739	0.6304597	0.8315933	0.895149	0.6358556	0.5940089
0.4269162	0.5370641	0.5761559	0.1502654
0.6344559	0.6835235
0.4438579	0.3908426	0.8650049
0.292505
0.2330641	0.1422959
0.4173246	0.8414774
0.3296861	0.2621319	0.003308796	0.7244909
0.4741125
0.3278516
0.2649561
0.2609002	0.3306007
0.3175712	0.3197711	0.7707683	0.8457742
0.4634148	0.527758	0.5641997	0.9717882	0.9956005
0.2869547	0.3607369
0.2882083	0.2425308	0.7468072
0.4563695	0.457176	0.6069214
0.4085183
0.481068
0.5106132	0.7924541	0.9459021
0.4229097	0.7897736	0.7146361
0.5729397	0.823642
0.331788	0.5193147	0.4270917
0.3041134	0.6853205
0.315776	0.9633329	0.8036087
0.2226646
0.1909609
0.3480153	0.8817395
0.3551149	0.6741256
0.8826393	0.6594152
0.7002185	0.6597123	0.3127664
0.2698695	0.391758
0.3663355	0.7966408
0.2242126	0.8051869
0.4343187	0.5888901	0.490122
0.3848806
0.4089037	0.5879988
0.36994	0.6229788
0.3219223	0.1678268	0.6137397
0.3471514	0.8356804
0.2558239
0.3004612	0.8880927	0.9956578
0.4200467	0.9887396	0.9438906
0.2607991	0.8462779	0.9294842
0.1851135	0.6902182
0.4234638	0.5613069	0.6394714
0.2972171
0.3227597	0.9977031
0.4526755
0.549035	0.5827446
0.3676336	0.6199895	0.924907
0.3537434
0.2776557	0.9308284	0.6961892
0.2867879	0.9915169	0.8475886	0.5847579
0.3025455	0.3342729
0.2709059	0.42409	0.6706319
0.4038515	0.9855542	0.7077978
0.32645	0.8839263
0.2019685	0.9682989	0.3340891	0.9377169
0.2929323
0.2407062	0.6339604
0.3600984
0.4747282
0.3152377	0.6506543
0.2506126	0.8731333
0.2871357	0.5734764	0.6015543	0.9643485
0.2270237	0.9361971
0.3003227
0.5150792	0.323766
0.3473716
0.5555351	0.7909804	0.5578807
0.5027295	0.5603989	0.5058694
0.6199624
0.5531911	0.8790254
0.2927315	0.7389469
0.3946768	0.933508	0.7380269
0.4490491	0.6823146
0.2896896	0.6043103	0.5032166
0.4612725	0.7664018	0.9215104
0.3670369
0.2814011	0.7018879
0.3366945	0.6121583	0.5542039
0.258694
0.3765703	0.5517497
0.2301413
0.3267341	0.8064933
0.4662393	0.7036493	0.614623	0.7655533
0.4628424	0.6216817	0.8508478	0.4574674
0.3065168	0.9570628	0.4451289
0.3382127	0.7995492
0.4639974	0.6837421
0.2974947	0.7279574
0.3435603
0.3555357
0.4361757	0.526753	0.7630281
0.2119982	0.6601363	0.1577529	0.7195632
0.323555	0.5364456
0.3573488	0.3176085	0.5094446
0.2548979	0.8911019	0.4603133
0.4260777	0.8187639	0.9339555	0.9596259
0.2641725
0.2870288
0.5234343	0.8079	0.8172578
0.4504462	0.8958177
0.3797543	0.7894924	0.494683	0.8505495	0.9217685
0.3302385	0.3847673	0.5599303
0.3192963	0.6275407	0.5792783
0.3885016
0.270799	0.5983494	0.4124563	0.9661093
0.3187683
0.3587572
0.3532722	0.5653884
0.3794492	0.75568	0.8161044
0.33285	0.6860346
0.4543582
0.4235512	0.6421869
0.4781131	0.1576622
0.3422016
0.3858125	0.5290892	0.9131329
0.4420105	0.9147128	0.7243768
0.3840957	0.3693147	0.9434816
0.5147794
0.7454678	0.3998604	0.6231599
0.738957	0.7692937	0.9517458
0.7867393	0.9914726	0.5817684
0.9568439

0.7783206
0.9918148

0.6786873	0.6699335
0.8577302

0.6571108
0.6521176
0.7672609
0.5755648	0.6860304	0.6375712
0.8246882
0.9818768
0.8817847

0.3604917
0.7308236

0.07430826	0.8279764	0.7944229
0.6539287


0.9189111
0.7443911



0.966441
0.5651807
0.5980331
0.0753954
0.3237722	0.7171575
0.6665494
0.7800808	0.7964248

0.5815371	0.8589635	0.3441385

0.3800609	0.7997412	0.611157
0.8782477
0.5635835
0.8025916

0.791027	0.7794907	0.4978571
0.9213954

0.9956361	0.7700181

0.5097264	0.8892053

0.7648045
0.3391166
0.6281618	0.4846051
0.3553146
