ExtinctionRates
0.1049094	0.01615924
0.007786127	0.01793242	0.02618631	0.01889932	0.0285952
0.03550248	0.007585288	0.004195851	0.01582199
0.03610192	0.004829795	0.01265549	0.07415303	0.000983898
0.004490878	0.003443339	0.001687344	0.01835554	0.08724277
0.0370776	0.001616852	0.01525569	0.005661521	0.01131545
0.004723616	0.001618802	0.02844528	0.001123796	0.02614091
0.02445776	0.00693323	0.05280697
0.0004510886	0.01621229	0.0008900656	0.02409733
0.009096094	0.008429107	0.005778763
0.009389294	0.08505448	0.002966436
0.004574151	0.004549394	0.008481234
0.001682025	0.003167607
0.0112028	0.004850079	0.002252975
0.007191129	0.003047904	0.08551001	0.02685532	0.00659387
0.05081915	0.001922674	0.02546755
0.008770823	0.006199794
0.006899738
0.006992513	0.005595629	0.004079856	0.0107021	0.1085682
0.06735329	0.002023295	0.000757492
0.01780588	0.004041566	0.04274186	0.008076115
0.01402064	0.009206432
0.005736543	0.009556541	0.06195909
0.01311056	0.006881464
0.004540483	0.01774205	0.01442081
0.006464184	0.0006156762
0.02997342	0.01337118	0.06102357	0.002185343	0.01352902
0.01454602	0.01052955	0.06603261
0.02063133	0.01482834	0.004458883	0.04232899
0.0207054
0.007621394	0.002653413	0.01108774
0.004956134	0.001852211
0.01278896	0.002668317
0.002135639	0.01096834	0.005468371	0.007164748
0.002807706	0.004950532	0.0377943
0.01788744	0.01489437
0.02123156	0.01832641	0.002708245	0.641741	0.03195626
0.00467392	0.001031117	0.007111968	0.1607203
0.0002210342	0.009619323	0.02897893
0.02071088	0.006714355
0.005236697	0.05948679	0.00260861	0.1246341	0.03238561
0.009097166	0.01094671	0.009216259	0.01366336
0.004652652	0.002497727
0.001774252	0.00330518	0.03585492
0.01045668	0.004889218
0.007470427	0.01087772
0.008248514	0.01207588
0.01833766	0.002241933	0.006252009
0.007443822
0.001873637	0.01117652	0.009057918	0.01020434	0.0580497
0.0178889
0.02797122	0.008705278	0.00304953	0.04679923
0.01171433	0.004827052	0.001686608	0.004705069
0.001037017	0.005458361	0.002409163
0.07656679	0.00220153
0.008069496	0.02962077
0.02094701	0.006387185
0.01691646	0.0113187	0.003759448
0.01009742
0.001352645
0.002295007
0.003220985	0.001935835	0.01012109
0.006231075	0.005247612	0.005562796
0.04987051	0.01779213
0.0003844737	0.0008029656	0.005131421
0.04010221	0.004167496	0.006255143
0.007764663	0.1405701	0.001510513
0.007103883	0.002775652
0.0007372755	0.03452957	0.003426329	0.006515523
0.003341557	0.005415025	0.004802596	0.0009968717	0.007278884	0.004800713	0.1202277
0.007522098	0.004505358	0.05710836	0.003263953	0.02375589	0.005916611
0.03860206	0.01291125	0.01259702	0.001244142	0.002687074
0.0112604
0.02402387
0.0005958745	0.02307342
0.005272838	0.005974996
0.00790288
0.001566351	0.009904864	0.002198225
0.00222759	0.004731749	0.003543654	0.002064453
0.005753924	0.02899161	0.01452576
0.03852674	0.02054482
0.01309033	0.005200755
0.02082719	0.01078866	0.0008354184	0.01135649	0.00175235
0.01073899	0.01385171	0.003092217
0.001596223	0.0009586741
0.008367785	0.00782157	0.0008708083
0.002735615	0.009988338	0.05728218
0.003194001	0.0527683	0.004289135	0.005313741
0.005274583	0.02324729	0.01609232	0.001667669
0.002034019	0.02866044	0.06856883	0.001213395
0.01426004	0.00458848
0.01234771	0.005916117	0.0165086	0.0007163753
0.006014046	0.002259135
0.001071661	0.0178511	0.003141795	0.02399614	0.005357485	0.04547727
0.0155596	0.02547301	0.02675052	0.02318218
0.05071395	0.0249679	0.001641862
0.002193358
0.000158322
0.0146082
0.01556998	0.01502862
0.0393633
0.003662286	0.008367663
0.1159808	0.003807573
0.001260657	0.003304708	0.06672387
0.03590279	0.003015841
0.00128974
0.007604105	0.008630933
0.005142171	0.006547308	0.01063975	0.03052796	0.005988016
0.01328928	0.00501911	0.01086819
0.008253053	0.02948585
0.008257887	0.01738132	0.01632557	0.03694855	0.007504258	0.007319346
0.03278541	0.01076377	0.01208997
0.0009824582	0.009527013	0.005941802	0.06414919
0.005238061	0.0189469	0.01278593	0.1405891
0.001593489	0.006965566	0.02198878	0.004383351
0.008169826
0.000553612	0.0009368752	0.03015677
0.001198566	0.04348477
0.03202751	0.001615137	0.07383982	0.006326447	0.003141167
0.008999638	0.01928457	0.0004263318
0.04872439	0.01362387	0.01024298	0.1119392
0.03167286	0.0007665975	0.0483199	0.007310516
0.003145069	0.007272016	0.02100625
0.006356255	0.005496558	0.003868549	0.04034652
0.01149806	0.0006845113
0.01884969	0.002149358
0.04511415	0.0101484	0.04484103	0.01965124	0.008199145
0.005056204
0.007929336	0.004978416
0.005773719	0.00344877	0.01951618
0.004174861	0.001091124
0.00495571	0.01354783	0.001679074
0.01204444	0.00391811	0.013335
0.002520059	0.004603082	0.01858873
0.002173728	0.05124162	0.01725295
0.006887059	0.01790691
0.004036837	0.002065403	0.007700174
0.003802092	0.003812957
0.0101178	0.001936089
0.00605599	0.001769805	0.003181521	0.009383851	0.002435488
0.0009427516	0.02471968
0.004102753
0.004178338	0.006562363	0.005866566	0.02995669
0.0008270764	0.006814671
0.04047444	0.01023425	0.004648291
0.01561551	0.0004334088	0.001565136	0.02479888	0.01726216
0.003366918	0.004940615	0.00142738
0.2647791	0.001857232	0.0005827229	0.008378819	0.02402596
0.01003822
0.03126527	0.005420415
0.05880034	0.0274618
0.07009459	0.001951578	0.000669709
0.0004538398	0.01318822	0.01434512	0.005080071	0.004849177
0.0047307	0.009808893	0.00127961	0.001363261
0.004753008
0.0004052119	0.006018933
0.003216065	0.0162895	0.001908144	0.008156356
0.001548781
0.01032376	0.004597022	0.007228799
0.002818153	0.05923748	0.003509703	0.04779791	0.02518596	0.02309163	0.00637922
0.01748778	0.04091686	0.01330568
0.1016083	0.01609983	0.003567625
0.00475849
0.002645129	0.009530448	0.008471958	0.02248006	0.01003166
0.001708843
0.0005532778	0.007393879	0.04321743	0.08530841	0.1231653
0.003518512
0.004262682
0.003532051	0.003597286
0.002641822
0.056304
0.009057131	0.00619475	0.003711026	0.003444633
0.03114329	0.0311154	0.002705536	0.05291006
0.01673395	0.07467595	0.0006388171	0.04258267	0.03538826
0.006043228	0.000870534
0.08887604	0.005236715	0.001793303
0.01222612
0.03945498	0.003631658	0.003192779
0.01033652	0.01167475	0.01045401
0.002985024	0.0006557399	0.0007969685
0.02305788
0.02943577	0.001977618	0.07496428	0.00522307	0.1733396	0.0141896	0.002443225	0.005812477	0.01516381
0.02873931	0.01201989
0.0179396	0.004622145	0.0804795
0.001890639	0.00880918	0.01164938	0.004186377	0.003752168
0.0274088	0.006128836	0.00234201	0.005588935
0.001418626
0.00568802	0.00130257	0.0002364323	0.02697765
0.02253914	0.001759725
0.03627579	0.006560163	0.05203372
0.007501572	0.002387549	0.001355075
0.01272831	0.002490605	0.004458746	0.01007784	0.0401765	0.002171414
0.001619781	0.004821281	0.01435245
0.03504704	0.06153388	0.001179015	0.01402823
0.04601293	0.1088878	0.006080021	0.002268347
0.01646256	0.00154014	0.05449907	0.002558979
0.009148409	0.003471432
0.003612816
0.01361909	0.01242961
0.003533188	0.009783095	0.01297688
0.001457027	0.002187777	0.01616491
0.01520429	0.002760607	0.007097664	0.003237352	0.02285488	0.02147722	0.04155201	0.03674975	0.009422256
0.01447112	0.003094371
0.01214429	0.03282189	0.009508909
0.01230396	0.001849554
0.001762015	0.001885581	0.08427969
0.001133769	0.002192105	0.006914714
0.02088189
0.02874071	0.007230486	0.2529549	0.002904219
0.00337711	0.001557239	0.01000832
0.01438865	0.0587478	0.005555282
0.002664302	0.0009132212	0.003512988
0.00831085	0.002414801
0.002512637	0.009363585	0.0009806016	0.006508866
0.006495681	0.001183702
0.004800106	0.01505775
0.00548165
0.004477475	0.001514345
0.0008275717	0.00258693	0.01439259
0.06171098	0.001520006
0.01055276	0.02731436	0.003640445
0.01150743
0.001030651	0.004627579	0.03340247
0.008855164	0.007061796	0.04377762	0.01383129	0.004929347	0.2250613
0.002318857	0.005509921	0.005971073	0.001869822	0.01498963
0.006112918	0.0020568	0.005221578	0.06110561	0.02525583	0.001170811
0.006358767	0.005892715	0.1518536	0.02316006	0.03010261	0.009446185	0.0575439
0.003453885	0.007684581	0.001992009
0.03252842	0.02489508	0.002629609
0.006469651	0.03111217	0.03814579	0.006548178
0.1203124	0.0007865803	0.003476667
0.002403571	0.00680003	0.008597501	0.003200231	0.01898937	0.0004431284
0.004286576	0.01631727	0.001983149	0.002660689	0.0007805324
0.001113781	0.004813283	0.1147535
0.007415784	0.004537799	0.01901216
0.00730488	0.0454064
0.0006752686	0.01004061	0.05019518	0.08872735
0.01361698	0.001700379	0.01343509
0.01276393	0.005384282	0.005023168
0.004618156	0.01256632	0.003289709
0.008055315	0.002049337
0.0289875	0.000799631	0.001230274
0.005347034	0.06723489	0.01295748	0.03166555
0.004379875
0.008671075	0.003763903
0.005605185	0.02289873	0.004212787
0.009581256	0.003127869
0.007262287	0.01976524
0.000633125
0.001314272	0.002196617
0.03059943	0.01061722
0.00928308	0.06269549	0.003079893	0.002863133
0.003636168	0.009061254
0.007536518	0.04278783
0.0005512743
0.001711765	0.003830929	0.03287259	0.008699675	0.01477256
0.004892864	0.007663488	0.02223975	0.009216785
0.01642895	0.001113989	0.008958468	0.01080438	0.01583059	0.01118844
0.01099119	0.003186224	0.03463789
0.005637796	0.002337205
0.01966667	0.004120232	0.01761901	0.008666104	0.01977512
0.0260846	0.003992598	0.006148203	0.004770757	0.006973891	0.002044291	0.003411062
0.006475431
0.01768159	0.002498493	0.01069762
0.001473704
0.00478486	0.009020274	0.02139074	0.0008207633	0.02294968
0.03334689	0.02013009
0.1008307	0.01547223	0.01146678
0.002456544
0.001425967	0.01174075	0.001778705
0.01367491	0.04227696	0.006172758
0.00898077	0.03454698	0.005060654
0.01827079	0.00287407	0.001116233	0.004390391	0.03830928
0.01182777	0.0243708	0.002237098
0.006749838	0.006691705	0.006463258	0.001501202
0.003763176
0.01393189	0.005977332	0.007690121
0.002155265	0.01446215
0.01155434
0.01577035	0.003757341	0.008570023
0.009114063	0.004670791
0.002701767	0.0128178	0.03745709	0.04334313
0.01947365	0.05259978	0.003502109
0.006731946	0.02234372	0.004807034	0.06522098
0.01408984	0.007700613	0.01873465
0.1121842	0.04495017	0.001769791	0.011345
0.01716958	0.02008399	0.006366975
0.02666017	0.007778218	0.00586991	0.04364658
0.00581511	0.02852398
0.007066659	0.001939847	0.007047328
0.009419914	0.000400804
0.008902851	0.01586544	0.008684331
0.008065461	0.003264845
0.005313132	0.0222756	0.00530915	0.01428456
0.01719063
0.04065074	0.0111193
0.05460905	0.003812369	0.01303551	0.004361985
0.004222932	0.04077605	0.008491219	0.006703846	0.167016	0.02111716	0.05130275	0.1895093	0.001510813
0.004866402	0.008680996
0.008517972	0.006416412	0.09361094	0.001943624
0.01712785	0.01260097	0.003524708
0.04422599	0.05505977	0.001369551
0.006226533	0.01088825	0.03517161	0.004944229
0.001172131	0.009040176	0.006376194	0.005420286
0.004653821	0.004836658	0.03488145	0.003867462	0.00828033	0.01682337	0.007702878
0.0272511	0.008887891	0.007996903	0.0284291
0.01120015
0.00440997
0.09076083	0.01286892
0.01450741	0.01001429
0.02750516	0.01039778	0.009676862	0.002132029	0.01306	0.009597389
0.007459381	0.004300009	0.004292053	0.003171778
0.004931753
0.001794478	0.03779548	0.002462203
0.007747458	0.002147902	0.03147634
0.005963051	0.003930239	0.01657586	0.08195057
0.01759878	0.0490345	0.01035151	0.01166223
0.001691192	0.002691326	0.1883146	0.006084365
0.02147325	0.02024506	0.02778639	0.04059695	0.002397232
0.007520388	0.02192959	0.008731879
0.0174868	0.01426157	0.003937625
0.01754782	0.002963392
0.004181501
0.003203471	0.003977809
0.004934963	0.005547827
0.003340773	0.05690797
0.02610214	0.03242012	0.03416697
0.004056873	0.01991427	0.004219442
0.003676518	0.001346936
0.01225834	0.03143956	0.0129909	0.01076911	0.0858226
0.02486595	0.01934296
0.01328028
0.03245978	0.00116533	0.02071053	0.002946129
0.03331026	0.001681876	0.002731963
0.01083405	0.00312541	0.007232045	0.006013798
0.008306359	0.008567442	0.005875457	0.003087806	0.008201532
0.01854997	0.01094652	0.02854534	0.006777938	0.05987558
0.03450497	0.002097185	0.006544358
0.007601687	0.02609477	0.1002534
0.01385339	0.0004540881	0.01192421
0.01540319	0.07178243	0.004611517
0.001441222
0.03032894	0.003848074
0.004331373	0.01644259	0.01452742	0.006454578	0.001119936
0.002658882	0.106289	0.02686763
0.01688798	0.005808376
0.001345907	0.03075624	0.02569023	0.008994542	0.0003937349	0.00500919
0.001287599	0.006052579
0.009663756	0.09122745	0.06254991
0.01224938	0.005078898
0.01011069
0.0007663214	0.008782662	0.01489076
0.01490376	0.005100217	0.05561868
0.003787257	0.02398568	0.002872248	0.002891313
0.05090486	0.005579369	0.009069356
0.08286521	0.05313155
0.003776446	0.01753857	0.001530425
0.009041182	0.001693503	0.03981923
0.002874457	0.0101578	0.02598015	0.00338784
0.003431401	0.02767208	0.0043831	0.009080668
0.003012621
0.01403807	0.01000142	0.01318005
0.001872779	0.0202611	0.003981641	0.0131958
0.01421829
0.006789478	0.008490885	0.0230809	0.01933734
0.008822464	0.004915854	0.01604452	0.006778202	0.007277649	0.005835842
0.01651051	0.003270507	0.01244884	0.02048698
0.01414059	0.06251155	0.06584774	0.003597531
0.003412749	0.002599409	0.0464153	0.007347394
0.02792193	0.01431147	0.01571663	0.007997011	0.02226366
0.05012946	0.001293857
0.01018981	0.04850956
0.006960356
0.01416447	0.02989806
0.0441992	0.04353473	0.009912982	0.008218832	0.00936291	0.01760361
0.005357534	0.01645435
0.01813726	0.002380318
0.00435911	0.004429544	0.01184583	0.004618371
0.003848503	0.002332101	0.0101306	0.0375919
0.009404176	0.00376319	0.002604345
0.00994438	0.01033367	0.004155475
0.003315364	0.006478129	0.001555192
0.006164111	0.003545941
0.005493319	0.009404427	0.005138266	0.08247471	0.04807824	0.01849153	0.007207121
0.01251976	0.007583797
0.001022761	0.01769175
0.001002302	0.02170867
0.003809055	0.008899522	0.001488237
0.01602849	0.001091625
0.01543603	0.001685924
0.001714194	0.02511716	0.00398524	0.00779576
0.03312401	0.01919345
0.01230722	0.004380281	0.008449745	0.003188175
0.005525283	0.0251392	0.002917533
0.02298346
0.000661187	0.009589735
0.009030387	0.01152577	0.009721683
0.02338257	0.01309007	0.005858713	0.02116235	0.01482018
0.005609977	0.01804381	0.00072912	0.0004981175
0.02481391	0.002153011
0.0004813776	0.00274011	0.002257839	0.02441904
0.008149919
0.006295094	0.01369462
0.00834672	0.007569942
0.02518772	0.005774088	0.08083025
0.005561271	0.008641193	0.03902281
0.03738229	0.005841637	0.004386464	0.001996495
0.01912958	0.000933244	0.006876518	0.04898865
0.005415789	0.01626259	0.01229964
0.02704835	0.006845837	0.003063797
0.000925614	0.05009568	0.004473321	0.001915737
0.02922003
0.006648916	0.02044322
0.008711233	0.01087681	0.001292197
0.01614989	0.00255596	0.02473986
0.004223222	0.0008920017	0.00134181	0.005749101
0.01334999	0.004150732	0.02629039	0.02527834	0.001591244	0.004072236
0.03076187	0.003051593
0.009845668	0.008988208	0.05530044	0.006999582
0.001549837	0.00876035	0.2785545	0.01298408	0.03549758
0.006110782	0.0418105	0.02221105	0.004352734	0.02317492
0.1072422	0.04782264	0.002010364
0.00858814	0.01866857
0.0152019	0.01771582	0.006469833	0.004253045	0.003113469
0.01765302	0.01068916	0.002813852	0.006852903
0.014219	0.05955875	0.001050161
0.003144819	0.03656399
0.0187514	0.02125301
0.006211754
0.01042466	0.003154728	0.005375953	0.002667412	0.001259686	0.02407094	0.03970349
0.01996967	0.006260275
0.006095363	0.02080265	0.01441046	0.01914607
0.04059174	0.004266036
0.001828372	0.00550407	0.004835027	0.03107171	0.02014389
0.00413339	0.01318808	0.01186508	0.01260096
0.02828644	0.004374917	0.02233831
0.006221936	0.002324658
0.04708246	0.002375309	0.003847763
0.002401102	0.006060152	0.002969264	0.00516714
0.01956844	0.001881461	0.0258213	0.06767135	0.07511191
0.005081743	0.007444653	0.006719989
0.01297713	0.003224713	0.002684291	0.004841419
0.03303516	0.04148053	0.003213575	0.02363072	0.00866557
0.001196824
0.002302915	0.004271175	0.03411384
0.01741558	0.006912579	0.01422797	0.04107544
0.00353204	0.008320797	0.01470449
0.02349707	0.002838341	0.01760489
0.0004953603	0.001499226
0.001467248	0.02150653
0.0203289	0.0004529092
0.007548278	0.0327679
0.009117777	0.008107346
0.05904704	0.003212246	0.01622262	0.00783905	0.004500738
0.01685937
0.003518264	0.01042922
0.0018726	0.003006985	0.001342657	0.008335632	0.00271818	0.01251727
0.01177184	0.006249248
0.06031795	0.008619597
0.01214631	0.001611857	0.007209357
0.002008119	0.002131029
0.003968387
0.002662377
0.013999	0.001113472
0.0030727	0.003217598
0.06018355	0.00639302	0.009544588
0.0006526679	0.00367151	0.005131376	0.02801682	0.001023688	0.003584514
0.004728165	0.005326009
0.01840879
0.004229523	0.0009853848	0.008968568	0.006024025	0.02238926	0.01017464	0.003806754
0.02052275	0.007676103
0.005900727	0.03981171
0.0195289	0.134316	0.01069312	0.005805105	0.0433699
0.004132952	0.02108897	0.004273427
0.05026282	0.01471709	0.01803186	0.006035867	0.008848527
0.007064724	0.0180998	0.01826084	0.00929259	0.005734476	0.01241496
0.003374038
0.01303357	0.00150647
0.003581848	0.004279447
0.01446527	0.007515365
0.005237709	0.01373245
0.0093689	0.02996199	0.00573028
0.003598856	0.03026726
0.0008888987	0.02045378	0.02145711	0.03540275
0.003195835	0.004900695
0.005678509	0.0008134375	0.002103885
0.03660832	0.008726574
0.004099413	0.00172545	0.200447	0.008634864	0.00401242
0.2293967	0.08499163	0.003722296	0.01000862	0.01940566	0.008137111	0.004040297
0.02087382	0.01218208
0.003241985	0.02638426
0.005329594	0.01187795	0.02225301	0.01151592
0.04655399	0.01534752
0.001098001	0.05639863
0.008123148	0.04841579	0.03578947	0.01238744	0.002116653
0.004843904	0.01927958
0.09517143	0.008590983	0.004446562	0.07746017	0.01165544
0.0164551
0.01291761	0.2810662	0.01563128
0.0351023	0.009562437	0.08019087
0.00930728	0.007466547	0.007518432
0.005676715	0.7560091	0.0103473
0.005154657	0.002702384	0.009473124	0.04684907
0.009958285	0.0154186	0.008743186
0.01332993
0.2066916	0.0247786	0.01931639	0.02818839
0.001742372	0.004844493	0.006329171	0.031666
0.07896731
0.003894515	0.003271757	0.01838874
0.001458975	0.003392281	0.005228227
