ExtinctionRateChangeTimes
43.15635
59.40027	19.48884	40.2245	13.88852
43.43039	57.36125	43.47019
31.28831	28.43393	8.786226	40.07007
26.78112	37.0881	27.7364	64.34445
46.41602	4.664217	13.4859	26.81095
36.76366	25.67039	56.23165	13.81566
40.89998	39.07335
61.72804	53.47103	63.26273
50.65536	49.21485
60.26773	24.62169
51.22144	1.790137
51.1292
29.93263	26.82703
60.20602	16.78071	39.99125	4.688281
36.17	19.76351
47.10637

32.82756	52.85347	46.05234	14.9644
39.23022	49.11994
50.05403	46.63773	31.11727
34.20691
33.43841	12.75259
27.23015
40.03854	18.63962
24.39488
49.08461	10.57653	46.76367	63.87152
29.72006	13.82738
47.73417	13.6112	57.13649

40.24665	40.31841
8.975007
39.92105
55.49649	11.0936	38.67137
6.389098	0.6935152
51.64485
32.12297	52.71667	31.10931	25.86329
40.91122	60.23911	24.68086
18.77148	35.85011
15.91453
52.82977	51.05431	15.49592	33.45644
22.85265	30.31161	40.59376
33.12266
48.1176	50.68055
30.07181
17.2447
12.03202
48.3174	46.16346

49.76946	39.45545	20.73531	61.10927

33.30653	43.56408	22.4803
28.99646	47.74044	27.92916
20.06191	61.29824
24.25238
31.3892
28.97335
19.52049	25.88229



5.488681	63.9823
35.3414	11.60809
55.59955
50.42786	29.79297
44.10653	51.74179
61.49091	37.6997
23.35956
54.99717	39.73793	6.535976
35.75897	22.07908	46.82424	48.14963	6.730241	33.58888
40.7983	61.34942	34.631	10.16505	38.84772
50.02895	58.57926	5.599084	57.29572


2.240702
12.79087

5.83196	26.65408
40.64576	58.76052	57.54353
9.882964	49.18892
40.59762
11.81329
31.59002	58.70779	13.13915	39.62634
25.584	46.67881
19.61237
25.51826	50.85057
38.41106	53.93268
36.02041	40.22631	26.63497
43.44145	54.44251	49.29054
57.537	0.4288428	20.53527
23.03685
50.25924	5.562033	21.35236
3.584155
14.75113	21.43578	8.413285	43.85776	21.65521
42.64917	37.86765	58.33755
19.67413	44.40975



42.79121

21.387
38.95588
27.07739	1.010395
38.88611

56.76524
33.58238	51.13485	9.064036	44.4646
6.891394	50.18081
63.56976
58.32652	21.27798	18.35276	53.25894	15.14894
31.03322	60.0599
19.88753	30.67194	3.053043
15.64548	38.8231	6.851785
53.91982	55.05469	42.51254

39.09025	49.61785
60.07896
26.90278	31.8483	16.76079	41.96424
57.67162	53.66853
0.3507869	23.35922	57.39165
30.47605	27.9685	65.51096
37.96984	29.9719
3.338181	27.69427	25.72237
39.57475
55.47971
36.72881	63.35784	56.7955	50.75123

45.59029
51.0227	19.85205
22.10502
57.33759	2.213683
36.79826	28.42727
51.96704	33.9275
16.13882	14.94651
27.88877
37.44237	11.11847
19.47722
4.14875
50.89388	42.19662	25.85378	41.01583
57.31758

11.54934	13.3954	48.71456
55.36654
27.49731	39.03337
3.08831	39.53414	33.05423	21.48559
34.5976	49.84388
24.07295	2.295866	9.373589	23.347

26.24603
4.278906
9.394105	53.65527
43.50245	50.2298	65.56892	55.65438
31.37995	32.0022	64.43745

56.53812
32.61653	38.04732	36.73299

52.62525	48.41286
55.38459	50.96122	41.36711	55.85211	24.68889	29.57907
4.21756	53.81122
0.8229845	46.41023

40.39638	34.58117	23.04984	38.82085

40.84338	37.86365	2.308698	31.64628


8.579123


22.72616	55.80255	8.651367
10.73272	40.06957	18.15753
56.70874	17.77538	15.91848	58.53004
63.14463
8.870046	63.20438

2.371713	48.77199
17.36062	15.65441
62.89105	0.007322797

37.17245	8.292212	22.49023	24.95355	55.94778	54.78929	49.63094	8.923958
34.30537
39.02433	26.57721
7.081718	48.25866	3.217438	58.23906
18.68501	24.31137	40.02073

51.01719	12.9226	50.8247
42.97844
34.09359	3.389434
33.46763	2.62586
39.02178	16.7669	2.073961	56.81099	9.229924
55.62878	26.41732
5.079742	40.14068	60.37277
61.33581	38.77637	56.52006
33.59215	65.81076	21.60179
22.96316

49.71403
36.20674	7.233402
5.533901	42.21607
63.54931	36.66162	50.8981	13.23329	47.67071	20.86723	1.47112	46.93194
24.92581
13.93591	38.52142
10.68206
34.53056	58.52231
56.88311	53.72708

29.45768	21.84731	12.94506
38.04516	2.876901
50.91106	30.52751
31.96713	28.46129
57.80422
25.32701	13.37291	55.54445
40.99136
47.7485

36.43035
29.39775	50.1849
43.40026
49.68159	49.09206

5.231798	27.23147
43.84211	26.79693	63.83431	32.15514	28.20259
10.17676	1.20425	65.63389	57.94696
60.28617	41.38961	50.77759	31.79368	51.85694
38.35537	21.47262	13.07263	8.332305	2.760988	35.71881
0.1976757	46.69221
3.612859	18.56132
46.15095	18.79706	36.16944
4.087644	37.15325
45.70374	58.41067	9.147007	33.1301	17.84453
60.54679	22.02324	62.5614	45.13695
3.679037	3.490043
33.52685	20.43537
22.08599
39.99136	23.40676	1.879853
7.883904	54.16537
29.40947	37.47711
65.36528	59.16059
31.57303
37.91648	4.937969
30.47549	36.64385	22.44903

49.28264
56.75774	54.76281
46.0348
51.23682

7.2495
34.24793
63.63429	31.82262	48.17621
26.18495
51.44511

25.58812	24.64713	4.675739	40.24919
22.88059	61.53029	46.10427
35.02282	54.92853	40.42582	4.38056	23.70049
29.64356	5.126
53.01757
41.97737	19.52696	5.276136	38.7727
5.527153	32.58311	31.56362	37.44782	15.12063	16.21268

14.91462	40.58498

62.03995	40.57151	37.5026	3.93716
6.336862
47.94979	37.76153

48.89108	17.24511
21.46153	29.86899
22.30143	45.88111
53.76806	21.62609	43.58016	6.154177
37.18976	62.30862
17.49736	33.72381	39.1207

42.46417	35.32677
63.98371

37.05105	56.19894
26.31847
17.20422	4.063894	11.17509
23.20494	56.15483
40.97723	26.06403	40.3961
50.1584	61.03217
58.78963	30.34869	16.05434
42.68704	44.65247
53.39725	23.18679	2.148909
46.77536
14.88293	63.48317
52.13278
0.919164	55.89058
22.81891
61.45739	36.58207	12.61947

40.68481
19.88859	60.64913	9.822138
7.92031	8.689405	18.3233	33.57335	38.56439	58.23419	35.02965	50.33528
10.80619
51.6231	11.08694	35.31597
36.86963	62.56477
26.7717	49.29553
26.48159	30.4686	28.39578
30.00286	41.82565	20.11078
45.40526	30.46699	15.41797	53.27539	18.11803	9.899151
41.42808	60.2009	31.98497


45.58028
2.629139
45.53804	12.16048	46.17419	34.01222	1.185438
57.87775	50.96306	32.51818

15.2826	46.14162
53.48394	24.72387
42.81016	40.17966	6.166103
14.76388	41.15148	3.575561
36.09916	16.82851	16.21258
30.05425	7.521371	20.73553	34.36874
55.25528	59.14577
12.88008	20.35898
9.456109

19.52415
41.54118
9.453818
6.189643	55.92414
40.2693	39.04441
53.10992
8.603611	36.86112	6.632547	7.296285
40.69976

21.31947	10.99842	36.678
60.05767	10.64317
65.5859	8.146219	53.82381
16.77378	29.44761	41.83783	41.60385
34.86533	59.42449	57.1156	65.73638
36.00528	51.89146
45.59382	64.17631
50.48392	25.97283
16.50648	40.5774

25.55924
23.15883	60.43774	54.68404	6.043103
61.22071	17.46718
50.45957
11.08048	59.23897	31.91802	5.784728	58.60146
49.61677
58.658	21.55794
5.967724

8.979413	12.58565
35.45246	14.40113
18.51315	56.556	36.2812
50.50499	1.525883
4.097227
57.77117	12.70477
29.90716	5.895317
40.95069	16.78209	30.69283
50.9144	30.02552	58.76975

58.71163	49.90185
37.01718	56.41549	50.81226

33.75459	7.26057	62.0507
33.30472	45.40712	64.60541	26.86804	53.099
59.06301	39.53763	13.96624
4.256154	2.507711	45.41812
34.38775	24.84851	51.23472
55.76174	24.76255	49.57745	39.70479
21.31574
61.5583

31.97578
7.816472	50.74415	57.50676	47.0618	19.39297
43.6098
37.6206
31.45502	21.33203	17.4055
41.51627	35.19414	37.20043
40.44738	6.247959
47.6773	8.824249
60.18343	20.4849
58.44044
44.69365	19.6251	6.46177	4.686464	34.20375	27.14831
62.00194
60.97184
42.41671
63.62987	34.24527
7.333181
5.885643
20.93287	25.92968	24.14849
32.97901
61.36445	24.60792	36.76543
0.169161	10.52017

3.522047
57.15101	5.1306
7.208022	65.98455	40.20556	62.42185
32.81446	51.18453	52.49283
6.800951
3.662953	38.51112	59.47479

53.7975
6.429282
50.80447	33.31964
62.98532	63.42378
40.40584	31.7183	53.434
16.18726	24.43912	6.508291
23.77955	7.849415
29.33343	44.30598
58.01367	39.55626	53.8781

17.88028
39.65055	20.62228
34.68447	7.412858
50.08645	46.13363	51.58483
54.32019	28.22954	31.34564	52.08707	55.45002
11.66214
15.81981	60.82429	29.21899
35.95084	17.01101	54.62881	56.15416
7.467426	64.87291	19.4279	65.39968
15.28493	24.39906
10.00357
33.05756	34.78969	63.15545	14.57932
30.57723	3.449988	29.99253
48.90018	15.45841
58.92046
46.36266

14.75709	4.991844	49.73676	54.84372	61.90894	51.08017
53.56585
59.92118	34.24442	31.77738
15.52679
46.44356	20.0396	34.52681	11.26496
8.686995	6.622111	64.67891
41.61927	20.97939
30.4406
45.97232	20.13799
62.1846	58.81623	1.771801
24.05189	54.10537	4.645848	22.13084
51.89384	47.89132
40.27888	8.075809	21.22096
44.76181	42.31865	39.87553	19.25718

20.34771	46.39953
43.34354	1.117512	33.42464
15.8209	10.13308
50.21713	26.71713
8.481045
44.90515
51.79624
61.5499
55.59782
28.26458	5.105934	0.4672499	50.44498

9.765059
38.86702	31.14375	33.50672	4.083152	39.77506
0.4562121
41.83482
10.14664	62.57306
15.62235


52.60755
20.87994
14.34315	9.374587
15.91943	44.93023	33.64106	61.24417	4.859566
8.403454

7.293135	55.11747	42.8272	3.984508	57.42087	20.61145
50.25679
22.94052
30.87904	20.42248	36.18574	23.65223
22.22784	7.160281
52.98492	36.48739	23.15496	51.97074
48.37605	46.02092	57.27628	3.883009	37.97628

41.37856
46.93269
23.03533
8.317676
32.13177	47.26059
53.90533
50.98416	27.94901	22.16084
16.36302
18.69652	19.82277
41.79034
36.59593	20.45321	49.31772	6.819523
57.49123	8.94967	38.44265	7.602773	16.05513	42.36954
35.92238
36.60091
47.73052	23.42447	59.17689
4.205336
63.55291
26.81104	56.35002	62.09002	35.58875
30.38184
5.865304	0.7495461	64.03995	43.45049

20.89314	35.73735
43.79924	22.93708
56.7853	9.046957
29.19339	31.64612
29.99188	12.62117	5.570512
46.51248	50.04433

32.85937	1.367888	4.521808
62.17369	45.37099	28.04739

24.71745	7.180141
6.50491	10.38299
