MassExtinctionTimes

5.972045	42.71466	18.80492
8.861329	27.42078
31.26051
29.4272
35.00179
35.05001	63.33301	15.59903
35.201
19.89557
24.57151	9.728278
33.91946	1.936663
31.50162	64.79765	44.14204
34.14826	20.46474	15.30395
35.26478	38.86864	37.26058	36.10781	23.71606

3.903059	31.9932
63.70783	29.77223	25.41046
31.17449	17.59266


33.03063	27.28554

27.36918
8.643398
36.41253	26.21994	18.26243	3.347574
34.91158
22.565	64.78955
62.44405
36.75228	5.910355	34.28998
60.56597	26.83286	17.11423
25.46881	35.62094
23.11765	61.89021	52.38901	65.04843
34.4744	42.12924
36.08667	38.82387
21.88006	8.73607
35.728	12.35185
64.93282
34.94392
32.015	8.770494
5.867415
29.82173
53.47027	1.70116	32.02259
25.67789
31.2585	34.53095
24.95831
35.53764	0.1954257	28.54555	64.78813
30.87792	27.25894	56.41376	10.59057
9.260442	17.53507
35.10764	31.19726
33.22386	26.72355	36.6268
34.9512	51.72412	31.66313	1.078619	22.20333	38.67768

13.97069	19.97167
33.70491	37.67866
35.49157	28.84037
31.93418
33.14059
34.78731	30.03051
26.47997	10.33454
26.18083
28.51571	36.70957	7.629041
26.57945
29.14187
34.06675	27.42328
1.708847
37.34011	39.13207
25.08186	3.332088
36.74867	62.2805
13.87636
26.5441	7.586248	23.12809
35.90786

34.31661
32.0886	33.80678
11.52844	61.42378
26.26387
22.84148	35.47486
2.919765
5.760952
28.39234	12.01583
9.833171
27.01048	35.79098	18.32173
5.275633	26.24792	42.92309
24.04409	31.48187
32.1301	22.38117	11.62806
22.42787	13.4711
35.72836	24.18279	15.07658
35.85609	27.57635	35.92226	20.22366
35.47975	34.72161
24.62499	42.68501	54.78912	30.07539
36.64798	62.53379
29.32623	12.81825	3.568115	44.23415
36.3177	25.81671

36.83183
30.51485	35.32823	20.50571
29.77585	34.61347
35.90378
30.05248	17.72255	62.97618

31.57567	65.77648	22.09001
36.0189	30.17551	8.330372
64.71533	60.48992	34.31196
62.3819	35.89419
62.20876	35.24507	36.13199
13.44312	16.31779	20.89459	65.06107	38.79943
18.75586	34.73067	7.499865
34.89894	21.87027
23.42287	33.1085
25.94982	30.70111
35.1104
29.24479
8.349545
31.4687
32.16773	15.19247	25.09782
31.99601	61.25314	22.89484	35.47225
34.65084	25.94353	5.772296
26.68834

25.02851	6.477499	13.53224
34.72281
30.73802	10.36405
34.11431
34.97849

31.55126
54.62453	9.867275	28.10703	33.58195	31.65834
19.61817	31.43333	27.03502
34.98072	35.83836	17.25695
28.5616	32.29211	12.51744

25.44641	18.90204	11.87143	3.525413
25.65772
35.3966	5.66258
34.99187	55.3856
26.31536

3.608805	32.56944
28.33338	64.54412	31.69238	35.93848

31.47896	59.9926
18.48475
33.10039	25.26383	4.732782
26.55324	33.71885
30.27415	6.65504
26.66603	30.17001
23.28727	33.08391
34.74733	35.07926	0.5786878
60.30417
33.42637	44.34159	3.380005	9.938595
37.13431
53.2392
32.66461	31.58154	60.16086
33.94777
5.223685	25.51342	28.59146	46.13346
15.80902	5.88749	12.64465
35.29123
26.65691	30.79567
18.97593	25.6905
37.63
15.48394
36.20069
25.56099	20.61385
33.07947	61.95985	29.45132
35.67949	57.32554	7.586485
35.40383
60.85085	27.0398
34.20488	31.98738
18.91942
24.83086

32.36851
31.90626	57.98454
35.81321	16.93365
38.59408
35.31152	16.73562
29.72886	8.959164
18.29428
26.51285	4.56984	59.42334
65.16502
24.2592
57.96839
28.40677	3.542392
13.66663	30.37861	35.03736
35.76657	24.78282
34.33449	26.96108	44.49585
36.3414	60.93097
60.47453	36.25527	27.82795
26.79583
25.83893	0.9566239	31.33416
40.12128	16.41132	43.91823

36.64716	24.13663
36.35455	29.19212	28.53152
32.63812
11.44813
33.98868	34.65819	5.488786	6.829831
23.24135	41.16602
34.94633
28.78617	22.15675	22.76068
35.24117	61.87352	26.73241
24.97889
32.37315
23.11773
26.16656
30.24555	25.61348	11.77321
45.18038	17.76537	31.32859	16.43192
4.380014	23.32214
64.98472	12.7714	3.095395	63.13772
32.09529	38.55995	24.12879
31.57684	48.8282	23.93566
34.09146
22.48121	27.95041
32.10731	16.86339
31.50659
34.83002
34.00157
29.63408	25.76847
32.2031	27.33289	36.07929
23.3033
35.59493	53.36475	60.8115	36.07244
6.571341	27.4105
32.82485
35.59604
35.18998
33.8873	6.989622	5.872859
17.07393
30.68541	5.322047
31.27693
31.35183
21.99432	32.16539	43.01355
32.80932
24.87437
35.56063	26.53135	36.85258

26.30419	24.42739
35.70136	11.59994
33.9101	15.36889	12.41918	37.64136	62.77925
36.10742	37.3272	3.440875
18.17971
31.89851	3.245014	17.82905
32.00067	60.71038
11.89907	32.64118
31.40463	25.09735
35.96428	21.19909	30.62476	16.07384	21.40379	35.41018
30.30126
30.75794	29.13604
34.54857
28.5554	8.311694
30.91
35.88543
31.74536
27.27398
31.62717
22.76166	18.98009
32.10354	24.40931	28.66449
31.54809	29.61252	16.87034
60.81649	34.8842	13.94276
0.5169298	17.14801
35.40125	46.16077	28.28845
30.6384	6.303134
32.86916
29.47411	32.36698
24.57563	10.82295
31.31715	38.88697
33.30736	50.88512	25.63132
50.04228

33.83744	3.219009	4.222923	18.01812	35.84735	52.47641
31.45976	52.07064
20.52881
34.03976	62.34567	26.27696
65.81007
23.34296
59.30429
34.44435

29.19783
29.41908	34.94364	54.03865
34.74773	35.46837	23.96378	60.58734
33.08116
31.11066	24.04686
26.07762
35.77082	31.25338
22.84541	19.79284

33.40702
31.2377
21.87726
27.28122
22.693	42.20748	5.6412
35.48678
34.6466	60.46156	0.8153537

29.95661	43.12901
34.5946
31.54387	20.80697
52.00339
34.98358
27.25371	0.4033548	31.3986	42.74157	47.13446	36.1997
26.06298	9.238484	15.27982
12.14401	23.75262	16.26497
17.99558	39.56047
31.84631
24.52797	36.65512	34.52409
35.37747
34.80588	65.9496	4.293987
60.87035

25.21008	7.594935
34.7886
27.09629
21.25168	28.81843
62.00895	30.17787
62.59841	54.13537	2.438039	30.55138	22.56109
29.92676
28.81941



24.21966
61.45107	31.27139	18.13015
65.26138

31.28041	34.11558	65.27955	3.282349
30.4907
29.36752	12.32878
31.52134	65.14916
15.61513	23.35931
13.78047	28.95788


25.17134	24.41892
33.64355
7.539127	22.33444
35.13732	26.48089
38.16195
62.21344	47.05026	26.32614	31.63192
30.7591
31.58724
31.23788	22.26474
26.60257	35.99173	4.246829
20.97316
3.766948
43.53181	34.67008
31.86743	3.76395
30.50753
35.83483	25.91401
33.07455	37.61703	19.0997
31.87046	3.314628	35.88353
30.20217	3.162937	11.2961
30.77731	61.31443	47.73426
32.42098	15.25981
33.71196	5.689404
23.95413	35.36639	48.04377
35.50094

36.02383	21.62928	33.55542
31.88964

31.07581
28.3408	34.3506	7.240214
62.2272
31.96709	65.09281
26.48384	31.73004
6.576622	22.32362	33.3019
30.77134	36.58804	2.843147
35.49286
32.45404	3.733368	0.3840847

26.71292	4.569044
30.01811
25.32558
26.30649	22.42912
29.16613	29.78849
34.88807	62.42515

34.30382	19.92914	35.88942
31.32173	33.01419	22.17562
24.10101	12.96506	32.87821	58.6821
37.90531	30.30152
32.90949
36.58997	17.48368
36.3741
64.73443	31.91757	3.050447	15.90366	28.77206
44.91858
26.27015
33.39856	19.68681
36.02828	62.03771	26.68719	8.812316	15.97821
35.86556	30.03714	27.05247
35.10183	55.43151
43.64561	30.49473
30.99689
29.44989	38.1779	2.528227	39.2994
24.95027
35.71393	37.79501	30.30665	0.5032947
29.32548	64.56643	31.66543
23.76888

30.94912

35.00403	25.47152
34.73134	30.25074
34.38322	16.10295	31.23546	26.12644
26.75401	35.31574	31.23583
32.02185	26.56974	56.47789
37.14698
32.46485	37.09117	35.51205	24.95283
35.85125	11.5228	17.35451
26.77185	31.46251	44.63165
24.6115	35.75821	34.33197
65.5243	39.87903	64.6596	43.33079
34.74343
32.11196	29.02827	26.98745
36.5546
17.73169	20.32659
30.08365
26.30067	1.036154


31.94256	38.44931
32.54694	44.67312	61.02689
31.85427	59.5285
4.395638
15.08873
21.54324	31.03305
34.46103	17.18227
28.16348	60.5865	22.27645
35.82746	23.72962
33.64183	63.50195	13.26103
33.07257
63.30572	30.29885	6.058134	12.73805
64.50296	0.8493014
65.26636	35.03315	23.4032
24.65316	60.42526

39.83251
32.01173	37.48803
42.32229
30.66115
38.60011	9.183689
30.78979	12.19368	39.91301
25.22313	31.38409
23.84893	49.45108	47.30893	30.15972

22.96288	35.15802	56.81814
35.08129
34.90871	14.00779	24.59316
36.37763	64.03042
60.26161	16.72848
28.33502	38.67563
31.89423	46.80193
29.98	27.27295
29.91111	0.7369036
23.72101	19.27853
36.60513
35.86103	31.4783	43.77023
32.17336	22.67713	34.19448	32.802
20.72057
35.68694	31.85764	21.98303
36.26208	12.16059	18.6447
62.30326	24.04049	55.80894
32.75617

23.26118
33.77981	23.66711	9.924053
26.79501	34.21403	29.14738
27.20521	30.82101
31.61552	0.08524111
31.73986	34.10363
35.64863
35.74807
23.02556
20.08269

34.32715	35.36422	61.70187
27.01343
64.73108	25.67949
36.48302	56.95359	25.04743
35.15602	28.10332
51.94906
12.97411	61.68475
36.48816
28.29439
29.87757	41.71912

33.41297	11.72315
34.75382
10.18684	31.09873	25.20731	44.41468
27.90346
26.91967	32.15808
30.66226	36.34676	44.60241	10.66912

34.53208
36.35688	34.23188	9.145741	12.56996
25.93148	35.92855	24.43425
35.82292	25.99808	36.00687
31.32412	23.13611
10.10641
21.1458
28.90231	27.12642

34.68152	57.89468
22.03773	29.76629	31.02444
35.89414	27.92679	16.89561	26.35727
31.68483	23.09318	0.8553072	34.68742
31.10448	24.88548	26.94542
24.64109
3.045347	27.33448	36.15679	53.24646
31.05454	56.99385	61.99981	26.5331
