ExtinctionRateChangeTimes
72.93334	5.06978


93.83823
28.13198	77.79239
71.60415	36.54369	25.50799
5.438616	52.2406	90.49602
84.67311

91.27752
72.92367
96.50505
7.99658	44.0175	14.36558	37.45595

13.79046
38.71375	51.62006

90.03215	84.79688
9.785922	71.97943
83.31288	53.31652
82.47219	19.50155	13.26874	13.88152
79.08165

72.13673
80.38419	20.97449
83.47662
75.89878
10.05299	8.490387
74.1277	104.0916

85.65441	5.975747	104.6664
83.43007	49.76186	83.07054	77.37684

47.62867	33.61921	89.33043
33.39071	0.7510151
64.20282	62.87196	22.37194
77.90469	72.42475
32.31171

10.75812
67.02887
39.6389	23.69363	103.1769	34.06919
52.46461

8.191013
53.22196
62.04708	59.22792	52.15101
11.44338
92.3635	79.75804


99.70769

32.27788
12.40746	34.57131
80.77164	104.0517
63.98509

101.3206	1.817363
81.89922
61.67657	73.98666	89.94263
75.74535
86.72723	59.09145	70.60535

68.92794
32.79329	21.10512	5.431776	58.06627	3.691
46.91122	98.22104

50.01871	84.55032
92.72592	83.76506	102.8419	101.4781

86.02127
77.33813
98.91546
20.01108	99.20793
79.04382	49.21836
44.33879
33.30498
21.72579	71.91834	80.26543	17.0117
28.06043



79.61729
77.80367	32.03447
86.8616	54.48127
77.33689	14.64892

62.00274	1.162226


91.98204
40.65126
79.79693	104.8219
19.89436
75.00634
103.1616
54.3191
84.55293	43.56101
74.65841	35.46294	13.7125	14.96478	42.48468
90.91151	68.46988	89.87046
80.16343
57.84611	13.38476
99.49796
55.33367
62.83284
55.87046

25.55972	28.19221	45.73279	43.58279
50.48861	91.72216
77.56275	103.3962	61.41753	76.56767
63.22864	11.37093	51.51159	35.45253
89.75386	90.09768	86.46664


89.61444
48.44304	17.42592	102.3048
103.5854
86.77988
82.70325
92.13162	56.83432	52.44909
13.08625	96.33553
75.90736	67.57096


29.78284
48.94389	100.0104
66.58184	61.00067
69.1904	53.60798	31.53181
82.28752	20.74147
93.96231
74.18299	26.86945
53.79455	19.09474
70.56038
38.25502
25.1955	42.48201
102.607
103.1617
15.89269
92.48665
22.99008	90.77124	85.23423
71.52976	67.18951
72.81744	49.55021
85.67322	79.00931
86.98439	71.20884	32.85399
102.1811	68.70975
87.19453	0.1403672
30.0097	13.5927
70.39631	4.262961	83.46056
85.07277	41.77826	52.1782

87.12979
39.61705


81.17673	4.097076	2.319109
75.82297	20.48931
40.85243

99.8661
47.21675
76.72609	68.41456
101.1334	69.46869	95.38371
76.28796	62.6423
91.48543
48.76893	20.78173
81.18796

96.19768	84.66281	8.720167	31.76402
82.83129	15.19409
74.90458

41.16026
73.41029

46.47248


94.97924
5.834915
24.78039	98.43037	2.763605
36.65248	74.083
0.1857344	84.99062	57.66568	38.69959	33.57519
34.79772
34.55677
64.39002	18.99772
63.66229
77.87159
72.15721	30.37595	23.08848	44.85831
68.90914
79.5623	5.516662	64.09315	104.6108
33.78604	82.45416

46.08824	37.46714	95.75767
83.43227	33.80203
87.04734	76.03851
92.23736
78.85843	54.98511
84.4621
82.60881	2.463525	60.65054
26.82813	84.01118
80.97711	97.75978
72.72536	95.01543

82.76845	49.31721
75.80112	62.23055
41.17102
6.571106
89.12583	57.35828	1.447259
44.89009	80.87346	43.12054
61.51115
50.41064
23.47908

80.68772	77.17015	101.7677
79.56763	21.75161
91.09526	34.96922
4.276786
40.18685	30.54967	33.35232
28.05574
47.91038
96.61195	58.32838
11.5916


82.81153	103.1815	45.72693	35.41597
69.39336
64.2486	6.601303	33.40171
91.91928
35.12289	30.87157	14.03768	2.771293	85.83711
96.99321	83.28158
77.23517
26.24598
30.44316	6.849966	57.54001	7.291092
21.04736
46.13386
86.95264	44.72312
98.51898

13.16467	79.97433
82.42094	26.73112	11.49932	10.24427
86.13682	90.01392
54.70156	46.22947	95.3263
12.84646	73.70318
41.42434
102.5563	99.52599
36.59702	61.5511

89.82114	29.77028

97.76457
87.83545

86.76886	77.84072

6.736449
94.21012
23.71836

8.340608

72.06231	59.24075
60.7562	33.80367	86.50538

52.17244	35.58679	33.38094

73.60176	15.79554


74.86354	73.51188	100.6335	60.29732
66.0009	24.70407
81.5904	105.2392	27.19234
66.37724
83.73582	101.888

96.22699	103.5436


18.41609
29.18672

56.47938	92.88609
43.91109
11.73193
51.5169
94.21463	29.85798
86.21814	22.98877	6.995347
0.9918738
28.50127	77.41174
61.76694	79.26857	3.063159
82.19716	49.20075	95.63516	75.90704

36.52285	104.6041

71.19803
96.03284	102.982
82.34346
56.37864
72.18473
76.3951


53.01924	36.54191
78.27374	22.06715	55.88563
79.52206
58.45929
73.66536	11.90108

15.45073	69.04564
67.70796	94.02127	8.219908
85.2606	55.96831	34.9166
82.76502
69.97278
39.62093
75.58667

49.219	13.47205
41.79695	8.164495	23.0822	41.56174


93.16844
94.066



16.09398	84.12629

0.9120177
75.91558
81.47
83.22862
75.68331	45.87993
91.21727

26.79549	98.9583
44.86847
25.39362	77.34032	27.89978
22.43253	104.0229	11.45857
78.67159	99.95059	43.30966
75.03261
74.65484

80.99779	27.49216	25.12029
81.25666	44.82098
80.96807	54.08883	70.0763
83.15882
98.61114	97.34337
49.94298
100.4979

61.15096	94.37888
73.51984	78.5234
92.73759	34.73952
90.59489

6.74051	79.87542
77.89027
77.2602	74.89121


83.39888
3.896612
82.78066	54.69102
94.98916
6.218148	81.37205	81.56771
86.48986	99.66407
61.62024
53.56954	59.58485	21.63105
99.60169
79.0148

78.06943	90.81439	66.64846
4.346517
9.541036
80.44504	95.08734
61.07515	99.13925
40.69438	37.14051	3.957559
56.20019	35.96673
63.70948
81.72444
92.02097

87.61833	73.75083

45.71466
100.7279	76.92647
16.41309	17.16678
78.56021	68.79744	39.63435	60.62075
20.36098

72.72002
70.90103	31.39383	31.41987	9.984332
76.4232	25.67082	92.15584
80.47715
90.69864
27.37669
78.60638
54.36582	53.87612
66.21377
20.53458
49.02194	15.41861	32.78014
77.02136
48.27199
9.076445	24.13924
57.19315
80.73193	36.11815
15.24047
10.7597	92.11389
23.13341	104.4495	19.23557
77.6282
32.01464	28.44693	87.3072

9.520367	7.964075
67.04082

0.5011333	86.02595	57.70295

69.24248	33.41348
58.26584
87.13867
78.38275	104.9162	70.56454
74.64539
80.3314	77.81065
74.44428
89.06598	81.9139
94.88098	81.93919	80.63221
34.36232
86.20502
86.72028

84.14821	48.26823	43.21491
12.4428
85.24954
72.73124
6.587574	97.9001

33.92899
35.6111	17.13034	2.959754

17.31107	11.84202

43.8436	2.564189	3.796581	97.68984
18.15739	85.2257
24.44654	62.42274
85.40827	23.89797	20.507
59.01835
95.29987	92.37081	93.672
97.09946	102.5837

98.64151	81.50638	58.76226
91.7453


80.6217
61.87436
77.25323	13.26496	55.0263
51.56594	44.76043	76.08027	4.190761
44.18374
84.32804	75.07936
2.683729	16.67141
85.73027

14.51359	90.54663	95.30254
0.3018173	42.64062
68.83113
72.258


3.822834
77.8689

92.73598	53.14219
22.82675	57.8929
93.17021	19.00414	8.221701
24.19674	78.95177	96.66663
36.29403
77.42705	87.63573	63.58983
74.4385	85.17424	95.76658
52.97617	25.85272
60.52939
13.937
20.7157	79.54664
86.92879
95.25473	99.58983
8.69936	35.77813	27.21929
94.3436	62.47994	99.56215
52.30373	94.62047
92.68599	92.33111

76.68351	30.68766
45.37139
76.32707


72.20976
68.59986	9.669785
61.04229	48.38127
99.04851	75.91748
20.92817
69.81957
13.4839	9.568494
16.11669
100.3129
9.781184
63.38951	63.21193
80.39549	6.340339
93.65887	25.8654	15.83783
79.27619	78.48273
86.30588	100.7612
32.42811
90.00514
70.54168
59.17621


86.66244
19.77006	93.78014
93.11116	76.96445	24.96031

84.00913
83.67542
87.36735
83.14258	2.574393	16.10623	37.58933
84.47036
85.14552	41.94011
40.0095	13.77394
47.8052
60.65555
63.65808
28.77129
50.16475
36.776

101.7513
66.19321
67.69861	12.9348


28.58196	75.53938	62.17549

75.98773
29.22565
77.97553
79.04569	35.1368

49.24963	99.77776
75.35607	51.03462
89.28209

15.56334
43.58121
78.66154
48.67628	22.48524	53.07049
82.93537
80.85898	4.411089
32.28293	90.76753	25.69699
33.00694
85.66277	12.10795
41.17889	56.63813	71.0146	33.96499

52.21165	100.589
45.16771
51.44402
46.94579	99.48634	77.24041
65.89583	84.34087	38.55729	61.30059	40.9436
79.08998	17.12278
94.34824	56.33071	7.758917
96.60197	62.32177	9.406577

78.77145	16.95109
69.59618
63.69368	43.62236
76.67065
20.53241
83.47361
40.5295


50.76959	32.94742	12.85127
34.56821
24.73549	84.53527	43.85545	16.40791
85.04383	70.84681	9.962294	5.674061
82.34474
69.40878	22.38177	68.21406	23.45978
70.76722
54.30915	3.91659
1.179482	96.94772
78.69355	58.01498	23.52747
48.32837

20.95436	51.6604	33.44696

18.70592	95.26493
5.982177	32.30444	103.6652
98.93683
84.28454	1.354464
8.678638	0.9854204
80.16338
85.06929	60.48426	54.66038
76.35172	43.21553	69.13062
82.1182
82.33696
84.32368	39.69355
75.26778	101.1999
25.17933	102.9557
90.51715	0.8643255
24.32477	55.10039
35.52078	103.1575
95.92012	58.65831	55.13176
51.14021
5.248646	54.2176	93.10638	4.901314	29.98727
80.53607
68.16643
70.31873	104.6247	36.78648

68.9477
79.86555

84.73752
46.23294	15.96378	29.94628

9.802432	56.11208
82.76581


11.41924

65.3536
63.82311	103.1811
102.471	102.9904	0.5402693
10.27869
25.31778
64.07804
30.75045
13.73642	10.13468	12.10981
82.40892	41.36694	16.61166	13.61892
50.7838
93.37605	34.81451
73.71669	0.2512688
89.15193
84.63344
82.83397
77.83519


57.93279	15.38018	90.46463	10.65252
70.61924	79.66973
2.160717
100.0924
8.942544	84.88565
98.12838	75.63011
87.87702
65.76884
96.59835
29.79958	79.60201
96.02304	77.69403

88.5717	75.23992
54.02563	47.1277
2.459587
21.99287	80.90263
3.646177	83.75447
78.0641
72.5346	15.24123	40.08742
1.235162	10.70743	82.98603	87.03401	64.61333
90.6615
47.6541	15.51146	17.58137
49.32804	3.861822
87.21173	44.54039	12.46269
82.70143	21.35024
33.53468
76.79469
87.99698
98.191	43.48122

22.00934	70.70061
59.92896	2.533946

21.16018	91.73494	7.326143
80.3422
87.16888	62.24847	3.199618
87.93895	17.92436	80.48465
77.99376
76.76894
71.45075
95.46701
96.49773	5.192631

46.1114	71.2404

2.317611
98.09951
93.44612
17.69743
92.81892	99.5901
75.1731
76.65458	38.79907	36.83797	32.8541
59.2409	87.29897

15.77379	82.4845
66.68765

74.15302
75.41553	40.21248	4.124394
28.57555	24.95064
52.81693	34.7654	1.12557


66.44875
53.32656
104.7196



17.18449
78.58559
26.50379
50.81269
29.22192
69.85938
81.54917
85.50658	6.923163
87.44111	17.42096	61.84802
69.18835

34.0228	51.2619

78.08637
80.59189	19.79624	16.18528
71.11384
71.51434	22.14653	97.74151
34.27599	82.40206
86.97716	102.2748	72.69795	84.91604
71.77246
88.36655
38.45383
98.49943
35.95769
24.59043	67.29255	37.33161	14.96041	1.74596
29.1887
74.50714	26.2401	50.50485	94.56136
5.623736	63.90113

4.555991	68.29116	104.0391

49.27268	56.46224	0.3598895

51.33593
84.30826
46.14202	104.4454	50.74358
58.81858	4.580482	99.13687
61.70304
71.98136
44.28666	94.932


53.39933	37.04449

49.13217	97.47129
72.72906	45.70986
90.09603	29.11027	71.34052	28.17255
62.50315

58.96223	1.263702
78.03934	35.06982
43.73555
58.54978	100.6631	43.62263
83.39147	63.21189	73.18665
81.65337
75.8082
72.45662
37.92336	55.62245	38.25326	87.64209	81.57007
99.88026
55.76386	46.01806	92.03487
85.75211
75.35582	8.251576	60.00613	40.34583

48.63319


75.73363	56.48086	2.124034
32.72228	20.16154
102.2415	8.061655

49.77432	69.64024	6.735264	71.40384
74.03815
54.67286
43.15236	10.8801
89.16473

92.02723
77.22892	16.39507
40.92386	66.71554	100.627
42.69387
33.63588	100.4026
73.19958	71.48146
86.23821	50.75976
99.84933
86.58697
67.33563	26.04498	19.82136

41.94182
90.20613
8.484907	81.36676
85.43774

32.23567

78.36724

40.8682	92.22064
86.50604	67.73369	54.85135
81.14469
91.65447	8.505582	5.029011	88.31474

86.77465
80.87347
72.45031
89.34691	21.50435	104.953
28.44278	20.05123
98.09685
32.14441

45.53618


38.68732	6.385032
12.73756	9.682145
42.70417	80.62881	54.00202	8.991833	8.141587
83.20616	62.56663
79.58243	62.21655
66.42218	104.5181	35.81292
51.89439	85.12534	103.2202
79.11041
74.88187
81.93819
100.8165

94.46774

88.37485	37.33195	25.21661	38.29087
46.58681	96.72065
30.16609	14.86256	103.9924
82.24998

43.42127
39.80275	99.72071

80.64481
77.78014
88.89479
98.09625	67.16116

96.66765	90.60018

75.09642	0.9563989
70.50782	37.85635

86.34136
25.4351
16.95581	30.77852

15.41083
100.166
18.72842
7.025035	51.73096


87.66453	43.35679
66.98969
85.74114	102.6713	82.51453
75.72186
78.39985	63.65559	54.01289
77.43745	74.31586
31.85634	30.63326
84.02181	6.772231	88.27397	66.84552

2.551322	99.99138
9.097137	3.581493

57.22167
53.73273
8.524051	100.9227
48.14508
72.60082	20.51732	68.65912
96.47853	93.8646


15.17741
101.2611


86.31606
79.34638	30.9905
62.76661
16.8064
12.34688
78.43294	68.24444
70.41857	63.21837

42.58408	87.90683	92.40197
71.1956
27.62854


57.14021
76.73056

103.9212	2.708829	89.05645	78.79158
80.4477	90.03101
9.283298
93.67787	86.15778	88.15633	87.3327
78.53472
9.683328
60.34113

21.80804	11.33193

96.68855
26.09786	9.880437
95.41316
58.37391
48.94275	11.36325
79.0215
14.52834
76.8308	47.38141	73.16769	29.84487	8.693861
34.75944	104.5679	11.39802

63.83955
21.23279	21.96632
102.7193
53.07144
40.56617	33.42415
75.07381
0.6895077


77.70479
92.57812	33.27659
76.4472
35.90013

74.00091
97.65106	4.531566
31.64556
23.08738	78.11733
7.551471

99.81233

95.84588	98.16911
75.26886
97.18876


40.4225	32.54223	70.73565
61.74145

93.11307
91.38539	37.61837	51.63715
91.29586


62.88743
101.1129
12.55893	98.98163

42.8344


70.15524
2.504664
82.22139	16.87699

96.10498
88.95311	61.27196	48.92978	104.8419
79.88795	77.75476
75.38418
73.62878
78.57006	63.27964
103.2161	61.82422
82.19303	70.92718	50.40436	102.6578	96.16354
92.52591	7.93486

43.35641	77.20385	46.78281

46.82026	92.91179
1.55328	76.99256
72.92496


85.89413	52.67195
88.12695
70.23748	26.42452

2.23775
72.16781
9.695235
65.5894
57.2274	18.63861	33.08316	70.26207
66.17318
55.50898	70.47572
50.88865
18.87841	6.350942	97.15741	92.8873	56.6142
54.21151	45.28489

63.02822	43.11566

32.06372

61.68375	81.39517	98.46521
51.68367	4.146819
98.43545	47.72598
89.33464	40.23866
37.44513
1.973545
46.04941	83.97787
89.85552	92.53983
52.87936	60.76506
52.62995

38.72407

63.09814
0.4557332
102.1616	96.56964	18.8911	56.27732
104.543
86.22952	98.68983	29.2284
63.81146

37.26732
80.00724	77.88827	67.33682
73.87162	40.89803	67.87856	17.41707
100.0379	87.59219
74.06043	44.1299
81.18185
62.93428	71.83941
79.78818
65.16438	104.4886
13.26132	59.46383	26.7519

16.83111	5.64442
56.99601	53.46939
29.2307	28.21493
29.80301
85.10919
25.26399

39.22768	68.5499	62.77647
72.04403	6.571775	63.88681	101.5839
29.39893	70.0418
89.95372	6.385366	45.76593	98.50196
79.41896	6.052765	2.118947
28.15695
14.10031

91.17989	89.42082
88.70169	48.82214	44.95434
67.95875	56.9245
12.17772	53.96324	47.41162	87.11994	75.64441
12.26452	63.45997
91.17422	52.68591
87.89165	43.9091
73.20748
87.92803
79.55359	99.89653	74.57021	73.5824
78.2934	42.07517
84.69709	70.14008
78.04219	28.87701	0.1413169

77.62295
88.79965	54.04359	9.332993	86.38398
77.82459	30.89747	3.513503
75.59967	61.94512

74.33083
75.69148	48.56754	49.3436
75.51151	56.62103
81.36719	43.04604
67.49538
76.76482	65.86725
20.07175	17.01301
95.69056	20.16493	16.44475
75.62796

61.69182	81.13427	57.71879
32.27674	69.58682	22.74269	46.52087
22.76102	61.21041	90.32194	77.86551
79.98086
80.62079	37.82215	15.55101	40.95679
79.87339


32.76583

60.96301	83.00255
62.56835	89.00719	65.15042


83.46723	87.63775
78.98745	56.97725	30.31472
30.14817	6.601076
17.64601	74.91369
83.86873	97.61281	25.61024

74.012

7.114401	100.3975


69.2713	52.6137	15.21175	29.88135
74.42157
72.84695	76.69033
71.97321

59.99924	101.0695

70.44692	6.809064	50.84677


17.95023
86.44659	1.196689	86.43765	63.83011
87.35158
88.91953
26.24576
10.57899	99.31576
51.359	35.67424
91.69486	100.7265
79.2307	87.33803
83.19167


33.85879
72.94406	34.0143	84.42977
79.67276
74.5961	104.022	99.16103	22.48097	33.30475	99.34401
26.21411	68.69958	103.37
78.14755

33.73809
72.12397	53.21514	7.087053	103.8839
95.68508
98.72315


62.34221	40.2211	60.29874
8.237551	68.5706	69.80098
13.48324
65.80761
48.47024
59.31798
87.53716	60.97073
62.63423	88.48833

86.59494	71.64485
21.45829	68.60046
99.35292	96.01695
77.17773
72.94696	47.42126
68.29469
76.3808	23.74943

3.553647
55.2845	48.4269
82.8796	5.997994
84.40261
68.55972
75.43364
76.00225	90.12205
104.7022	48.88185	29.41998
104.9982
96.09064
73.45372	62.86828
79.63937	61.63546	19.28944	65.42425	71.68672
75.19317

29.07874	7.271083	8.572522
17.57492
63.02549	47.80233
60.17923
76.69983
67.3465	92.61499
79.32031	48.52013

22.95671
42.85337
5.969948
92.49567	75.7043
70.78154
80.88424	2.16938	97.28038
76.07106
71.4265	25.17099	104.6053

88.50383
65.52044
72.61169	77.71357
51.01048
41.5453
19.22253
60.50271	97.44677	76.84724
89.80956
20.95557
91.89192


88.32445
79.02267	98.50037	4.008444
63.93229
34.15068
68.22151
72.94826
16.20321
57.99382
78.50623
84.22186	57.78572	40.97324
79.35485	43.04333
97.26642
64.86704	46.49179
46.00548	33.47699
7.238936
89.41957
0.8428034	18.78254
27.03813	75.84424
90.02836	42.83412
54.64554	105.0842

85.93703	49.40662
32.47925
7.695276
87.45005
90.6313	3.028713
88.13326	73.89885	28.23332
18.18942

26.33594	5.394662	10.89375

93.42071
22.19729	95.54376


