SpeciationRates
0.08720502
0.1258918
0.08651996	0.08558461
0.04170228	0.1495119
0.03628414	0.1130372	0.06008134	0.03354256	0.06514837
0.05909353	0.1205946
0.08012413	0.1306632	0.03747011	0.03324626
0.1484074	0.1615539	0.0385734
0.09902802	0.1865368	0.05023039	0.05958614	0.03950236
0.09579032	0.1137298	0.05045141
0.08248029	0.1158226	0.03043238
0.08727406	0.09720943	0.06000632
0.09730505	0.1166311	0.0397701	0.1373417
0.09460252	0.1104675	0.04103017	0.04710088
0.0949573	0.1165081	0.03338067
0.1190767	0.1180995	0.03468125	0.04857321	0.06756588	0.07909407	0.09246161
0.1104356	0.1533019	0.04098507	0.0273388
0.07239646	0.06252959
0.09753193	0.07815701	0.08627649
0.08809194	0.08082987
0.08251216
0.02762955	0.07770393	0.05378057
0.05370796	0.1042183
0.09347761	0.06796162
0.107183	0.07748912	0.08975391	0.03818101	0.0699197
0.1015437	0.1382011	0.04041168	0.07932569	0.07361859	0.02452182
0.06249851	0.1528695	0.03594011
0.03847379	0.09619071
0.07163713	0.1825036	0.04341772
0.0754211	0.144393	0.03948291
0.05049777	0.1415725	0.03752589
0.05969689	0.108699
0.1015097
0.1190016
0.09700413	0.1271744
0.08925742	0.07688834
0.109237
0.1633034
0.07804308	0.169361
0.1465866	0.1563481	0.1257126
0.1079866	0.1151655
0.1329044
0.1414896
0.148619
0.1480623
0.1276686	0.1215096
0.1069304	0.1425651
0.1073445	0.06525349	0.07482222
0.1267205
0.07712868	0.09334799
0.06725637	0.1255889
0.07580821	0.1247397	0.03664717
0.04674516	0.1212284	0.03183076	0.02526857	0.06173246
0.06162051	0.1061606	0.04010015
0.1300457	0.05647135
0.1252083	0.05345748	0.1074619
0.07807225	0.08224584	0.04870435
0.06815537	0.146788	0.04564122	0.1046547
0.072411	0.1072939	0.03714932	0.02344106	0.09778407	0.07832617
0.06701338	0.2038818
0.06144741	0.1337312
0.09226748	0.1634971	0.05398361	0.06168395
0.05212651	0.1178126	0.05446758
0.07575675	0.1117588	0.02750675	0.03498876	0.03574868
0.06183239	0.1600938	0.04731249	0.06755058
0.1010029
0.1162487	0.1333447
0.08518175
0.1472895	0.09284453	0.06751835	0.02619464
0.04600811	0.1011519	0.05942742	0.01630723	0.0604565	0.06346328
0.09811168	0.0495619	0.1179194
0.05961209	0.1316885	0.04265867	0.06378574	0.02361197	0.09720245
0.07677213	0.1052359	0.03768869	0.0004932635
0.09640166	0.1180209	0.02657445
0.09597046
0.09948766	0.1087076	0.05940152
0.1326315
0.1022877	0.1262284
0.1227862
0.1191413	0.07723037
0.1389431	0.08165077
0.1250916
0.08450322	0.09039926
0.1154047	0.08213962
0.04333547	0.131159	0.07750285	0.09266169	0.04296207
0.06341068	0.111819
0.06829377	0.1963006	0.01772182
0.08637353	0.1536785	0.06154732	0.07067376
0.103684	0.1501569	0.04846764
0.05174423	0.1417685	0.02929812
0.04064949	0.1419577
0.11125	0.1084814	0.07077209	0.05905525
0.07850098	0.1277795	0.0413225
0.08463256	0.1553803	0.04943833
0.09184473	0.1283998	0.04198043
0.08296499	0.07489568	0.1839088	0.1108395	0.002015481	0.07032331
0.06241266	0.1974748
0.04584792	0.09673471	0.05762188
0.06828883
0.1309311	0.1296197	0.1187172
0.09226688
0.08211881
0.07357954	0.1405014
0.05340245	0.07248505	0.03807068	0.09773853
0.1037283
0.04438534	0.1011718
0.06607807	0.1373169	0.07275845
0.08416756	0.1935404	0.02144296
0.08283426	0.1190521	0.02918964
0.05502113	0.1247758
0.08181502	0.07419919
0.03837103	0.0650335	0.07125386
0.1224453	0.05492837	0.07685272	0.1159042
0.09573186	0.1946258
0.1097686	0.1372305	0.00769963	0.02692121	0.03587918	0.01848714	0.08222714
0.08802049
0.09984666	0.06520628
0.06078761	0.08781493
0.05971782	0.1199365	0.01726716
0.08069334	0.1463952
0.09155787	0.1346462	0.04671824
0.08635648	0.05055419	0.008037353	0.1118135
0.08581438	0.1200957	0.07832283
0.1178348
0.1024734	0.1123453
0.0676219	0.1213721
0.1232067	0.1111122	0.0551084
0.1230869
0.1168068	0.04204671	0.1241739	0.08878973	0.03402176
0.02412165	0.1157567	0.1424491
0.1277225	0.1372776	0.02478717
0.07651445	0.1453956
0.08563713	0.06924071
0.1168868	0.1362949	0.07896019	0.07111952
0.1194157	0.1886856
0.1377401	0.1289812	0.03715265
0.1343673	0.09582994	0.08591212	0.01877748
0.09672962	0.03881027	0.09278092
0.05916104	0.1573086	0.02688157
0.1363394	0.05129184	0.1396748	0.04856377
0.1293424	0.1746952	0.06157266
0.1181099	0.07769324	0.02343691
0.06837927	0.03850914	0.1243699
0.06726339	0.0919157	0.06996903
0.00191069	0.09876098	0.06993921	0.1273659	0.0411603
0.003094349	0.1236126	0.05860528	0.0924541	0.0214901	0.04647303	0.06602748
0.01778926	0.0752821	0.06567859
0.01087407	0.08425291	0.05761179	0.0727206
0.1071453	0.1014205	0.08893885	0.08200608
0.04582209	0.07635589	0.09142254
0.07968211	0.1289834	0.02060011	0.05803928
0.0722595	0.1003532
0.0825699	0.1354147
0.0645195	0.04763438	0.08099149
0.04533027	0.1177134
0.07930631	0.09551619
0.1259558
0.1295783	0.1380961	0.04197592
0.04750247	0.1206613
0.03697199	0.129985	0.08479438
0.1004816	0.1142036
0.1077186	0.004703414
0.1286498
0.08553574	0.08300703
0.07935795	0.1101876	0.04236546
0.1128838	0.09009082	0.05930817
0.08454408	0.1390458	0.02912903
0.0667063	0.1146196
0.09170581
0.07898871	0.1145014	0.07396521
0.05800748	0.07792884	0.06367451
0.07921994	0.1298138	0.06430179
0.07956989	0.1039716
0.08094916	0.08502414
0.112204	0.1571778	0.05845423	0.09471189	0.07935354	0.05849732
0.03198884	0.07690697	0.03263548
0.0886876	0.1210568	0.06851294
0.1101781	0.1477825	0.06385835
0.05207821	0.110566
0.08604226	0.08232434
0.135077
0.0946407	0.1020531	0.04646888
0.07461648	0.11415	0.1011053
0.1236205	0.1057711
0.1411214	0.1276866
0.130387	0.1219179	0.005055448
0.09335005	0.114307
0.09514925	0.1312984
0.08827698	0.04844148	0.1067333
0.08700133
0.09813799
0.08341314	0.110389	0.04401208	0.06298183
0.0750611	0.1666747	0.04576859	0.0368006	0.05884973
0.0564936	0.1311228	0.02255729
0.06825508	0.09945674	0.0608794
0.0752456	0.1038116
0.1053156
0.05994317	0.06937459	0.09199895
0.04067323	0.08334933	0.06823106
0.0697533
0.03768355	0.1686833	0.1021753	0.05946084	0.07525361
0.03066791	0.1258651	0.01448217	0.0616176
0.05521628	0.1700876
0.05345242	0.1501599	0.02548634	0.04859407
0.05043397	0.1110107
0.1092711
0.1044473	0.1219231	0.04763867	0.04570322
0.08828028	0.1750038	0.03710114
0.07324624	0.1171735	0.04570066	0.04920827
0.08181481	0.1584196	0.01836778
0.02569822	0.1111534
0.03570875	0.141044
0.1004242	0.1112131
0.07995973	0.1367933
0.05978018	0.1689487	0.06353544
0.1020594	0.003096356
0.07403916	0.07341112
0.05371049	0.09688976
0.1194605
0.1069413	0.0433726	0.1093885	0.03452553
0.03609001	0.08065978
0.06961634	0.1145036	0.0330454
0.09035569	0.1465348	0.02369802	0.06765337
0.08678016
0.1201653
0.1070494
0.1105339
0.09732707	0.07263395	0.04714032
0.03268682	0.1222703	0.02537873	0.03487307
0.06721138	0.1394404	0.02450447
0.08035804	0.1889676	0.07827915	0.06159183	0.06950497	0.04940538
0.06331591	0.1329831	0.03929659
0.07699721
0.1210526
0.07824944	0.1231057
0.05587079	0.1011527	0.09425287	0.04910452
0.07829399	0.07738064	0.1077537
0.004041821	0.1701837	0.09746284	0.04033837
0.0128188	0.08429047	0.03784304	0.04296379	0.05031078
0.03365791	0.118779	0.05397443
0.0706206	0.1417387	0.03370428
0.1145485	0.09994013	0.06290165
0.06033913	0.2009545	0.04872372
0.1122796	0.1731211	0.04720821	0.07821438	0.04317779	0.07699653	0.0679297
0.07978073	0.1424012	0.0588219	0.03836533
0.1107695	0.1624432	0.03848567	0.08304969
0.145816	0.1345975	0.05902914	0.05714571
0.1090394	0.1606289	0.05451194
0.07261304	0.1342371	0.02975711
0.07985633	0.2000487	0.03862199
0.06630909	0.1516179	0.05610968
0.05211021	0.06874986
0.02710946	0.1021413
0.06514061	0.1220049	0.02577683
0.1317854	0.1443702	0.04326017
0.1129226	0.1237515	0.03524604
0.08292582	0.1274739	0.03081456
0.05413535	0.1606769	0.03254827
0.04256973	0.134698	0.02310215	0.05999163	0.02095569
0.08424063	0.1498072	0.0268761	0.03150926	0.1008814
0.09433084	0.1622944	0.03021075	0.07222718
0.07417396	0.06086488	0.08046201
0.1038442	0.1948284	0.05707387	0.06045329	0.04899686	0.09682246
0.09609124	0.1375203	0.02835555	0.04737794	0.03446735	0.1083313
0.07866429	0.143667	0.02991849	0.02108706
0.09846286	0.09759654	0.01783382	0.04103453
0.03862908	0.1113767	0.06713656
0.1344709	0.1349287	0.06190794
0.07184145	0.1637347	0.02623684	0.07939008
0.07346917	0.04280907	0.09516923
0.06489798	0.1049668	0.1694345	0.05621825	0.03258772
0.06008505	0.1315257	0.0195872
0.09819181	0.08576634	0.05898478
0.1156229	0.08871055	0.0423446	0.04432903
0.07310774	0.1299859	0.02743605
0.1182145	0.1204575	0.03862579	0.05783869
0.09474407	0.083173	0.03034808	0.08778382	0.1227582
0.06983569	0.1446139	0.03225151
0.07392824	0.1208479	0.02895828	0.05277955
0.06642435	0.1199224	0.03603959
0.03427637	0.202916	0.03400813	0.07938764	0.128419	0.04337502	0.06507663
0.08070348	0.1411699	0.03599825
0.04574049	0.1296762	0.04590819	0.03410876	0.05545628
0.06804077	0.1123125	0.04031962
0.01288623	0.116752	0.05653362	0.02914023
0.1136926	0.07883416	0.08408637	0.03644443	0.0369473	0.04438133	0.03696002
0.04743355	0.1886047
0.04862945	0.1261478	0.02750807	0.01819814
0.07310781	0.1174466	0.05253807	0.04633131
0.06676965	0.06782933	0.03157676	0.1363946	0.05400762
0.03314112	0.1859313	0.0905807	0.04446617
0.01214487	0.1326039	0.09334597	0.05985451	0.0581153
0.04791422	0.09090374
0.1495851	0.1402885	0.0266296	0.02878563	0.101776
0.05146643	0.1729743	0.05476562	0.05645247
0.04251039	0.08244864	0.06223425	0.04517296	0.08722587
0.07370358	0.1406318	0.05848845	0.06272921
0.09787854
0.1007996
0.1417167	0.1425042
0.157408
0.182037
0.1534267
0.110712	0.1108795	0.06803668
0.06889566	0.1110163	0.08372102
0.008309665	0.07822681	0.08427416	0.1065142
0.1211348	0.0958452
0.103749
0.09541047
0.04609816	0.07713792
0.08756592
0.106239
0.07091137	0.1042557	0.03394935
0.07283903	0.1307103	0.1131969	0.01573232
0.05981582	0.04655336	0.1237861	0.1078864
0.1244775
0.1117739
0.08364279	0.1306696	0.08448456
0.1667634	0.1374985	0.08368718	0.03245361
0.148498
0.06388635	0.08175399	0.06863421	0.146667
0.1543978	0.1553618	0.06619581	0.05863186
0.02666805	0.1743773	0.02143478	0.01828069
0.1030424	0.1432193	0.02780624	0.03797803	0.1118979
0.05789389	0.1494819	0.04580606	0.07574405
0.1147413	0.1800613	0.05222157	0.07238572
0.1131639	0.1604692	0.03390052	0.07925395	0.09002329
0.1063212	0.1261539	0.03002163	0.06915366
0.06194001	0.1581201	0.02618461	0.09312507
0.05868235	0.1189118	0.05375434	0.09347054
0.04009453	0.0800677
0.0819273	0.06962668	0.1216729
0.09952044	0.1274139	0.03596477	0.05137356
0.01885735	0.09709567	0.04518012	0.09950483	0.07323204
0.01287455	0.123316	0.0429836	0.1045818
0.08698689	0.1101137	0.02968133
0.1000161	0.04668989	0.1531449	0.05423552
0.07221343	0.1016273	0.0717158	0.04016492	0.07580552	0.03756171	0.0547497
0.0472424	0.1258728
0.07383917
0.1398735	0.06601931	0.1112345
0.1106972
0.08054394
0.08189265
0.06288908	0.06495871	0.03992344	0.0396194
0.0799565	0.05019989	0.1420743
0.08201082	0.02341225	0.0912363
0.1300147	0.126475	0.04162206
0.1225873	0.09852821	0.04172999
0.05937275	0.1552565	0.062723	0.02406831	0.0479082	0.004573701
0.08115019	0.07818598
0.0862841
0.1142674	0.05892065	0.1193506
0.1002294	0.06610544	0.1221998
0.07084365	0.1044076	0.02657843	0.03961281	0.08014115
0.08184207	0.02945271	0.1151683	0.1129551
0.0717597
0.09754345	0.09039458	0.05871976
0.08935562	0.07825375	0.04293981
0.08996332	0.1106529	0.0433045
0.08154337	0.1796316	0.03898495
0.02824484	0.1566696	0.02351294	0.0614957
0.05127966	0.1217357
0.07514469	0.1142023	0.03326606	0.05345925
0.05408348	0.1177357
0.1370066	0.136158	0.07099876	0.0895206	0.05074448
0.1262152
0.1299475	0.1027746	0.08230697
0.04523074	0.09946561	0.05969146	0.04469518	0.05497113
0.1291952	0.1422531	0.0596191	0.1122298	0.101388	0.05725154
0.06865033	0.146798	0.04014425
0.0766953
0.1076405	0.06587929
0.1033643	0.1373595	0.04263153
0.05080259	0.0877946	0.06867936	0.06878212
0.07293097	0.08285537
0.1106581
0.08037937	0.1100507	0.01401458
0.0217156	0.1181545	0.09739477
0.06802412
0.05252359	0.06911348	0.08978282	0.0940995
0.1122934	0.09126782	0.0612958
0.06205104	0.1268881	0.0640726
0.041092	0.1672998
0.03889749	0.09296296
0.08906848	0.1832838	0.04831878	0.03334896	0.06953242	0.09609629
0.07024648	0.1184258
0.1068762	0.121583	0.1062162	0.08091877
0.06632738	0.1177071
0.1148425	0.1255462
0.09602496	0.08435984
0.1039436	0.06693692	0.1168402
0.08000718
0.1064135	0.09418956
0.1034939	0.08310397	0.06524565
0.08681387	0.1010558
0.0689612	0.1180856	0.08016311
0.04177495	0.1215134	0.05962293	0.1702148	0.06739389	0.03813456	0.04664863	0.06705318
0.07453023	0.1122723	0.0380966
0.08954516	0.1045314	0.0260119	0.04636076
0.05915865	0.1287198	0.05087545
0.0174786	0.1360947	0.04759677	0.08780183	0.06764967	0.03491955
0.07879834	0.1598423	0.02677346	0.08076145	0.01598498
0.1140945	0.1419129	0.05962171	0.03143559	0.03100395	0.02078366
0.009201903	0.1068618	0.07393824	0.05236484
0.06358273	0.08259199	0.153531
0.01522205	0.09988059
0.08699281
0.07893112	0.05798963	0.1717271	0.05752591
0.07142003	0.1439464
0.07705378	0.1453809	0.05139891	0.01162256
0.0557711	0.1406908	0.02693174	0.008953577
0.05182144	0.08774335	0.06190939	0.05120505	0.07593019
0.1027915	0.1384393	0.04402796	0.09255054
0.05959642	0.1604114	0.03067157	0.1282504	0.0773791
0.09305284	0.1311637	0.0542336	0.009427906
0.05344279	0.1895027	0.02854207
0.09397697	0.1283287	0.03412989
0.06925279	0.08255357	0.08082718
0.07554182	0.1150545
0.05768711	0.07557228	0.09294988
0.06680922	0.1200354	0.0650876
0.05701625	0.1545625
0.05547682	0.1213975	0.07282805	0.1535208	0.0807591	0.06677395
0.03170935	0.08609808	0.1108355	0.07486839	0.05260579
0.05993365	0.1242957	0.04806947
0.06900436	0.1183361
0.07208453	0.1315395	0.06056098	0.06096258	0.09660041	0.04941676
0.1010934	0.04055539	0.1270358
0.1431603	0.1273168	0.04439985	0.02702796
0.08014052	0.08922274	0.03614313
0.06890775	0.145344	0.04930953	0.0181305	0.05137449
0.0639065	0.1054902	0.05952704
0.05547462	0.09166784	0.1117925	0.1301475	0.1048932
0.1112178	0.1061973
0.07474217	0.1149641	0.06384317	0.0788536
0.09554605	0.07691516	0.07997612	0.1083488
0.1186668
0.1104619	0.1384568
0.1079375	0.1077283
0.08815459
0.1017202	0.1225194	0.1423033
0.0858575
0.06815567	0.1517532	0.03009921
0.07432462
0.08600882	0.09229867	0.08079281
0.06321712	0.09872318	0.06767159
0.08892486	0.1138964	0.03734071
0.08142515	0.1971671	0.04157801	0.1257883	0.06914871
0.1244486	0.06357345	0.1067557
0.08676649	0.08947153
0.1329047	0.1204745	0.06772495
0.06201699	0.119308	0.03585851
0.07387177	0.07880774
0.08839914	0.1256058	0.05942205
0.1169208	0.121307	0.04833125
0.1402524	0.1120102	0.06991912	0.08159426	0.0672158
0.08124005	0.1008288	0.07055173	0.1004442
0.01345404	0.1332102	0.06321077	0.05328443
0.09521788	0.120601	0.07780639	0.06370776	0.04915122
0.108965	0.1449148	0.05801787	0.05972546
0.0138033	0.1168108	0.1384615	0.05080542
0.04684562	0.1404894	0.1915899	0.03540792	0.07424952	0.03023561	0.05045501
0.01069037	0.09836419	0.0648918	0.0376253
0.002919825	0.1627435	0.05555757	0.05059437
0.01088123	0.1565088	0.02700124	0.06619218	0.06623254
0.0131253	0.167109	0.08391644	0.03044805
0.07673392	0.140575	0.09979181	0.03309776
0.1089333	0.1690966	0.02557378	0.03727689
0.07170801	0.09407209	0.02288204
0.07725704	0.1443189	0.04720488	0.05327892	0.07242799
0.06706964	0.1832587	0.06592762	0.07951211
0.05320265	0.119707	0.04056176
0.06307946	0.1374722	0.06125862
0.07695881	0.146861	0.0454662	0.06594237	0.1039833
0.06663912	0.08807716	0.04236898	0.06890287
0.06712366	0.1663483	0.02774849	0.05403662
0.06239622	0.1382822	0.02743209
0.1048313	0.1640378	0.02716926	0.04559966	0.08491325
0.04937343	0.1042108	0.03760515	0.001817267	0.06873821
0.007066727	0.2076951	0.1046268	0.04422911	0.09254455
0.002396606	0.1508495	0.06124462	0.04599311
0.007879335	0.1330557	0.07223155	0.04608784
0.03226839	0.1229988	0.1136659	0.07636877	0.05002478
0.09691797	0.1425932	0.04294233	0.1463342	0.001522924
0.08987446	0.1437093	0.03428483
0.1393806	0.1127641	0.05989972	0.05295034
0.1207002	0.1746327	0.04232339	0.02859652	0.08781791	0.08207069
0.09188864	0.1107439
0.08315151	0.1606781	0.05725095
0.1388238	0.07007243
0.07437046
0.1186779	0.1063373	0.03967876	0.08419973
0.03415989	0.1327043	0.03854516	0.03698783
0.04583811	0.1214496	0.03230066	0.03262846
0.04669534	0.1735924
0.07506478	0.1647024	0.03168614	0.05659617	0.05115185
0.08101594	0.158555	0.04616748
0.1110888	0.09943606
0.1216685	0.1451202	0.09422486
0.05089149	0.1150799	0.03801539
0.08401858	0.1214673	0.04909263
0.1033232	0.06066642	0.122917
0.1171302	0.1349185	0.0458123
0.1155239	0.1541491	0.0376116	0.07719785	0.07296109	0.07069083
0.06567948
0.1109175	0.07094873
0.05666736	0.1018271	0.06937418
0.001531968	0.1385134	0.04729137	0.04802918
0.02336933	0.08526792	0.02021338	0.08331388	0.108288	0.06635818
0.06986588	0.1695807	0.06585558
0.07998537	0.1549207	0.04075093	0.005684246
0.02449493	0.09006576	0.05732584
0.07189797	0.1100735	0.08084539	0.1236769
0.06546432	0.1176265	0.02857666	0.05344658
0.05650845	0.1199735	0.01507687
0.07835539	0.1053693	0.0322467
0.1247295	0.1466814	0.03032551	0.02582285	0.06164292
0.1208886	0.1307592	0.03544505	0.08352289
0.09924618	0.2161438	0.06160741	0.04081362
0.0698988	0.1305045	0.02676793
0.08567376
0.125308	0.08160851	0.1430386
0.07938086	0.08782138
0.08294123	0.07550706
0.07512394	0.1112176	0.04610264
0.07146264	0.1419309	0.0551996	0.02259714	0.09766942	0.06222309
0.05516671	0.1355191	0.02591894
0.05549258	0.1652759	0.02983337	0.05860229	0.06736974
0.06138	0.1517185	0.03130138	0.06941361	0.0473935
0.07723995	0.1316803	0.02974904	0.06264193
0.06799354	0.1412822	0.03864983	0.022254	0.06219276
0.08545371	0.1545144	0.03806834
0.104014	0.1236116	0.03197548	0.1198922
0.10329	0.1083383	0.05275092
0.06784393	0.1005812	0.03570048	0.08222292
0.08069075	0.1229831	0.05457077	0.06640332	0.1727514	0.1012309
0.08736711	0.1546555	0.02597004	0.04921648	0.01436672	0.05496618
0.08931649	0.1436336	0.0436069	0.03865877
0.1101325	0.1525791	0.03916961
0.0906339	0.08423547	0.03931411	0.04363796
0.09104486	0.1919834	0.0845727	0.1097672
0.09950813	0.1020933	0.1228695	0.07305796
0.08907268	0.1343526	0.06213764
0.104908
0.1246426	0.06328329
0.1229407	0.1354762	0.09825592	0.09018303
0.0955046	0.1058812
0.0750278	0.07231854	0.01654887	0.06100982
0.1068879	0.1458559	0.05146414	0.07281421
0.08658117	0.1545446	0.09716109
0.08274265	0.07791041
0.1273193
0.08725986	0.1362089
0.07187044	0.1212821	0.08142528	0.05465613	0.04633054
0.1099698	0.09707391
0.06401832	0.1083183
0.09330402	0.1467237
0.1002412	0.1455536
0.06938396	0.1438926	0.02743854
0.06494844
0.06422123	0.04155534	0.1373404	0.07600024
0.1014422
0.08513454	0.07620042	0.09344915
0.06521822	0.09125098
0.1345319	0.1008702
0.1152472
0.05455862
0.07909059	0.06845391	0.07175197
0.1224086
0.08578669	0.148349	0.1198257	0.01305781
0.07613106	0.09402643	0.05913219	0.1427589
0.03989045	0.110019	0.0508878	0.1005422	0.062486	0.03999998
0.03550551	0.1236888	0.09287127	0.1218742	0.03417416
0.1423151	0.07501634
0.07396127	0.1183004	0.07521203	0.09468708
0.0879432
0.1229275	0.06990833
0.1179302	0.05024654	0.09436323
0.0567035	0.1066062
0.105957
0.09208233
0.1060195	0.07732677
0.09542901
0.1014775
0.07838417	0.1711088	0.03742813
0.04651844	0.168058	0.02776922
0.06867392	0.1588116	0.03575681
0.07450957	0.2455347	0.05609076	0.1448268
0.1111445	0.09801257	0.04755266	0.08288442	0.0420818
0.1470387	0.09268743	0.04020267	0.09615284	0.06230459
0.1057901	0.1842498	0.03620213	0.06831417
0.1348	0.1350515	0.0644967	0.06321161
0.06191265	0.1584021
0.02923381	0.1194342	0.07162363
0.06686168	0.1615337	0.04223118
0.1266996	0.05429306	0.1167945
0.07504855
0.07249654
0.06159523	0.1172269
0.06748442	0.1537224	0.03887801
0.05823396	0.08078371
0.07494164	0.09753505	0.07101661	0.05851838	0.07117835
0.0676958	0.1061429	0.04646583	0.09037759
0.03355674	0.05372117	0.09872241	0.1547276
0.05493971	0.1389697	0.06969397	0.03916643	0.08250142	0.08999211	0.06046338	0.04615618	0.02880182
0.09225785	0.1823323	0.04089489
0.07866999	0.143608	0.03641955	0.07714868	0.04245448
0.07926691	0.1238143	0.03174481
0.07874869	0.1117114	0.0277584
0.04791526	0.1223427
0.08616118	0.1572568	0.06616873	0.04465125
0.07175988	0.1223079	0.09834986	0.05405757	0.04869837
0.07529924	0.04600796	0.1016386	0.1036612	0.07299466
0.0959438	0.1491629	0.03101141
0.1258812	0.196673	0.1011126	0.07399962
0.06811452	0.1276362	0.0852683	0.06073267	0.1123046
0.1134875	0.1046829	0.1861535	0.07140583	0.04216412
0.05611606	0.132901	0.04057918
0.1054412	0.0623037
0.1052345	0.118902	0.03545343	0.101902
0.1031967	0.1337032	0.02381658
0.06075923	0.1097267	0.04730936
0.03515989	0.1561921
0.1141762	0.07306867	0.04499321	0.04259235
0.1055999	0.1816732	0.02258175	0.06373313
0.1146457	0.1329701	0.04533145
0.066468	0.1014287
0.09341012	0.1234469	0.05504343
0.09169019	0.1267515	0.04766109	0.02654237
0.08074132	0.1375366	0.05271849
0.01400621	0.1306907	0.06858948	0.0703241	0.03705087
0.05299466	0.1424029	0.03777213	0.09064367
0.1084642	0.1119808	0.0316399	0.08115265
0.09202618	0.09366391	0.04692044	0.05358175
0.0762467	0.1387883	0.0543494
0.08529051
0.07225486
0.06951806	0.1347589
0.08329684	0.07768769
0.06770291
0.07546877	0.07252124	0.05572147
0.059793	0.1730035	0.04108923	0.02460082
0.06747201	0.1004663	0.05769258
0.0445012	0.08624715
0.05925605	0.1278602	0.03159241	0.1186419
0.07109914	0.1576906	0.03537909	0.0547475	0.0299022
0.04889079	0.1537198	0.03344579
0.06927396	0.1523311	0.03651698	0.02255401
0.07949287	0.1554497	0.03706413	0.03141934
0.08733498	0.1723849	0.05225442	0.06841608
0.09211455	0.1659297	0.05483641
0.07049208	0.07783907
0.08572863
0.1150712	0.1141896
0.1094265	0.1558425	0.05734792	0.08512371	0.07252722	0.05430485
0.1048161	0.1242096	0.06693986
0.1048059	0.1254813	0.03653193	0.09334874
0.04087005	0.1254277	0.04046303	0.08530885	0.02145233
0.05183423	0.1637462	0.02488547
0.03786366	0.1177671
0.0417397	0.0920832	0.04955059
0.05979193	0.1531951
0.09811448	0.1212635	0.04317477
0.09438481	0.1511154	0.05829802	0.06574833
0.07805859	0.06754564	0.115451
0.1022079	0.09525322
0.08247152	0.07262916	0.0936416
0.07549645	0.1524223	0.06388742
0.06945791
0.06362161
0.1170932	0.07157112
0.05807515	0.09189976
0.1027522	0.07964727
0.07579854	0.1036224	0.02785031
0.1048155	0.1452273
0.1342942	0.09389612	0.1792188	0.0491875	0.1012274	0.04297545	0.11578
0.05792374	0.1242856	0.03145468
0.08308734	0.08593301	0.04548865	0.05193772
0.09278841
0.1124873	0.08289222	0.09911316
0.07830369	0.09205938
0.09875862
0.08407953
0.08397819	0.1470925	0.0403229	0.08943219
0.07324022	0.1826477	0.05333267
0.1144256	0.1462736	0.0541656
0.0895161	0.1877331	0.01763645	0.03533468
0.1755522	0.1506507	0.05322244	0.01759234
0.09226047	0.1084875	0.02858079
0.056233	0.1350915	0.02421868
0.04400356	0.141501	0.02366723
0.07271141	0.1295717	0.05345236	0.06143974	0.1233199
0.006488094	0.1157772
0.03104325	0.1252034
0.0928386
0.07035958	0.07443302	0.06976096
0.07536023	0.1240593	0.0485465
0.09841423	0.0767909	0.03699868	0.07447355	0.05381759
0.06539481	0.1552794	0.03877738
0.06118097	0.08525617	0.02856655	0.0515119	0.03444466
0.07334123
0.04699378	0.1262416	0.0675161	0.03967563
0.09242257	0.1012717	0.01729587
0.1336888
0.1037084
0.08873638
0.06069901	0.05762548
0.08940523	0.07432705	0.07546369	0.05222837	0.02502987	0.07992452
0.03706365	0.07783776	0.04509235	0.08131341
0.02629768	0.04956356	0.1401273	0.1369165
0.1105275	0.1286308	0.07945762
0.07834771	0.1405091	0.03977781	0.06557446
0.147664	0.1521338	0.05240768	0.03168148	0.06488392
0.06727847	0.165551	0.0472827	0.04299535	0.03485991
0.05724081	0.09244667	0.0495275	0.04982052	0.1288653
0.1174521	0.08800582
0.09640522
0.08742997	0.06472068	0.07253178
0.09563798	0.1232386
0.1217979
0.07206749	0.131583	0.06130307	0.0790926
0.06005423	0.06754192	0.05747593
0.0921985	0.1184562
0.1345355
0.1275029
0.155471
0.1395318
0.09904325
0.1165585
0.09347609
0.1096467	0.1170133
0.09343904	0.1161287	0.05740319
0.05831472	0.1270542
0.07523636	0.0869369	0.06459792
0.1254923	0.06410152	0.06193341	0.03273756
0.08133481	0.06549364	0.09671049
0.04649658	0.231628	0.07855788
0.06183568	0.1827919	0.03547614	0.08841054	0.04747719
0.1213603	0.1526184	0.09232388	0.03709973
0.1163944	0.1504563	0.0348996	0.02762211
0.03318986	0.1257647	0.02208889	0.09910108
0.03242213	0.03065842	0.1093228
0.04843696	0.1141819	0.02951645	0.07774836
0.09303544	0.06926225	0.03097178	0.02256279	0.1266734	0.06690711	0.06609384
0.08719051	0.1673783	0.06306255	0.08490298	0.029389	0.0754834
0.1308322	0.1425357	0.03474976	0.1312049	0.04536376
0.08768764	0.08948258	0.03625186
0.06405358	0.1697672	0.02901916	0.08057406
0.09242177	0.05520997	0.03847636	0.03759185	0.06428698
0.1018565	0.03607296	0.0843597
0.0560785	0.02812608	0.1863835
0.06835321	0.1670362	0.02962318
0.1120528	0.1640806	0.0390717	0.06888183
0.08896233	0.1448438	0.0434999
0.09902153	0.1201382	0.01923084	0.04573855	0.04918794
0.1047265	0.1538698	0.03435802	0.05100358	0.100633
0.1302972	0.167074	0.03028741	0.06349263	0.04484244	0.06330869
0.05904135	0.1832871	0.03188505
0.07766604	0.1332383	0.03842189
0.08242417	0.09139103	0.05477682	0.1045867
0.05609651	0.1251507	0.04982935
0.05652425	0.1381465	0.03841992
0.09040827	0.1020354	0.03156793	0.0677305
0.103432	0.1596492	0.05793239
0.09755697	0.1572127	0.09826289
0.07061937	0.09388329	0.07667578	0.1275414
0.1083323
0.09511845
0.06879343	0.1196842	0.09652573
0.1397575
0.1192846
0.09344492
0.1128691	0.08793669
0.05192038	0.1570721	0.1185867
0.1290112
0.1198859	0.07552541
0.1134787
0.1264908	0.1125668
0.02838081	0.1040506
0.02989604	0.08135888	0.1323325	0.06501323
0.08708035	0.1217565	0.04592925	0.05908443	0.05941888
0.06056701	0.1283035	0.05433656	0.04405654	0.0665229	0.05436018
0.08089599	0.1657911	0.02407821	0.02863536	0.07841768
0.07964541	0.09890696	0.02572487	0.07530227
0.05832017	0.1117386	0.05283197
0.1068894	0.1522139	0.03576849	0.1123634
0.1069047	0.09883517	0.01345915	0.05103109
0.105502	0.08359829	0.03754089	0.085831	0.0648343	0.02136054
0.07221987	0.1713141	0.03703462	0.09038123
0.1008868	0.1713513	0.04353798	0.05970646
0.09129737	0.05593636	0.09233462	0.1257506	0.07221592	0.05160454	0.05694766
0.1024431	0.05030256	0.1183754
0.100265	0.1918145	0.03982898
0.02827422	0.1610966	0.04119849	0.09452569	0.08428999
0.1225747	0.09813601	0.08506037	0.01909706	0.0541052	0.06659044	0.01663109
0.1205201	0.1372492	0.04212533
0.05782221	0.1783309	0.02326941	0.03535841	0.06130062	0.02007637
0.08810593	0.1132556	0.04661297
0.1060616	0.182611	0.04586346
0.0980765	0.1431946	0.03721486	0.08870051	0.01299763
0.06637019	0.1566056	0.02913143
0.04983091	0.09856753
0.04809674	0.1726027
0.04988178	0.134608
0.1214571	0.2216833	0.04189007
0.04690092	0.08088239	0.03522743
0.08371948	0.1348164	0.03809273
0.09568913	0.1525713	0.0465876
0.11077	0.1275639	0.02474544	0.07272802	0.1345018
0.04114849	0.1485763	0.04153017	0.09979783	0.02163551	0.04350147
0.04340762	0.1294347	0.03438818
0.1087863	0.09193084	0.06758127	0.06033934
0.04624565	0.09625707	0.04528133
0.03875166	0.1554181
0.04954688	0.07383996
0.08998029
0.1438755
0.1351185	0.1067557	0.07573991	0.04252351
0.1430639	0.1483106	0.050333	0.07258838
0.1544771	0.1371711	0.06516468	0.04378328
0.09025261	0.2081256	0.05290031	0.09789749
0.07949735	0.09059462	0.09896884	0.06435114	0.07099395	0.04839029
0.09304234	0.1182334	0.01293557
0.1024884	0.08571075
0.03957503	0.120868
0.1104367
0.07618441	0.1402132	0.1301957
0.09261095	0.1103702
0.08290423
0.1277284	0.1863904	0.04377905
0.1786118	0.05703034	0.08035249	0.1066927
0.03966578	0.08998736	0.105211	0.0637984
0.09201727	0.1076104	0.05971679	0.01162179
0.09141832	0.1073967	0.00954006
0.1296973
0.1112934
0.01151016	0.088846	0.09239363	0.07859719
0.0002917805	0.1042216	0.1170377	0.07630524
0.009748965	0.126883	0.09013088	0.09436324	0.1015097	0.05052309
0.001774733	0.1397259	0.09269249	0.07038341	0.05750647	0.07014524
0.001071842	0.1033013	0.04934523	0.1375981	0.04956283
0.00120993	0.1213984	0.1550948	0.06195272	0.1338761
0.002130328	0.1238509	0.09052885	0.07287882
0.004734318	0.1137147	0.102044	0.04383804	0.06267445
0.003572788	0.05722311	0.1045065	0.04129868
0.02374396	0.08907847	0.0925802
0.01074001	0.04885277	0.1102658
0.0563168	0.0747779	0.0664017
0.08745871	0.0897717
0.1115849	0.112927
0.08662554	0.09164137	0.06829761
0.07268456	0.07539606	0.05209947
0.08205999	0.1315086	0.04932886	0.03646771	0.003207158
0.05143868	0.1802482	0.02695179	0.05436374	0.09541538
0.008588039	0.1041927	0.04726888	0.1011968
0.02264864	0.1634678	0.1057063	0.0375769	0.04841288
0.06632015	0.1134875	0.02464365	0.07950641	0.0789896
0.05858964	0.0974867
0.1098702	0.0874235	0.1969558
0.1168826	0.1499745	0.07780182
0.06673727	0.06157242
0.1329537	0.04899618	0.08618744
0.07685116	0.1628377	0.04863356
0.06521291	0.1184123	0.03890323	0.03581109	0.05633309
0.05927297
0.0585481	0.01464529	0.1067041	0.02302521
0.07679083	0.02757165	0.1796617
0.1351753	0.1149568	0.0251442	0.048008	0.07437742	0.07621463
0.09559801	0.07437517
0.1147582	0.08340242
0.1145979
0.08252184	0.06741936
0.06285169
0.08464313
0.05829349	0.1414984
0.0284719	0.1507136	0.0537468	0.02592589
0.007974382	0.1729431	0.03335818	0.0715803	0.06421132
0.08647025	0.1087157	0.02768493
0.07496452	0.1502736	0.04201682	0.02240524	0.02828502	0.05002952
0.08157864	0.157044	0.07504047	0.04211986
0.08583743
0.02633843	0.07464228
0.08527897	0.1225506	0.06197567
0.09936618	0.1240081	0.05868467
0.08525726	0.1360388	0.02453173
0.1083864	0.05086696	0.08230929
0.06423887
0.1065074	0.1803203	0.1265612
0.1190591
0.0835518	0.1427885	0.04854872
0.08476318
0.06483753	0.08740084
0.07213804	0.1784962	0.07301356
0.04607833	0.09263116	0.0771272	0.07085276	0.04551325
0.114562	0.07724344	0.07394935
0.03861598	0.1610302	0.07801514	0.06233902	0.02976938
0.007009927	0.1783103	0.03972612	0.1369162
0.008861904	0.1719208	0.04423736
0.01663187	0.128111	0.0407073
0.0012445	0.1871661	0.02136521	0.1037802
0.003354623	0.1609222	0.05403135	0.1091925
0.02404409	0.116387	0.08091629
0.06311419	0.159684	0.0623375	0.1704753
0.157142	0.1176068	0.03700054	0.08551786
0.06729279	0.1140335
0.1089239	0.1160674	0.03482889	0.06376042	0.06778983
0.09074422	0.1356547	0.03401977	0.06026699
0.0654371	0.1323215	0.04084615	0.06920054
0.0851539	0.1084889	0.02206163	0.02848688	0.02672159	0.02944827
0.08128228	0.1225197	0.05857717
0.043218	0.131112	0.03940337
0.06457032	0.1021554	0.04884055
0.04213902	0.1308596
0.0945372	0.1170601	0.02309104	0.04582712
0.07744088	0.143364	0.02896172
0.06921599	0.151388	0.02352867
0.07281703	0.1507434	0.03085655
0.1006634	0.155258	0.04937811	0.03590639
0.05438549	0.1420092	0.02948575	0.02568838
0.04217512	0.1296763	0.04325948	0.04694177	0.09003139	0.04302795	0.03620733	0.1887631
0.02640276	0.1635565	0.0683445	0.02972639
0.06386797	0.1343391	0.02559423	0.0872361
0.05257059	0.1457745	0.03492801	0.04224966	0.04003713	0.05250899
0.06342678	0.08197715
0.07556992	0.08020138	0.04054042
0.1055193
0.1436952	0.08720565
0.1091591	0.07500789	0.0401127	0.05250833
0.1259751	0.154199	0.05875798
0.04854872	0.1421923	0.04341308	0.04965222
0.0795168	0.1154678	0.0405857	0.07791772
0.1087429	0.08025348
0.02533398	0.1153211
0.1280718	0.05790926	0.04851497	0.1400273	0.07226545
0.07143965	0.1493998
0.09864963	0.1368744	0.05896866
0.05862185	0.07576808
0.1485138	0.1984348	0.01524196	0.1084179	0.03977127	0.01489273
0.09477189	0.1401852	0.01807878
0.1365457	0.1580705	0.01911308
0.05107685	0.1506419	0.04632187	0.08499698	0.08298739	0.05745979
0.07394734	0.1699929	0.036147
0.07367143	0.1544613	0.03523877
0.06091279	0.1282533	0.04021141
0.05977692	0.1116883	0.02513607
0.09641575	0.1626952	0.03081617
0.07650829	0.1330351	0.02010431	0.1007592
0.06069396	0.107589	0.03699919	0.03023265
0.1102975	0.1117675	0.02852909	0.07303665
0.005584501	0.15248	0.03530311
0.07719882	0.1517561	0.05000504	0.04500326
0.05568732	0.0819355	0.04577082	0.03484167
0.08718737	0.1008428	0.03217167
0.09225655	0.1553888	0.0281924	0.04796637
0.1045076	0.1589501	0.04071407
0.1125088	0.1627138	0.04113101
0.08665375	0.1759117
0.06634723	0.1422744	0.03440395
0.08595805	0.1643455	0.0570947
0.123332	0.1716202	0.03754604
0.1172128	0.1396114	0.05514646
0.04348368	0.1287899	0.02470464	0.02165179	0.07658405
0.07055054	0.139517	0.0432193	0.03342033	0.07032154	0.04115451
0.09278682	0.1000483	0.03865721	0.03930519
0.06100565	0.1730133	0.03787718	0.03765527
0.05372831	0.1894108	0.02256788
0.0555416	0.1513288	0.02578161
0.06639762	0.1419978	0.07499381	0.02428092	0.0815521
0.09461383	0.08627508	0.02659655	0.0951344
0.05064939	0.1543907
0.07041771
0.09324458	0.0958864
0.09494795	0.1344489	0.03354274	0.02911985
0.09199124	0.0947055	0.04908597	0.05159954
0.07475658	0.07389013	0.04329305	0.06241827	0.05569349	0.05231974	0.02974153	0.04126384	0.0501312	0.02917301	0.05922913	0.06658099
0.06133879	0.1278075	0.04067022
0.0417373	0.07838125
0.04135701	0.1035273	0.05948427
0.06332251	0.08422349	0.05497385	0.09368002
0.08523043	0.07184636	0.03325125
0.04567404	0.03959157	0.07500404
0.03891783	0.1319019
0.07223326	0.1420022	0.03082478
0.05993855	0.1480201	0.03141091
0.1411082	0.1835864	0.06959529	0.04718297	0.1373934	0.06667071	0.1054212
0.07035818	0.09466268	0.02622101	0.05080047	0.06955018
0.02527601	0.1444595	0.03107118	0.08570443
0.1109049	0.1524327	0.04262694	0.1107927
0.09257469
0.07222514	0.02774087	0.0699067
0.08382534
0.09223699	0.05373092	0.1149291
0.09196978	0.06090107	0.09258092	0.06559184	0.05108333
0.0441286	0.07616104
0.1087983	0.1695015	0.06617676	0.05297623	0.05585727
0.1550199	0.1484376	0.0626011	0.07629006	0.07124988
0.0666488	0.1498486	0.04053916	0.03836456	0.02877934
0.07847455	0.06246674	0.04610755
0.1063139
0.06324262	0.1412609	0.08793719
0.08818322	0.08053816	0.04158407	0.1319037	0.02289905
0.05723942	0.1648434	0.04993286	0.08817916
0.1140055	0.1240011	0.05761574	0.05341068	0.03350331
0.08145005	0.1602149	0.007601106	0.05553613
0.05529869	0.1145156	0.02462997
0.0277703	0.1401002	0.04871853	0.129681	0.09255947
0.03552329	0.104505	0.03402707	0.07765889
0.05734977	0.1085015	0.06825662
0.003231729	0.1141903	0.1622779	0.0507458	0.03854844	0.03977248
0.07771146	0.1454771
0.07957791
0.08370824	0.06130664
0.1012252
0.1253282	0.06930421
0.06302194	0.1552421	0.04024102
0.1122176	0.1551092	0.05193218	0.08028372
0.1223357	0.04657466	0.09186778	0.1166335
0.09387224	0.03158907	0.1006328	0.05669086	0.00948679	0.05994035
0.04972624	0.1432953	0.03030838	0.05424175	0.002780008
0.07921756	0.1842024	0.02848544
0.09855986	0.1348703	0.04875116	0.1215133
0.1072031	0.1378547	0.0740216	0.02919742	0.07829838
0.1113465	0.1592547	0.06884428	0.09208832	0.01893751	0.03061431
0.1452843	0.1646446	0.03930343	0.08572827	0.04366978
0.05943766	0.1815271	0.04277434	0.04862258
0.07767973	0.1484927	0.05134709	0.06523084
0.03690688	0.1187374	0.0331246	0.07347065	0.02498596
0.08215045	0.1158172	0.04096119	0.03805069
0.06005062	0.1025047	0.03452066	0.05551666	0.03160741
0.06417547	0.1308257	0.04321314
0.07103701	0.1075812
0.06501548	0.06694833	0.09112569
0.0763292	0.03128994	0.0642745	0.06098609	0.01598406
0.1278368	0.09379298	0.0527	0.1341679	0.07056682
0.09632357	0.1735444	0.04278153
0.04924602	0.162285	0.04052729
0.09207449
0.09868692	0.06978993	0.05934722	0.04808309
0.07277628	0.1419317	0.05770103	0.02397694	0.07641539
0.09059488	0.08659965	0.02700665	0.0641275	0.0962739
0.0937596	0.1329775	0.03613657
0.1544452	0.1195763	0.04414269
0.1148616	0.2165395	0.05816927	0.08704064	0.06461265
0.04622394	0.1044802
0.08776702	0.138557	0.03771992
0.04967583	0.1442807	0.01913105	0.02737314
0.08949613	0.1369943	0.0389112
0.1190724	0.09992661	0.03649357	0.08619129
0.1101142	0.0731909	0.01744515	0.0756623	0.00499018
0.06347448
0.1273093	0.08002428	0.03982546	0.09658255
0.05254324	0.1022618	0.04073265
0.08979529	0.1226787	0.03993411
0.09720063	0.1279393	0.02210713	0.02388105	0.0847316
0.0898548	0.1441064	0.04052567
0.06696714	0.09676858	0.04547345
0.09351175
0.08163743	0.08274848	0.06348178	0.07562035
0.09487312	0.1744751	0.08226902	0.1078079	0.07027218	0.0276729
0.0556986	0.1404328
0.07329433	0.1257376	0.09149858	0.08331462
0.06868166	0.0692504
0.08980428
0.1098638
0.1050375	0.1569392
0.09309961	0.1324185
0.07776377	0.09298141	0.1505735	0.08221005	0.04730866
0.1104809	0.1868561	0.04833952
0.07826667	0.1155619	0.04481326
0.1024269
0.08557654	0.07575739
0.04101261	0.1028266
0.09202795	0.09494683	0.06355285	0.09665526	0.08810292	0.05203716	0.09209928
0.0757626	0.1480442	0.03232209	0.01744808	0.07878004
0.07915524	0.1291508	0.04178007	0.09709396
0.06251808	0.02722545	0.1665002	0.05074196
0.08531319	0.06491073
0.06921698	0.1399413	0.07224056
0.1315147	0.09168554
0.06402192	0.0912046	0.07121354
0.1090197	0.152356	0.07161973	0.02483686
0.1239991	0.09458179
0.07435702
0.1068161
0.1400078	0.1191399
0.05697006	0.1032892	0.1383716	0.0976971
0.07866921	0.1179803	0.02880701	0.09066206
0.09709517	0.1378293	0.05832033	0.03404236
0.09203441	0.08839062
0.03119548	0.1225413	0.07825041	0.06213179
0.05293009	0.1627996
0.04641921	0.1445962	0.0244805
0.08336961	0.1287666	0.03014937
0.1124632	0.1414676	0.05056967	0.05080615
0.05842589	0.1228562	0.08350487	0.02740214	0.08461355
0.09648361	0.1314165	0.05969743	0.02662553	0.08044482	0.0422004	0.09443355
0.06129342	0.1130399	0.1666422	0.0364628	0.06701732
0.05959621	0.1355534	0.03025763	0.06214047
0.09939388	0.05100152
0.1077275
0.07854662	0.1553779
0.07374265	0.1329731
0.07915605	0.1023887	0.05877099
0.06636184	0.1348262	0.02564134
0.06139245	0.1524119	0.0424417	0.07858514
0.06235699	0.1003646	0.03186543	0.02954066
0.06839427	0.1433674	0.02997195	0.07372883
0.1027032	0.1389112	0.02564127	0.06058353	0.06367957
0.111889	0.1640328	0.05288462	0.089295
0.08183994	0.1625458	0.07808688	0.02622187	0.02553036	0.05590146
0.03280604	0.08613625	0.09080889
0.0444925	0.1772321	0.03238905	0.07395158
0.06349483	0.1690598	0.05825237
0.1204064
0.08178978
0.07511252	0.1403764	0.0906807
0.1047742	0.1457547	0.05996047	0.05577662
0.04586734	0.08718761	0.05792012	0.06665833	0.04303572	0.1422794
0.0689567	0.1551586	0.05272937
0.09990244	0.1489844	0.06205274	0.05159357
0.07844454	0.1623534	0.04566038	0.1110089	0.09563503	0.02959687
0.03394007	0.1511733	0.02844006	0.08709159	0.04942931	0.086757	0.04314445
0.06081781	0.1415954	0.04729684
0.0892488	0.1589394	0.05319096
0.1123156	0.09319142	0.02835634	0.06667167
0.05592944	0.1475062	0.04210343
0.06351458	0.120982	0.02902344	0.1005614
0.04231024	0.1465063	0.04658785	0.1212312
0.06661012	0.1305203	0.03172871	0.03569046	0.06648237	0.05667442
0.08428537	0.1504764	0.0368375
0.0286967	0.1328119
0.07124116	0.1501113	0.0153346	0.0385014
0.1211197	0.2419871	0.05384356	0.08591167	0.04103556	0.09138319
0.07747283	0.08470643	0.108856	0.1078747
0.1212335
0.1270688	0.09518825	0.09924648
0.08367688	0.1871782	0.08225564	0.06714318
0.1096809	0.09734079
0.1053973
0.1028032
0.1473377
0.1061491
0.07814237
0.09412015	0.1635099	0.08728365
0.0406014	0.1294947	0.06633786	0.1261657
0.03505199	0.1799682	0.01465416
0.1150773	0.1222484	0.03998575	0.05954828	0.05860288
0.09928463	0.1527574	0.05507526	0.02616271	0.05792857
0.05377767	0.1575839	0.03132842
0.0767586	0.1842221	0.06369114
0.0388841	0.1513995	0.05928398
0.09723659	0.1153455	0.05635968
0.0560641	0.1341473	0.04033577
0.08680583	0.135741	0.07492031	0.09623268	0.07170311
0.0827136	0.1061151	0.05930393	0.1196609	0.07882606
0.09526693	0.1156533	0.01777015
0.04685198	0.07799642
0.01170747	0.1045069	0.08295997
0.06534623	0.1013511	0.0576859	0.09293631	0.07424894
0.1025721	0.09793009
0.06286391	0.1096606	0.05066142
0.1044693	0.1549865	0.03253151	0.04702846
0.1484393	0.1637264	0.02963853	0.04567175	0.07861183	0.1156263
0.07985119	0.1455547	0.05812213	0.05032704	0.05061159
0.07287272	0.09899828	0.0375054	0.009809809
0.05333868	0.1401669	0.06416039	0.01664998	0.05379673	0.01367267
0.06363743	0.2078821	0.04879309	0.09944206
0.05825504	0.1484501
0.07067532	0.1059537	0.03466833	0.01517579
0.0711057	0.1472564	0.02457869	0.06126277
0.06296668	0.1277334
0.08154438	0.035855	0.1536204
0.07617738
0.08382925
0.08539557
0.08480893	0.149292	0.08495197
0.04233004	0.1530846
0.0753039	0.1323237	0.05004988	0.05904572
0.1059802	0.1748743	0.04543079	0.03441927
0.0371882	0.05258875	0.1087246	0.06127319	0.06049811
0.06378138	0.04861314	0.04933855
0.09170374	0.08794997
0.078534	0.1702045
0.09451341	0.1354719	0.09814733	0.07541123
0.09089358
0.1143268
0.1055038	0.07544105	0.2363527
0.09046457	0.06416175	0.04377068
0.1068205	0.06113564	0.1285091	0.02733898	0.08010252
0.06965781	0.1339049	0.04534586	0.07059167	0.07173699	0.05065818
0.04028501	0.1647406	0.04292404	0.09707319
0.05701061	0.1184324
0.06929832	0.1358513	0.02311966
0.04442628	0.09989473
0.09766972	0.1296203	0.05273595
0.09737999	0.1280964	0.06370604
0.108752	0.1119638	0.03130181	0.03827398
0.097663	0.03226377	0.05778469	0.03835883	0.08627703
0.07712294	0.1616386	0.05730025
0.02046839	0.139538	0.08595341	0.07253512	0.06746177	0.06530471
0.05129661	0.150963	0.03508374	0.08681193
0.106391	0.1666272	0.04550066
0.09338138	0.139177	0.03128616	0.04259304	0.03174945
0.1214829	0.1036664	0.02863494	0.04938403
0.08536577	0.092998
0.08398483
0.08220214	0.103004
0.1162096
0.1191198
0.1155639	0.1320809
0.1293323
0.1240277
0.1026837
0.09966534	0.09271315	0.1278405	0.06386135
0.09270217	0.06190672	0.08147746
0.0581773	0.1464067
0.06861466
0.09691008	0.08672924	0.09638241	0.0703836
0.1230488
0.105893
0.1168481
0.1088145	0.06731942	0.1008622
0.06645146	0.04090498
0.1037365	0.1753213	0.03723171
0.1018819	0.1973167	0.05623236	0.01152592	0.03863113	0.06091357
0.06857175	0.1159256	0.02562399	0.1208433	0.05876761
0.08829022	0.1580209	0.02835876	0.04973983	0.05348145	0.1670443
0.06129364	0.1583652	0.02628944	0.01301956
0.07018062	0.1255687	0.05178155
0.07020515
0.0596726	0.02395497	0.07226735	0.03419001
0.07398586	0.1201351	0.0167905
0.08401481	0.1658298	0.07449592	0.05177885	0.03307714
0.102722	0.1729726	0.1027437	0.04206122
0.07034674	0.1481653	0.03283624	0.09463178
0.05240992	0.07896022	0.02831244
0.07037151	0.136913	0.03442576	0.06918755
0.06296471	0.1318999	0.03137517
0.0769048	0.134524	0.01946674
