SpeciationRates
0.2908874	0.2404308
0.2435465
0.2549275	0.2259571	0.1031428
0.276909	0.2400762	0.2580969	0.1632752
0.2407946	0.237016
0.2471348	0.2727378	0.2070949
0.2415076	0.2881812	0.2848154
0.3667157	0.2311741	0.1833413	0.2161387
0.2246027	0.1853429	0.2230299	0.2070909
0.2419366	0.260711	0.2233082
0.1408451	0.2256659
0.3039894	0.265817
0.2444744
0.2600578
0.3344607	0.2723063
0.3318379	0.2816611
0.4076438	0.2665242	0.2404827
0.2434153	0.2627936
0.2148016	0.2092141	0.1740572
0.2575302
0.139174	0.2009655
0.2259003
0.1816301	0.2460792	0.1590578
0.2007117	0.192175	0.2696484
0.3014933	0.201394	0.278852
0.2994546	0.2115488	0.2150897
0.2169352
0.2427191
0.2218978	0.3350652	0.1564847
0.2245649	0.2686545	0.2416222
0.2384352	0.2300193
0.2249686	0.247721
0.2353688	0.2603607	0.2270518
0.1512033	0.2222221	0.2636072
0.1895883	0.2287938
0.2663197	0.2744087	0.2520206
0.284839	0.2758693	0.227423	0.2502865
0.1877982	0.2948547	0.310197
0.2100745	0.1879747	0.2558286
0.05406351	0.20273	0.2484789
0.2235915	0.236253
0.2430814
0.2865059	0.2635201	0.3090124
0.2022313	0.3208985	0.2859179
0.3521067	0.1481773	0.2157704	0.2962167
0.2555959	0.1477117	0.2289755	0.1462387
0.1991684	0.2443482	0.225937
0.1927591	0.2160136
0.2008124	0.2455628	0.1866	0.2412073	0.1747061
0.2322265
0.2182619	0.2509299
0.2822617	0.2247307	0.2304458	0.2854909
0.2190725	0.215416
0.2374031
0.2726322	0.2503325
0.2249688
0.2111138
0.2118233	0.2491069
0.244197
0.3795367	0.249107	0.17209
0.1336805	0.2803604	0.2027932
0.1479751	0.2186859
0.2738463	0.2004569
0.2695908	0.2281351
0.4079305	0.2288397	0.2998941	0.2976316
0.3027611	0.2768469	0.2472363	0.2043947	0.1013683
0.2139767	0.2960433	0.2248673
0.2128311	0.261842	0.3396818	0.3339865	0.258487	0.3093762
0.2658121
0.2724762
0.3004068	0.142416
0.2940126	0.3060894	0.2421129	0.2321639
0.1737997	0.2260979	0.2401263
0.2538514	0.2584114	0.1998908	0.158189
0.2253466	0.2436761
0.3190188	0.2489696	0.1532952
0.3242591	0.2578386	0.1346502
0.3163071	0.2873833	0.3687161
0.2974179	0.2625133
0.2103262	0.2765776	0.3477688	0.2895403
0.3418748	0.2748324	0.2316252
0.384901	0.2394768	0.311132	0.3128058	0.2812278
0.2116766	0.2873025	0.2106838
0.2123129	0.2352684
0.2253833
0.2478421	0.236042
0.2266702
0.21823
0.200547
0.2490376	0.2711143
0.3198167	0.2358842	0.1861304	0.2024951
0.2190571
0.2233459	0.2570644	0.2227899
0.2476754	0.2157993
0.279401
0.256298	0.2162386	0.2849166	0.2292437
0.2094628	0.2168454
0.2853825	0.2055718	0.1554412	0.2341373
0.3250886	0.2110014	0.2721681	0.2530325	0.2302818
0.3449237	0.2716547	0.2138054	0.2947603
0.3874856	0.3029383	0.2620444
0.3017419	0.235719
0.2721969	0.1338752
0.2729126	0.1554276	0.3494381
0.3310983	0.2622593
0.2498421
0.4462632	0.2796076	0.2317208	0.2249354
0.2456676	0.2695896
0.2082455	0.2560662	0.2016726
0.2323711
0.2428081
0.2068294
0.1643871	0.2265853	0.2548933	0.1690124
0.3096756	0.2930045	0.2117531
0.1933812	0.2367997	0.1738111
0.2790872	0.2728932	0.1377593
0.1991301	0.2506891	0.1574496
0.2614041
0.3470329	0.2295204	0.2869398
0.3642853	0.2540381	0.3886241
0.2682837	0.2232511
0.2567507	0.2586625	0.111823	0.1375651
0.2295685	0.1728061	0.253796	0.394407
0.1640393	0.2230687
0.3134612	0.2397339	0.2117011
0.1976527	0.2367554
0.2354294
0.3140027	0.2395673	0.2202667
0.4164356	0.2521082	0.3113366	0.2510787	0.2824377	0.1840936
0.2218877
0.2181242
0.212806
0.3244386	0.2332829
0.2279221
0.06307978	0.2621912	0.2310626
0.2233551	0.265971	0.295346	0.1822647
0.1981285	0.2638225	0.3080897	0.1572163
0.31722	0.2167007	0.1469838	0.5027132	0.235603	0.3244459	0.1905336	0.3012963
0.3232339	0.2214047	0.281067	0.2297483	0.1911722	0.1579503
0.2976002	0.2691565
0.2371621	0.2164506
0.245881
0.2160898	0.2431204	0.2771566	0.241727	0.3235144
0.1885444	0.3507839	0.312043
0.2459755	0.3285052	0.2200861	0.3726556	0.3319247
0.2103254	0.186514	0.2897038
0.2232304	0.3148712	0.2689574	0.2975987	0.2104095	0.2737453	0.2433763
0.2037683	0.2176529
0.3283444	0.2145417	0.2867901	0.2504774
0.1482192	0.2452391
0.2269496
0.2043987	0.2308434	0.3164678
0.3042775	0.326405	0.1785186
0.2859326	0.2017241	0.309366	0.2744169	0.2678872
0.2477488	0.2188195
0.2490461
0.3550794	0.2355107	0.2948398
0.2494655	0.2427959
0.2510405	0.2639405	0.2544869
0.3048923	0.2450415	0.2487416
0.2016144	0.2208601	0.2694714	0.3357899
0.228782	0.2306418
0.3236837	0.2551941
0.2961828	0.2550764	0.2761948
0.3602586	0.202927	0.2907787	0.21467
0.2284405
0.1945149	0.2303935	0.2056587
0.2782623
0.2628847	0.1911851	0.2752818	0.1692176	0.3173062	0.257644
0.101318	0.1742874	0.1951474	0.2490411	0.2659942
0.1101785	0.3650449	0.2926617	0.1630976	0.3082603	0.1170179	0.2418873
0.1982689	0.2640119	0.1594234	0.35185	0.1934752
0.3148421	0.2327672	0.2151566	0.2785369
0.2535854	0.2019619	0.2569425
0.223071	0.2014032
0.2792914	0.206338	0.2047577
0.134784	0.2732096	0.247009
0.2009394	0.2956659
0.2909265
0.343767	0.2455565	0.2093031	0.1569879	0.3543056
0.2548145
0.2127405	0.2213979	0.2481623
0.08823776	0.2099842
0.1961037
0.2355695
0.2566925	0.2537112	0.2952667
0.1677823	0.2468982	0.3410399
0.1845824	0.2081013
0.2568097
0.2967211	0.2313007
0.250484	0.2424973
0.3846091	0.268936
0.2176644	0.2792288	0.2323976	0.2388871
0.2950102	0.2683699
0.2367893	0.2724504
0.2205474	0.1968696	0.1603932
0.3371682	0.2238348
0.3004723	0.2041182
0.2551253
0.1999087	0.2069184	0.1645477
0.2321492	0.2137385	0.1336322
0.2620086	0.2620669
0.2967773	0.2208956	0.2070394
0.233212
0.3167291	0.2049365
0.329151	0.1083794	0.280716
0.3118516	0.118494	0.2318864	0.3339332
0.3862964	0.2817082
0.3815934	0.1630723
0.4043546	0.1785028
0.4075712	0.3335554	0.4323407
0.3953077	0.2597987
0.2906191
0.3390139	0.2732167	0.2776562
0.1575965	0.2146496
0.2398053	0.2348239	0.2445299	0.3644906	0.2038879
0.3549794	0.2640043	0.2842795	0.3354152
0.3314618	0.2173823
0.2224819	0.2571266
0.2216341	0.2296832	0.197156	0.2553879
0.1607296	0.2027321	0.1834116	0.2639862
0.2449728	0.2912388	0.2434976
0.2370248	0.2658901	0.3261315
0.3068046	0.2495646
0.2361568	0.2597162	0.2491744
0.1530095	0.1968049	0.3566819	0.1803046
0.2117577	0.2400689	0.3011539	0.2502447
0.2717494	0.252758	0.2811019
0.2400905	0.2144948	0.217499
0.3342999	0.2382872	0.1595664	0.3212079
0.1763919	0.2216172
0.261806	0.2087822	0.1985316	0.2508476	0.2065252	0.1620907	0.2478662
0.2744461	0.2913234	0.2184045
0.3162659	0.1919623
0.2010121	0.2310377
0.3226883	0.2132853	0.1551424
0.2008663	0.2736244
0.2805919	0.2227946	0.2512907
0.3013152	0.3499841	0.2405432	0.2539785
0.2398147	0.24182	0.3381193
0.12301	0.2604239
0.338362	0.2963101	0.1578491
0.2068108	0.2720455
0.2708342	0.2546343	0.1803284
0.2032661	0.2592551
0.2141266
0.1921215	0.239505
0.2170152	0.2346292	0.3743345	0.149005	0.2335054
0.3571221	0.2632366	0.2375509
0.3779982	0.2561863	0.2863488
0.3211766	0.2364653
0.2144342
0.2788238	0.1930718	0.2350516	0.1584241	0.5126905
0.3074773	0.2248552
0.2637308
0.1586382	0.1993858
0.1830639	0.253816	0.1916618
0.2426815	0.3052763	0.2782254	0.3187352
0.2635727
0.2465774
0.3174371	0.2691731	0.2595756	0.2076751
0.1890525	0.2821272	0.2576523
0.2852749	0.2762	0.3075127	0.20747
0.3121364	0.3075319	0.2584953	0.2355671
0.302169	0.2954241	0.3011414
0.2833308
0.1367146	0.2091157	0.2514008
0.2630625	0.2161365	0.3435075	0.2101215
0.1832532	0.2672133
0.236246	0.2679916
0.2275313	0.202066	0.2022863
0.2647865	0.2420294	0.1562067
0.2389184	0.2235385
0.1955684	0.2185268
0.237562
0.2067864
0.1133528	0.2575837
0.2345499	0.2294991
0.2877213	0.2211628	0.2677803
0.3553069	0.2339752
0.3507264	0.2409861	0.3084342
0.3073548
0.2313987	0.2496013	0.2030743	0.2772222	0.1809397	0.1443256
0.2850387
0.3542789	0.3331393	0.2092348	0.2634522	0.1529401	0.2173138
0.2178449
0.2439433	0.2377445
0.2661135
0.2432039
0.3276723	0.1911793	0.1859147
0.2152918	0.1364776	0.2720604
0.2462878	0.261403
0.3146236	0.2762856	0.2349173
0.2310348	0.2139937
0.2363483
0.1539128	0.2145805
0.2377959
0.2270382	0.2323585
0.3757311	0.2841025	0.3146943
0.3252529	0.2282575
0.3404815	0.292847	0.4321207
0.3777801	0.2688897
0.4564753	0.2910203	0.4296329
0.3190977	0.261783	0.2631797
0.2096735	0.2446221	0.2228174	0.2265992
0.2304002	0.209942
0.3070834	0.2469593	0.2097589
0.2040419	0.2490725
0.2553222	0.2220021
0.3416698	0.1966131
0.2163986
0.2354076	0.19836
0.2536243	0.2491153	0.2205579	0.2929923
0.2430162
0.313664	0.2185807
0.3138793	0.2157969	0.2967935
0.1813293	0.2495257	0.1907562
0.2372999	0.1904423
0.1908974	0.2263704
0.3372606	0.2653917	0.2296726
0.2371132
0.2038291	0.2280658	0.1410228
0.2273183
0.247675	0.3212	0.2099385
0.09309395	0.265769	0.2173789	0.3465127
0.03137851	0.2213697	0.2429494	0.1262568
0.02916018	0.225608	0.3765329	0.07663322
0.1707302	0.2041402	0.2803502
0.2980169	0.230649	0.3355778	0.2719211
0.2062962	0.281135	0.20561	0.2060588	0.2288755	0.1711488	0.1552108
0.2336398
0.384517	0.2693505
0.3027791
0.393468	0.2597468
0.2424301	0.1051972	0.2565279
0.2884053	0.2754496
0.366847	0.2498366
0.2765065	0.2829388	0.2885349
0.134914	0.2661469	0.3233714
0.2691074	0.2493317
0.2164913	0.2914448	0.2435191
0.3684288	0.2803688
0.2233117	0.2610361	0.1973304	0.3024595
0.1576815	0.2412514	0.355402
0.2148968	0.2379139	0.1742809
0.1993852	0.2279441	0.1749193
0.1801115	0.2192021	0.1677325	0.2547158
0.2534045
0.2289871
0.271259	0.2498952	0.3774117
0.310601	0.2388536	0.248951
0.2389542
0.2157884
0.255341
0.4963423	0.2810688	0.2819915	0.2085019	0.2368804
0.2142056	0.2699436	0.2615585	0.2963364
0.2582211	0.2904485	0.269095
0.2737779	0.2677345
0.2234189
0.3994745	0.2257883	0.2379763	0.2081273
0.2018519	0.2110813
0.1565629	0.2074538	0.2096182	0.1347888
0.2583293
0.3852338	0.2905121
0.2364876	0.2583372
0.2768383	0.2421444	0.2064301
0.2626685	0.255843
0.2645928
0.2440512	0.2379686
0.2720842	0.2838828	0.2676433
0.2909317	0.234646
0.2627648	0.2199621
0.09577323	0.2735137	0.2393113	0.1699034
0.03685569	0.2953768	0.2626217
0.09630935	0.3634047	0.216179
0.2604619	0.2486644	0.3116113	0.2841648
0.180729	0.2015066
0.3882889	0.1905819	0.219943	0.31891
0.3069243	0.2148283
0.3368862	0.235385	0.3015863	0.2227521	0.2434474
0.253863
0.3160277	0.2642013	0.2862327
0.1993153	0.2370213	0.2639669	0.2013341
0.3396082	0.2518462	0.3262547
0.2651999
0.1697565	0.211887
0.2586801	0.2484557	0.2800249
0.170185	0.3170356	0.2376665
0.2309148	0.2541495	0.1644809
0.1607384	0.2918683
0.2641311	0.2252677
0.2098109	0.2573922
0.1876198	0.2796676	0.3085457	0.2574236
0.2510254	0.2157211
0.2953866	0.2878513	0.2753209	0.1847489
0.2453357	0.2452099	0.2516608
0.2257122
0.2261753
0.3050287	0.4483724	0.2540441
0.2812594	0.2211197	0.2563087
0.2412769
0.2896859
0.2828113	0.2244667	0.1839923	0.2626611
0.222536	0.2332142
0.2269255
0.2433938	0.2460161
0.3045344	0.2598884
0.3015285	0.3120376	0.2110069	0.3165156	0.2136471
0.2870063
0.11404	0.2394346
0.1875654	0.1241699	0.2331556	0.3177102
0.168051	0.2187377	0.2160681
0.2970285	0.298291
0.2191045
0.3019885	0.2402126
0.2962813	0.2565752
0.2645206	0.1527757
0.2460407	0.2469924
0.3562698	0.2813079
0.1749172	0.244145	0.195518
0.2189701	0.2653273
0.2261344
0.2553421	0.2184248	0.1337896
0.2595781
0.2412354	0.2839399	0.282613
0.2467624
0.3117656	0.2509838
0.2621459
0.176657	0.247548	0.3380046	0.2761071
0.3176318	0.3336563	0.2532283	0.206575	0.2027835
0.2140928	0.2649781
0.2868683
0.2855436
0.2591806
0.2513794
0.2488889	0.265939	0.2218408
0.2363528	0.2912022	0.1214395	0.2643883	0.2796926	0.1376733	0.220708	0.2186779
0.2293676	0.1155859
0.2887024	0.2143427	0.2600815	0.2117013
0.442976	0.2578973	0.3297686
0.1851812	0.2234912	0.2476651	0.3135626	0.2240089
0.239729
0.2017615	0.2617236	0.2972129
0.2538848
0.3524177	0.2190008	0.1442415
0.1835414	0.224366
0.2553413
0.1704682	0.2348234
0.2120441	0.2593388
0.1851635	0.2135069	0.1838112
0.1646463	0.1681262	0.2233366
0.192706	0.2404581
0.2131331	0.2582296	0.2686049
0.206895	0.2780774	0.2212086
0.2274174	0.214142
0.2133744	0.2708421	0.3083931
0.1806014
0.1986008	0.2375403	0.3583849
0.2404732	0.1951619
0.2045225
0.2079209
0.2067796	0.2275529
0.2269922	0.2421742	0.2173701
0.2410116	0.2498352
0.225595	0.2364933
0.3335095	0.284914	0.17348
0.2397593	0.2208273	0.3384601
0.1928736	0.2466549	0.237817
0.2271044	0.1991789	0.2670766
0.2000505	0.2580868	0.315028	0.3218136	0.2587411	0.2762302	0.2405644
0.2578281	0.2346766	0.3583893
0.2066528
0.2626439	0.2724414	0.1713084	0.2232151	0.2068786
0.2628837	0.2333199
0.287855	0.211937	0.2088193
0.2386744	0.2586342	0.2472565
0.2855665
0.3051261	0.2934172	0.2364173	0.1714654
0.2569634	0.2760176	0.267667
0.2940019	0.2399811
0.2665112
0.2901655	0.2555171
0.2436214	0.2670773
0.3691249	0.2505085
0.1924977	0.2435495
0.3941072	0.1950843	0.2057047
0.1455953	0.1939174	0.3299967	0.3365981
0.3828879	0.2585158	0.2379821
0.3594264	0.2326206	0.2919142	0.2468154	0.2189987	0.4835014
0.2573933	0.2535607
0.4383135	0.2504878	0.2542233
0.2037934	0.2721884	0.1909766
0.3307196	0.2723979	0.3112872	0.368623	0.2680076	0.2422565
0.1160009	0.2957236	0.2902719
0.3281372	0.2466982	0.2381552
0.229922	0.2691502	0.204619	0.2190774	0.2607932
0.2698498	0.170109	0.2326017	0.256332	0.2867184
0.2129446	0.2276185	0.189794
0.2960845	0.2523452	0.1775041	0.2444253	0.2016439
0.2735997	0.2056128	0.2959959
0.1759414	0.2693381	0.338833
0.2814295	0.2166228
0.2765459	0.2640087	0.2625741
0.2649602	0.2980293
0.2779658
0.270739	0.2490387
0.2820668	0.2464617	0.2124745
0.1597752	0.2172264
0.353924	0.2460306	0.2516847
0.3165648	0.2220365	0.1902169	0.1842539	0.2748073
0.2583501	0.2600972	0.2246787	0.2280838	0.3177743	0.182171
0.2045265	0.2696555	0.2306046
0.35987	0.2377117
0.2018616
0.2088244	0.2533635	0.3826288	0.165887	0.355665	0.2011012
0.2208079	0.3226998	0.2459699	0.1947043	0.1631107
0.2786521	0.2514884	0.1446012	0.1527794
0.3155624	0.286601	0.2190193
0.1651683	0.2780745
0.2475928	0.2640151
0.2328593	0.2375558
0.2317644
0.1302972	0.1963363	0.2371795	0.3044623	0.2173021
0.2894408	0.2408388	0.3440168
0.2763593	0.3390177	0.1778827	0.2572225
0.2762356	0.4284975	0.2794902
0.2053047	0.296371	0.2484678
0.265109	0.143226	0.3217578	0.3010272
0.3826715	0.3053047
0.1906507	0.2738241	0.2351051
0.2654906	0.2500194
0.2264261
0.1764213	0.2330427	0.2274036
0.2682917	0.3020533
0.1770776	0.2363993
0.2287126
0.2326959	0.2114197	0.2393432	0.251902	0.1316939
0.2930149	0.195095
0.1912583	0.3051273	0.2420321
0.2911378	0.2458182
0.3405241	0.2617193	0.2376854
0.2101536	0.2496059	0.1738832
0.2229385	0.2996555	0.1603595
0.2856843	0.1909907	0.2483635	0.293709
0.2537334	0.3179506	0.2639093
0.4157975	0.06733566	0.3472815
0.1903545	0.1298463	0.3279283
0.2042682	0.1918213	0.3537688	0.1724169	0.2686536	0.2462721	0.2134027
0.263725
0.2220001	0.2557071	0.1667299
0.1617223	0.2537636	0.1434572
0.2349098	0.2743127	0.244529
0.2463659
0.2727262	0.2469001	0.2478686
0.2873504
0.2306132
0.3286571	0.254379	0.2953932	0.2374755	0.3062624	0.1940173	0.2197187
0.254009	0.2323836
0.2390442
0.2174106	0.2421597
0.2469959
0.2089695	0.1825811
0.2391195	0.2411149
0.2030883
0.2144957	0.2582146
0.2896523	0.2667662
0.2096567
0.2720508	0.2363858	0.1132759
0.2875808	0.2385054
0.2639745	0.1562811	0.2106884
0.2193531
0.3215558	0.1899717	0.3437799
0.2377346	0.2480218	0.1703013
0.2861099	0.1965054	0.2320474	0.1879703
0.3093987	0.1699246	0.231898
0.215274	0.341095	0.2451783	0.2185114
0.3020855	0.2563844
0.1690944	0.2337536	0.3043226
0.2670157	0.2527054	0.2217721	0.2085785
0.2401678	0.2649323
0.2611813	0.2707703	0.2476271	0.2349601
0.2468036
0.2240058	0.1855183
0.2410428	0.2708986	0.226835	0.2037781	0.2328746
0.3253503	0.2130786
0.2235068
0.189814	0.2333345
0.2248543
0.1965232	0.2360213
0.2587817	0.3279383	0.3282802	0.222886	0.1689556	0.2871342
0.1703183	0.232376	0.1748861
0.1854294
0.2772351
0.1562804	0.2350114	0.2080708	0.3026792	0.256419
0.3676468	0.2382852	0.2430747
0.2910939	0.2525496	0.2282695
0.3289681	0.2810764	0.3219083
0.2731046
0.2275444	0.2557362	0.3670875	0.1737086
0.2769741
0.3506863	0.257451
0.1627023	0.2251398	0.2311474
0.2753512	0.2280244	0.3317702	0.280137	0.2889299
0.3958202	0.1308887	0.1877072
0.2121716	0.1294525	0.2740443	0.257048
0.1874544	0.2060969	0.1858433	0.1487562
0.1052345	0.1625343	0.2131495
0.2563595	0.2235266
0.2277536
0.2989947	0.225038	0.2675596
0.1714839	0.2138301	0.2558751	0.2739444
0.1977797	0.2277139	0.30585
0.3156691	0.1567356	0.228613
0.3628462	0.2542969	0.2081828
0.4301049	0.2683654	0.239633	0.2028608	0.2708291
0.2103321	0.2953713	0.2390748
0.2108414	0.2607711
0.132611	0.2166518	0.20002
0.2599279	0.2381703	0.2338583
0.1604903	0.2770561	0.2590113
0.17408	0.2773315
0.2359977
0.4184855	0.1841141	0.2296924
0.1212448	0.241004	0.1826522
0.2098049	0.2736614	0.1843211	0.1533237	0.220948
0.2501785
0.2355612	0.193237	0.2523006
0.1748543	0.2345061	0.1360159	0.1769708
0.2129491	0.2068403
0.2306408	0.2022551	0.280462
0.339473	0.2310812
0.2305325	0.2307882
0.3437111	0.2593079	0.1481109
0.2408051
0.3399284	0.2856352
0.2368089	0.2323391	0.2701824	0.2009468	0.1374986	0.3723637
0.2757467	0.2645765	0.1630267	0.2397103	0.318992
0.2422949	0.2819521	0.235159	0.315426	0.4554863
0.2081659	0.1988355	0.2791121	0.2729337
0.1757286	0.2241575	0.2607747
0.2668056	0.2124807
0.2138736
0.1796643	0.2148453	0.1651951
0.2358441	0.1940396	0.2908655
0.261286	0.2402125
0.1310811	0.2289649	0.1213449
0.1965681	0.2113327
0.1641526
0.1320448	0.2113809
0.1397749	0.1765439	0.1828139
0.1806461
0.4121578	0.202266
0.2866182	0.1843723	0.2526367	0.2006072
0.1158531	0.2756017	0.2468135
0.2959531	0.2743306
0.2283452	0.2530962	0.4132061
0.2233192	0.2766683
0.2180284	0.278587
0.2596509
0.34879	0.2745141	0.2036688	0.1697212	0.3231126	0.1442355	0.27037
0.1906108	0.1900528	0.3579369
0.2816232	0.2993159	0.188831
0.169634	0.1913101	0.1354847
0.2307895	0.238392	0.1473711
0.3644388	0.2648432	0.2258378
0.2895419	0.2727932
0.3477867	0.2601318	0.2556406
0.2184954	0.2606358
0.3371806	0.2275707	0.2615023
0.2740809	0.2684937	0.3356897	0.2535766
0.216967	0.2429648
0.2071411	0.2251915
0.3196613	0.1972714	0.2123481
0.3303964	0.2156205	0.3102187	0.236885
0.2631954	0.2770792	0.4044445
0.2176562	0.2743467
0.2782937	0.2876917
0.2696577	0.3006087
0.3970439	0.2911302	0.2695576	0.3220323	0.225421
0.2711041	0.3028737
0.2694944	0.3136474
0.2353689	0.3713157	0.301525	0.3372711	0.3856516
0.3242537	0.2973409
0.2325107	0.2531309	0.4467106	0.2050107
0.2112367	0.2583597	0.3379275	0.3399811
0.2149484	0.2705401	0.2051951	0.3086589	0.1958507	0.1998727
0.2442966	0.2845309
0.3325302	0.2289789
0.178107	0.2003208	0.2525342	0.2782424
0.2779386	0.2438938	0.3546291	0.1708653	0.2147605	0.1440132
0.2336787	0.2341732
0.2302367
0.2066646	0.2558586
0.1974861	0.261484	0.1751567	0.2052291	0.1565876
0.2895691	0.2339781
0.3033087	0.2513674	0.3207854	0.2024724	0.2141084
0.2512076	0.212659	0.2680099
0.2125967	0.264878
0.2432117	0.2321412
0.276629
0.2330491
0.2454019
0.2853117	0.2271734
0.305564	0.2164393	0.2510111
0.2708706	0.285173	0.269871	0.2413122	0.2313351	0.2624407	0.2774296
0.3925836	0.2526056	0.3304359
0.2025014	0.2838105
0.2407945
0.1746931	0.2225035
0.1862819	0.1463406	0.1978924	0.1261943
0.3274231	0.2253833	0.2357549	0.3536826	0.1956589
0.1826649	0.2558825	0.1858046
0.2954245	0.2249881	0.2858586	0.3204133	0.260054	0.2637751	0.2577169	0.2590726
0.5940695	0.2249829	0.2633135	0.2393614	0.3904867
0.3557811	0.2947031	0.2843688
0.3078554	0.3069354
0.1536178	0.1455357	0.2847749	0.2206891	0.2138551	0.2426973
0.2127168	0.3018086	0.2080919	0.2199034	0.2491098
0.2121324
0.206753
0.1822627	0.2244781
0.1845639	0.2420296
0.1461998	0.2428679	0.1890722	0.2487626	0.1328408	0.1424017
0.1042515	0.2300278	0.1454115
0.2169627
0.2733044
0.3055326	0.2617705	0.2741871	0.2845032	0.1615924
0.2174557	0.2107048
0.2278001
0.2897408	0.2414506	0.2773519	0.1746873
0.2320966	0.2721236	0.3385313	0.2879143
0.3074127	0.2817667	0.3127338
0.2663598	0.2093913	0.1728131	0.1944793
0.1984525	0.2631979	0.2343621
0.2589092
0.3015402	0.2473263	0.2095904	0.1599005	0.2984559
0.316727	0.2175945	0.2339688	0.2213625
0.2535551
0.2202429
0.2331062	0.2866024	0.2208042	0.2040596
0.2174193	0.1989378
0.2483439
0.3103681	0.2198504
0.1773071	0.2385813
0.2826792	0.2893043	0.2484788
0.2893524	0.2387894	0.212306
0.277785	0.3298627	0.2150866	0.3930418
0.2181241	0.2640552
0.2168575	0.2597244
0.2387102	0.2277125
0.2950073	0.2757122	0.2480174
0.275572
0.3199166	0.2154395	0.3442036
0.2372639
0.2218282
0.1892851	0.2139234
0.2814562	0.2530932
0.2783634	0.2634824	0.2885907	0.2973228
0.2017272	0.246341
0.203158	0.2381464
0.214837
0.2700783	0.2387475
0.2069555
0.2280842
0.2688735	0.2402762	0.3341269	0.2374785	0.2154938
0.2867367	0.1273156	0.2602484	0.396514
0.3337967	0.1418192	0.21404	0.2482297
0.191521	0.2887215	0.2704841	0.2731498
0.239375	0.2877403	0.3127671	0.3141247
0.2732605	0.3056121
0.3088762	0.1894496	0.3249411
0.2154902
0.3245808	0.227366	0.1860414
0.2081196	0.2273794
0.2007294	0.2918443	0.3276461	0.2289025
0.2075621	0.2169496	0.2138777
0.2605034	0.2815862	0.2173435	0.1892992	0.2137417
0.09433359	0.193964	0.2582989	0.2354571
0.2564456
0.2788489	0.2561843	0.2627503	0.1914299
0.3226829	0.2695349	0.4665795	0.2693529
0.2161217	0.1357425	0.3550183	0.3560224
0.07189193	0.1690044	0.2189652	0.3271971	0.2112925
0.1737755	0.1854226	0.2856175	0.2636564	0.1013367
0.04287092	0.2523472	0.2064577	0.1271034	0.07125169
0.2000588	0.2639756	0.2406087	0.2363794
0.3133823	0.2566031	0.3109804
0.3091617
0.2580697
0.2025382	0.2648015	0.1813499
