SpeciationRateChanges
5.732841	27.51777	19.74517
5.229084
9.339638	5.984039
2.076252
27.45381	15.35956

8.698497
6.464896	25.32135	15.2959	9.563441
0.8935051

3.806743	22.59433	14.54406	22.9922	5.49781
6.063061	20.37209	22.8611
4.590087	14.88812	27.08675
27.9275	14.48952	27.5875
25.44696	14.58052	1.55372
18.39621	16.69106	17.90961	17.14494	25.42876
2.716569	6.160646
10.43498	7.877137	28.01572	5.687199
22.30299	26.75027
5.011155	16.70701	24.39574
22.96578	16.21282	22.5083

15.45759
27.52254	2.368975	27.34362
17.42029	8.4443	6.292257	26.60578
17.32234	6.706776	15.6676	17.75303
15.90731	6.279713	25.82212
5.878765
5.933256	23.99467
8.077899
22.80166	21.34356	17.41215
23.15349	9.992756	4.125199
1.748658	3.473413
4.71524
11.32748	22.86091	10.6128	7.658731

8.271413	1.981687	5.887815	20.01606

2.086329	24.87472
22.90295	5.40484	9.316548	7.506852	20.93584
27.44222	17.70891	4.781887
3.870359	4.906961
22.73446	19.14785	5.447729
8.545135	2.602286
27.27861	25.7008	2.480257	21.62342	8.124273
22.87768	3.372507	18.05459
7.285936	10.14477
6.039943	24.6006	27.72043
21.14698	3.953732
24.5932	19.28018
17.51844	16.63948	5.985254
5.479955	10.43504	4.421727
23.73465	12.45048
12.77448	18.73746	27.61168	6.385275
6.437657

22.47605	25.4849
23.33366	23.1315

27.87645	8.337956	6.928002	26.88845
9.125164	4.163049
4.909773	26.59193	22.37865	18.49789
24.3163	6.064028	0.1860043	10.78058	16.99383
2.169557	26.31557
25.26569	6.026713	23.20038	4.020463	18.76881
22.96753	9.160215
22.81858	15.07102	6.542151	7.097629
21.9824	21.58103
5.893189	5.582421
18.35863
5.910358
23.55504

4.737003	27.58497	20.69713
22.83319	20.94691	18.75051
22.28009	26.8762
6.188202	1.635076	23.0383	9.691835	15.97981	5.745283
19.83037	4.38259	22.32874	7.839074
21.77656
22.84794
7.008648	2.529768
8.026597	6.432512	27.60642
4.338279	20.3264	23.00086
2.855437	2.08867	0.3821792	21.54283
5.22491	15.25438	12.15134	21.93468	27.85091
13.7824	18.40647	14.89429
22.71318	7.630304	10.15493	27.96266
27.33409	5.221355	1.355508


23.54883	22.5956	23.14531
10.29008

20.58197	5.268783	11.1398	23.47222	5.445446
24.53257
8.27134	17.56269
9.422331	14.187	17.30291
1.871217
20.79768	24.7264	25.84698
20.51489	22.85534	18.79352	4.296347
0.7963153

18.87256	28.05484	18.83377
8.085801	7.404106	19.71649	3.570931	8.876665	11.33911
5.525092	27.40123	2.150246	18.23451
10.1548	7.532986	8.351188	27.47958	21.01025	20.84483

27.46204	5.931386	0.1399653
11.74228	5.376833	26.45201

8.709939

12.05384	5.793906	21.51078
23.28672	18.40659	17.77612
10.13423	2.474065	6.66379	14.41244
24.11959
5.70507
12.14282	9.707282	2.23727	7.998394	27.46413	6.385996
11.63436	5.561955
7.181121
27.05718	5.568661	20.00151	9.158936	9.944063
22.81777	5.423933	19.41248	18.09185
6.225211
13.00678
22.85353	20.42782	3.224245
26.70327	5.661545
5.478502	14.16821	6.946584
10.16063	5.628397	27.50014	19.2474	16.67461
0.215442	21.07714
1.151211	28.10241	4.929792	22.97775
23.60672	17.05544	15.68929
25.54004	24.32969	6.712595	18.52761
27.45827	25.46849	22.69863	3.132638
27.45827	25.46849	22.69863	22.25378	21.02774
1.967481
11.17991	5.196073	28.16488	9.484464	15.58007
12.58931	11.95574	24.71218	4.453405
20.46165	22.52581
26.48386
2.62248	26.05708
22.59508	21.70198
22.56593	13.0012	4.471737
26.83703
5.502808
5.678236	18.8209
26.24285	9.15093	16.69173
18.77026	9.603675	6.901841	5.166135	24.80726
2.070995
22.49712	27.61569
5.945371	5.662583
0.5457764
10.83744	27.43161	5.384557	24.94232	1.782823
15.35022	10.71796	14.003
23.52405
8.747046	20.75823
16.81837
22.52071	0.3723691
4.044649	20.60709
17.55911
4.41712	27.17532
9.995923	16.23632
22.62413	24.50325	12.57847	16.09527

22.72261
27.4677	24.55944	25.57678	0.7886877
27.49065	24.58993	25.42618
27.15777	0.268553
21.41343	4.960876	19.9545	23.85339	26.04261
18.53766
5.7389
16.22231	16.12853
3.883014
23.05823	6.656127	25.27526
8.268905	4.187265
5.613373	14.43375	27.3548	1.58886
26.77829	15.76103
5.41612
9.967571	6.931702
9.821271	16.02684	3.41004
25.14099	24.45862	22.87621	3.507696
23.17575	9.382072	5.445025
22.5539	28.01922
22.53581	19.97182
22.76599	4.718791
22.95694	18.12359
24.37282	19.76098	8.945016	3.002434	18.78913
22.26154	21.08448
20.01082	27.46302	11.24587
0.3893023	12.61338
7.051039	27.44601
4.635585	12.30319
22.41384	5.684581	22.31361
19.13221	22.61695	5.527693	22.89636	8.121075
5.820137	11.37457	23.40073	20.83899
6.41698
24.54617	7.587371	22.47987
26.3014	25.46836	22.91012	5.528299
12.95951	24.43311	20.41541	16.93633
19.44086	5.742846	22.5933
22.5933	21.03408	3.668364	16.91908
5.418337	9.546779	8.151933	13.41644
24.65235	6.681299	16.21096	25.45245
24.23892	27.60261	26.06842
26.43646	5.905523	17.10338
4.865708	19.98068	26.45561	22.39343	26.99206
5.277746	10.04143
16.67555	13.81201	1.566737	11.44281
22.75711	12.06558	4.210099	20.46564	8.697484
22.49489	18.85606	4.627374	2.020055
6.844789
2.243636	26.85097
4.020643	15.50802	15.67661	1.663667	0.1265203
23.08028	24.07748
27.41263	17.87523	16.70355	6.899878
5.310258
0.7399263

5.520826
18.76215	22.65949	5.493218
5.377196	10.8864	24.95322
6.183156	28.02719	6.361527
7.905547
22.34385
0.5272283

12.33382
4.770079
0.1052965	25.83226
9.161434	6.070161
6.205478
19.87374	22.53478	1.1814
23.08665	4.046296	9.909843
5.399508	11.21379	27.26048	1.235522
25.01641
17.27036
19.11091	22.6091	6.332642	23.96823
3.089057

6.109379

11.72411	6.185713	21.422
7.487775	21.93564
24.33239	9.536231	11.60828
0.7128166
22.51712	9.004451	18.93719	27.68681	5.832972
22.98665	5.167178	7.759219	18.89866
27.35014
23.15983	27.4816	27.94644	7.901942
25.83228	27.73301	11.37551	9.965853	10.74483
27.37594	25.35051	11.289	27.68185	25.23818	24.05971
2.013857	24.41088	22.23139
11.1406
5.502366	27.80124	10.02557
0.758371
24.96862
18.21545	8.974997	7.066987

10.31139	5.507609
27.42093	6.798391
10.91185	5.480914
27.67521
4.474648	3.652028	0.01979428
5.609048
26.27825
13.00986	11.25613	19.48013	27.99021

27.46934	22.33653
11.45577	10.85625	6.264733
6.321096	0.06283938	21.60091	22.33487
11.2532
9.299655	5.493768	21.12771
22.83152
1.018302
8.029873	17.09343
6.435777
15.63875	0.05852056
5.631064	13.24307	10.96944
27.31221	10.6844	17.10623	26.35798
5.276926
22.67243
27.15605	19.12984	6.615689	7.457025	23.54941
19.21054	16.99736
23.11353	11.5334
19.50083	27.85024	18.04995	12.8061	13.00602
1.107112	16.01431
23.0388	20.92303	0.2585361	6.251481

3.626953	17.85223	26.21947	8.541197
22.58136	11.28848
5.11272	3.231817	27.14447
5.411474	1.916374	5.666679	10.88678
22.6819	13.23579	20.62307
23.02318	15.33017	12.40874
5.030575	27.08424	25.80372
5.779215	16.46055	10.49964
5.430034	9.598306	23.42685
24.50945	12.1645	6.189952	28.35445
27.10196
22.74129	28.33148
6.903158	27.90063	3.356474
5.811932	23.22583
19.45169	6.388219
5.396793	17.562	26.52669	17.64767	19.76846
22.44336	5.938207	20.47258
22.84539	7.746211	22.49386	9.088403	9.593476
6.126707	10.38892
3.075275	8.021408	20.47839	23.48247	6.986741
6.047421
16.09243	11.95118
17.59178	16.33062
8.118302	0.2562852	5.669181	26.45005
2.254482	6.453026
23.13173
23.20686	20.57206	5.460631	9.223476
22.38298	0.8897659	13.85243
15.29395	18.70849	28.11732	3.575183	27.63491
3.933195
0.9243451	22.38745
25.62423	22.75694	18.215
23.48373	28.27918	26.62284


5.720327	14.89058
22.65428
2.280237
22.84791	17.308
20.11445	4.245568	12.30181	13.55536
5.576	13.81888	22.78573	12.59871	12.4625
22.98601	25.41497
24.97139	6.939866
23.90224	5.806159	23.25204	18.37877
6.20917	1.167869	14.38418
5.879868
7.569979	5.677853	0.3180769
7.260734	27.59893
5.485989

23.62732	11.07189
22.37445
22.51403	11.36712
6.763786	9.31579
5.502797	27.22716	11.68346	11.22831	25.10948	0.6370844
26.35469	4.518671	5.172116
2.639434	6.794751	1.907429
6.223693	16.00535
19.14494	10.45325
20.85852	9.899445	22.91283
10.10605	1.665859	5.938301	24.52967


13.11823

5.833648	15.55229	26.76005
5.15092	10.99502
5.913121	26.77355
19.78595	9.18584	10.00545	6.38398	18.18066
5.634301	27.36228	10.65022
5.415375	8.793857
18.02342	22.56763	8.796464

24.24946	15.92372	15.89451	23.25568
6.210519
3.141122	25.38003	25.02985	8.107743
26.27316	0.3736996	16.1737	6.590266	8.128614	22.53733
25.00059	23.27207
24.55215	19.48126	22.53468
22.80044
2.456298	22.56529	18.44503	5.703012	24.67875	15.27402	18.33984


5.382266	24.84911	27.16456	21.69739	16.17152
5.031653	25.05105
22.79928
24.11111	22.82151	6.429092
15.54495	0.2988845
21.70424	14.40634
18.81773	19.34438	27.44915
24.3235
27.62801
25.78982	3.897781	25.13098	10.46616	18.43824
25.49909	22.64692
21.877	20.46535
1.789377	21.71258	20.81158
4.581152	21.77265

9.74894	8.08807	27.97603
26.54427
21.01417	21.73009	16.92578	5.791597

18.86487	17.76678	1.467465	6.217231	27.61799
27.58387	24.14369

6.198145
23.29319

18.21434	0.07269865	25.26386	11.09954	5.620337	27.89306
27.72518
9.807624	5.49061
14.06008
5.573819	11.42575
3.189101	14.08638	9.329221	0.7019568
22.85555	22.10061	8.82907	7.046797
26.84938	5.697289	18.76096	7.077929
0.9687033
22.87632	7.510185	1.189979
5.396711
27.57199	20.43011
11.02226
15.48553	13.11574
3.839556
5.895813
23.4261	21.59826	6.151101	20.59706	15.91665
14.87838	21.72944
19.13552	27.41907	24.89029
24.62075
3.951803	1.177409	18.91949	15.87584	25.96271
14.38527	10.88737
24.19786	9.735845	0.3407309
9.317293
14.16258
24.68184
26.35189
6.095431	0.08514905	0.8889099
10.2522	4.763501
24.10222
27.43003	19.69962
5.74959	28.23932	10.39629
23.6464	13.85994	1.81617	8.65425
2.006897	15.90053	23.12139
23.00879	11.51448	7.618564	9.321236
3.954298
28.10223	5.920063	22.70176	11.89488
21.93021	18.57787	5.306949
24.20383
5.194381
6.471488	19.58974	19.54509	6.203011
22.51817	15.33541
22.26981
19.74426	5.763342	26.32426	0.4851211
27.41607
16.55907	10.22802
23.02793
27.59894	5.428934	20.87769	1.208714	19.95452
10.62188	1.836835	25.25403
7.702088	6.406408	5.792308
4.156913	19.37975	23.18042	18.74266
18.37306	15.25161	27.25989	18.32513	27.81458
5.514919	10.57402	24.32056
23.11721	11.50448	6.542986
16.77722	15.20945	26.58453	25.09829
16.52848
26.27397	25.61478	24.07454
0.7332249	5.639959	27.41812

22.57364	21.36978
6.966163	28.24105
27.20517	11.31463	10.21606
5.95516	22.90254	10.71583
7.03365	10.47469	22.5836	23.43655
9.192631	5.783976	23.57867	22.38141
5.953894
5.646283	19.0572
22.6889	23.56396
8.466862	15.79834	5.721489	24.21485
24.53367
16.0479	27.6133
6.020952
10.78791	28.00105
3.752009	23.41865	23.25353
5.416146	16.63506	20.80537	13.44547	7.71363
2.216818
27.48295	22.87209	25.27683	10.96478	14.55387
23.2205	23.08761	25.04913
23.61598
3.863772

6.852229	11.01944	26.75355
22.81039	18.91456	5.617511	15.85086
22.65497
27.12521	22.18918	17.65085	18.08612
6.459401	5.597474
2.051204	11.16322	10.03201
21.49953	3.80528	24.2988	27.37916
9.302091	24.20898	6.80441	20.85296	10.41974	6.318537
5.60936	7.650803
27.49911	5.020303	12.46903
3.633906	27.68258	23.18455	2.827513
5.532996	28.11683	25.77973
3.988305
20.41206	7.042196
6.371728	25.23049	28.19086
22.98818	5.397272	25.86817	8.449329

17.96847
12.01795	6.006794	21.37599
2.842982	0.2693398
27.43701	8.990072	7.58159
14.15272	19.33501	22.42914
12.89827	9.030368
9.725875	28.05678	5.313481
7.657952
17.26124	5.154947
6.745522
17.84994	5.373424
21.31104	5.709638	10.87969	22.63776	21.97268
7.678034	15.05518	1.87623
22.86149	25.76517	5.920475	20.25806
16.35156	26.65165

25.55085
