SpeciationRateChanges
55.38056	37.68739
63.07018	3.659147
50.62121	4.480507
54.69946	58.97544	23.98039

62.97329	42.96828	5.864984	20.41282	12.31148

65.1326
63.47597

63.77978
65.14936	27.1728	66.26532	16.97128
63.07461	0.4589509
14.14014
17.94562
32.47293	27.52054	26.00747
61.67086	53.16855
26.0433
60.64154	58.26674	54.34588	20.83468
64.05492	66.44775	4.2621
14.54838	62.29701
17.90534	10.13192
24.86893	67.75176

62.56993
51.23758
27.86183
19.86934
6.092187
27.25522
36.18253
67.06367	43.52365	63.59489
64.44262
64.64154	13.15907	66.13062
62.17093	40.50151	38.28916	50.3613	3.006571

36.38721	36.57105	14.22386
41.77959
28.19809	24.28309
33.76706	55.90838	57.4587	49.72143	6.317227
61.64096
58.93812	67.28537
66.50329	10.53692	37.2769
51.11607	18.75613
65.09939	66.63235	11.45937	7.714254
42.61593	5.813208
64.26864
67.02904	35.64224	25.98703
63.07524
63.41657
61.15342	23.6755
59.72675	39.0357	52.84382
0.46792


21.05198	20.15788
55.88757	16.21414	39.88217

53.68312	24.99914
63.72549	63.61757
15.09277	42.1207	49.69331	5.414607
17.94703	12.91843
6.875139
62.76887	14.94522

62.04642	61.92615
66.88605	63.17327
62.67074	46.09061
49.80276	62.72074	22.09644
66.68779	64.82898	41.22076
66.76867	64.49693
51.68002	16.10465
24.56692
50.00545	64.24411
62.04214	42.79392	36.79046	30.50995
15.49992	43.725	40.82893
63.72608	62.64111	66.64889	66.7771
63.05761	41.37147	31.90706	27.75902
63.30115	51.20283	29.27991	14.02266	6.659435
34.15699
6.287412	42.88323	41.82754	66.42825
26.14212	23.76544
36.70085
45.54371	12.70554	34.48848	4.689637
31.25915
43.22586	45.13677
63.96838	66.55468
62.62314	66.55468	36.06499	34.22977	58.90827
64.09578	66.99337	36.068	45.26757
42.45047	33.62091
66.92427	29.23435	47.31751	13.99973	12.94678
31.93008	18.15699	7.140237	23.99148
27.29063
34.81411
33.30613	23.99329
13.43696
35.29124	21.47666
40.43369	65.90091
11.93279
66.64811
66.64811	62.91916	37.29994
50.19664	5.567733
30.5276
66.72107

43.6425	34.49395	20.69495
55.04152	37.16399	31.31951
9.605801
60.70071
62.51526	6.192518	43.93446
61.7899	8.595548
2.225845
64.32612
62.21
19.6782
17.0317
42.2098	6.076659

61.00692

17.7385
64.43659	6.163969
62.468	66.27248	57.71323	7.838645
61.7244	14.57867
47.49373
3.634734	64.59063
64.89257	10.89586
64.14206	66.83157	66.4393
64.35095	66.68003	53.8886	60.45822
20.99707	51.02891

64.31553	66.80956
63.91744	66.80956	7.256687	67.29721	50.19944	35.079
64.59927	66.80956	0.9152887	63.37575
64.59927	66.80956	41.30736	36.02001	21.90071
66.46141	64.20297	47.31169
66.46141	65.09239
26.56035	60.68984
64.29064
66.57245	59.84013	39.15115
66.57245	63.31648
66.57245	4.002621	0.1016741	2.587066
66.66119	35.77514	22.98679	25.20515	13.20296	3.941992
66.67967	21.94852
17.01622	14.80477	50.21301
63.02331	54.71415	6.101783	10.30168
64.0812
61.83962	12.42981	34.86856	31.87687	30.63108
64.97642	67.08624	53.85705
64.38169	66.6761	4.198599

66.52047	60.44504
59.20023	14.86455
64.26594	6.717693	66.44347
62.92913	53.47288	7.253959	66.32755
51.06686	61.46692
14.85499	41.26555


66.55678	50.32232	45.18008	40.23487	34.57863
66.55678	2.42081
18.38158	67.23083
62.11533
45.95304	0.6692564	39.99674	37.98784


62.58923
45.48569
45.74121
36.02005	28.4993	14.37735
55.73286	56.96463	39.94172	23.91175
62.60443	8.435519	3.410355
24.56426	19.7012
33.10296
11.0056	35.94595	10.99402
54.01495
37.6564
44.99446
66.63952	32.2768	67.20974
64.44332
46.27456	66.75517	64.68911	37.63733	17.74017	40.76318
66.66949	62.44704	36.57443	51.04961
66.66949	62.46419	51.47298	19.64536
64.96758
64.89853	53.71219	9.199236
61.11486	41.4878	24.09928	67.10751	52.77541	15.42539	17.51438	64.71521
66.71487	28.23601	16.45479
63.54712	15.21947
30.69419	40.75734	40.13127
62.71109	67.12959
63.04093	50.31551	35.87048
63.24466	19.28333
64.07332
21.39415	62.29437	3.123366	2.143584
64.25057	66.84064	49.75187
66.4921	60.79365	2.912396	59.43575
66.89269	26.25778	63.98291
66.9362	10.67667	15.48431	51.24553	3.566387
22.96385	23.99472	16.02162

29.89605
64.05388
64.32859
62.60418	52.93484
65.01748	58.6803
63.02941	53.41441
62.52139	42.29934
60.84565	54.39014	41.068
62.98802
63.44436	47.59974	35.48293	8.899554
64.60291

64.54026	46.849	24.47881	9.837723	62.76109
50.55853	63.84611	22.8953	43.27274
60.65569	57.01087
64.45206	66.78943	8.757259	60.92332
64.62725	66.51353
64.61066
17.76057	33.63823	17.66315	62.30668	1.05891
61.6172	66.15345
64.23647	56.63748	48.8861
63.83925	49.60642	66.55221
64.48772	50.40097	66.61027
62.79946	54.01369	63.74398	39.89058
32.94358	66.61231	53.44628	63.37134	12.06211	29.95624	62.54946
66.61231	64.74975	13.73027
60.82772	39.81166	16.13889	3.466025	62.49414
65.0786	12.46032
32.23864	42.62909	37.3399	64.00619
63.50817	16.15605	23.93492
64.58752	14.16322
62.53832	53.19781	29.06956	27.98079	24.28338
63.46539	55.45566
64.22743	31.16396
64.06004
62.71658	57.32438
65.09993	67.25559	54.64749
64.38976	67.47566	50.88439
59.22823	66.56231	53.17099	30.7128
66.56231	42.1228	21.07098
66.65531	14.61754
51.43861	19.17883

63.83002	24.38903	61.97281
28.30337
37.81694	36.79674	66.92679
50.96296

15.37194	7.688529
51.45932	61.92736
49.64583	47.94197	15.61143
60.5379
54.38065	54.24071
10.47814
3.374632	56.11013
38.01057
45.06939
42.29632	16.1172
45.25983	66.62821	27.15195
64.66706
64.04466	66.52378
64.54639	66.52378
63.9728	66.48286	49.66131
64.32237	18.15753	8.855314
10.53944
2.474076
29.29438	55.45583
39.85711	21.49354
58.44584
63.43151	9.928517	30.33314
64.65897
6.767708	66.81673	62.78483
50.20996	64.48411	56.2499	37.47507	3.14431
35.19228	16.41998
40.70559	43.72247
37.10511	66.8437
35.94735	39.82076	5.107433	66.48323	56.05678	1.607763	47.48777

43.23652
23.3905
66.74244	53.29773
64.48688	15.44023	10.98325
62.38118	54.90671	27.44894
64.40658	52.81802	66.53189	61.63104
63.62032	66.53189
64.63608	66.53189	34.70556
64.27094	66.54019	41.57466	14.707
55.62529
44.62767
35.92296
64.39163	54.46097	23.72428	32.54932	53.42468	53.58814	7.123648
24.91899	19.01017
14.075	3.896002
64.97421	66.76768
63.9926	66.704	13.82252	49.62764


11.04388
39.19527	45.73504	46.79361	23.2318
7.445168
31.88868	24.33783
37.9058	66.80852
46.64884	66.52025
32.26846	66.52025
21.02017	66.5165	0.2852592
12.99066	66.5165
1.856345	66.86498	21.94963
67.03479	59.24457	14.95531
66.46825	62.06211	48.24337	10.76305
9.090994
37.89938	5.653181
64.49149	2.000283
3.876325
64.13339
64.83395
61.36411	18.46231	6.883887

62.38442	56.62598
63.68883	10.5217
62.2931	56.36118	38.06308	59.68814	62.26475
28.42711	38.77701	55.55288	50.02028
64.26966	66.65524	5.147937	45.36177	4.954075	38.37912	38.02011
64.44803	66.65524
60.83403	66.65524
39.03472	12.66822	27.24654

4.700396
39.52303
7.455492
42.0119	26.67125
44.84018	9.330356	21.15758	15.6389
64.89301	11.33034
64.96331	52.79169
4.969229	52.99007
16.10489	63.11854
64.39968	28.142	49.24932	58.58078
66.97518	49.25107
13.19964	57.18357	67.29299
2.316371
66.53514
65.04537	28.01103	59.1914	34.01901	20.60435
61.09733	67.60304	66.83602
66.83602	61.87516
66.55867	63.92603	7.296129

38.84729
34.77666	59.74275

63.47609	66.58231	1.754493
61.11403	20.75736	36.08269	12.72811
62.49387
63.89356
59.63281	40.46049	37.60821

32.13924

50.53116	61.26659
62.26895
64.08469	15.28801	59.77561	27.14875	56.93521	65.728	12.35054
8.760102	13.26774
60.22587
64.17798	36.73384	23.34723
7.092291	44.00935	40.64634	41.57271
66.6383	31.56556
41.38764	37.30064	28.39636
53.94443	59.61573
59.57339
44.91134
64.64668	53.56779
55.06342	64.47519	31.20114
25.9426	46.13617
25.28115	12.86872	57.62736	6.052509	16.87657
34.03134	23.79426
51.57946
64.89357	65.38436
64.661	4.407325
64.661	26.89917	50.06057
64.56423
63.34654
64.21707
57.23072	15.75357	13.32723	60.98941	25.74206
10.0104
60.89599	11.19447	51.43146
32.97145	43.07917

37.38127
10.44912
65.46834	23.55263	62.42875	37.35638	50.36292
64.52082
2.10808
66.81531	64.9299	30.47822
66.51632	64.25537	10.69652
66.51632	63.73478	2.863839	32.90855
66.51632	65.13151	42.67553	45.18607
66.51632	65.13151	58.46338	15.31314
60.03949
61.58523	65.77474
64.24271	42.62664	38.0168
64.1438	23.57209
25.14654
57.72897	66.26579
64.59763
64.59763	2.596697	45.37474
63.93801	41.3901
4.881115	67.32288

66.71819	22.67665	63.95654	52.72491
64.27184	67.00456	26.36589
46.62388	4.820275

63.68064
63.04721
64.32089
64.85941
63.35952	11.43719	47.27029	39.14851	35.49626
64.66584	66.64839
37.93464

59.33204	66.73882	50.02313	31.70158	2.381167
6.441493
62.06109
10.43309
14.72996	16.4293	4.483115

12.49629	13.03789	51.97112	52.08145
13.36532	0.8754867

37.69461	59.72357	41.11749	18.19391	14.56562
32.1193	37.42342
45.15908	66.56027	17.09649
31.02309	36.66817	57.47711
64.8651	28.77263	60.55891	56.21283
11.42658	8.008373	3.473531
30.9706
13.18542	2.475031	51.85913
21.01497	10.30913
63.05091	59.10212	19.12365
63.33013	36.7064	65.48379
61.10505	51.02893	34.63396	60.32949
3.646626	51.41084	38.5547	41.05901
19.55165	62.60112
64.50969	66.47045	16.22503	2.551965
66.47045	64.68868
66.617	62.73082	59.71203	53.16544
66.5573	64.00331
66.5573	7.743946	22.78461	60.47371	49.40829
66.61267	62.98121	30.926	20.5473
63.77545	66.92721

61.24096	2.186082
64.91338
34.82493
62.70305

44.50452	65.30836

62.97839	15.22667	47.55013	30.83129
6.317151
61.17872	47.56041
48.65391	30.22094	22.79625
26.67189

4.286976	64.55413
28.46701	46.31136
34.16019	7.008196

1.826771	45.42505
37.25301
30.03648	66.65818

33.16239
7.413303
64.56949	32.03322	67.31086
66.66291	24.60253
63.73605	0.8454709	49.48311	40.71559
27.98305
36.92076	15.84255	37.98157
63.66963	66.43274	5.509808
63.70058	66.43274
62.74103	32.0692	4.672459

64.66024	52.53555	11.83183
64.22574	50.94705	38.17258	0.5754271
63.89599	19.25554
2.438434	63.59272	53.2887
64.31238	66.65141
66.57389	64.11273	53.36915	15.37672	41.23486
64.74804	66.6427
64.45611	66.6427	41.71131	41.39085
63.58725	66.52319
64.52163	66.52062	28.49089
63.34085	37.09504	47.42624
18.11767
66.84505	24.9894
63.0565	18.98977
63.49773	38.48019	27.95305
64.05309	51.09053	49.88417
66.57989	6.014961
66.57989	62.07055	63.7289
66.57989	64.66634	40.73237
64.88017	35.0184
61.37894	27.64099	26.05391	19.06629	19.21544	62.33339
27.35608	21.78898	48.12882
63.71579	66.51578	11.75014


36.11189	41.11365	66.18885


64.30429	38.88108	36.62662
17.92462	19.68558

64.14404
63.72542
65.00472	66.52668
59.41722
16.06521
37.14953
17.27051	39.84061	9.979253	12.73789
21.97729	17.47265
64.93911	67.1614	47.63188
58.60589	63.42797	35.20466	64.43123	41.35483
36.51187
52.95293	62.56827
62.30439	66.60462
55.72047	67.60663
25.24558
65.16364	0.3731101
64.76339
64.60534
45.42272	67.01986	30.59681
53.86384
62.88594	47.20691	66.79613
65.46364	66.79613	62.7653	6.440991
64.37195	66.53768	18.08518	2.360406
65.11954	66.53768	27.55413
63.03793	66.53768
64.77898	64.38984
65.01923	25.55452	30.98682	18.27687
65.08143
62.06286	66.425	2.848284
63.67506	49.15219


49.60855
63.21734
64.65434	42.20086	53.0591
64.65434	0.3792773	64.24267
62.80028	49.35428	64.21176
7.979381	31.89274
29.04944	65.45999
38.37814
63.06264	1.18111	36.12169
62.59048	66.56416	42.22901	33.1323	40.80655
64.8655	66.75426	13.28751	24.82015	6.600302
61.47275	66.62051
63.03142	66.62051	45.03282	60.32479
62.68108	56.75321
57.01382	55.8225
19.33918
18.46862	41.86979

58.1466	13.46576	6.218286
64.37994	66.57594	11.24701
64.81599	66.57594	2.828719
64.55442	24.0807
64.21872	66.41481
62.99394	4.030959
24.14883	61.78517	40.98295	21.18815
38.89812
0.7162075	38.43079	62.86608	67.25615
64.37492	58.10765
65.01141
62.90232	65.71098
62.66808	17.81241	59.61043	26.97244
11.42323
49.68575	64.75139	33.84727	64.44799
64.6659	14.95966
63.40187	22.12763	25.66706
42.17643
64.99241	6.041227	5.738262
64.58846	66.83998	52.95107	27.86198	43.6412
63.6564	51.1297
19.29297
51.42883	36.62696
67.09941	11.50375	65.65466	62.0901	63.89616
63.66388	1.59973
64.64378	53.94845	60.84945
64.54489	53.02964	7.181632
63.43951	50.55738	49.74726
64.90449
59.68906	40.54249	23.9898	27.18111
62.982	28.78711
64.5126
64.23065	50.20022
63.25853	45.40884	15.57736	10.57492	54.10471


7.338037

1.15933
66.62757
64.5733	34.86617
25.52832
64.99962
63.37392
12.49828	23.28277	65.74001	67.43188

56.58963
15.72504	26.30411	45.55844

4.606097	4.587911
33.83845	56.26351
42.60252	67.04227
65.14111	19.31013
62.92338	16.47686	11.80518
16.26337	27.46594
62.97539
63.04268	66.97231	29.54202	5.277814
64.46779	66.91531	41.16102
63.74113	53.8376	24.81183
64.54337	13.85034
62.78064	67.04002	43.62951	12.67471
64.97964	28.61424	28.52246	30.55654
64.60844
62.57274	67.46394	56.15937	4.406858	1.710304
64.64301
66.4813	64.23446
64.29842
65.03998	66.46359	67.71487
64.55907	53.05597	51.92656
64.64008
33.52553
38.46323	33.4089
12.61717
4.105662	38.98871
32.71914
19.67588	27.08869	57.83546
10.25331	3.848764	1.51127
23.09525
43.85918
22.21012
20.55193	26.93046	38.23539

66.65183	62.54745
66.5428	64.60852	6.503134
66.52928	16.55841
66.42636	64.78488	33.79187	57.18006	32.44094	57.27121
60.90349	19.41186
64.67346
53.00011	62.83816	52.98491	50.1046	13.28684	22.66905
46.60164	63.53101	13.16973	41.52716
31.02176
61.60822	54.69418

46.43269	66.796	3.938032	64.86493	1.221441

66.44894	21.46679
20.468

18.62508	11.04332

36.62356	2.267299	7.879779
39.55043	66.45117
21.71058
14.97898	12.80066
64.9367	35.13843
37.19529	65.0774	67.26097	52.25219	2.833036
66.56657	60.14732	46.04644	37.84404
67.27303	14.84119	64.46927	5.053799
46.16657	31.29527
19.00406	4.743592

27.67749
57.18383
40.57795	5.864315	21.64073	64.569
65.14468

28.33851	24.69546
15.51696	13.8068
8.127942
39.36784	11.04534
64.60874	52.73423	29.35933
64.42903
63.58472	53.27868	17.89363
13.56155	28.88361	18.37563	3.636921	19.11534
64.18918	53.35867	44.59181

3.597789	26.34662	21.30107
30.81071	66.96925	65.64985
63.70157	66.24028	66.22767	34.84487
63.4758
33.48923	14.73477
64.46877	0.662579	63.93628
63.48727
64.63656	57.62055
57.22765	64.55742	14.56028	57.38133
37.5832	0.5248165
14.40414	36.42505	31.90854
52.643	62.31904
65.15995	14.96127	1.698446
61.51378	7.358835	10.70542
37.88919	50.63827
3.247058
66.50399
23.80918	48.25471	7.577319	26.53787	46.25245	7.763434
13.62305
64.14708	31.39434
46.63392
64.46779	42.8343
64.28389	21.01959	17.86233
59.98638	52.86519	60.98287
33.72747	2.707014	0.936662
8.820698
64.62975	48.30946	4.040828
32.44056
41.56856
1.717661	38.22837	19.52296	59.83652
64.66881	66.74966
64.66881	66.70978	49.85893	60.39152	42.63083
64.66881	66.70978	57.24156	31.50576	19.3704	28.75847	8.543277
63.66672	29.72858	8.532295

33.63351	63.87958
45.56654	61.10023	60.27881	44.39194	3.253354
56.44862
62.73591	9.703056	5.179724	34.21247	65.45318
63.31695	53.25236	67.74772	27.68398


64.57954
30.67735	61.85824	49.20318
64.97971	66.7103
64.43397	66.53767
62.20032	67.07491
66.59558	64.39695	25.76191
64.1942
63.03945	66.51892	5.295227	55.50884
60.02137
64.51745	66.53088	7.220788
66.53794	64.17217
66.53794	63.90922	47.89946	28.07769
66.53794	65.09741
66.53794	64.55462	10.83995	31.21765
66.53794	64.46936
64.34836	33.92842	24.3798	15.04822
36.26979

65.10344
29.57149	50.68312	41.96026
64.48285	54.33385	31.17958
64.73528	23.62676
63.86656
60.50688
24.55052
18.18328	57.38048	56.41968
62.5655	30.34136
59.17346	63.8137	66.58782
65.24286	66.60361	64.87482	7.903792
66.60361	64.01307	52.66383	20.64074	28.92569
66.5519	64.01307	9.148239	62.49573

63.91934	67.60072	3.485974
61.9625
21.5015
44.73716	27.50567
26.67081	46.04984


59.58584
47.52563
62.86032	55.90232	41.78488	26.70125	5.914863
64.59457	51.18023	18.53247
65.16956	67.85432	67.20763	51.01098
62.80067	3.112746
1.500829	51.58478	16.93788
46.11567	2.906702	43.81585
0.8941436
62.7413
59.58019
64.35725

11.92074	57.76641	66.96741
66.77205	65.09586	47.94068	37.79764	33.46877
64.51008	51.44572	62.31682
9.131047	37.64769
13.12617
7.935448

18.53091	6.348027
10.63846
42.48919	57.53795	31.24685
60.46219
62.26541	42.87029
63.42756	28.57889	63.23708
1.17052
11.19287
62.68798
65.09443
63.77147

31.11948	13.4051	55.47568	62.82812
65.75742	66.72377
63.36472
38.98734	33.36252	38.80438
49.39619	32.08765


38.32821	19.62885	18.84118
65.14615	66.5872	59.22815
