SpeciationRates
0.04561253	0.134438	0.2268708
0.02214094	0.1816933	0.06238526
0.1548633	0.2032873	0.1047156
0.04093076	0.007612052	0.153525	0.09203482
0.1505163
0.04053216	0.1193548	0.03795736	0.04379918	0.1039356	0.1881534
0.06307201
0.02962237	0.1918904
0.05547899	0.1704225
0.1825096
0.01697867	0.1779408
0.05336825	0.4111071	0.05961943	0.06794963	0.1078871
0.08915208	0.1350892	0.03483081
0.03575642	0.127412
0.0514391	0.1063398
0.04713678	0.1913927	0.21839	0.08516771
0.1276107	0.1754404	0.01908351
0.07724449	0.1130642
0.1446221	0.2355592	0.05197013	0.09774049	0.1789705
0.1907401	0.3157313	0.08403655	0.03410949
0.006907964	0.08220693	0.1637651
0.1139524	0.08879606	0.1735805
0.05050793	0.1917945	0.1076319
0.07017689
0.06043509	0.1212618
0.07037959	0.08437013
0.04558626	0.153565
0.05525371	0.138363
0.1450212	0.1940741
0.1193098	0.1400535
0.09358724	0.1837732
0.03691747	0.03327827	0.2049692	0.2978143
0.05731431	0.1890848
0.01142513	0.1884906	0.05250976	0.1087885
0.2161882	0.1566224	0.1352042	0.09704825	0.146345	0.06314885
0.1450657
0.1637128	0.1539505	0.159899	0.16483
0.04744274	0.1193436
0.06219201	0.1841444	0.1162875
0.1729112	0.1081131	0.09847499	0.1145197	0.05775658	0.02324436
0.06260544	0.1195821
0.0617106	0.1201407	0.04816941
0.01759346	0.08019666	0.07520196	0.3440168
0.1765679	0.1701433	0.1578891
0.1752605	0.2530984	0.01893343	0.1246576	0.08150164
0.0229125	0.1544509	0.04812657
0.05996558	0.1366074
0.2118071	0.01225218	0.1117058	0.1279894
0.01946864	0.1969501
0.08343471	0.1779111
0.213093	0.1664294	0.07653541
0.04439748	0.1535721	0.1644058	0.05949776
0.05340048	0.1599838
0.09402863
0.135946
0.1406659	0.1135722	0.2606407
0.2146571	0.1359804	0.1233573	0.1115599
0.08324349
0.1164551	0.1264661	0.1279337
0.05542315	0.1037812	0.07732198
0.004440937	0.09055017	0.1107553	0.09526166	0.08359628
0.0565809	0.1621638	0.2340066
0.06344937	0.115854
0.1058546	0.233623	0.133141
0.173108
0.07747404	0.1638301	0.1067742
0.1443357	0.02544004	0.1952612
0.2681651	0.253685	0.03638433
0.1967126	0.05076609	0.1262663	0.1401663
0.1060841	0.01542031	0.2663401	0.03783868
0.02530131	0.0132186	0.2510893
0.1095528	0.1411055	0.09236833
0.1063698	0.1342415
0.09848384	0.05569076	0.1392164
0.04996862	0.1065292	0.04579139	0.1204606	0.01663257
0.113795	0.04959352	0.06038278	0.04171474
0.03921174	0.2707539	0.1443351	0.1865852	0.121651
0.02140037	0.1931063	0.05587971	0.1785284	0.2159496
0.007202282	0.2539294	0.02304941	0.1287782	0.2121415	0.07766077
0.04971643	0.1328185
0.06203068	0.06150534	0.1881717	0.2201333	0.05825115
0.05112456	0.136345	0.1747841
0.04234897	0.1559523
0.03896535	0.2414962	0.05794879	0.1680866	0.03463367
0.04539543	0.1656981
0.07363746	0.1796589	0.1556345
0.04784393	0.208045	0.04210677
0.0442213	0.2307842	0.03903778	0.07945369	0.02540777	0.01122625
0.03948267	0.2638666	0.07550036	0.1442648	0.0264599
0.1221911	0.1666853	0.1365646
0.02039001	0.06892823	0.2063801	0.2261789	0.04004558	0.0509268
0.1053322	0.210696	0.0476277	0.1305834	0.2321236
0.08363808	0.1821112
0.06910727	0.1858442
0.03048426	0.1760086	0.2272891
0.1203386	0.1937375
0.03480652	0.2224569	0.04421159
0.1468857	0.1416437	0.199438
0.06183438	0.2668578
0.168433	0.0002783523
0.04437571	0.08512857	0.3175119	0.09892523
0.1030083	0.1072857	0.08138067
0.1718804	0.1610604
0.1256764	0.00104942
0.1010801
0.1006457	0.1634857	0.1018047	0.152202
0.06779276	0.1512549	0.197958	0.08303567
0.009624805	0.07010066
0.08434096	0.1119292
0.1094738	0.2138621	0.0696501	0.1015853
0.02114335	0.1442494	0.05196698
0.03184929	0.1752653
0.0675373	0.1747119
0.06676748	0.1220727
0.1182473	0.1137869
0.03301328	0.1313108
0.2186927	0.1271313	0.08332507
0.09719096
0.02985068	0.09747734
0.098132
0.2259476	0.1696781
0.277766	0.1471437	0.03368907
0.146121	0.3252822	0.09465408	0.07358162	0.0844045
0.202199	0.1234496	0.05376021
0.1806687	0.1199914
0.1110481	0.06403759	0.2463066
0.04042886	0.1852449	0.04366119
0.143294	0.3427639	0.001575331	0.1903414
0.1742912	0.2700047	0.009070949	0.01525555	0.1393298
0.1240219	0.0473836	0.07823332
0.09648539
0.05823424	0.2633551	0.01702484
0.002902174	0.351552	0.01762812	0.02948468	0.007256433	0.05748813	0.157237
0.002272735	0.2481352	0.07614525	0.06977351	0.1137691
0.01016914	0.2611828	0.01948465	0.04340782	0.2740423	0.07278198
0.1004029	0.1014387	0.3223085	0.02748767
0.1043959	0.05051752	0.2344256
0.1079946	0.1138395	0.2067226
0.04658677	0.1198606
0.1077062	0.009032267	0.2157156	0.1979694
0.1157358	0.009494151	0.1853057
0.07447166	0.01995982	0.3062698	0.00141369	0.1386469
0.09230284	0.0309625	0.2598767	0.06344665	0.0839595	0.1044566	0.01306263
0.0396393	0.01749471	0.1533043
0.1362791	0.1241783	0.1571319	0.1040312
0.03569421	0.1986365	0.008027781	0.1676539	0.0983048
0.0296423	0.1014197
0.0308166	0.1921396	0.04607854	0.07055211	0.01371447	0.1392895
0.04641967	0.1891371	0.04968449	0.04967643
0.08630461	0.2312815	0.001613522	0.04741966
0.106241
0.05105238	0.05268434	0.2297752
0.2430598	0.1581536	0.07243941
0.126444	0.2991683	0.02994639	0.005863249
0.1577143	0.2030612	0.0009345221	0.1058249	0.1500202
0.08306041	0.02652346	0.1234925
0.0699215	0.1415999	0.15373
0.1259396
0.09145333
0.1596355	0.05428018	0.1970137	0.1196343	0.1098727	0.1125225
0.02634954	0.05890875	0.2594107
0.02552332	0.2676717	0.07663335
0.1179273	0.2066762
0.2593684	0.1383674	0.02927672	0.07252631	0.02244512
0.09942974
0.1194345
0.03867815	0.176913
0.118126	0.1872622
0.07788699	0.1456593
0.03185313	0.1956217	0.06003087	0.08348194
0.06483519	0.0203019	0.1080184	0.2612223	0.1547599
0.1295359	0.171983	0.05562058	0.09180245
0.08110946	0.1150206	0.0346051
0.1651046	0.1433858
0.08423375	0.02660492	0.1763273	0.09956462
0.1481884	0.1273241
0.06628437	0.1141175
0.03383452	0.2078269
0.1490491	0.06837202	0.1543781	0.06516199
0.06672723	0.2382603
0.1640846	0.01972107	0.02855117	0.346195	0.08075703	0.04654694	0.05517527
0.04022513	0.005491223	0.2519534	0.08185837	0.004900385
0.08010355	0.007797819	0.1779334	0.03965243	0.06375502
0.07323948	0.1648768
0.0451306	0.2002974	0.02718458	0.03944822
0.0435704	0.2073648	0.1255362	0.06858712	0.06204964	0.1559271	0.3054216	0.1071179	0.3026149
0.09939229	0.02927768	0.1310588	0.06911902
0.07231442	0.1221811	0.07937247
0.06687502	0.2091127	0.1317253	0.254673
0.101176	0.2190966	0.01024144
0.04250508	0.1573243	0.009093902	0.03577805
0.0962537	0.1257521	0.06506913
0.04788104	0.1662781
0.09641273	0.1076196	0.1295	0.06056892	0.07785824
0.06008794	0.2620718	0.02221997	0.01223197
0.1919564	0.05594743	0.2474965	0.1590294	0.08452543
0.04655832	0.01138754	0.199118	0.2685639
0.0436074	0.003056103	0.2243631	0.1968392	0.1498224	0.1004508
0.1110551	0.001594113	0.1061567	0.1811577
0.08463732
0.07816381	0.1047387
0.02074237	0.145374
0.02717937	0.254407
0.05042588	0.1674964	0.001152375
0.09389028	0.2606344	0.03939789
0.08723727	0.1267559	0.02262164
0.1220725	0.1193588	0.02016046
0.0674074	0.1848525	0.01136982	0.1468898
0.03501962	0.1447629
0.0612408	0.09960767	0.06451486	0.1241679	0.1275963
0.0651442	0.2242179
0.09287555
0.0113362	0.1600833	0.02109894	0.1698738	0.01717891	0.092124
0.2455928	0.08358595	0.1382442	0.1868625	0.1715057
0.1113058	0.09778214	0.04786543
0.00282184	0.2810706	0.01837577	0.05420046	0.01567548
0.103518	0.2876909	0.01848694
0.03796183	0.2597794
0.09804222	0.03901048	0.05567565	0.1460421	0.1425372	0.07743526
0.04330412	0.1554932	0.09936274
0.03554149	0.1654498	0.0543021	0.07214859
0.1447143	0.2206467	0.03467891	0.02529069
0.05614109	0.219755	0.00314201	0.05574588
0.09016256	0.2090053	0.03618097	0.1090986	0.1862406
0.04814798	0.1916757	0.03387215	0.03762872	0.3341311	0.073201	0.01891708	0.1405615
0.09522395	0.0326745	0.2649394	0.0676437
0.1202396	0.1153437	0.07677111	0.1613661	0.0354488	0.2183871
0.04012452	0.1575674	0.1738173
0.02563292	0.04397677	0.1193556	0.05415229	0.2030101
0.03031525	0.157245	0.1474655	0.1656298
0.01331282	0.2587749	0.06055379
0.03837381	0.1481629	0.001005806	0.0854974	0.1961899	0.1281949
0.07552256	0.2216091	0.02871558
0.06030938	0.1421784	0.0512714
0.03745504	0.2101519
0.05639322	0.08039429	0.02041393
0.07663279	0.2601563	0.004264277	0.01920744
0.06895816	0.2127363	0.08762131	0.0531626
0.1574443	0.2669326	0.04887368	0.1573818	0.06688922
0.1490937	0.01654542	0.2349506	0.2037108
0.03299437	0.009444007	0.2227672
0.1192042	0.1324489	0.101045
0.08839964
0.1696758	0.1682581	0.04942362	0.1050075
0.08050571	0.1231049
0.04893536	0.1125481	0.01563907	0.00507149
0.06743667	0.1192164
0.2343081
0.02556137	0.1588321	0.05101795
0.09996864	0.04278737	0.1177978
0.09590311	0.1514914	0.14929	0.09692106
0.06812055	0.2251343
0.1767419	0.1613514	0.07504837
0.02395997	0.09637856
0.05104922	0.2037391	0.1438532
0.0752559	0.1690422
0.06590199	0.17249
0.1510125	0.1631166	0.1601732
0.006375325	0.2033007	0.05706722	0.121644
0.03728043	0.1615294
0.05480129	0.2131212	0.02138851
0.03536594	0.3956278	0.008260086
0.05052969	0.360817	0.08486272	0.02825734
0.005579127	0.2251731	0.05801171	0.1385317
0.02924123	0.1056254
0.03065673	0.1260053
0.1736429	0.1349195	0.108621
0.07621117	0.1362849	0.1598611
0.02791644	0.1198556
0.1709874	0.1058719	0.06222781	0.08180652
0.02077648	0.1546279
0.04472965	0.1149925	0.03539404	0.1372347
0.0476595	0.1865078	0.1324841	0.01683501	0.1569074	0.09874557
0.06808929	0.1832698	0.06833107
0.05212442	0.1208829	0.1822489
0.00901525	0.1715811	0.0619623
0.2243101	0.08520035	0.1786234	0.08051336	0.05100192	0.2223417	0.1391214	0.07059375
0.1233008
0.07269459	0.135122
0.03864436	0.104244
0.101666	0.02033424	0.1723262
0.06355414	0.2356295	0.06634227	0.2727441
0.08253354	0.1737668	0.006922081	0.1188664
0.1078511	0.2397742	0.0528001	0.09481997	0.1245958
0.04586711	0.2236582	0.0303491
0.03052574	0.3465917	0.00275791	0.03368253
0.02933363	0.1468657	0.03604765	0.05130819	0.06927354
0.08366149	0.1047848
0.0476108	0.16129
0.06387206	0.08024356
0.1147205	0.1716348	0.06068674	0.06828819	0.2371683	0.1917215	0.08973792	0.1404525
0.158426	0.114573	0.2473754
0.1608017	0.1316179	0.0199623
0.06031637	0.1806454	0.07218839
0.01557322	0.2827774	0.04320084	0.04241193	0.01909407
0.1357932
0.1005632
0.05962903	0.1159683
0.1236223	0.08485636	0.1072366	0.1499243	0.03956517
0.0622008	0.1593004
0.04290201	0.1533137	0.1484156
0.06432619	0.2861377	0.1266007
0.09958942	0.3073457	0.02057839
0.1156531	0.2251802	0.04166025
0.07065404	0.2851517	0.008363907	0.06202877
0.07404529	0.2676046	0.03398608
0.1022857	0.141088	0.02181693	0.168224
0.0756533	0.07405011	0.1859734	0.1013418
0.05418307	0.03787256	0.2405247	0.06984537	0.03993348
0.05250085	0.1490754
0.09467717	0.1147766	0.08987862
0.1532008	0.2503838	0.1047347
0.05610281	0.1273732
0.07623703	0.1988151
0.05443097	0.1905969
0.09798989	0.1270304	0.04689425	0.1988635
0.09774073
0.06447502	0.1551264	0.02519183
0.02424342	0.1741704	0.02568432
0.1634664	0.2166338	0.04040387	0.0420158	0.01267749	0.01671612
0.03595486	0.1985237	0.128375	0.08794243	0.1009304
0.107919	0.242899	0.03820478	0.0760409	0.02703242	0.1508672	0.02950281	0.1161635
0.04826059	0.3219231	0.01139215
0.09589659	0.2037113	0.01997604
0.0353619	0.2098302	0.1244626	0.1574307
0.1289715
0.04337862	0.1658842
0.08924584	0.2026003
0.0441706	0.1115343
0.08963449	0.1458962	0.03587901
0.1203305	0.1342894	0.09251908	0.1108464	0.01034593
0.06854267	0.1984322	0.08261212
0.03897712	0.2196581	0.01142857
0.05978379	0.1157845	0.177375
0.05547691	0.03982793	0.1146475
0.01407661	0.1758467	0.1163468	0.02110633	0.1447409
0.1165837	0.04614335	0.2634417
0.03250883	0.08232697	0.145016	0.1456783
0.3331099	0.1345776
0.1282317	0.02498854
0.03757997	0.2057864	0.04550394	0.07374519	0.07921514	0.04098865
0.0508067	0.1439676	0.2689769	0.03848991
0.08601292	0.007038335	0.2957172
0.1280189	0.007368556	0.2406805	0.03698369
0.1483535
0.08521613	0.1135484
0.04038746	0.1306379	0.1330076
0.1038481
0.001671005	0.2154681	0.01925468	0.06820946
0.0130352	0.1253369	0.0853935	0.06285902	0.04582977
0.03743993	0.1890649
0.07179458	0.1881806
0.030914	0.1025853	0.07061398	0.1444886
0.05670564
0.07918569	0.08909633
0.07974451
0.08804158	0.004736247	0.129819
0.03965686	0.1547394
0.08610891	0.2542518	0.08988269	0.03067567	0.1346972	0.01216093	0.1911568	0.09040549
0.01737439	0.09985613	0.08210758
0.1557301	0.1391344
0.08752519	0.1948311	0.05712582	0.06598815
0.02123994	0.09628326	0.1476179	0.0391061	0.0451611
0.02503241	0.06227487	0.1204912
0.05000669	0.1579644	0.1583046	0.06198596
0.1541818	0.06514279	0.2089763
0.05001869	0.1272387
0.06896515	0.1337497
0.06840622	0.1612174	0.01186574
0.140268	0.04115167	0.164412	0.1288657
0.02738713	0.1722262	0.1513611
0.02868341	0.1947415	0.08953399	0.1390133	0.1635008	0.04954219
0.04087411	0.1299359	0.07849052
0.08937207	0.1511769
0.03847724	0.3097532	0.1434487
0.1748601	0.1800167	0.0508458
0.005421578	0.2586635	0.08763594	0.03884278
0.05702384	0.1096487
0.02630603	0.1584836
0.07501985	0.1787609
0.06574916	0.1571563	0.087568	0.2077293	0.1798293	0.1814617
0.2490448	0.1408217
0.1319155	0.1321624	0.08537302	0.03248266
0.1401913	0.1088138	0.1195375
0.09965352
0.1328238	0.1965579
0.1887969	0.1511725
0.0233334	0.1216401	0.07280563	0.1600311	0.03741237	0.07127668
0.02888834	0.1232593
0.06560734	0.07497825
0.08116596	0.007760918	0.2701065	0.03802505
0.1303048	0.05751343	0.3113955	0.07684705
0.1281438	0.01681265	0.3062621	0.05282136	0.04829045
0.1267993	0.003571617	0.3783858	0.04558178	0.03506303
0.1672545	0.0006575512	0.2177431	0.04687429	0.07379914
0.05852343	0.1630629
0.04744741	0.1339478	0.07966953
0.06062411	0.1565157	0.04994175	0.1673622
0.04782919	0.1798244	0.04383754
0.06069182	0.1149303
0.07738011	0.1363311	0.1645406
0.0438233	0.1362659
0.2270415	0.1429779	0.04678925	0.04272202
0.08417972	0.174188	0.08922349
0.1323186	0.1544801	0.0791272
0.1292187
0.07095744	0.0652644	0.1713548	0.2891951	0.09779977
0.1062639	0.2599305	0.05251217	0.05677844
0.05323812	0.1166803	0.0866222
0.1644584
0.06637842	0.1611515
0.0511272	0.1778026
0.0383337	0.2040493
0.04893973	0.1862979
0.02724706	0.1550221	0.09435209	0.02121377	0.1150402	0.1645951
0.04186764	0.2616789	0.02000934
0.04787737	0.1325376
0.1351775
0.3065496	0.1631712	0.01048979	0.03048732	0.1958317	0.09715657
0.004802966	0.1038058
0.07496984	0.1855803
0.01801824	0.1552627
0.07778934	0.2304692	0.1295472	0.03979957
0.1289138
0.2174938	0.07703331	0.06378702	0.08734458	0.107855
0.09062458	0.1761124	0.09758705
0.1809306
0.1204261	0.097781	0.1966437	0.1568314	0.05817702	0.1375846
0.1317618	0.1034909	0.156325
0.1419303	0.2627826	0.02113179	0.2287132
0.04431444	0.08247834	0.2259448	0.07417525
0.1097999	0.2660834	0.08063147	0.1335561	0.01453598
0.190913	0.1234146	0.1226655	0.006835938
0.1213513	0.07099921
0.1774991	0.1237429	0.008578532	0.158693
0.09120706	0.1343232	0.1090937
0.243358	0.1993695	0.05014482	0.1293092
0.03038941	0.2147902	0.04715549	0.09566168
0.04105273	0.09660202	0.0244803	0.0747497	0.08221275
0.075676	0.1027447	0.09387101	0.09378435	0.05405009
0.08320335	0.01889084	0.1622125
0.0204562	0.2374474	0.02220794	0.04241912	0.10453
0.01846298	0.01265088	0.2154671
0.05855344	0.05397569	0.310961	0.01760894	0.04514875
0.06432953	0.05792965	0.2887694
0.01882607	0.00717651	0.2516258	0.09430633	0.1530664	0.0315294
0.1531351	0.0003258711	0.2966965	0.1071844	0.1776915
0.09831405	0.2408024	0.0792259
0.140057
0.1113139	0.2014655	0.1408903
0.06848858	0.2125952
0.1119282	0.1437874
0.08228905	0.3183263
0.1616035
0.08733521	0.1290286	0.1433507
0.1567707
0.1150383	0.1734144	0.1927828	0.02044015	0.06052483
0.0470972	0.07945678
0.1503575	0.2326164	0.04361018
0.03081395	0.1385487	0.1146241	0.1861569
0.05534579	0.08529874
0.09524386
0.1485401	0.09047243	0.1291177
0.03736709	0.06856082	0.07569803
0.1241731	0.134229	0.06987577
0.1064777
0.08962383	0.1495613	0.1748882
0.04073989	0.1519233
0.07898971	0.2213098	0.01803009
0.1304825
0.1084972	0.176272
0.0500234	0.1006904
0.07800875	0.2046479	0.04125597	0.07541111
0.2068794	0.03539419	0.1912245
0.2145445	0.1552572	0.09328563	0.03599318	0.2219856
0.09489391	0.07010858
0.1811923	0.05724189	0.1667229	0.09838561
0.1976664	0.2886783	0.1259947	0.153961
0.07410499	0.207567	0.09652856
0.03349247	0.2241228	0.08864827	0.09765952
0.06804789
0.06384383	0.2080693	0.04456357	0.2084212
0.1608797	0.11267	0.08561528	0.1939001	0.1843402
0.01806181	0.1304272	0.06407803
0.04818315	0.04933749	0.192534	0.03763866
0.0270538	0.3773158	0.01329337
0.01133031	0.02876834	0.2416733	0.0175756	0.1700724	0.06854611
0.05427251	0.2024513	0.003418098
0.03139392	0.3541562	0.05839963	0.02447653	0.0003545357
0.05079206	0.2319354	0.05190052
0.110369	0.1902949	0.009250763	0.03337288
0.1130845	0.16546	0.2687743	0.1338754
0.03481783	0.09866756
0.03592192	0.02190153	0.1177071
0.076072	0.1700477	0.05447671
0.1324682	0.1144087	0.06201391	0.1012945
0.09056738	0.113913	0.2608293	0.01696734
0.09135393	0.03601094	0.1394212
0.1267494	0.07047316	0.09379147	0.2457168
0.1611007	0.03601664	0.3434102	0.1015166
0.1142698	0.1978066	0.05621731
0.08607997	0.1062429	0.06992631	0.05539462	0.008143776	0.1433794	0.1847314
0.1347327	0.1585043	0.1404915	0.08674159
0.05832354	0.2326962	0.02970181	0.09701554
0.08823939
0.1144555
0.02953291	0.1090494	0.1062333	0.09960905
0.06213095
0.0996229
0.1051376	0.2683292	0.09380162	0.2121089
0.1617893	0.07960359	0.1502537
0.1145893
0.03659905	0.1837673
0.04683681	0.1997624
0.1495605	0.249653	0.01970205
0.1277791	0.1278423
0.1133551	0.07955884
0.03714643	0.06036778
0.07952251	0.1180439	0.1277281	0.2067872	0.1806124
0.1592341	0.1596975	0.01133092
0.04516798	0.1945616	0.01436035	0.04543974
0.08656977	0.1011152	0.05653546	0.08930939	0.1316348	0.08084162
0.07688066	0.2228627
0.07619104	0.06575399	0.2401412
0.1093219	0.2189655	0.01697527
0.03383939	0.1359903	0.02227963
0.1077927	0.07241113
0.1110119	0.1771111	0.04148419
0.05873925	0.1755748
0.06961054	0.2253978
0.06527486	0.1521905	0.04345793	0.04423496
0.1064099	0.108923
0.09584915	0.1939513	0.04016793	0.03418099
0.07400262	0.2834192	0.007734418	0.1939862	0.06949048
0.2062603	0.4032315	0.03851503	0.04013855	0.1966271
0.1000676	0.3613854	0.02525412	0.0734918
0.02784554	0.2876385	0.04676176
0.04514148	0.1173719	0.03106291
0.122657	0.1692392	0.1909091	0.06325799	0.05783163
0.06031683	0.1714447
0.3530071	0.1603118	0.2301561	0.02639399
0.06463629	0.1189012	0.06294597
0.09386672
0.09820499
0.1021452	0.1464741
0.05060097	0.11833
0.05433879	0.1558185	0.06908917	0.01246298
0.05718969	0.1316892	0.05992358	0.07729684
0.07729374	0.07587287	0.04087409	0.2290209
0.2556868	0.02767918	0.06899836
0.06051915	0.2018112	0.215983
0.1115087	0.1137973
0.02477436	0.1752211	0.08685796	0.1141349
0.07950701	0.1893065	0.0347376	0.01905009	0.06581621	0.1401776
0.04734595	0.2401959	0.1203594	0.07500822	0.04065331	0.04587777
0.02624768	0.2640649	0.01101423
0.05534833	0.2891175	0.001335033	0.03269598	0.04511408
0.03693108	0.1926057	0.002017606
0.04217825	0.1254955	0.1144528
0.04897709	0.1316026
0.135987	0.09388566	0.1757518
0.1533433
0.1482971	0.1989516	0.1107286	0.05213095
0.1760059	0.2767905	0.005680507	0.06942323
0.1728702	0.25775	0.007847825	0.0826587
0.03301086	0.1401944	0.04273416
0.05115333	0.2226644	0.04055035
0.04225691	0.2330752	0.02198413
0.02861889	0.09296272	0.1722728	0.03035362	0.05400756
0.0823698	0.1088976
0.03251753	0.1668557	0.121933	0.2634757	0.05842191
0.135903	0.2292738	0.05827891
0.03722818	0.2213134
0.03270739	0.1170937	0.1920866
0.1099904	0.2625164	0.1043483	0.03058103	0.1207831
0.06616658	0.1505635
0.05074343	0.01570795	0.1383896	0.1584508	0.1790329
0.1079683	0.2292758	0.1751667
0.07295871	0.1749526	0.06256816	0.1036154
0.06837811	0.2328304
0.1409329	0.2492254	0.07465449	0.187079
0.01787813	0.2463171	0.01325661	0.01059524	0.2345916	0.1302963
0.04516249	0.2022338	0.02845835
0.0343774	0.1603985
0.1408898	0.1575725	0.1603737
0.06691679	0.2311833	0.04927986	0.3492727	0.303121	0.3757631
0.2291573	0.1916795	0.05244682
0.04845734	0.1451684	0.03483686	0.05914961
0.03009988	0.1588579	0.02282304	0.06600903
0.06060657	0.1214575	0.0279639	0.1549186
0.06802292	0.159696
0.1032254	0.1470355	0.0497809	0.1296293	0.08605444
0.0243133	0.1588314	0.0202
0.07332374	0.1610641
0.04669176	0.09542635	0.01810457
0.1142079	0.1549388	0.04687935	0.09648741	0.1252603	0.03432991
0.08162718
0.1406082
0.02590082	0.1105276
0.1477724
0.107611	0.1277733
0.1606475	0.04412485
0.1036154	0.1766142	0.1006049
0.0533263	0.1098556
0.1134732	0.1305222
0.06327548	0.1653809
0.06175256	0.1060528	0.1475179	0.245156	0.01809051
0.1668181
0.1775921	0.1847167
0.2495516	0.0814969	0.1341113	0.1032229
0.138463
0.1509055	0.1666991	0.03213885
0.02742325	0.2006555	0.1113115
0.0512139	0.2371373	0.06432527
0.09223624	0.2257664	0.09385628
0.006329479	0.2135864	0.07631283	0.3181469
0.1899102	0.0598834	0.1548458
0.07169014	0.2113513
0.1109021	0.2674319	0.06933861	0.06548225	0.06739409
0.05473406	0.189564	0.00409498	0.03587824
0.04703845	0.1770396	0.07602992	0.07813902
0.03949665	0.1544532	0.06162893
0.04772099	0.2456422	0.1877307	0.03537027	0.08644445
0.02421461	0.2030991	0.01255404	0.09402871	0.04543079
0.02944658	0.2064717
0.09721034	0.2094758	0.02146152	0.01303086	0.08541808	0.1079831
0.03642791	0.2632927
0.03350815	0.08379035	0.1707957
0.02596337	0.1479276
0.04229875	0.294425	0.06162797	0.1567771
0.08754332	0.2142704	0.00287851	0.06572684
0.0874244	0.2620439
0.2896444	0.1687237
0.05584644	0.1660228	0.1087941
0.1431211	0.1054742
0.09676412	0.1310443	0.1804055
0.116546	0.1104873
0.07818915	0.1143995	0.1187574	0.2934983
0.01710167	0.1054963	0.1766355	0.02815398
0.2293078	0.143277
0.1340836	0.2198984
0.02770079	0.08813813
0.06921044	0.0769509	0.2369878	0.1606222
0.09107261
0.04179078	0.05331856	0.1318581
0.1036598	0.02453954	0.3560232	0.07848305
0.03426542	0.02486326	0.1429502
0.06222351	0.04721785	0.2766542	0.09754617	0.01797912	0.09235575	0.04952634
0.07167087	0.1454946	0.03437858
0.05033504	0.2048399
0.138702	0.03217763	0.1743159	0.1038759	0.09206818	0.09669949	0.1083943
0.007818763	0.05803063	0.1253117	0.1660613	0.08175434
0.1051146	0.1091526
0.0348494	0.2383838	0.02566819
0.1265704
0.3030982	0.1567005	0.1435435	0.1102679	0.3036435	0.1265425
0.1084853
0.1286728	0.04462795	0.2126068
0.06540723	0.08508342
0.1409848
0.003140428	0.07808545	0.02334187
0.1379755
0.1952808	0.1835013	0.01450749	0.1405092
0.06040121	0.2230812	0.08085241
0.08320384	0.1950468
0.01984282	0.1398944	0.2021014
0.0411297	0.173465	0.07289152
0.1127452	0.1469663	0.1611326	0.03263458	0.1156399	0.1074514
0.1904213	0.01117595	0.2044265	0.1188078	0.1728233
0.03777713	0.01358126	0.07633212	0.1988456	0.06242841
0.04626276	0.2127983	0.118301
0.1567888	0.1023275	0.2139749
0.1149038
0.05724781	0.1741907
0.1406288	0.1623502
0.02656654	0.08589973	0.1872024	0.1192294	0.1183446
0.04364737	0.1699996
0.1118812
0.05725736	0.1972226	0.1333785
0.007209435	0.1243401	0.3140773
0.04001841	0.1293274
0.03997961	0.1627871	0.07277646
0.1100997	0.08112992	0.03035673	0.1036538
0.0231484	0.1537503
0.07959171	0.1536805	0.01624927	0.1057716
0.00885155	0.2349035	0.1275048	0.1668211	0.3492294	0.1384224
0.08941709	0.2259052	0.08780639	0.1059989
0.1070467
0.1810927	0.1980754	0.1028171	0.01527929
0.02214933	0.07847467	0.1075662	0.2629609
0.08553626	0.2441594	0.1372391	0.1852732	0.04374065
0.06818685	0.1798407
0.01273831	0.1164092	0.1383414
0.0008738935	0.1820305	0.02335679	0.04902448
0.0371122	0.2231049
0.1464792	0.3232425	0.005865058
0.01160451	0.02317379	0.2455901	0.1725753	0.1021901
0.1135628	0.1240078	0.03758937
0.0153526	0.03521712	0.09490318	0.04401248
0.1716185	0.01114895	0.1847654
0.159847	0.2148228	0.0502816	0.1590748
0.08323349	0.1832137	0.1164738	0.09801387
0.0539576	0.1393809	0.2306228
0.03528384	0.1577608
0.1343928	0.09759961
0.02536303	0.08113432	0.1727336	0.02749766	0.1629512	0.1581846	0.05839406
0.009317463	0.1981098
0.03283622	0.1164882	0.05338423
0.08174044	0.1398378
0.1085752	0.2161004	0.03785087
0.1090796	0.1070764	0.0351748	0.0008767551
0.08603905	0.1610052	0.005429035	0.1840206
0.1106982	0.09952483	0.05814844	0.1291361
0.1171244	0.1255732
0.1061927	0.1699258	0.04486723	0.1283645
0.07433798	0.1174971
0.1910993	0.2772853
0.1266649	0.08699115	0.07357042	0.1597005	0.146526
0.1036658	0.1343985	0.01739014
0.06525417	0.3071541	0.02883227	0.05697438	0.06836945	0.1400949
0.03953315	0.3773785	0.03284883	0.05223746	0.1237616	0.1720623	0.02263942	0.2552339
0.1241105	0.1668689	0.01348462	0.1069395
0.1087305
0.02321114	0.06746194	0.1536405
0.08954545	0.1103496	0.1703382	0.06000092	0.2209584	0.07454742
0.1893619	0.1038443
0.2568421	0.2812783	0.120543	0.02971074	0.1435675	0.1160624
0.1120204	0.1361948	0.01443159	0.05889055	0.1469777
0.0943818
0.1311712
0.05945061	0.1734789
0.07025384	0.0746392	0.1380651	0.07246138
0.06162784	0.2782811	0.04847467
0.04154335	0.3020446	0.03058678
0.02688745	0.2636992	0.02181757
0.04640662	0.02590673	0.3314748	0.0675983
0.02901228	0.1246081
0.150036	0.2949225	0.01773037	0.0372267	0.04457283
0.0690195	0.1408943
0.01953331	0.2794945	0.003755842	0.0389936
0.05967682	0.003025972	0.3163241
0.04843622	0.0802308	0.3239139	0.04825202	0.08766306
0.02604881	0.09708377	0.1661211
0.1058429	0.02963741	0.2816048	0.1142545	0.07082984
0.0410099	0.009177107	0.3630276
0.1175961	0.1593006	0.04858089	0.0614658	0.07298786
0.1239752	0.2324894
0.07299814
0.01856824	0.1227337
0.0430978	0.1258291	0.1124336	0.1333529
0.1459025	0.1854745	0.01725442	0.1915418
0.04867454	0.2164594	0.0411409
0.09296824	0.1778887
0.1122259	0.2055137
0.2106488	0.07803157
0.05642943	0.2062221	0.1597169	0.1214897
0.04562111	0.1370884	0.03711969
0.02917966	0.05890659	0.2406314	0.1585932
0.1448134	0.2716662	0.08723674	0.1984244	0.05964912
0.08742569	0.09254377	0.2495694	0.003255577	0.1779718	0.1242506
0.02608434	0.003207558	0.2446607	0.0656552	0.1050947
0.07502164
0.05845129	0.1841167	0.089385	0.07010858
0.09610782	0.1280492
0.08403094	0.1243355
0.02657243	0.1332097	0.07284322
0.06599399	0.1400282	0.1651809
0.1101836
0.1262013
0.09878651	0.1002097
0.07530251	0.09606381
0.07016352	0.1555981	0.003770971	0.133853	0.1302579	0.03384831
0.1215081	0.1940903	0.04792005	0.1179121
0.07000751	0.2712794	0.05254836	0.08019667	0.2022974
0.2805279	0.2146518	0.03564188
0.1095462	0.1070099	0.1292432	0.1724428
0.2216171	0.1907392	0.07672599	0.140182
0.1657006	0.1188952
0.03004144	0.2173363
0.04757638	0.1706676
0.05725764	0.1738123
0.1152839
0.01916817	0.1008043	0.1570548	0.01690658
0.1107755	0.0440464	0.320749	0.0311117	0.1177948	0.06192202
0.07571748	0.2211052	0.01376145	0.09562624
0.03868266	0.03302598	0.1455799
0.01908207	0.1894846
0.0361857	0.1238309
0.1243412
0.0529569	0.1648388	0.2198688
0.01148068	0.108513
0.04601413	0.08444101	0.06851151	0.04599142
0.05351539	0.1540997
0.05216431	0.1638688	0.02393927
0.1854412	0.1609966	0.0407683	0.01339464
0.1221876	0.09366309
0.1207239	0.1400498
0.1213557	0.2198048
0.07614864	0.1883359
0.0489134	0.1686567
0.1778637
0.1115064	0.1865188	0.06981891	0.008747519	0.1243173
0.1010696	0.265699	0.0241172
0.03753143	0.07946658
0.09409357	0.1927112	0.08005799	0.1634141
0.1035458	0.1766464	0.1300104
0.1320405
0.09634641
0.1585991	0.1849066	0.05632899	0.154722
0.05572689	0.2749296	0.05044376	0.1552053
