ExtinctionRates
0.03022809	0.001990459	0.006535871	0.04620132
0.001051574	0.04021971
0.001332756	0.03603145	0.01795177
0.002852746	0.05258405
0.004676671	0.0200051	0.009446985	0.002874271
0.005474414
0.002568459	0.03883752	0.01848574	0.00837032	0.001594727
0.0003045471	0.009005403
0.003188973	0.03868027	0.02892739
0.007115541
0.003284468	0.006972439	0.002469594
0.0007221074	0.01091996	0.009630179	0.01525817
0.007435933	0.03800519	0.01672354	0.004138239
0.01431546	0.003763117	0.01091402	0.02867486	0.003159036	0.0104603	0.01111921
0.009800654	0.007328598
0.01287705	0.02317901	0.005003005
0.01855215
0.07505934	0.009384989
0.01834588
0.09774455	0.0292153	0.003427895	0.00840137	0.01094775
0.008455246	0.01223392	0.003900189
0.002182686
0.001302946	0.08579454	0.004579094	0.0135163	0.001919461
0.0168436	0.02543365
0.01048752	0.07748148	0.01398259
0.002909931	0.004552124	0.05909881	0.001502266	0.003475606
0.002695136	0.09442399	0.0104021
0.01431748	0.05057975	0.01376225
0.01350878
0.01123922	0.03358419	0.004125305
0.00864004	0.001531439	0.001737465
0.009931571	0.01101759
0.006938021	0.006003401
0.0008790161	0.04077375	0.006292469
0.005990311	0.001197364
0.002812943
0.008006618	0.03549143	0.01475586	0.003569621
0.003974867	0.008638434	0.01195088	0.03962748
0.001187678	0.02522482
0.000814296	0.01533895	0.001808226	0.00432701	0.01165524
0.01454239	0.01034393	0.001764292
0.005699789
0.000709822
0.02018073
0.01120664	0.003023985	0.002224482
0.05953744	0.01109399	0.01716798	0.002375369
0.01045553	0.01528098	0.009940839	0.02735749
0.03671867	0.02930551
0.006987037	0.001003404	0.003226022	0.002764212
0.02107921	0.001687084	0.006306739	0.001262676
0.01261332	0.004809311	0.006117927	0.006268138
0.0183452	0.00556489	0.03392515	0.008068483	0.001667681
0.02088375	0.01424416
0.009904537	0.004993986
0.01389673	0.1100541
0.007061561	0.1458722	0.003939003
0.005426598	0.2542691	0.01824467	0.004203245	0.02061478
0.001322437	0.1524374	0.01931818
0.004063741	0.1411263	0.004930042
0.007789064	0.112868	0.002928189
0.006258218	0.1416283	0.02176934	0.04012769	0.01680769
0.01775233	0.1275941	0.08613738	0.005442606
0.07450072	0.1040234
0.001286508	0.09508516	0.003025189	0.005335966	0.00511587	0.01459753
0.09256704	0.09723725	0.001475218
0.06919058
0.04968029	0.00165062
0.003730027	0.04842592	0.03695778
0.005955781	0.003131859	0.09313955
0.05407727
0.04637017	0.02298089	0.03532356
0.001872717	0.06038555
0.04020352	0.1527062	0.02257808	0.004951201
0.01173436	0.1586923	0.08361645	0.003996849	0.01318942
0.001879214	0.1586923
0.002714004	0.167884	0.00103759	0.00196828
0.001239218	0.1793992	0.08005102	0.02643744	0.006011704
0.01098403	0.1699123	0.002020245	0.01254933	0.02822294
0.03307457	0.003674394	0.00742352	0.007438068	0.001625727
0.001302959	0.001134341
0.004766368	0.00903692	0.00119749
0.00462831	0.01394484
0.008318721	0.03514563	0.007406428	0.006720532
0.007343437	0.01353376	0.01889582	0.006228987	0.002611177	0.002647687	0.0112504
0.005380364	0.06240153	0.006510164	0.005926956
0.0006825408	0.0009663718	0.01774023
0.004171764	0.04504883
0.004201258	0.01662775	0.03581923
0.02646948	0.1324507	0.02305255	0.002357731
0.0462598	0.1120048	0.03105888
0.002680869	0.0574894	0.0007071433
0.05933909	0.01014024	0.01035988	0.008954309
0.00282979	0.02216145	0.001817589	0.002190107
0.004442056
0.05906542	0.02043547	0.008313436	0.008735633	0.01027021
0.003962019	0.006910042
0.00245298	0.01930613
0.006071135	0.002133699	0.006872243
0.002653682	0.03806789
0.01114356	0.02013238	0.01148104
0.01672678	0.06208293	0.01758151
0.00807624	0.003988658	0.01878023
0.005448983	0.04358613
0.0005593512	0.0348477	0.002600575
0.02211507	0.02076846	0.02984216
0.06434919	0.01968058
0.005385695	0.03647899	0.01617753	0.003249636	0.01574988
0.04441729	0.004888789	0.01130039	0.0005424411	0.01028755	0.001057524
0.001509359	0.00701362	0.01320188	0.01743701
0.003657977
0.004181138	0.00802094
0.1412419	0.04113223	0.02222235	0.1064024	0.006612009
0.004200862	0.02762473
0.01886491	0.0880577	0.001000955	0.03846206	0.02027752	0.009559104
0.002566126	0.0333047	0.008560342
0.009234512
0.01279313	0.02169571	0.004112076
0.01630092	0.009626655
0.03073424	0.03783277	0.008575069	0.01259647
0.009525958	0.002951009	0.04973813	0.01667407
0.04882712	0.04954428	0.006066091
0.03055098	0.03932213
0.01372132	0.02240112	0.006773202
0.006996967	0.002748015	0.002907995
0.03961049
0.01032347	0.04870388	0.02606611	0.002659837
0.003616434	0.02333478	0.0340536	0.02768528
0.004979018	0.07684284	0.001317124
0.2577137	0.08816384	0.1149912	0.118163	0.00203684
0.002613964	0.07828748
0.007327474	0.1171959
0.007559597	0.2655347	0.01746162	0.01606026	0.005130822
0.003154238	0.1723275	0.04918587	0.000910074	0.0002598635	0.03425991	0.01714541
0.001548012	0.005079396	0.001790481
0.006189359	0.003131302	0.008902224
0.002555834	0.01329665	0.00116308
0.00724981	0.04027375
0.006741916	0.005899079	0.01093875	0.003516647
0.002487703	0.003322459	0.01256321
0.001872841	0.00334636	0.05280687
0.01013816	0.03860809	0.004919544	0.008963441
0.006717082	0.002242176	0.002201623	0.001034777
0.01783167	0.001383532	0.02786409
0.01452875	0.009769314
0.004384402	0.004113453
0.04113233	0.002878579	0.01571316
0.1884862	0.02610302
0.01511249	0.00428159
0.007148791
0.020362	0.002664461	0.008984326	0.004885175
0.002106837	0.007748571
0.00955336	0.004762135
0.002377285	0.008234443	0.00911608	0.1215305	0.02398609	0.001442179
0.006356463	0.0126833	0.00201089
0.007237038
0.04366843	0.06174247	0.003149498
0.01863225	0.003337972
0.01623464
0.0252872	0.01953866	0.006183027	0.06556974	0.01470879	0.0115218
0.006420241
0.008454837
0.002821763
0.01181269	0.003420181
0.003771845	0.006610363	0.006133509
0.0009921668
0.01571298	0.06671186
0.003843155	0.003532745
0.007619826	0.00328527	0.02962745
0.004285177
0.005257054	0.003189848
0.04279068	0.001782656
0.006890839	0.002704473
0.001237583	0.03941168	0.004042381
0.003416675	0.01904831	0.002624146
0.01674176
0.008739842
0.001282846	0.03440014	0.005508596	0.01815897
0.007568961	0.001586812
0.02202006	0.04027026
0.0006288934	0.003496056
0.01692241	0.07161086	0.005186249	0.006889572
0.02085642	0.01890702	0.006453959	0.001510559	0.01756463	0.003008683
0.0009816785	0.003075965	0.00379317	0.09730685
0.008192966	0.002871055
0.001361712	0.0009724938
0.002030447
0.009806671	0.002572476
0.00275701	0.03598904	0.0009656254	0.006154786
0.01157963	0.04119747	0.003878293
0.002202623	0.01480552
0.002496348	0.006540906
0.00812153	0.03205044	0.006345436
0.008130191
0.01033504	0.0006548917	0.03030786
0.01815565
0.004988331	0.001878669	0.0336483	0.004005752	0.00649471
0.02939709	0.02906394	0.00239546
0.004802754	0.002333467
0.0170376
0.02807534	0.01103308	0.002067189	0.02328622	0.0006302323	0.0379545	0.004052776
0.003270628	0.01264748	0.0006001603
0.002846886	0.04214467
0.00594878	0.06495391	0.02252302	0.007123496
0.01563648	0.06803734	0.002882228	0.007707509	0.1596285
0.005943443	0.1139953	0.0001146954	0.007658806	0.0361357	0.006666855
0.01169054	0.07982711	0.004467639	0.08871473
0.0308386	0.03426668	0.01989595
0.005256821
0.006844033	0.002676138	0.02560019
0.0131907	0.04445834	0.006989141	0.001075295
0.002689589	0.01280023	0.01573514	0.09345769	0.02840803
0.01135165	0.02456823	0.03771373	0.008489128	0.00599717
0.006472957
0.003760909	0.01144764	0.009197979	0.02472309
0.008863528	0.004957122	0.01002242
0.0143305	0.02194723	0.04794112	0.009423235
0.03825079	0.1432154	0.01121101	0.1571304
0.003316757	0.2954343	0.02707111	0.001807901	0.005159135
0.01370386	0.001241759	0.006933174
0.000757755	0.01805025	0.005680272	0.00814184	0.008914715	0.01091534	0.01970583	0.06151556
0.04208543
0.002843236	0.00385946	0.05670881	0.01729367
0.007656729	0.0008601641	0.000778451
0.01009015	0.06533482
0.005989665	0.02246858	0.02684508	0.003205082
0.003330826	0.01130315	0.005111206
0.005010689	0.2989615	0.01633262
0.002700935	0.005807094
0.005028105	0.06325669	0.0199592	0.0178823
0.006849718	0.02539369	0.001167262
0.01411402	0.02480617	0.00571689
0.002648545	0.0230309	0.005848691
0.00655762	0.0385929
0.01233985	0.02020582	0.02111688	0.005865831
0.001919817	0.0162503	0.02457497	0.02904802
0.007934006	0.004252888	0.01400368	0.01124235
0.002021047	0.05762103	0.002492014	0.02330629	0.002007882	0.004459164
0.007459208	0.03415547	0.0023284
0.01509985	0.01891832
0.006969062	0.002570107
0.01094321	0.04071881	0.002527325
0.00147617	0.006876982	0.00244126	0.00826342
0.003251494	0.007045503	0.003290601
0.01333444	0.01572752
0.0134363	0.02002978	0.008066945
0.001998193	0.00164775
0.01650438	0.0002120074	0.0009142354	0.00536027
0.0007149078
0.01527549	0.02850625	0.005592518
0.002805679	0.02639338	0.001839531
0.003163078	0.04874702	0.01906537
0.00649269	0.130839	0.01076445	0.01273703
0.0006100328
0.001495925	0.004387666	0.005603616	0.003295963	0.001006751
0.01457228	0.03801452	0.02840256	0.002809213
0.03352835
0.008126607	0.1548848
0.002914074	0.004486104	0.005120744
0.004735314	0.00213423	0.03062626
0.001736325	0.01921816
0.002170057
0.003435867	0.07136852
0.03311287	0.01835746	0.0160185	0.003059303
0.001784024	0.06831564	0.02644003	0.0006753936	0.02743259
0.01608368	0.008360461	0.004806527	0.004660859
0.0194404	0.007706872	0.02679819	0.002069644
0.009242418	0.0445207	0.01311029	0.01278311
0.009149742	0.02140196	0.003555309
0.006266786	0.02464047	0.006925628
0.00149403	0.01834563	0.006101736
0.006440553	0.02179742
0.02423482	0.01644816	0.006315111	0.07542628
0.0008106362	0.04657582	0.04319418	0.006126342
0.001392349	0.02437042	0.0139031	0.00723744
0.03532089	0.05509404
0.00209944	0.006655876	0.06033452
0.01933088	0.06495315	0.01303497	0.001990362	0.003798416
0.003391702	0.0530569	0.03104397	0.008445831
0.01349593	0.1424483	0.003036722
0.004289559	0.134606	0.005416904	0.004937438	0.01499723
0.01637847	0.1219167	0.003809151	0.005297473
0.0139508	0.1381541	0.01125349	0.003965741	0.02111621
0.07324223	0.1724837	0.003007713
0.01003803	0.1928136	0.008230764	0.01132566	0.003613428
0.02175884	0.002565902	0.002624639
0.0007137983	0.02405863	0.008307843	0.004622518
0.00509167	0.05603015	0.03659592	0.002244388
0.0140137	0.002832585	0.05545057
0.003217835	0.00550592
0.02676642	0.01787114	0.003636095
0.02466154	0.02560185
0.006993154
0.02613607
0.009390759	0.008422427
0.04948282	0.001489932	0.003935746
0.004691939	0.01538091	0.006793533
0.001258932	0.009462356	0.01615016
0.02901762	0.006590561
0.01447665	0.01110843
0.00675745	0.002689203	0.03187046
0.0029266	0.0600657	0.01955026
0.03818262
0.02767839	0.00305964	0.07842123
0.04984314	0.084442	0.005946825
0.002429144	0.01467194
0.002272271	0.01519632	0.08022998	0.001792	0.003477521	0.001901856
0.01498489	0.04419659
0.02245881
0.04897827
0.0491296	0.06070789	0.008371649	0.005570242	0.01555188
0.003772084	0.04593494	0.008004237	0.007150929	0.008099292	0.06034894
0.002571408	0.03948112	0.01751205	0.01144893
0.008929567	0.01655108	0.00578982	0.005865616	0.008680693	0.026581
0.003795931	0.03027977
0.002348925	0.04214372
0.008856146	0.08737186	0.01974395	0.005263829	0.005619014	0.0026338
0.04215138	0.1008534	0.0006422614
0.003833879	0.1104821	0.006343702	0.006934595
0.0009582846	0.1286769	0.003164794	0.002279236	0.01290795
0.007833985	0.08857428	0.00189779	0.02049854
0.01040356	0.04864841	0.2202379
0.03238659	0.2148416
0.001789004	0.1917007	0.01931219
0.01245691	0.05572768	0.00146795	0.02194834
0.007006967	0.001570068
0.0147546	0.001953883	0.0007352611
0.01096801	0.01069757	0.03732526	0.00111955	0.009791664
0.00346118	0.00392867	0.008955693	0.0235532
0.002520776	0.03995591	0.004712425	0.01735673
0.006508023	0.01201385
0.01698596	0.003587288	0.0006601165	0.03060606	0.01244018
0.03103562	0.01736403
0.01049419	0.01085532	0.03067128	0.003457081	0.03738311	0.0006202191	0.006586475
0.002508666	0.03193675	0.009163695	0.0596334
0.02072308	0.02739674	0.002416628
0.07424387	0.009110728
0.00102131
0.0364312	0.005546724	0.003396253
0.002742849	0.002251743	0.01203953	0.09568245
0.005481831	0.01700376
0.0309252
0.003693164	0.0857481	0.03955491	0.08411158
0.005112586	0.005847983	0.008007038	0.002205177
0.009553106	0.004851901	0.01373626	0.005666052	0.002545297	0.00210908
0.01307112	0.008365808	0.008898106
0.011288	0.00142164
0.01027479	0.001844028	0.00414885
0.000593637	0.0145766
0.0002800001	0.001459809	0.01094098
0.00968769	0.002693054	0.0292862
0.01250349	0.004068448	0.01785063
0.02175368	0.0137331	0.01036381	0.06040303
0.0315996	0.01096976
0.006450395	0.005119359
0.006702452	0.001416398	0.000996594
0.00240838	0.009536261	0.002687634
0.003845844
0.002334207	0.04381393	0.02279579	0.04178901
0.001486803	0.01870515	0.01913222
0.01336087	0.00574948
0.003670868	0.06309371	0.007702665	0.02304056	0.00216576
0.001267882
0.008410235
0.001090037
0.006443085	0.01254786
0.00628603	0.01844444	0.006162487	0.00911053
0.01209919	0.01921878	0.007216086	0.01424668	0.0009083182
0.01410023
0.001113742	0.04174444
0.0008681137	0.04580535	0.01466345	0.003609959
0.004193257
0.002288086	0.1017552	0.00719979	0.00323573
0.009880515	0.01728938	0.0112291
0.001485962	0.1795288
0.0008780858	0.01766322	0.003714044
0.004343729	0.003273529
0.003473666
0.009793078
0.004781541	0.03944799
0.003029307	0.00107276
0.01584049	0.01021256
0.01612259
0.009669021	0.0009859926	0.02213561	0.005507955	0.006236123
0.001474717	0.07653056	7.412743e-05	0.01460791
0.01978525
0.0005232511	0.01546824
0.002759824	0.004592976
0.01280887	0.04818513	0.02185262
0.003012792
0.002152725	0.03647102	0.01324236	0.008627356	0.003405729	0.002996634	0.01724185
0.01073002	0.0282809	0.01326757
0.009443379	0.05809697
0.02111864	0.01553648
0.04993124	0.003159175	0.004628097	0.01143418	0.01330456	0.00777296
0.01986627	0.01412864	0.004296367	0.007963679
0.004550896	0.01350891	0.002464519	0.003726841	0.003825781	0.02285392
0.0009837606	0.04311022	0.005714579	0.01312349	0.003057243
0.003702115	0.007275382	0.02542127	0.005770955
0.001611684	0.0003713184	0.05258372	0.01271065	0.01159368
0.008135636	0.1824135	0.03112031	0.008642209
0.01073856	0.008528195	0.03637762	0.009831104
0.01455032	0.06304566	0.008822148	0.01637309
0.00529599	0.009295175	0.00128091
0.006220427	0.03266957
0.02425284	0.03162573
0.0005189607	0.001493048	0.006962073
0.02140557
0.0009971361	0.01247709	0.00369291
0.01140954	0.01216453	0.008217643	0.04457034	0.01124569
0.004707782	0.0130166	0.008724911
0.03629184	0.03099084
0.02138971	0.01077087
0.008858699	0.0004853271
0.002083424	0.03288551
0.005848834	0.004443969
0.1636408	0.01387648	0.02783925	0.03686833	0.003259392
0.003687629
0.001668118	0.1614801	0.08475023
0.0008010151	0.007802145	0.01437398
0.03096839	0.002604589	0.03587923
0.008583879	0.001352409	0.0003774406
0.00645008	0.001259421	0.01558878	0.01946102
0.03750098	0.03187348	0.002372471
0.01909028	0.02027849	0.02488484
0.003866256	0.007869829	0.009779349	0.0124643
0.0117602	0.03994373
0.02907997	0.001310712
0.01790649	0.03674887
0.01586069	0.006438387	0.03688109	0.07122472
0.02098607
0.00975018	0.004661406
0.06336879	0.003908999	0.00802961
0.01869939
0.1724996	0.01418921	0.005736616	0.02641805	0.05542978	0.001131875
0.009050594	0.01438843
0.0006390685	0.02198341
0.005654398	0.0491344	0.01045309
0.001833481	0.0323635
0.005319909	0.08656938	0.007093586
0.0234659
0.001302678	0.03104512	0.00472682
0.001601593	0.01153346
0.00326543	0.02170903	0.006433539	0.0267732
0.001133718	0.0003266569	0.01534304	0.006829652	0.005156718
0.0309163	0.00110377	0.02124856	0.01481465	0.006564264
0.002390096	0.08924556	0.002452722	0.009243825
0.007680122	0.07048585	0.01010904	0.006357173	0.02164265	0.02811258
0.007172847	0.005430599	0.002586137
0.008384132	0.005107129
0.001249276	0.06855746	0.007727264
0.007869199	0.002229822	0.0168506	0.007809341
0.01372241
0.004404462	0.05254855
0.008065485
0.002588245	0.004928791
0.004254135
0.02077252	0.009224486	0.008438624
0.001091271	0.01150085
0.01569974
0.01500776	0.09366926	0.06007483
0.000857166	0.01134535
0.004061969	0.008228864	0.02259802	0.03583378
0.001599289
0.003605558	0.03758219	0.01252852
0.0009633292	0.01924216	0.002650222	0.02349655	0.02456102
0.03736614
0.007161363	0.04298773
0.008650844	0.01118716	0.02139545	0.004278556
0.008533641	0.1140142	0.01267669
0.004201975	0.08472161	0.01082093
0.002011663	0.01381991	0.006478552	0.002974254	0.009946643	0.01022619	0.002300041
0.0002832572
0.01488942
0.004268448	0.01566427
0.007035422	0.01323249	0.002921807	0.003059269
0.04360887	0.02631175
0.006561439	0.005571954	0.01607556	0.001332977	0.003115551
0.01978573	0.01804931	0.008555126
0.005692373
0.003084405	0.02050673
0.006039541
0.003553519
0.01804244	0.003280126	0.005991481
0.007414721	0.01057982	0.002702387	0.003931092	0.008051064
0.006673782	0.0006121335
0.009066495	0.0806966	0.003010079	0.003078818	0.005981823
0.007498967	0.01558777
0.02332882	0.001746717
0.006528264	0.06142185	0.001441042	0.004019997
0.007822456	0.03087665	0.01312305
0.003404895	0.02134551	0.006186598	0.008546112
0.009848373	0.03015265
0.01454976	0.003743272	0.000469413	0.01675655
0.008873757
0.02032692	0.002305114
0.005075828	0.002959785	0.006022839
0.007370369	0.0009403874	0.004584988	0.03257048
0.004606798	0.05555702	0.001765558
0.02916069	0.06437608	0.005337519	0.03505559	0.01413258
0.01092227	0.01005028	0.03017968
0.001576898	0.01502079
0.01071268
0.01625529	0.003901148	0.009067201
0.003938225	0.0004374684	0.001314051
0.06828287	0.0009007413	0.034416	0.01982026
0.005285511	0.02327953
0.001243473	0.00898948
0.0137182	0.00570297
0.008719829	0.001638039
0.0009207563	0.01074072	0.001089237
0.001534302	0.1184736	0.01254954
0.004170373	0.112119	0.007763439
0.01772356	0.1015979	0.001222922	0.004443086
0.01438006	0.1182532	0.01515673	0.04313934
0.04389463
0.02847819	0.0414693
0.003688247	0.03944314	0.004877407	0.003296897	0.0167882
0.00756398	0.02646985
0.04162512	0.03792307	0.006889871	0.001198951	0.01082846
0.005819546	0.00656864	0.001058137
0.03741829	0.003141741	0.007048778	0.01200976
0.002178012	0.01030086
0.01848771	0.008965806	0.007781403	0.01570336
0.03141162	0.002597218	0.008068418	0.04271266
0.008255157	0.0130865
0.01768401	0.009144977	0.005912847	0.0006011233	0.002311418	0.002947402
0.004352238
0.00244215	0.004273741
0.0008271507	0.03622068	0.02877996
0.01361459	0.004480373
0.003500345	0.006008008
0.03018895
0.01791395	0.01525352	0.001714179	0.01111822
0.01237047	0.003655481	0.002342345	0.02921509
0.01213119	0.009845013
0.03048785	0.0124062	0.01095779	0.001851953
0.01724395	0.009864442	0.04753759	0.0004980624
0.003713537
0.001070481	0.0265471	0.0181902	0.008645435
0.008234273
0.04888165	0.007415826	0.003070591
0.00927217	0.004570837	0.02584307
0.01393405	0.008833502
0.0002737871
0.006740853	0.001381449	0.007211353	0.01538987
0.005230081	0.03124581	0.002391332	0.03746879
0.00410582	0.03767354	0.005515733
0.006475448	0.008070074	0.0004167617
0.005228495
0.008589597	0.008493533	0.001524895
0.002712882	0.01281752	0.006532181	0.003306358	0.01608039
0.01577415	0.01007669
0.009040495	0.02886439
0.003358531	0.001167959
0.003713692	0.01846867	0.007535414	0.005805878
0.0296992	0.08315855	0.04424286
0.001165766	0.009000097	0.002814096
0.02385202	0.0276289	0.001743916
0.0104801	0.07219519	0.02636947	0.01448079
0.01550672	0.001592976
0.002319009	0.007567441
0.01333586	0.0260187	0.03525329
0.01669077	0.05239757	0.02513311	0.007585786
0.05185755	0.09868473	0.009113067
0.001400882	0.1411161	0.01038872	0.005126895
0.02057703	0.1704746	0.01897668	0.00360939	0.01114485
0.0162295	0.1722406	0.005461812	0.005442877
0.005396406	0.07025933
0.02431006	0.02615427	0.0005785636
0.02797947	0.03523444	0.003363705
0.002749731	0.009365151	0.001000419
0.05102328
0.01201878	0.007767074	0.02292594
0.004473898
0.03395831	0.007347483	0.03671144	0.02025292
0.007743113	0.003302363	0.007237961
0.005389943	0.02330638	0.009977561
0.02140201	0.02539859
0.01469955	0.003812493	0.0037118	0.004857249
0.02489588	0.008086404	0.004321344	0.00391736	0.003080974
0.03351343	0.008906759
0.01609765	0.0019949	0.004605613	0.005527366
0.06516621	0.009461336	0.007314948	0.003949384
0.01074676
0.004059489	0.003463512
0.0008994104	0.03354868
0.02208107	0.00490506	0.04851965
0.01125565	0.01280583	0.002042443	0.003274442	0.001484357	0.003270624
0.005155721	0.02084024
0.009028233	0.002258852	0.01439479	0.004908261	0.0066402
0.005168713	0.001292848	0.009866404
0.04054532	0.02759031	0.00691419	0.00865665
0.01401088	0.0007973908	0.05348098
0.006593623	0.004360051	0.005641536
0.007942585	0.0008543843	0.01549316
0.005339136	0.0399479	0.004662983	0.009294544
0.02358275	0.01452058	0.001860037
0.05392992	0.01308576	0.02561023
0.007246542	0.03971917	0.004584926	0.02716362
0.003936448
0.003049831	0.01206976
0.01604615	0.004552064	0.003865426	0.01062753
0.003091016
0.001510979	0.02102183
0.002515003	0.01033558	0.01515954	0.009329303	0.003850589
0.00299886	0.008621851	0.04817763	0.024573
0.006602824	0.01085155
0.06073824
0.03810287
0.002327453	0.02577654	0.05841657	0.01350096
0.00277149	0.0008725042
0.0006425879	0.001632672	0.03370714	0.02084117
0.004553432	0.003084234	0.002468345	0.002608932
0.0151266	0.01241746	0.002111841	0.007725427	0.01983776
0.02418843	0.03858058	0.00542274
0.007725336	0.003770554	0.02208959	0.001172871
0.004925006	0.01777578	0.00234823
0.0007430999	0.05382722	0.001674985	0.002103879	0.01480963
0.002487497	0.002977364
0.002013021	0.0465384	0.004066382	0.009972621	0.00506722
0.004875917	0.04309875	0.01947915	0.03181775
0.004689275	0.003896623	0.1204455	0.01829668
0.003309621	0.01878533	0.02976436	0.0962765	0.05581173	0.0167863	0.03588088
0.01017603
0.0005241209	0.04402075
0.006494869	0.1092712	0.01015434	0.02499827
0.002400013	0.191598	0.002353443	0.007803456
0.01892247	0.2049338	0.05516924	0.02659386
0.008775323	0.2049338	0.008100111	0.004317608	0.005947274
0.06928469	0.1847118	0.002269745
0.008810112	0.008513318	0.02783747
0.001947531	0.01621047
0.001527547	0.01417184	0.03004404	0.01856236
0.03407125	0.04188163	0.005523271
0.009128271	0.01701296
0.007351923
0.003482053	0.00819405	0.01392886
0.02522	0.0122384	0.00912346
0.01601701	0.02852562
0.02569838	0.005917197
0.01321843	0.06720811
0.009200035	0.04516591
0.03829663	0.004470719	0.005830622
0.01402858	0.05329047	0.004173191	0.0002751341	0.03304236	0.06180538
0.02601964	0.1839617	0.004644128
0.0006446842	0.1839617	0.01007861	0.004576912	0.001682634	0.0168693
0.05365421	0.1768301
0.003056135	0.1576676
0.01250018	0.1404504
0.01422771	0.1111988	0.02640988
0.005898828
0.005598428	0.06328458	0.01806332	0.007887879
0.00520501
0.01909676	0.0345717	0.05631167
0.01260674
0.001391227	0.0806369	0.002973727	0.001038687
0.008283204	0.02597753
0.008848874
0.003721414
0.001409496	0.01901612	0.07238419	0.001792258	0.005335645	0.002767441	0.03646977
0.0112056
0.01204813
0.01813117	0.03764814	0.0009622048
0.007528184	0.01618567	0.006037357
0.02307922	0.02482973	0.002324715	0.001895359
0.02815103	0.03657731	0.01212622
0.005829098	0.01430628	0.02431244
0.004471289	0.004218365	0.04299468
0.02177154
0.03441967	0.001699516	0.03239601	0.006980157
0.004809515	0.08340532	0.006965082
0.007165555	0.06998348
0.03356483	0.07766898	0.00582486
0.001610365	0.09239546	0.01451233
0.007130373	0.03411449
0.02233562	0.163619	0.007333087	0.0007290011
0.002743377	0.1512439	0.002948982	0.161347	0.01086497
0.0640553	0.09290452	0.006656994	0.003032043
0.01517655	0.02106235
0.002728695	0.01818223	0.00187613
0.01911373	0.07285425	0.006665934
0.0886782	0.1350258	0.02047207	0.002934786
0.008471105	0.07924014	0.009841981
0.02306431	0.01276362	0.004545138
0.00775973
0.0009260452	0.0005677064	0.006763063	0.001160695
0.006201466
0.004669154
0.004905223	0.04218716	0.006458204
0.002873003
0.01426201
0.005929157	0.02648965	0.006739272	0.008524724
0.002671121	0.01493633	0.006462457	0.01031343	0.005774396
0.004260287	0.0474566	0.004616222
0.008273284	0.04125537	0.006722208
0.003282284	0.01726052	0.004024522
0.01451372	0.02843245	0.002006534	0.00296062
0.01368923
0.002300732	0.01702546
0.019784	0.008054632	0.01202081
0.0007894642	0.003014724	0.004139787
0.001839511	0.008862111
0.0009227398	0.001880995	0.06535816	0.1089511
0.00526288	0.005574974	0.01826958	0.008273196	0.004712156
0.001908484	0.003239634	0.0414352	0.00466887	0.004559397
0.005462315	0.09318772
0.004254862
0.01667713	0.01876071
0.007639722	0.002968821	0.0334725
0.001216045	0.03875065	0.002594774
0.006757416	0.002747306	0.02017121	0.02266572	0.004803603
0.0136059	0.06684648	0.001865442
0.01095824	0.001080746	0.0167155	0.003158314	0.001064943
0.02097609	0.008434094	0.003381908
0.01438608	0.00253532	0.002237172
0.005589342	0.001682772	0.0142666
0.02035664	0.04698581	0.009484218
0.02903424	0.001417062
0.0005030274	0.03220553	0.002271056	0.02009381
0.002934468	0.05524185	0.00183515	0.00182922
0.02185585	0.004115056	0.02235276
0.004266188
0.001960779	0.007770346	0.001202925	0.02748553	0.01105443
0.003760912	0.01537139	0.003972077	0.007144685
0.01737154	0.005507148	0.004684794
0.01274635	0.01346214
0.08837071	0.004980992	0.01324347
0.000888213	0.01668516	0.004739098	0.003646052	0.01655789	0.01083803	0.002955205	0.03251814
0.0007358596	0.00888334	0.003855488	0.01057577
0.01131548	0.04388429	0.03094676	0.002908342	0.03776663
0.002596788	0.05092861
0.006313176	0.0077645
0.008084817
0.03816136
0.002661954	0.02832422
0.00344341
0.001988849	0.01063807
0.004299689	0.00592042	0.003365596	0.00404184	0.008883142
0.005987578	0.001022788	0.006299973	0.006559892
0.01075125	0.00210814	0.01849597	0.0002158712	0.001343375
0.01063722	0.005040742	0.058034
0.0089328	0.06811116	0.00561083
0.002558347	0.005220133	0.01752394	0.03497942
0.006474394
0.002678048
0.005379008	0.0168277	0.0003073668	0.01218055
0.05187557	0.0007411386	0.009209739	0.01728528
0.01270921	0.005361277
0.03187001	0.05427819	0.01049841
0.005225627	0.0519224	0.01256747	0.001063882	0.002710214
0.004350186	0.2394668	0.002175939	0.005494113
0.001898661	0.1203735	0.07548672	0.01487786	0.002730036
0.02585707	0.1637508	0.01272037	0.02769644	0.0047942
0.002393184	0.1027263	0.01224261	0.003232452
0.01200278	0.1166947	0.01135149
0.0005034366	0.1111225	0.01373795	0.06550098
0.008891349	0.0969294
0.00728938	0.09487156	0.04703474	0.0005772593
0.00826875	0.09036194	0.001283504
0.008451802	0.06056356	0.01055725
0.007009598	0.0255315	0.01494219	0.02787543
0.01863735	0.01516955	0.03195222
0.01515321	0.06502159	0.005828562	0.009836886
0.001978952	0.01074696	0.00606834
0.003307732
0.0337557	0.01277532	0.1032139	0.003274762	0.005324794
0.02283854
0.001137722
0.02836397
0.01043976	0.005196089
0.004529494	0.0009963282	0.03282809	0.01748405
0.003247452	0.004775731
0.001270876	0.004991997	0.006029572	0.003259695	0.005633191
0.00727428	0.02924656	0.01218103	0.01134198	0.01548154	0.0107473	0.006858635
0.01102029	0.02657757
0.005860239	0.07502253	0.01220398	0.07727598
0.002705266	0.002973945
0.003141538	0.006275459	0.04514517
0.0008067537	0.004449499	0.03214971
0.003449831	0.02192357	0.03450701
0.001541469
0.002881369	0.03699794
0.004071661	0.03250967
0.01334752	0.08678754
0.0009452772	0.1514049
0.001616378	0.09274989	0.004190613	0.02408904	0.005774345
0.002228408	0.08259861	0.00731993	0.004221717
0.01866292	0.03515407	0.00193621	0.005723265	0.01730021
0.002811233	0.001087133	0.004103886	0.004161457	0.02633463	0.001287867
0.02468398	0.01549406
0.00374671	0.00771245	0.004955915
0.001911644	0.004527632	0.001012838	0.00217731	0.004194293
0.004919566	0.04304613
0.002150866	0.09196162
0.02168592	0.004552312	0.02041721	0.01377635
0.01547665	0.01682503	0.002697403	0.009341983
0.01390384	0.04295942	0.03843126	0.002510284	0.01644052
0.001202747	0.01811798	0.0143871	0.07606123	0.01112375
0.01681682	0.002666441	0.00722136	0.02714556	0.001538133
0.005095992	0.07501197	0.001204917
0.005039401	0.006245597	0.003347299	0.008616958
0.003173123	0.02272564
0.004279834
0.002774683	0.01688841
0.002807562
0.01311321	0.008979028
0.03027737	0.01004224	0.01097347	0.008205512
0.002135353	0.004972813
0.0269834	0.008947975	0.06498801	0.003073464	0.006720967
0.01350485	0.001909385	0.04596999	0.007829556
0.002367942	0.008302297	0.00467575	0.01163613	0.008641871
0.001981023	0.0004248926
0.002766024	0.01337865
0.01498142
0.001107274	0.009374091
0.01928388	0.002405791	0.005747786	0.0009943776
0.002956917
0.001945107	0.02099252	0.002911264
0.0007400315	0.005724663	0.0005955461	0.2178265	0.006799183	0.003123116
0.006593657	0.008646421	0.01418326	0.001403714	0.0279481
0.00331606
0.02764228	0.0216183	0.002586641
0.006305111
0.008839621	0.01129954	0.00377807
0.001058085
0.010781	0.037722	0.002716544
0.01004601	0.006409161
0.0004252314	0.002507279	0.005416927	0.01018666	0.001307643	0.00390312
0.002446063
0.03508418	0.0327903	0.005707124	0.003082403
0.004743051	0.02970432	0.03003045	0.007119892
0.002720892	0.01646383	0.004910559	0.0222972
0.03316441	0.0007298299	0.012986
0.003106634	0.01878338	0.01828776
0.01452786	0.02144585	0.006167994	0.02263134
0.01146836
0.006912757	0.001227317
0.05856044	0.001573617	0.001413763
0.001328211	0.004131735	0.01115973
0.0005593395	0.008592078	0.003057353
0.02075482
0.004459853	0.05760999	0.01488932
0.001237004	0.009543838
0.04961299	0.006327686	0.006487342	0.027542	0.002053161	0.008743868	0.002625058
0.0004652501	0.003311901	0.02569728
0.005488178	0.05034052	0.00241739
0.003034065	0.02478108	0.01369491
0.02421676
0.04408898	0.04133386	0.05599178
0.02277964	0.01036814
0.002967871	0.00288367	0.001204841
0.00874252	0.06851832	0.009294569	0.001615665
0.03418208	0.01388169	0.01575904	0.001669562
0.003904132	0.003706827	0.03132948	0.004003469	0.009299168
0.01320719	0.001773962	0.08269237
0.06589119	0.08369395	0.01152262	0.01272975	0.00296528	0.006032539
0.003493251	0.07830281	0.02332429
0.002276587	0.1242543	0.004188431	0.005369737
0.01220978	0.1143776	0.002097652
0.02744877	0.03577602	0.005951106	0.002542162	0.04146307
0.00138789	0.02351635
0.005555722	0.002897347	0.001926073
0.02368089	0.01820092	0.0063286
0.02355098	0.004729827	0.03965993
0.01465196	0.003819629
0.009783219	0.009982531	0.02232685
0.008928853	0.07687232	0.001373448	0.01832215
0.03678582	0.004093846
0.02446865	0.0514532
0.005869051	0.04270603
0.001189627	0.005632467	0.01943163
0.02164309	0.01263981	0.01480259	0.002147715
0.01855168	0.007639096	0.002667787
0.003271772	0.01543441	0.01980099	0.002492518
0.001555644
0.005099917	0.009970618	0.01690286
0.006798218	0.0002303234
0.0121659	0.01229392	0.01380456	0.002044653	0.0334706	0.01273212	0.0170376
0.004740893	0.00779787	0.003449206	0.01080365
0.0198934	0.1099263
0.008451147	0.1103264	0.000883987	0.01464612	0.02059522	0.03491601	0.05210271	0.03006902
0.02426771	0.08691214	0.0320652	0.01835696
0.001785861	0.06310865	0.00455546	0.01549075
0.01915068	0.003641625	0.00295014
0.009696755	0.04107569	0.03668223
0.006796353	0.005735524	0.002903455	0.008882594
0.01597245	0.003043797	0.005597537	0.06551595	0.02096444
0.006333164	0.02945259	0.001707898
0.00278073	0.03657372	0.008834891
0.01043032	0.02500477	0.001169321	0.01034355
0.04514284	0.03553062
0.001498275	0.005121845	0.02069898	0.01943672	0.0008630593	0.03684891
0.01199485	0.06938985
0.007905853	0.01753965	0.03691803	0.0427823
0.00396205	0.01346125	0.008560695
0.0134968	0.005827196	0.002216424
0.005107775	0.001774092	0.004683881
0.0110147	0.001475058	0.01157358	0.0112854	0.01761862	0.01167955
0.003297737	0.007767745
0.006247514	0.09713739	0.04358122	0.004453319
0.04189494	0.1008157	0.01950997	0.01627881
0.009163027	0.1423144
0.01016097	0.1586152	0.02438855
0.01324726	0.09316941	0.0007389454
0.01588157	0.01024469
0.01232082	0.03093169
0.00616499	0.01012445	0.005256225	0.006036144	0.01428985
0.01113938	0.01762398	0.00406714
0.008531965	0.01248642
0.004758311
0.01310962	0.00727302	0.005825327
0.004234319	0.02797449
0.004440126
0.0007576842	0.002454203
0.02054696	0.05046899	0.00379096	0.01393685
0.001681353
0.002375683	0.01244069	0.05592974
0.001681523	0.07985109	0.001757925	0.002582288	0.02106759
0.002481669	0.008175926	0.004088498	0.007792697	0.001489319
0.003696463	0.003716269	0.01146353	0.0007858964	0.004622502
0.01554313
0.009912326	0.004212753
0.01014126	0.008082609	0.00552336	0.00553577	0.03556836
0.005990717	0.00566292	0.001420589	0.06971929
0.003715781	0.001545028	0.001786135	0.018939	0.003988987	0.003192785
0.03967857	0.007224058	0.004167319	0.005366181	0.008231251
0.005466186	0.005709877	0.002547371
0.01723759	0.01308596
0.09985606	0.008829558	0.02012662
0.01129714	0.00177244
0.02572502	0.03157207
0.001295917	0.0008285123
0.00634207	0.01162559	0.02254172	0.003319111
0.006594633	0.004042963
0.0008550355	0.003744923	0.01437796	0.02096196
0.003726831	0.05088061	0.01006052	0.003855101
0.03937526	0.006954148
0.003762374	0.05024582	0.007678394	0.01589859	0.0146596	0.003575043	0.03089347	0.005365035
0.0009255719
0.01420632	0.0002102336	0.03403968
0.003558165	0.06846889	0.007961819
0.01627869	0.002398813	0.005420113	0.009613845	0.003370079	0.008875187
0.00143801	0.02158235	0.01987611	0.002145512
0.02125558
0.02333702	0.007793498	0.003462618	0.0006761257
0.002574805	0.0006417106	0.008251333	0.0007615313	0.005259743
0.01234554	0.0007462742	0.01434372	0.03518752
0.02993056	0.05861783	0.005646764	0.007008229
0.004104661	0.08004781	0.001817939
0.0221198	0.01627898	0.0070327
0.00202905	0.02202969
0.02374032
0.01795287	0.004317324
0.0292495	0.002801159	0.01298876
0.02530711	0.03044315
0.003170822	0.009781781	0.007245335
0.007333862	0.05441182	0.008961729
0.03320901	0.04958982	0.008456462	0.001759554	0.001232629
0.00855137	0.01429235
0.01014423	0.01267901
0.02676425	0.06320894	0.004275713	0.008589975	0.06642508	0.004599415	0.01226233
0.01189914	0.1800701
0.0006334008	0.1785072
0.03290796	0.1450923	0.002829474	0.01069807
0.02327661	0.07142146	0.004891362	0.01531537	0.01173691
0.02031663	0.07142146	0.002771018
0.002041775	0.05729127	0.001258587	0.001533944
0.0159353	0.07381544	0.007481322
0.00263276
0.002806636	0.02627887
0.003543052	0.008050987	0.005399475	0.002390068
0.004836346	0.115591	0.04462652	0.007816015	0.03435742	0.01063929
0.03081589	0.002328309
0.01024997	0.002006564
0.002391848	0.02923129	0.006787876
0.004607775	0.00610571	0.006348587	0.002216287
0.006740574	0.003747703	0.002828158
0.01026395	0.001948961
0.0008726701	0.03953851
0.001135996	0.05107398	0.02389669
0.002721302	0.06829215
0.002867314	0.07894124	0.01320069	0.01616281	0.01233462
0.02032687	0.07165129
0.004878906	0.06124722	0.008459764
0.004783838	0.0631919	0.006326826	0.004131489
0.05168313	0.0614886	0.01000435
0.02063547	0.01600172	0.006488867	0.2157088
0.03684852	0.02044545
0.01672366	0.007171295	0.0006086956
0.007907506	0.1477761
0.01187083
0.003001239	0.009863049
0.06344469	0.0005344001
0.003501966	0.05685317	0.1306692	0.004427349	0.01756946
0.007976747	0.002777531	0.02291593	0.0008972831
0.008311252	0.002187928
0.005306663
0.129829	0.02681075
0.002065671	0.00401502	0.0001441428
0.009674347	0.03124822	0.00300598
0.02286638	0.001321132	0.00734367
0.004206363	0.01854291	0.002439617
0.005042481
0.07562434	0.005709158	0.00289059	0.03449462	0.02357666
0.03284197	0.00156918	0.04238506
0.03675701	0.0467162	0.005980929
0.02725783	0.09892258	0.008036697	0.01260064
0.00377309	0.00930004
0.04995846	0.01091432	0.01177265	0.0105673
0.0451291	0.0055783	0.06794614	0.004736437	0.001756852
0.00305088	0.00707709	0.005832545
0.003112877	0.01589955	0.006108814
0.03110167
0.008334663	0.01595683	0.01524863	0.01003133
0.0003128527	0.04531817
0.01535147
0.004820039	0.009948987
0.02335859	0.01036081	0.01208353
0.01292578
0.008642887	0.004399725	0.01452076	0.009321001
0.01753403	0.007443295
0.002247179	0.0006081181	0.01940393	0.003339726
0.0004915826	0.03774905
0.003051919	0.1095758	0.0005394052	0.002074574	0.01133751
0.006207374	0.1291114	0.01206306	0.02152736
0.001374011	0.1001754	0.02273885	0.01295347
0.009941604	0.009784783	0.06167354	0.03697635	0.003881903
0.004213068	0.01849863
0.04263886	0.004678132
0.0006631186	0.002692158	0.0162915
0.01232773	0.0137572
0.005709431
0.0024797	0.01937847	0.003588625
0.003905843
0.02523397
0.001161761
0.002846517	0.001004252
0.006482775	0.04400893	0.002515165
0.01742832	0.02592631
0.00978579	0.009277173
0.02906695	0.002890208
0.01189461	0.03453123	0.01321729
0.01443262	0.01145107	0.08394186	0.002462424
0.002482589
0.003326971	0.05101754	0.00103767	0.00766594
0.004071136
0.003119297	0.002897296	0.001513264	0.0003239546
0.001176464	0.009428623	0.005395281	0.001642099
0.001556377	0.0042757	0.001254247
0.01499121	0.03650705
0.005971633	0.006561185
0.01280264	0.001991118
0.02256386	0.007261498	0.002805176	0.00179896	0.003540221	0.003751214
0.01824192	0.009031041
0.01182766	0.02705853	0.0005203599	0.004672699
0.01669075	0.007982127	0.005507366
0.003090676	0.0008780397	0.03045786	0.01219464	0.001918356
0.02097944
0.003943484	0.05858619	0.135367
0.1216161	0.0129955	0.002960482
0.002560734	0.01721994	0.008377998	0.001981116
0.001750773	0.01525892	0.004574337	0.002393447
0.01797773	0.04457518	0.002278043
0.001761531	0.02693881
0.004659219	0.003034025	0.006287605	0.00677676
0.005849086	0.003453471	0.0009955299	0.01046134	0.001205449
0.03464449	0.009851945
0.01563704	0.03237675	0.00623116	0.0340194
0.02283805	0.00432761	0.002102565	0.01277507	0.004320977	0.01277353
0.01214617	0.01068821
0.001885182	0.004396723	0.009279871
0.01239572	0.01297713	0.003577771
0.005496261	0.02064968	0.0006643518	0.0006826132	0.0168531	0.005462238
0.006245472	0.02242592
0.007661318	0.005035137	0.01231075
0.01357727	0.003683138	0.01264299
0.01633709	0.008768327
0.003867808	0.0174148
0.01973392	0.008750707
0.004462677	0.006411494
