ExtinctionRateChangeTimes
124.9457	82.49182
92.51482
86.8687
117.0694	80.37909
128.476	115.1516	52.98092
122.5185	148.9374
104.5642	59.12944
112.0181
121.2761	69.39483	137.2169
112.172	38.77401
117.2334
121.5306
119.6733	164.9794
122.3186
120.3288	40.17591	20.25237
107.8013	4.374207
117.9596
95.90819	153.8798	10.5314	42.9341	0.5888826
106.0567	0.7708958
119.7385
35.56082
24.46586	93.02403
60.13238	55.75964	35.57966
84.36149	9.953463	15.12853
93.59854	18.61517	76.71513
96.79937	154.5683
107.18	156.0322	71.77543
149.7523	96.87933
146.6163	40.89075
107.2213
105.8625	162.8223	12.02024	64.23043
71.78341	15.71454
105.4011	8.905881
122.332	31.00003	120.7838
111.0734	95.89043
80.04446	58.81686	61.74361	9.124493
125.8709	22.12377	83.90215
91.77565
108.954	32.03529	25.20908
81.66898
126.9587	92.46017
72.17561	33.05859	57.37739
83.90955	79.63008	169.2559
88.33254	48.33472
156.187	101.2978	37.7422
93.01646
105.8378	96.25035
112.2112
9.814199	131.5793
107.4686	71.30298
74.86456	156.0621
84.79661	16.56287	139.1402
101.9333
60.98097
93.62216
80.09129
92.82284
136.181	32.64479	17.68046
100.2966	147.8501	11.87265
134.8158	89.23235
12.21473
133.732	78.13321
112.5389	72.63532

152.0649	87.41422	69.85754	166.6589
31.6381	17.59233	60.8289
97.08733	40.44554
68.53858	47.56725	93.42323


33.37751	18.84716
121.4114	137.0386	69.55099
95.87974
58.40268
129.6399
136.0635	96.73779	95.02408
112.2775	152.4968	8.209185
48.29284	46.91517
93.06507	33.65272	50.46657
83.42555
100.0266
111.9035	50.48777
106.076	135.5218	40.08502
105.8889	160.0816
102.1243	94.42771
76.08522
104.4257
89.44648	73.65132
84.35867
105.3247
78.37003	155.1684	73.70462
35.95707	148.7439	141.8969
150.8389	89.36711
150.8389	108.844	91.29897
157.3642	36.88346	164.67	73.1181
140.7055	94.07515	54.35123	25.76193
120.3467	135.4257	32.91139

151.5338
122.0276
114.4018	99.18593	65.09643
121.7987	61.94757	9.73103	40.85896	2.938052	44.02609
158.4457	82.75303
71.34256
57.17779	157.66	68.48299
105.9811	85.68034	14.54052
109.314	13.66575	21.00022
144.8886	127.0607	158.0818	90.22007
76.62266
147.5909	97.11728
117.0783
116.3634	144.9905
120.2118	1.33607	36.01411	31.33853
48.27318
10.74563
88.85075	167.6775	169.0331
95.60963	16.57918
129.7005	0.7035082
88.21811
120.7975
118.6127	42.20873	6.732572
88.32066
83.35851
120.5066
87.68629
127.0098	74.71601
121.4686
119.0803	71.20512
110.3339
116.4987	43.33928
121.5825	71.8539
77.00512
91.39446	0.6946003	0.6244691
100.548
101.5308
120.6758	41.07804
86.72847	86.43047	82.28989
58.42371
79.02312	147.6928
114.9594	58.30222
120.25	138.8863
117.4418	83.95336
120.9409
83.22889	124.6134
120.3859	33.13728	31.53826	139.8669	127.5346	10.97055
35.42156	116.4373	23.18436
119.2407
102.7167	140.3834	10.9848	90.52222
103.377	97.13259
90.55679
151.8696	94.89587
117.9748	73.52107	59.04527
123.5609
101.5309	72.84293
102.5127

93.60247
12.16818	109.1529
92.35213	6.331924	8.607807
90.98877	153.2161	34.78002
92.77297	35.11082	52.2315	84.87685
87.50785	78.66534	161.3581
108.5862
68.45074	11.6691
92.29161	30.7281
85.82318	61.82095	48.13716	16.71225
31.3234

76.3744	70.40986
107.8987
10.40255
160.6738	150.2414
86.68468
105.8188	82.15237	160.6075
101.7302
27.36243
65.66244
108.9475	25.1253	0.8681476	9.555078

90.90545	16.65298
113.1362
86.72982	46.60098	50.50337
8.527028
106.2393	0.5949614
102.5404	91.12503
66.55453
83.04245
113.2936
97.95974	78.61466	24.75252
55.76333

102.0573	159.585
164.9542	62.63062
83.63432	39.95897	10.36974
121.3972
69.34598

95.56688
96.01819
42.51001	168.4252
108.2032	51.88372
118.5894	23.54261	75.21928
102.0163	86.13981
96.01461	85.4283
110.8696	100.084
104.8819	103.7168
157.6155	155.1717	48.50007
85.73944	154.9988	54.67581	73.8172	77.495	23.2394
124.9982	133.3541	109.5428	146.611

110.2666	131.5253	53.14929	165.306
95.80328
89.05688	154.7144	59.68307
151.3937
102.8692	29.63027
140.0167	19.06991
94.00049
166.2732
118.182	61.87136	106.3507	62.54445
142.3246	77.80476
133.4763	3.995413
136.1309	45.47344	118.3986
134.2553	120.465
155.1074	86.83266	25.79665	15.49231	13.90126
152.9402	102.6998	147.0273
153.433	55.72381
153.474	63.853	41.69365
153.474	114.565
150.6924	104.9184
151.7895	112.4812	52.86926
151.7895
153.2275	88.06316
151.4406	103.8477
152.3918	104.703
153.0127	92.07118	76.11814
153.0127	105.4625
150.9122	103.2963	13.52423
145.4708	106.597	62.23407	155.9344	51.79527
149.3041	62.64292
148.5493	123.0803	148.4462	104.4789
152.416	85.21309
155.6296	83.09467	33.92915
151.5928	91.90384	78.08569	13.36663	150.8356	14.2153
151.5928
148.9289	97.48215
153.3567	35.18862	2.604389
153.3567	111.0218	52.69785
153.3567	101.9987
147.8182	87.85268
8.2278
69.57281	82.23076	152.4571	80.90549	37.38772
119.0317	136.1519	154.5069
150.1478	111.4594	167.1135	92.25693
6.572119	23.26305	152.6	87.36713	48.02931	133.0723
148.8876	66.78451
85.4552	139.6729	144.0657
107.7706	156.4469	87.3197
153.9425	88.11211	8.250287
74.19956
111.663	166.3164
54.78411
87.82902	76.19757
138.7536
145.1387	3.475192	111.4959	150.5278
155.7495	61.56459
161.171	119.214	140.0193	100.7435
90.20317	156.0355	83.98102
101.7656	63.58573
81.4268
52.39742	35.46296
77.1947	159.9485
99.91135	93.94095	67.52399
104.5273
122.1187	107.3562
71.62756	47.36435
112.0697	33.50806
84.37064	16.98463
78.15004	98.10993
120.7849	11.55849
99.24132
105.2637	164.8996
103.0513

151.0247	93.71812	2.105921	46.20746
84.20325	53.88357
86.90263	3.928736
72.41334	52.74376	6.785933
92.50351	3.187953

103.2059	53.72879
121.9475
70.39167	167.5402
99.67507	18.51927	168.9221
82.29406	15.75775	167.3438	77.98548
168.5534
62.71112	32.1752
100.4965
107.6822	1.551031
52.45158	35.53386	23.01419
62.93151	53.90199
134.2316	28.7354

117.5151	62.35753
61.11578
81.0927	42.35908
120.3462	66.43964	1.145074	74.82331
106.4723	102.2219	105.4366
105.1267
157.7524	78.38875	42.32181	59.19517
147.1181	2.533578
135.0573	101.5598	116.793
152.9519	47.01836	120.8962
154.1031	74.42997	64.16313	53.36164	66.67238
79.94283	158.5043	56.70995
46.11357	154.2908
95.39017	151.7407
153.8193	84.21894
153.3955	85.65469
154.3372	109.0627	164.5429	106.6066
163.2475	56.18735
152.5701	99.73712	63.04238
159.9672	91.7072	7.145479	9.59847
156.2104	101.5359
152.1337	100.9066	42.04453	40.13153
154.5789	95.14194	150.245	18.81196
148.9739	108.6615	39.08668	163.5156
155.97	103.9437
98.39547	150.9649	130.8938	91.12849
156.3081	109.8231	17.87071	15.22223
119.2171	107.6357
126.3788	50.92066
116.536	158.1868	75.71464
89.17779	9.600986
99.33101	41.78451
82.38378	75.54253
76.7175	51.95852	37.86596
124.4118	103.5321
136.4863	77.12892	51.96836	167.8773
106.6468	82.79619	93.97471
116.3427	15.19533	91.09963
44.14064
143.9334
110.3078	24.89303
112.7058
59.37543	123.2355	90.73905
91.45858
127.2907	111.6303
49.27031	3.122345
167.4952
112.122	25.0192
120.146
113.6154	74.20902	35.33918
97.54099	38.80399
82.48565
118.6062
122.2543
83.48411	19.69803
120.4338	104.4371	83.50276	157.52	110.9475
98.71849	0.1296779	84.23087
107.9864	165.9803
123.996	28.43222
106.1198	95.80232	93.64342
112.7471
64.06406
70.78292	31.67823

160.9204
50.00152	40.37621	25.76771
128.6247	75.3399	1.5868
87.22648	155.1039
48.07931	153.8915	35.38248

118.0555	82.31014	86.33865	1.868736	56.1639
111.9153	12.86008
111.8137	168.4001
80.95785	24.41055
59.1549
102.4493	5.855354
114.5877	161.7476	24.94505	1.642369
118.7398
119.4421
95.73716	95.53363
121.3908
120.646	84.68877	86.94743
100.8124
87.42383	29.66121
136.715	76.03956
9.084608	125.5647	42.06282	148.1046	106.2221
35.91976
120.9156
81.11209	79.80056
154.4413	67.85677
152.8463	119.9217	112.7171
157.9665	48.42626
149.4662	104.4971
150.1246	85.51215	22.56065	101.2947
149.1606	119.086	148.7092
152.5591	97.42088	30.31695	166.992
153.0101	123.9297	117.8084	7.340358	38.38779
152.6702	118.2628
152.6702	122.5775
152.6702	116.5972	25.222	128.9064
152.9614	84.66024
149.113	134.7496	34.76374	146.6247
154.8229	62.30533
155.1099	106.4116	73.81738	34.0415
150.0148	70.25309	62.56582
153.833	79.57908	0.4172394
155.6461	121.2175	22.32426
76.31854	153.3815	11.33429
151.3773	122.5898	13.78818
151.438	70.78906
152.0338	95.84762	166.6478	10.6746	93.91397	30.1406	10.28032
153.644	126.0902	115.196
151.7573	112.0069	28.70599	109.9222	4.260656
157.3158	106.5845	153.1496
108.82	154.1113	53.12959	94.7825
153.077	63.82127	147.4865
83.98389	23.98999	70.83887	156.9894	164.5345
164.2083	128.2134	59.21535	120.9035	113.8904
94.15451	16.0984	70.86385
90.15873	167.5345
58.76257	50.4499

113.1156	32.75637	149.6791
3.476706
77.46991
102.7077	8.215653
70.45314
123.9866	48.27873	80.12521	97.62421
120.361	13.82399
121.0926	31.94313	79.44419	86.47567
51.50897
83.44284
59.65572	15.55241

93.15923
93.66966
21.60757
88.44611	58.41844	144.5478
100.7597
157.6076	88.19895

115.9038	94.96744	42.66926	87.79648	1.887337
107.3073
90.64462	15.80684	58.26515
117.6087	17.59109
115.549	63.32487	106.9785	29.0615	31.30658
103.8009	15.07279
122.5226	166.5552	149.7699
121.6142	40.23258	157.7343	144.3332
52.36563
110.3898	16.45302
105.2283	43.34747
95.998	48.56035	10.51668	32.3978
124.387	109.6
125.0968	7.204199
66.32817	153.0068
154.5541	128.9086	108.3203	109.5556
150.0173	81.00679	75.91414
102.6812	153.1072
153.6404	3.323169	134.0402
151.4431	117.1541
153.7135	102.0204	142.331
102.8655
105.647	75.42834
143.3699	52.8386	162.2096
124.1955
95.63101	14.72439	1.082564
58.63337	18.16819
27.23065
119.1065	130.1302
123.5075	114.8135
121.5886	47.13558
103.1681	9.325239
89.63003	37.1579
132.8864	72.98135	109.23
79.70769	106.7259
105.2957
85.16682
105.0849	12.83584
120.8094	89.77141	116.0594
121.6186
121.2468
145.6019	108.9574
106.8746
119.4205
121.3864	167.8626
117.741	8.810897
31.59401
80.20917	61.47791
109.4016	134.6836
100.2959	31.46612	147.6653
81.6751



62.64377	17.43207

44.56554	66.40101	34.28914	165.3613
82.96986	43.52571	125.0896
104.3392
116.0232	24.27044
103.525	70.11383
52.86967	153.2841
102.4072	82.13014
114.0329	142.5046
103.3422	153.3053	160.3508	89.89691
76.42773	25.55739	77.189
18.49874
165.5308

73.76487	2.689093	54.10882	149.8798
96.81281	84.07575
88.69273	84.35054	23.5822
107.5343

150.8483	50.39508	77.30385	74.49076
83.0408
124.4773	88.2708	88.10416
29.18518
146.4272	106.1148
120.5999	119.0419	73.18237	120.3331
84.96411	166.6472
101.588
108.3046
109.7623
52.23051	165.6558
98.67538	120.2916	36.28327	68.21305	20.06332
102.6406
107.1732	77.75697	106.483	100.6239
76.60897	143.9061	5.411982	60.02817
154.0188	154.2981
156.179	105.8182	66.07959	158.624
156.124	37.9881
149.9485	108.662	71.17567	82.07107	70.77782	127.4004
66.08766	150.2412
152.2419	90.44971	60.58545	51.99953
152.2419	100.9811
102.4275	157.3334	148.5023
104.5065
66.96797
95.78749	157.0475	91.10121
99.20756
17.80889	91.4607	121.3806
98.76752	142.3022
102.2701	160.0911
110.3775	155.7339	52.65388
109.7491	154.0993	43.14598	1.482918
153.2646	57.73363	10.89138
153.2646	119.1377	58.12742	147.9333	32.2185
155.5116	109.3365	71.99237	159.8096	85.08421
153.9624
150.9551	70.56456	141.9038	141.6085	41.39772
152.7054	77.34175	13.06873
92.48629	165.8673
164.9191	57.5738
101.4373
83.52122	73.46732	50.21069	60.10049
108.0025	38.08784
105.1961	23.76502
104.6848	40.16448
117.6012
20.05023
96.64753

155.28	92.36889
151.5254	73.75916
155.037
103.2341	56.05926
106.6861
54.2411
106.3731	17.19126
120.8809	84.93819
116.8511	89.98103	34.8074	60.01868
117.2027	4.976689
135.771	101.9847
118.5581	14.69983
104.2828	1.396827
92.58783
110.8615	5.868295	104.8989	96.2164	77.05731	70.94135	87.40882
90.31187
112.8926	52.21353	63.91521
124.216	9.021003	167.1879
61.67235	13.62616	52.28316
117.7256
118.1455	8.625998
89.27009
100.4831
91.23348	91.12451
84.54434	57.744
143.2779	95.29661
82.80786
114.9851
123.2117
125.5199	50.53355
108.5528
97.72871
5.805928
87.1877	53.25553	4.250308
117.0702	75.0464
4.825001	57.80434
145.587	150.5929
145.4552
80.17929	38.46543
102.1297
114.8487
121.7609	164.9835
118.29	160.1576
107.502	54.15456
122.2061	25.57372
39.42083

46.39631	106.3111
79.12337	30.12873
86.23309	23.27446
121.424	108.9004
102.5168	11.83267	94.9275	126.2492
94.99605	140.917
116.5045	1.828764
97.26635	32.13898
121.5018

105.2532
109.0652	43.2084
43.97509
28.55813	123.5177	111.8675
110.3465	168.568
95.64332
96.6336	161.7684
98.95471
69.8813	150.8632
102.8038
120.6415	163.9762
125.0075	140.6846	92.68067
110.7489	90.07556
81.07142
121.7025
12.85307	27.71869	64.87272	64.08885	18.31586
27.61136
112.3518	140.9646
100.7111	56.34383
110.1463	104.3676
96.25929	167.3822
105.56
85.19715	20.01093
97.40587	134.3039
105.9046	118.9804
104.3311	2.41218	101.4526
92.80824	22.94716
95.73273	155.1224
108.8379
84.16663
46.95392

118.186
82.8767
80.49538	155.3072	141.3196
114.2169	15.03265	102.8833
120.179	107.1596
104.3572	52.14135
12.63807	62.35078	108.0178
37.60585
126.6276


83.27848
104.5871
129.2197	109.9245
69.0378
143.7179	85.97808
153.9664	77.35041	115.1736
151.8203	107.4889
151.4621
103.8594	101.1756	39.06857
95.36677
163.4066	104.9393
109.4705	115.4658	36.83554
54.89324
44.86269
30.80146
130.1439
117.6442
114.1296	69.28871	99.42776
96.16755	38.21542	7.166309	166.0032
92.50859	91.87283
97.79883	162.5851
101.6776	66.83827
71.53867	51.80339
80.68637
76.01756	55.73322
120.9506
38.85442	104.5015
109.6176	89.30674
87.83535	84.85875
115.4484	46.32863	36.76478	64.19	69.59319
121.4458	102.2525
96.82084	69.68428
92.92866
125.2707	126.9673	112.2292
151.5115	101.4916
118.226	162.7257
131.9957
119.0381	164.9869	51.08259	74.48715	95.77173
121.7125
72.12188	19.745
98.5407
88.06287	79.34279
77.65726	165.5014	164.8106
117.5524	154.1529
99.08632	49.55731	96.28501	23.71396	48.20004
117.7199	59.14207	52.68958	17.52695
149.9385	119.6159
98.81732	22.26858	165.6192
107.568	100.4731	100.042
129.1935	34.48591
138.5322
20.13029
152.5239	72.3265	161.4761
160.0962	151.1632	2.96531	123.668
60.4277
153.0458
154.1663	25.98362	109.2884
140.1761
135.5455	93.09058	48.88325

92.65317	26.84895
105.0083	77.52167	128.5983	52.40663	33.09207
76.38911	3.519988	166.7503	70.22212
64.14447
100.9589
114.8634	44.44388	108.0588	7.129254
118.4162
152.4082	144.1519	35.16761
15.88878	83.84243	146.365	123.2088	82.14964
87.61188	149.1867
147.8539	103.7005	164.8944	144.1085
150.9157	109.4289	90.07683
155.3638	28.45335	135.7248
154.4819	92.44663	63.96825
121.1488	62.93035
95.66701	58.90443
99.6593	1.692074	3.040138
93.36332
101.2602
100.3042	9.255713
83.44731
120.6805
125.1858	164.9075	57.72761
118.0632	14.89813	60.08588

107.4933
97.92204	81.85313
107.5971	54.72984
101.7092
87.04659	142.808
108.3044	23.56128	159.4019
164.268	73.89802	101.8509
73.74449
106.3256	100.7764	9.199004
120.6291
104.2333	17.3449	0.2390542
99.23598	22.63627	7.602582	42.4623	43.60771
121.0946	8.913149	71.03417
115.0212
77.40089	76.63117	63.27755	47.80455
118.9093	52.19754
120.5781
120.646	152.4392	168.935	107.5756
98.16185	90.47429
112.3325	26.64031
105.2444	24.86794	18.65798
78.71944
123.864	32.46766	142.5819
84.86208
64.72315	158.2393
124.2029
36.46845
116.2981
99.84135	89.50782
120.6163	8.468577
83.07961	20.82513
124.4972	59.78797
105.7502
7.951663
107.3829	11.16731
84.19625
121.3189	87.2838	13.52997
126.7699	51.77201
52.6032	80.04968
37.183	121.0639
77.81082
101.4684
120.6288
134.6412
113.0114	8.145597	101.354	67.35533
97.16663	12.3594
115.08
124.1584	81.37854	48.46694
76.13472	86.83743	146.7221
81.30756	23.1261	30.79368
25.05439
93.72531	85.28916	42.1858
111.2376	146.6127
49.71459	99.6066
35.7127
81.03262

100.3305	53.63487	79.57753	88.45202
92.87215	19.09091
98.62152
121.2578	153.5496	165.3215
118.7448	150.4329	75.48593	52.97013	41.29406	99.02161
98.01857	153.918	24.93391	38.99496
152.2138	114.0281	57.0361	162.467	6.414387
152.656	67.34687	57.55499	68.40011
152.0053	94.54119
150.9063	80.87616
96.56807	153.9086
153.8671	83.63264	166.6779	128.5095
151.3953	59.6172	167.1854
154.3841	102.747	67.59685
153.2297	100.1359
152.6149	69.43779	9.930132	68.07526

89.21509
22.07179	105.6721	69.57519	53.11573	3.015387
159.932	143.7318	135.1289	31.70465
96.7479	31.58511
82.89529	98.52957	92.05967
123.2997	121.2774	44.43827
106.1588	162.4858
106.5128	85.93481	78.69314
64.85771	42.13637
102.8501	38.42095	69.80309
97.53171	121.1865	168.3891	76.70515
117.7154	105.3339	146.7943	43.02449	12.7612	79.60368	74.54996
105.9478	152.1543	45.76213	79.00496	46.51531
118.7308
112.2244	144.8991
51.49083
99.33091	154.8811
117.7099	150.3348
85.19915
23.75082	0.6499753	19.81392
47.98389	36.95903	32.27459
93.88779	158.7626
77.20178	15.28104
101.59
86.27963	145.9794
122.1109	15.42501	80.71885
95.14783
105.8047	41.36995	31.96053
114.4474	166.4721	41.81538
65.22243	28.61847
7.604245
112.6699
95.45637
121.7012	99.46675	115.0251	107.2299
118.0685	64.47289	94.90491	53.48575
104.5242	39.40126
56.83909	94.94789
107.0426	18.95796	65.9306
116.8398	2.301536	66.92799
95.44845	167.4902
95.52417	94.33897
111.2032	109.9744
70.14647
140.8607	24.7923	100.1972
166.2341	25.19115
81.20334	74.69117	80.47461
114.5591	0.5791134
103.406
106.4261	167.74	13.35299
114.11	114.1149
107.5513	158.3302
78.37369	42.23499
99.61905	4.080473
122.5586	96.76152
87.90778
114.8677	72.07502

74.45948	50.18994	3.567705	39.54496
95.80445	2.790962
100.4377
158.6066	85.04583
103.9958
90.51246
0.8198959
18.46886	89.73931	43.42623	74.36503

113.2635
120.1282	55.91558	94.54273	93.49025
117.6275
113.0273	15.95724	15.60431	13.13204
121.3101	17.71325
162.0447	141.1296	122.4314
113.8829	93.53717	83.40863
124.4312	83.45427	115.9434
102.4433
5.815295
116.2703	42.09148	34.8401
114.8303
122.3366	118.1693	75.64994	55.00509
69.77481
123.0041
85.56104	57.48899
96.71753
124.2172
104.0807
122.3256
76.1634	165.1844	164.4516
107.927
47.59996
90.53733	18.41098	64.66717
121.8655	17.21739
127.0579	125.5567
64.61068
122.1633
114.9478	78.85063	145.0133	139.4712
76.86652
123.1062	1.639633	112.5845
99.39839	153.6696	152.082
121.8991
105.7449	88.20739
121.8384	6.210017



85.66884	165.9252
95.08697	14.17891	89.00757

55.32988
153.8536	125.5172	131.062
103.1161	58.90453	70.87282
117.0032
5.706524	128.8357	81.86179
150.3564	142.0999	118.2955
140.7659	96.94869	74.88994	69.79927
42.35708	16.53122	4.440971

64.76416	11.5475
120.8019	151.3117
77.06265	27.7945
115.0743	2.676072
92.3022
115.625
63.61892	8.203614
80.0534
152.6124	152.6069	66.47292
101.3218
129.5706
113.4887	39.80709	52.51062	93.52661	19.65652

118.7317
85.10164
65.38168	58.14827
71.91495	148.0853	73.26028	30.32564
119.6455
81.77828	63.66845	35.65228
85.4264
9.899942	167.3615	149.6944
88.6964
103.6913	122.3416
82.66751
121.4915	163.2366
103.075
109.3708	67.2604	52.38439
79.99521
109.5661

95.02934
108.5742
102.8039
102.5513	2.489932
40.38755
117.9407	81.61759	108.485	102.582	50.47
113.0242	105.2086
120.8473	3.852524
106.1233	5.566491	71.36537
71.43706
72.73191
117.2	4.381735
88.69355	26.43663
120.4117	163.4463	168.8783
103.4736
116.7216	9.0906	80.62581
102.024	107.233
127.6135	73.1189	91.58812
80.53852
118.7663	66.33915	103.5145	23.47252
106.65
124.3137	60.42346
105.4711
115.7268
107.9244	49.86229	88.2652
109.8887	62.77821
11.52234	104.3518
11.8464	160.6146	116.2509
85.52736	2.012774
74.93952
99.12162	97.09827
101.0518	28.19202
109.1542	25.43807
121.2246	10.02323
106.1184	87.16478	86.52872	11.43078
103.7582
111.8514	111.3194
81.75466
129.7013	33.22903
64.28234
102.2455	38.24861
101.816
117.6851
115.1811
121.9534	125.8951	134.8645
104.8149	86.17557	27.37838
29.15885
112.7997	24.44501	97.45207
58.66567
109.8154
97.36896	71.07129	46.79174
8.428519	100.191
7.215987
92.30962
96.95825	75.41947
122.2689
111.9994	107.1411
84.89584
138.79	28.90485	68.50557	59.77395
32.49597	7.327574
106.3711	77.49425
112.026
99.24935	52.40797	48.35289
106.4586
79.22803	54.27278
119.8108
82.9861	31.40274
97.6027	27.5973	82.99647
96.41629	85.59518
63.00006
107.1786
102.0478
111.8311	94.54274
86.79595
99.69816	117.4604
5.841529	86.17463

56.68352
52.81062	19.73665
137.8061
110.8793	81.47888	4.464853	35.21227	71.20317	99.22696
14.7487	94.70342	8.654526
102.1573	19.44501	10.65558
121.0707	13.81598
97.5267
86.29902
102.9001
116.9207	15.71673
111.0915	129.7538	99.79702
119.2652	111.2811
105.9376
65.95314	1.314719
115.2324	63.94684	55.97553
123.5452	120.1969
115.8576	124.4371
103.0509
86.99796	21.92888	56.24368
78.11793	31.94108	46.43485
116.5996
89.37712	25.04803	164.7843
106.819	104.3762
81.45498	168.6453
112.9842
63.26667	31.57582
119.0124	30.05384	72.13974
118.2066	48.88446	81.70753	15.51577
122.4073
83.9589	139.9518	24.60072
122.8189	79.99866	19.89258
94.96289	38.00313
98.64106	20.36788	73.73946	69.3022
106.9416
88.99821	2.367077
121.697
43.93875
105.9123	45.90215	127.5067	147.5289
124.973
99.02386	12.51534
102.208
109.6188	96.30964
86.59629
87.85458
126.4594	36.91673
105.2067	96.68258	103.773
93.67364	11.57912	90.0256
49.71906	7.063415
116.3473	51.23946	89.83517
103.919
92.05728	131.7264
91.88318
83.89055
60.83788
84.09561
93.57247
98.74902	16.14479
33.10125
116.0203	58.09423
120.8008
103.5838
90.27271
73.42218	60.50425
61.53702	122.0491
103.5303	47.13528	91.48361
104.4288
123.8061
121.0003
101.9582
117.2091	164.6294	91.20523
113.7448	95.65532
122.2799	82.60122
102.3104
119.6943
97.36265	96.81113
16.88341
114.0806
101.5613	2.611676
83.43535
116.5703
5.410635
110.7101	30.4772
99.18658	85.98592
106.5199
50.32442	37.88898
99.75223	127.0652
96.08212	29.86761
130.3627	45.44402
92.59511	65.89589	41.76852
121.318
100.7766	32.46676
120.2081	108.0195

97.66712
123.777	19.05054
101.0412	58.44288	3.212818	21.81306
95.62941	164.1957
144.3536	31.38878	100.1603	158.1335	156.7268	2.613911
57.19638	119.2536	14.81106
11.16932	104.9964
106.7382	3.777435
118.2124	26.41447	1.591601
111.3602	159.959
82.6591	61.15965
152.7303	102.6233	29.05372
153.0197	15.5576
150.7633	101.5576	166.651	95.74385
154.1067	4.474813	136.8158	14.4754	77.89139	37.19885
123.9121
28.90264
118.833
69.3727	113.4725
128.1776	52.84491	121.1234	33.02934
86.36308	34.4005
104.6479
40.21581	5.317096
113.8396	7.691545	78.35107
110.655
99.39751	140.0561	33.96198
129.073	98.63122	81.02974
107.193	24.91098
121.7506
106.7322
107.2412	63.45488
74.84935	4.287175

88.73479
114.3693	91.96796	52.0167	50.07025	13.01313
10.97065
77.93014
22.0197	111.9105	45.72752	139.7349	0.697797
28.09407	23.96827
91.44456
110.5124	163.6328	19.26776	90.83638	65.35132
63.92757	166.9543
94.22444
95.24443	54.9031
107.0047
123.4531	90.58457	163.8126	96.43736
87.22513	51.35048


118.6869
115.8687
111.8789	57.50461

50.6747
96.26288
93.79433	44.87741	5.303557	77.38521	69.73741
85.52171	152.7832	6.102423	0.676705
150.6577	99.70551
91.95334	155.1992
57.097	155.8522	96.70363
108.6822	152.4364
95.04252	29.49127
159.5318	155.8873
109.6252	68.53345	63.11999	96.25969
95.64616
53.89005	11.36178
29.52479	41.92337	30.9223
100.5906

142.2708	57.51139	135.8588

150.2391	104.8039	161.5298	156.7228	166.0496	72.16992	152.6121
157.4046	111.3671
117.027	157.3325

1.0995
24.852	69.37921	92.39129
105.6331	153.4441
158.6761	34.4368	59.71642	164.9548	133.2463
145.786	101.2545	86.11398
149.8036	138.1872
120.5573	153.997	122.5447
142.7843	102.2444	6.174084
122.7349

150.3055	116.4958	142.2253
110.2506	154.5948	131.2333	84.64351	18.1272	55.69147
116.2347	137.453	111.0341
133.3643
134.919	39.16846	114.5423
157.0197
104.7924	156.0112	21.91992
100.6793	145.7448	70.8954	46.78083	32.11448
150.8287	94.79367	127.917
146.9166	101.9458	65.58172
149.3373	94.39373	167.8131
140.9352	102.5841	139.0918
146.6344	88.09928	164.2085
154.4609	108.3991	165.2796	153.7377	20.82849
148.8802	122.151	169.0016	7.750075
158.2923	81.96272	135.3255
83.81018	56.99991	34.52326
85.9179
63.44514
101.975
108.0843
108.3842
70.8863


154.0467
44.00684	146.5361
90.63917	27.79974
100.4375
115.3966
102.7547	29.7755	133.2575
80.87199	59.88473

140.8889
142.2398	100.2388
129.5617
94.53512	94.10318
93.15753
121.4607
112.6289	152.6765
154.3455	107.5221
97.86199	78.45016	25.65704
151.2665	12.66924
153.7722	89.80279
157.0965	95.01925	42.81961
122.8926	117.2827
71.24999
59.10289	15.92769
39.35651
134.651

117.3584	16.20615	40.84094
73.25552	143.8604	73.7933
109.2404	59.65978
50.48793	55.19213
108.5807	150.706	55.9928
120.3772	88.96103	57.62563	167.9706	21.35218
166.4301
84.49865
6.727914	72.46909	7.795222	28.24576
99.08119
162.1984	53.0595
115.714	91.46648
115.4658	64.96064
118.9527	20.40379	7.009297
96.29363
72.81909
14.29122	106.1647	18.52146	104.7889
110.3965	21.96152
86.70037	0.5912947	42.88538	168.336
33.49887
95.23404	3.340157
105.5323	142.2343
103.5536	159.5563	156.277
122.5314	116.983	113.0813	72.88383	39.99834
119.4016
108.8988	0.93847
99.33484	50.15113
100.751	59.25196
97.27648	42.99673	6.409721
87.13697	163.8805	17.61677	168.5998
46.82666	128.6868
91.42771	19.29047	67.45123
122.704	3.623093	15.82498	38.62487	1.535245	27.81418

118.4041	100.5014	39.30176
121.8974	35.89109
103.901	60.52856	59.96803	99.39323
144.4634
123.6796	91.8118	145.9581
104.3494	62.02059	71.77633
114.3923	110.2079
79.828	32.90363
70.36326	116.8552	61.88678
146.4996	79.34748
152.4338	121.6899
116.5253
71.00431
108.3245
89.57138
107.4548	19.40591

122.1351	148.5067	31.95689	55.36895
121.771	7.051917
120.521	21.95904	166.9996
103.4811	3.162581
106.6106
23.03731	98.13234
110.2314
93.6018	82.35511
104.8149	68.27109	50.47798
50.09665	17.14697
85.13945	161.2541
162.8651
63.80873	27.57122
98.17696	84.54757	30.41587
74.73193
118.1682	29.40774	1.22915
29.32857	114.6049
38.94184	113.0211
106.0633	137.1614
109.8511	53.49725
114.6476
104.4772
105.4796	38.87805
105.7309
103.2568
97.04854
87.37521	39.94224	141.9171
123.4317	33.51758
122.6903	117.9492
118.4894	113.6015	54.65044
98.64807	169.2261
150.055	133.9948	42.22957	63.20767	5.808484
54.05744	46.77897
126.2543
119.4882	153.9118	74.19007	136.2681
75.61047
115.1963	115.0679
95.50842	52.94415
118.5321
148.7707
168.2811
117.7514	21.32372
108.8031	62.52998	74.51134	32.60906
102.3049	10.7179	52.9838
110.0823
106.1176	15.95975	77.57284
81.64627	84.25452



81.76939
115.6515	130.5447
104.027	37.8135	166.0787
89.77261	31.97789
82.40108
115.4417	151.8468
69.41654
122.3041
77.46746	32.29919	20.79606


70.25153
118.281
90.082
122.9156	14.26987	166.7564
122.3163
117.7989
118.0927	85.28449	73.05311
105.5261	55.16198	33.26078	30.07103
69.07978	40.39225	0.9295895	80.22563
146.0653	35.37679	15.04063
83.95095	32.48758
86.98792
96.39768
9.552906	121.0197
98.36898	133.2786
131.6844	107.7054	161.569
80.16639	62.33532
118.0128
64.70509	32.82954	22.33811
64.20373	37.86974
75.05205	151.6999
117.2974	0.2732722	28.56941

97.36797	10.12078
101.1818	21.70413	121.2733
81.19569
94.03229	54.25132	28.76716
120.8883	146.7984	119.111
89.43463	63.85521	76.20388
100.5195	55.74603	31.31736

94.45123	78.18714	78.19055
106.6055
102.7822
108.1011
62.95493
55.34995	2.291546
119.203	155.6098
152.3598	122.7058	143.9275	2.345016	99.19066	40.01733
104.7964	147.5918
107.3273	150.2771	169.0054
88.7509	86.58455
118.0064	82.96557
68.99921
96.84196
103.1976	28.81525
75.87624
104.8565	20.44917	101.6417
85.75034	33.42793
101.9256	14.63661	8.257282
101.3967	80.12676

107.0506	16.15607	87.16571	79.14338	70.98397
117.6271	160.657
84.39316
106.906	46.94182	165.1572
124.7497	151.528	45.64815
105.1086	62.42232
35.7119
80.14157
45.48683	71.44922
102.103	0.9033209	91.01214	128.7625	52.25585	4.044007
119.5571
83.65925
97.32919	90.87034
117.4887	108.3287
103.8305
138.7258	62.98796	16.75384
90.81262
39.87052	107.3492	167.1243
100.8791
83.50734	20.79126
87.11528
84.99631	158.9432	149.2946
86.36735	138.7982
103.4525	25.44734	56.80226
62.61758	99.52434	3.733348
107.5664	11.47585	20.94027	33.52755

87.96513
122.6814	118.7656
119.4626	92.11197	19.25778
53.36353	79.66523	27.65482
100.9471
34.94073
71.39397
148.1349	113.4307
102.4169	59.74074
121.159
18.96216
124.3512
102.1812	153.2367
112.6252	57.16448	157.3568
115.999	53.09288
122.1535	144.4697
88.65573	143.8668
97.7475	140.1921	148.1202
117.517	137.7656
143.367	87.29534
147.4101	109.8233
113.5836	150.0566	88.64292
117.8181	153.3938	105.1329
152.9637	24.0069	116.3917
152.9637	124.8459	84.50215
151.2933	119.9195
151.2933	93.32107	49.36511
150.0091	81.1531	11.41184
151.6387	97.10171
151.6387	119.4284	4.315796	106.1908
152.1674	96.12568
146.9659
149.5954	14.74596
154.359	99.32457
153.3179	107.7061	5.184868
122.3766	151.7736
151.5357	122.0781
121.9995	135.6389
111.0084
92.77017	160.9807
165.7252	76.58799	12.60882

95.1865
82.54142	47.58343
64.98657
117.8575
87.61592
59.23547
146.4864	104.2837	128.0743
148.062	111.9066	52.47884
132.5924
53.19494
156.8889	125.4253	94.50302	74.26603	62.02766
108.6347	142.0793	161.4435
85.77985	24.53209
44.95974	78.49416	27.98053	165.8298
141.6286
99.31705	6.164987
93.88885
66.49336	6.505205	37.02531
115.7989	24.20652
101.3861	113.6043


128.5233	113.0018	58.23463
63.02156
91.46433	75.13807
76.05223	90.87292
94.53813	30.01608
33.23428	13.9977	8.1522
100.0081
43.16512
100.6547
96.0117	149.0872	132.561	94.72691
116.2007	91.9395
113.1154	42.26302	75.26931	96.47455
99.49977	76.01945	80.3007	29.2916
106.4912	96.5388	60.83559
99.92963	23.91637	91.06773
80.1011	46.4625
127.8299	105.8833
79.03342	67.04971
104.494
108.811	105.2206
164.5475	23.28724	19.92553	92.98671
88.1737	31.93786	26.59694
134.9948	97.73764
51.151
77.39483
106.7779	79.41522
95.23481	33.16155	6.644597	22.84285
85.81546
74.39948
82.14165	9.423287

101.2773	43.27107	35.98389
102.5071
33.42214	116.9331	25.77891
119.3058	159.5606	6.558448
154.1597	103.1688	66.47247	36.65038
154.7435	96.51666	1.080217
125.7534	131.9639
131.082	116.434	26.66446
80.75041
92.74857	44.24593
89.02844	33.37163
119.8255	132.1947
39.02487
98.46733
83.26761	138.5134

87.15525	40.54549
64.31228	29.06242
104.8236	111.933
102.5388	155.3559	150.6761
72.9072	48.59146
107.172
85.24331	34.94238
66.34905	56.58686	13.39227
80.85371	36.89471

65.36664	27.37352
121.7324	136.958
90.78807	2.58443	81.72571
121.6798
71.20912	31.21055

95.69312
90.93696	66.10687
103.4852	160.7222
67.15105
85.57189
124.5172	104.937	98.68086	119.5368
53.84435
7.598445
80.98573
111.2238	99.11683
72.72385	61.60566	63.36619
122.0651	162.3349
81.55564	16.05805	3.833298
120.4523	142.8783
140.6986	89.58875	41.71519	30.01594	38.41508	2.86177
86.93475	18.23755	67.74867	25.80985
109.5836	70.5724
156.2957	100.2348	1.331627	92.50301
158.2612	107.5357
100.5953	129.6213
110.2936
89.59252	14.56577
104.3852	161.4774	160.319
151.7052	112.0058
163.6449	119.9783
115.1922	165.4826	58.30052	60.05294
106.4137	41.36122

82.27239	75.94768
61.09584
148.7131	63.02312	33.8574	48.9002
146.8991	99.1087	93.0179	50.76196	53.48026
14.35942
120.3406
123.6398
123.142	73.30742
122.9686
85.25169	15.58968	150.9116
101.227	1.991897

71.04017	165.0331	23.43944
159.1536	105.4396	29.94137	102.9341	132.2674
158.7951	91.87769	0.7991104
157.6547	127.0626
156.3829	120.3609	160.6682	38.81416
143.4734	121.2171	139.9134	109.3849	64.57744	94.6689	120.6848
121.4257	134.2118
65.45633	114.3453	116.3011
80.12532
92.71132	145.5872	120.4786
147.5093	43.87169
151.8881	103.7533	94.32557
148.6923	73.21889	62.86365
149.4637
101.3279
38.61921
98.56325	65.85292
130.9695	106.3335
153.0935	121.6829
89.31179	89.13258	139.7133
75.67812	49.95421
70.71335
162.4594	110.6878	111.9781
80.47197


135.1801	123.6653	71.29187	56.24789	83.02159
114.2439
123.4923	10.37301
117.1577	100.6223	55.19662
95.75791	91.94442
83.54565
122.6291
105.9012	15.02346
84.6544
69.68191	42.77709
108.668
53.70107

96.5965	34.65244
78.90141	38.21602	32.54822
102.8311
149.2108	98.68853	121.0804	111.4325	36.41837
96.47012
157.8895	25.64577	136.31

123.4175	103.7148	20.65732	120.3174	84.70814
119.5704	103.1666

110.1439	86.3015
104.3266
70.12396	10.78939
116.3055
81.88832
109.2629
93.80311	18.67091	85.80961	27.4911
81.37166	12.21333
92.58355	46.86477	63.52406
72.9047
112.3712
88.12795	76.28237
118.6489	9.707617
59.77538
151.7254	122.988	160.7556
122.0493
14.3972
119.4164	44.7682	35.50677
94.20895
91.31822
102.0546	7.96679
104.9282	136.5116
60.77032
99.77587
98.99932	24.52285
107.5642	54.19655
120.5203	117.3077	67.29369
122.3352	29.95544	100.8884	30.21866
97.48754	93.15741
141.2441	161.3336
155.9732	116.0426
156.2345	128.6179
152.1396	94.73239
149.1211	106.4697	162.3289
160.6124	86.52281	63.28818
92.3926	20.97415	159.095
67.56505	152.4837	17.49648	44.47454
99.04861
105.417
79.63937
138.6148	101.3277
84.71908	89.93613
91.09147
93.54846	28.96079
96.23626
68.18074	149.2243	144.1306
92.39115	168.283	32.83126
71.61982	18.45508
72.37208	68.88164	9.535049
100.7181
122.4792	68.13326
61.77298	108.895
102.9513
99.51915	86.96162
98.8109	160.7748	71.53512	54.38245
164.5542	105.1441	92.41392	161.8723	26.20099
161.6327	64.6683	48.94391	21.34327
158.7302	98.28334
98.16703	140.713	51.55684	14.07136	36.61938
149.8563	84.96739
64.78362
68.8101
101.2452	9.880785	18.39722
140.3882
109.5785
109.4364	28.45537	27.77277	92.60298
14.82844
122.2725	51.03616	26.29156
72.87792	68.28704	102.3874
165.6768
88.70137	9.953588
107.0492	148.1754
98.03792
123.2624	49.55367	95.09881	33.44931
113.7494
81.64266	29.29127
114.2268	133.4843
53.44045
122.0932
96.9333
122.0616	77.85164
72.15993	13.29295	77.84756
105.9539
121.069	30.69309	19.14721
105.3245
112.1171	41.94041
107.8895
165.356

89.9405
120.1423	70.73078	94.21877
102.5906
142.8814	92.96817
107.6394	92.13487
116.6112	63.40734
103.0455	96.77777
49.25191
104.5041	13.92994
95.85975
108.1337	78.29322	100.8241
107.0132	100.3655	101.5981	61.10172
62.88921	1.090927
82.56949
102.4404	7.948536
115.474	60.86958
84.52562	70.12449
87.14686
97.71137
137.1299
118.3374	54.64115	36.49702
127.1512	76.1207
114.768	11.36609
86.89741	166.0737
97.88587
92.1375
116.2675	106.3565
105.4228
121.6449	37.70165	38.69831	111.9568
53.80389
119.1029	104.2912	88.43247	7.296629
68.53008	15.86142	63.48864
166.8897
74.34541	8.591091	52.36146	22.25792
107.5531	48.0087	145.7687
122.6602	96.59972	82.17464
97.42191	99.12202
114.5113
111.3169	101.2202	86.88158
117.8423	165.0946	18.43767
117.5731
116.8638	37.94993	100.1713
116.8515	13.55484	15.0646
63.65881
93.13354	16.39231	47.68731
87.72684	65.56981	66.13873
97.90696
76.20299	57.87126	22.97617
102.0483	57.45674
65.99235	24.6059	52.1667	116.9853
122.6094	152.3389
101.8935
107.2121
68.60403	167.7102
116.4416	49.562	97.86881	22.67167
91.41865
96.70506	28.05409
115.705	108.7387
113.8609	112.0764
35.75623	116.3459	26.56328	24.74598
67.58917	13.37867
83.75422	30.16828	4.958298
106.4552
123.0681
95.38181	148.3401
105.6176
84.86006	19.33672
81.93608	51.29904	41.19523
84.68879
6.217798	90.09308
75.54263	15.58069
109.8855	62.84655
89.46025
143.8687	34.376	141.6507
119.2725
116.8787	57.87489
94.08131
120.8126	88.58126
122.4086
47.50435	27.15377
116.7747	41.74974
94.23345	61.88291
106.6048	56.73381	10.48373	28.78166	10.2461	59.26896	60.16501
99.82362	85.78926
103.0894
91.45173	33.7829	84.13115
80.35611
98.73003
26.50224	4.887411
110.0263
72.41414
91.10408	0.3602787	19.43934	42.63562
109.7906	83.58206	42.59282
104.4389
118.4788	107.093
96.30248
82.95117
77.26997
124.0503
83.82618
92.90648	39.63899	25.22552
121.5138
123.086
120.9214	92.33438
105.6133	19.02243	17.91189
120.2703
115.9937	97.37582
44.03184
122.2195
91.93567	43.37307
49.39113	40.41806
152.4166

149.7395	86.31895
94.63724
102.5743
106.4219	105.2795
118.5738	82.99876	84.50362
126.2817
94.15248
106.0944	15.95854
96.31589	40.51929	9.792497	7.321196
121.5332	79.94898	15.68513
118.6842
101.9191	21.06172	43.35356
104.5784	166.1959	41.54961	9.64194
80.53611
101.1311
83.73848	102.0704	60.20787
43.90167
40.14305
118.6783
97.14551	68.9937
117.2308
134.9535	79.41397	122.4126	89.09128	88.33914
121.3028	60.91658	69.62361	111.7262	42.54763
125.3528	97.94272
83.29702	148.008
120.5836	140.7055	7.620437	76.51883
156.8549	121.6092	158.6298	118.963
155.0018	102.4678	95.19238
154.8103	121.8217
78.45087	115.2294	164.9731	94.66032	78.8817
82.91177	150.5102	20.99015	140.0908
61.03853	151.7704	166.5782
109.3953	151.9898	160.9561	17.84748	81.48433
150.0708	95.16869
150.4313	81.48223	58.71163
134.7711	19.60804	146.2465
152.0698	87.94666
141.6288	81.49828	6.765754
85.14769	153.004
152.7026	105.6166
108.2857	122.0639	37.5648	150.2821
154.4232	85.70028	168.4249	7.110182
152.5174	101.6239
152.8457	116.1375
144.2305	32.82853
152.8048	93.59671
131.526	82.20117	32.45871	7.422349
154.1035	62.98526

119.4428	145.6884	143.2214	166.082
118.9003	43.54277
71.19654
145.9944	27.1002	87.91979	154.7187	14.9798
93.41786
136.8798	124.0034
152.9969	54.68477	88.57012	116.6025	66.00869	27.54918
151.9279	90.76388	17.85512
138.1798	101.642	110.6488	67.14534
140.4606	97.07621
154.7923	120.2796	140.5236
103.8789	40.13684	86.7545	146.6172	162.6834
151.695	83.38502	138.0271	65.42493
139.2829	58.30965	164.925
148.3292	118.0457	56.14826
149.7046	139.9578	90.10492
138.436	107.8679	62.23214	43.12316
139.0654	5.095471	80.97394	77.19027
141.6204	29.08865	127.7781	11.69686
138.0445	120.6318	117.6668
155.3194	21.31295
155.1042	91.75283	145.2881
147.1004	82.7326	51.70817	100.6462
154.8453	114.8993	58.89496	104.9382
143.1026	10.18898
139.7375	120.945	8.559718	84.60378	73.41683
143.2488	120.3468	21.86777
149.0198	63.21302
154.5248	97.44294	53.45431	47.68418	26.77368
97.96576	160.3463	23.46301
146.1026	90.56945
150.5129	88.63065	149.0515	87.30581
151.0805	110.2517	101.3948	75.17045	95.6923
151.765	42.889	142.5973
150.4707	104.3914
152.8117	109.5302	46.5815	168.2317
153.2203	125.6618
98.22689	140.878
151.2358	106.1328	71.42385	19.12361
100.708	87.69441	146.4276	113.6654	69.41201	103.3222
147.9565	33.59676
142.2426	71.79298
135.4559	133.5645	102.2734	18.77562
109.0044	64.60653	6.566423	70.2298
103.4839	64.05435
94.69808	52.98771
117.1118	13.53917	103.1234
118.9792	19.32197	84.01618
121.0901	100.8494
112.2478	14.82376	67.39342
81.70371	168.7948
95.45625	32.06828
83.44023	4.329576

104.9315
122.4231	20.39636
165.332
43.2909	13.6348
93.26947	78.48588
18.88671
98.1812	84.63092	76.46059	83.91345
104.6605
121.7176
112.5904	61.51883
