ExtinctionRates
0.05690757	0.007922342	0.04169796
0.06618218	0.006698579
0.07923388	0.004240713
0.09476638	0.006290474	0.04227811
0.01987197	0.009086367	0.02811521	0.03716409
0.07363423	0.001941059	0.01888839
0.07475597	0.004650659	0.04798663
0.023597	0.005502311
0.02445081	0.006349719	0.08918305	0.008496715
0.04029626	0.003762527	0.08059851
0.09149957	0.01330725
0.07044978	0.003710204
0.1140207	0.0113615	0.0165744
0.07911121	0.002949078
0.06989245	0.004752868	0.05270943	0.0678007
0.006620103	0.01156296	0.05683045
0.1136491	0.002458825
0.08133841	0.0007368072	0.005284773	0.01107508	0.0474619	0.05105604
0.02472859	0.007005084	0.07343365
0.07614727	0.00284817
0.03788306	0.003909627
0.0441365	0.0005461233	0.01066388
0.05949041	0.004639486	0.07641915	0.03715622
0.04673575	0.002993652	0.008592929	0.0519835
0.03734322	0.01198869	0.07059567	0.06636767
0.06192361	0.004404876	0.01716994
0.04238049	0.0083911	0.03106827	0.02506553
0.05248169	0.03092122	0.002331396
0.04855595	0.0324526	0.01295527
0.06404645	0.003428692
0.03826901	0.004097991	0.05208122	0.07123041	0.02851718
0.03714188	0.001882358	0.02674653
0.02012162	0.00438997	0.07503801
0.01164145	0.002607822	0.06119704	0.06127796
0.08615811	0.003856583	0.06801781
0.02861281	0.001939888	0.04043156	0.06276671	0.02017035
0.05457061	0.00713034	0.03860227	0.005090345
0.0337934	0.00753435
0.1104422	0.002186553	0.07702612	0.0718458
0.03412804	0.001071156
0.1028678	0.007181974	0.01374339
0.03143555	0.002320961	0.01574908	0.06760601
0.06424544	0.0002127682	0.04638603	0.05891367
0.07602729	0.005260222	0.05611651
0.04206546	0.01085947	0.002899358	0.08299824
0.03239176	0.004714665
0.03507987	6.211392e-05	0.05602298
0.06263217	0.00465961
0.07412395	0.00622775	0.01817111
0.008411388	0.003707356	0.05429416
0.08722589	0.005623727	0.007724555
0.01326695	0.0003307298	0.04225421	0.001278835
0.03026646	0.006694959
0.05411873	0.005640362
0.05333533	0.009135825
0.07615114	0.01598242
0.08868617	0.004070545
0.03713403	0.01334214	0.01420582	0.0176474
0.002960113	0.002326907	0.0310715	0.04584019
0.03310625	0.01671033	0.007006468
0.03917692	0.04358634
0.03505875	0.03425502	0.02634271
0.04733993	0.00900753	0.06428322
0.02420251
0.01491582	0.02315982	0.00500176	0.01072002	0.0589933
0.02858207	0.01118461	0.08232939	0.002834299
0.005777466	0.004295525	0.06927226
0.02420061	0.01183613	0.03520633	0.009668658
0.007926653
0.003439001
0.003620742	0.01469585	0.003652681
0.06465055	0.005111192	0.02164611	0.04467683
0.07822216	0.0001637187
0.07010397	0.007556041
0.03648281	0.0481742
0.1252197	0.04049341	0.00520379	0.02303964
0.07575754	0.005570342	0.03949057	0.09949181
0.08103003	0.02776244	0.06338528
0.02527837	0.01346508	0.04048577	0.04108082
0.07397942	0.005123733
0.09964601	0.0079559
0.05024386	0.01393177	0.02924015
0.04458218	0.0007631212	0.0339211	0.06767816
0.07970396	0.02307731	0.03245821
0.07475789	0.006339206	0.01260266
0.05846186	0.006736812
0.03578014	0.008669206
0.06774783	0.003809021	0.05898355
0.073784	0.001155758
0.06576651	0.005684453
0.06325692	0.0121439	0.03753734	0.05880988
0.05566043	0.002486386	0.02968269	0.002964945
0.05053613	0.05858739	0.01005965
0.07698016	0.06161598	0.005835574	0.04948208
0.04057918	0.07857006	0.01846032	0.04111652	0.01145365
0.05341055	0.04617321	0.01161088	0.004795195	0.0387579
0.05915072	0.0004229521	0.01873378	0.02016301
0.01372331
0.005211132	0.04158249
0.02879767	0.002059093
0.06919427	0.003987983	0.08341647	0.02365484
0.03448726	0.006271999	0.02329985	0.04844544	0.07506205	0.04660922	0.03673139
0.06888847	0.007690929	0.003032945
0.06653345	0.02341306
0.08861166	0.02225074	0.03990136	0.01506967
0.0588528	0.02700946	0.06851088	0.04338664
0.07044213	0.02674972	0.01340732	0.05752054
0.109054	0.03542087	0.01822588	0.02837463	0.008358307
0.05849297	0.0199324
0.0868575	0.02247391	0.009232238
0.07627941	0.01242034
0.0708576	0.002685124	0.003199692
0.06106135	0.005878409	0.01485623	0.04336474	0.007936238
0.02583527	0.009990917
0.01050861	0.01123793
0.1019384	0.009587276	0.04766229	0.006619513
0.02309504	0.005829138	0.07633995
0.05857891	0.00252932	0.03911273
0.04344508	0.001493426
0.1035275	0.002767899
0.02753003	0.000124185	0.05914691	0.07915937
0.1176552	0.01493451
0.07111211	0.003454042
0.02323023	0.002512287
0.1238709	0.003943881
0.048157	0.001103452	0.007756369
0.08942366	0.001012466
0.06010481	0.0006716169	0.03362021
0.06582381	0.00135462
0.02832384	0.001655699	0.04934782
0.05743281	0.006188294	0.06706831
0.07443449	0.0009701706
0.0461226	0.0007221295	0.05327772	0.05868436
0.08059201	0.00139081
0.06353555	0.0008312808
0.06654663	0.007813401	0.09049316
0.1279741	0.007728149	0.07737706	0.002555256
0.0387267	0.008301886
0.06430194	0.006709548	0.01550663
0.06571307	0.01196018	0.0673859
0.1041934	0.02216429	0.02773656
0.03550707	0.008259439	0.0347431
0.08939681	0.02051819
0.1031741	0.01661747	0.01857169
0.006823131	0.01566204	0.09292715	0.02137717	0.03340336	0.004574913	0.05730631
0.01438748	0.05813242	0.02970829	0.02080823
0.04028311	0.01503478
0.04262504	0.006529531	0.01669539	0.0606707	0.08367698
0.08230132	0.01155052	0.04835354
0.0934566	0.01184318
0.08354774	0.0217535	0.003714766
0.05192255	0.009293834	0.03504777	0.0225592
0.0660139	0.0009747834
0.06429496	0.003753632	0.05595725
0.006258294	0.0002360864
0.008461316
0.03883974	0.007059766
0.02016695	0.01655242	0.0005341482
0.04227731	0.002101047	0.01362067	0.02526048
0.03385631	0.0019239	0.02386842	0.07142492
0.03028861	0.01948159	0.02183851	0.06988488	0.02123024
0.1060266	0.006614583	0.04093146	0.04019446
0.06134739	0.02473239
0.0228152	0.02259921	0.0589042
0.03019249	0.02103798	0.003756772
0.0172569	0.02913815	0.03433716	0.06236258	0.05965414
0.02068488	0.02585641
0.03553155
0.01307868	0.002414883	0.04918638
0.05991515	0.002002117
0.004362221	0.006785846
0.009440746	0.008043368	0.03935774
0.08062139	0.01592384
0.05946515	0.001893955	0.09126581	0.003236557
0.09968858	0.001262067
0.01544995	0.002460264
0.02895373	0.006475462
0.04353665	0.001485564	0.0676476	0.0397517	0.02949529
0.00954527
0.03021962	0.01461	0.04383719
0.06336371	0.01200635
0.06457947	0.01473404	0.04120168	0.05221471
0.0381498	0.01836355
0.01265168	0.003888742	0.09417029
0.05191826	0.002941629	0.03420275
0.01788169	0.001866425
0.05491622	0.001772346
0.01668608	0.01020791
0.03351174	0.002538248	0.08675698	0.06211835
0.03716672	0.01050098
0.01575957
0.06603891	0.00670661	0.03684075
0.06655774	0.006544396	0.001221995
0.03430154	0.01256034	0.06132646	0.04870845
0.03193422	0.005154035
0.02686986	0.01821082
0.01360774
0.05853729	0.009738872
0.07537959	0.002058708
0.006411748	0.003058934	0.02400822
0.04162276	0.004292515	0.02992506
0.06519369	0.003542146	0.08793131	0.0841532
0.05742623	0.005873657	0.0659834
0.0577071	0.01072334	0.02402928
0.08442078	0.002258492	0.02034384
0.05961486	0.003172066	0.03493674
0.02152471	0.03305193	0.03389842	0.004599975
0.05662572	0.0009206256	0.01824377	0.02114308	0.02968795	0.02729029	0.04548785
0.02955003	0.02961263	0.03214431	0.002929066	0.03626853
0.01575361
0.06231131	0.00445878	0.02061667	0.07294384	0.03554004
0.04081419	0.01464624
0.06625586	0.01202331	0.04364972	0.05090879
0.01084315	0.03022139
0.06890029	0.02258707	0.05604297
0.0007482398	0.02187778	0.005342149
0.08191209	0.02120248
0.03800292	0.05262297
0.1074162	0.03236907	0.02732724	0.003742322	0.02573664
0.05666329	0.03236907	0.0123578
0.0433403	0.04262541	0.009362254
0.0765406	0.0455967	0.02063749	0.0002441024
0.03980916	0.04122395	0.002464663
0.06056481	0.07633433	0.003116182	0.04870918	0.0230365	0.03291221
0.06019833	0.06640246	0.0009693904	0.02848069
0.09349582	0.06760711	0.007135876
0.06078226	0.08510592	0.01575565	0.03521374
0.0533623	0.08562712	0.0110604
0.04527374	0.08681687	0.00170702
0.03257571	0.08074484	0.002246751	0.03469235
0.01736139	0.08074484
0.09596828	0.07997661	0.01165812
0.06839656	0.07997661	0.001954469
0.03487531	0.07773301	0.006322266
0.07211402	0.08430581	0.01335549	0.06055985
0.05909748	0.08430581	0.009348148
0.001440997	0.06608754	0.00148722	0.07737426
0.0220173	0.06608754	0.008106488	0.08093894	0.07661795	0.03472253
0.02994886	0.07871364	0.01039205
0.05997687	0.07618511	0.01062506	0.05104562	0.04991391
0.09609651	0.07436012	0.001185621
0.03420314	0.08187849	0.01523354	0.08521349
0.02672366	0.07094559	0.002844341	0.07613009	0.01733036	0.03848288	0.03831301
0.02001748	0.07094559
0.1093139	0.06963797	0.001038753
0.01615646	0.07711982	0.02079594	0.06623844
0.03159986	0.05232398	0.001372011	0.08258502
0.08170965	0.03353346	0.004542511
0.07263949	0.02542015	0.00338714
0.02226108	0.01163945
0.0700298	0.05147481	0.01253561	0.01919118	0.02149304	0.05340899
0.05005219	0.02587215	0.02789534	0.03652445
0.07734097	0.03959499	0.001674557	0.01666676	0.04751263
0.06336644	0.0180862	0.02579514	0.0326082	0.009727663	0.05264745	0.02265343
0.05159446	0.04729233	0.0005346505
0.0730323	0.00103081	0.02193233	0.04673754
0.05684473	0.001313335	0.04583691	0.01269395
0.04739666	0.02600306	3.200361e-05	0.04868328
0.01696663	0.009202173
0.05922265	0.001140815	0.01962482
0.01299403	0.004863378
0.1059212	0.0009284292	0.0387155
0.0164175	0.02108704
0.01812902	0.03017864	0.0742564	0.01101341	0.04660391
0.06564026	0.05157743	0.01132331
0.03234665	0.05813942	0.002847653	0.02408406	0.0684005
0.07554778	0.000136878	0.03388521	0.01200393
0.02115004	0.0149673	0.06495583
0.09728876	0.02697732
0.04219836	0.00328467	0.0412193
0.07274064	0.01921045	0.03086249
0.08755763	0.003123448	0.02521733	0.02620819
0.05773656	0.002539173
0.0847201	0.01115983	0.02241333
0.01012553	0.001897494	0.06201348
0.0729345	0.007705515	0.03227815
0.05504006	0.001998514	0.03604094
0.06062592	0.01284804	1.868558e-05
0.1157533	0.003461981	0.04760552
0.08340878	0.004683293
0.08581482	0.01986914	0.005245535
0.04755719	0.004785714
0.005883136
0.06156844	0.02127436	0.007442162	0.03766105	0.02471843
0.04167677	0.03274616	0.04241751
0.03868321	0.01086407	0.03682836
0.006306899	0.01313757	0.02283398	0.0566619
0.01546815	0.005330146	0.05115618
0.00241039
0.03743737	0.008386238	0.05498524
0.01153218	0.01877217
0.07468464	0.01062837	0.03094374
0.03777149	0.005744718	0.1218027	0.05009835
0.001241577	0.01190901	0.07566273	0.03971418	0.0008383491
0.0001057092	0.004254897
4.568182e-05	0.001253508	0.07474037
0.07882191	0.0002053799
0.05654731	0.00130353	0.04172215
0.04537192	0.006000859	0.01807625	0.02228196
0.07138278	0.002773326	0.0502983
0.05166162	0.0002787084	0.006241704
0.00486675
0.05763547	0.008249097	0.003097061
0.05690316	0.00443799
0.06432078	0.000190528	0.07238355
0.02212188	0.001319591	0.02849565	0.06835401	0.03948723
0.08175105	0.00272839	0.004322734	0.06484678
0.02954478	0.005941872
0.04506399	0.0385775	0.005917848	0.03590422	0.047628
0.03110744	0.02133187	0.005657691
0.08162696	0.007886719	0.01302464	0.0108894
0.03438424	0.0381156	0.07573967	0.001172111
0.08564228	0.05040552	0.002427103	0.05982871	0.01330876	0.0430894
0.04395331	0.01696784	0.0414582	0.03461753
0.05153702	0.000642319	0.03578326
0.1064291	0.0006856785	0.04046247
0.05957205	0.06490762	0.0006543832
0.07394856	0.05575929	0.007622639
0.04003329	0.05575929	0.005903414	0.01693878	0.02663277
0.0600085	0.06877816	0.03346804
0.03054844	0.05329695	0.004088554	0.07071999
0.009106269	0.0524789	0.003489667	0.05073052	0.06305243
0.05137543	0.06227027	0.005486629
0.01163314	0.05426059	0.008433827	0.05782365	0.03222643
0.04614101	0.04574418	0.008908921	0.02717648	0.06882493
0.02024142	0.04247069	0.01393539	0.08956887	0.03776502
0.0549554	0.03813529	0.007508336
0.04188574	0.0007336439	0.03733519	0.0148167	0.03732212
0.02204997	0.05186149	0.0092045	0.07678807	0.05769507
0.08768045	0.01015197	0.01388238
0.1075998	0.0005703146	0.05017672
0.03429213	0.002195952	0.01736346	0.02455351
0.01733316	0.005230172	0.03557019
0.05074884	0.002015526	0.06347794
0.08785311	0.006152116	0.06520534
0.03644438	0.005747137	0.04943401	0.04875618
0.00759561	0.008015903	0.01798469
0.02924968	0.0006659304	0.009106332	0.1001726	0.003484186
0.05914783	0.002975945	0.006093504	0.0001920672
0.002410572	0.0006451954	0.04769869	0.0398545
0.002785539	0.005140364
0.00456663	0.005526345
0.01191323	0.006768356	0.07868452
0.07386932	0.001231859
0.04146369	0.1036279	1.410278e-05	0.04725078
0.07947517	0.01040274
0.06395505	0.001821751	0.04282501
0.04075397	0.01025949	0.06830939
0.004824491	0.04057915
0.05931606	0.008457596	0.06456333
0.04130793	0.006544545
0.07849947	0.00313438	0.01542771	0.005317659
0.05910789	0.00534621	0.006847085
0.05398486	0.01270742
0.0480675	0.006460604
0.07787889	0.009420591
0.04080811	0.00742062	0.09336694
0.08753088	0.0003275297	0.01160016	0.006443329	0.0132847	0.03755313
0.004363476	0.008158562	0.1041146	0.06591364
0.03939388	0.0004871718	0.005848379
0.04324586	0.00440396	0.02768103
0.08101258	0.003188799	0.02883279	0.00557913
0.06525609	0.001113314
0.05455876	0.02137261
0.07369278	0.0131812	0.05691838
0.01891554
0.02604609	0.02850785
0.03826329	0.02451641	0.03773737	0.01239279
0.04704898	0.01663372	0.05699828	0.07103821
0.05494646	0.02166551	0.01627266
0.03796871	0.0139079	0.04570929	0.05389681
0.02002065
0.02672255	0.01372733	0.0378908	0.04907553	0.04360992	0.04997024
0.03010161	0.001696304	0.04617153
0.07042505	0.001452071	0.007628339
0.02710739	0.01481499	0.0613772
0.01098108	0.006103501
0.03997316	1.881188e-05	0.08506681
0.04204003	0.005372822	0.01392474	0.07560432	0.05572901
0.07643336	0.006113444
0.04589158	0.01062043
0.07732381	0.004264917	0.009066016
0.06390695	0.001536725
0.06875663	0.002241408	0.002970315	0.06884159
0.08409517	0.009167536
0.01044054	0.005386894	0.01051577
0.04898344	0.004032057	0.009791435
0.01471204	0.008763235	0.002618763	0.05923394	0.03009934	0.007310466
0.06554232	0.008474551
0.03673207	0.01535933
0.08232036	0.02952338	0.015424
0.02048958	0.04735854	0.002179603
0.01023363	0.04538399	0.009058412	0.1013246
0.0298732	0.05254779	0.0206116
0.05092572	0.08087399	0.01486445
0.02839029	0.04023786	0.01639725	0.06208788	0.00361935
0.09377128	0.03734106	0.003836961	0.01010885
0.03093087	0.0567356	0.002116206	0.0793583	0.002870436
0.03110171	0.04357557	0.01624687	0.024774	0.03316216	0.06411488
0.04864279	0.06075681	0.005097876
0.01975602	0.05577186	0.0005106194
0.01920616	0.06244838	0.00950295	0.07228049	0.003684876
0.06705116	0.05699877	0.01248223
0.040323	0.04612191	0.007911829	0.005248147	0.01794919
0.02534906	0.03586745	0.002283435
0.02036194	0.04771903	0.001444473	0.04689697	0.0447994
0.03426052	0.04567013	0.00487374	0.01175855
0.05431759	0.04746011	0.01557674	0.1051837
0.0322097	0.05361134	0.002089248	0.06868087
0.01767137	0.003672125	0.05082056	0.06959908
0.06175125	0.0639256	0.002857757	0.03952854
0.06086216	0.06387449	0.003257813
0.0345796	0.0520442	0.00788128	0.04916156	0.02474103	0.03665371	0.05457234	0.03942742
0.02733743	0.05397262	0.0003050045	0.07333902
0.0009378759	0.04603351	0.00216	0.04350977	0.04882658	0.04107393
0.06027165	0.05594556	0.007307016	0.0339891
0.04008864	0.006959673	0.06490545	0.0341638	0.008783011
0.07985462	0.02024221	0.004040333	0.01752741
0.06462037	0.008634528	0.08001196	0.03759256	0.01801104	0.05847571
0.05474945	0.04781005	0.02102688	0.03953636	0.003729986	0.06065867
0.00431188	0.01550743	0.08356221	0.04120704
0.1116082	0.02346515	0.001110432
0.03799263	0.01154032	0.03400854
0.02752182
0.03103846	0.04119072	0.05603282	0.02997279
0.04338648	0.01583349
0.03732086	0.01196518
0.008708645	0.01290823	0.07039965
0.0508951	0.01328899
0.04702265	0.00746812	0.0566858	0.04027329	0.07953027
0.009646678	0.0107208	0.07316273
0.02836055	0.01282351	0.06854774	0.02165303	0.02704498
0.1066902	0.02701999
0.08924955	0.01988023
0.04967977	0.01805738	0.09168149
0.03239215
0.04011081	0.01607653
0.08445144	0.01250368
0.0616533	0.01447818
0.01514733	0.01153714	0.07573945	0.01262394
0.1015992	0.01398033
0.0009510815	0.03570821	0.001369471
0.006757061
0.08928905	0.003206841	0.03908155	0.01905849	0.02584336	0.0122799
0.06360688	0.0109995
0.04598946	0.008216958	0.05429631	0.08774242
0.02694907	0.001046631	0.09428136
0.0131768	0.001419592	0.04112222	0.03324352	0.02818323	0.05558036
0.04793836	0.003956163	0.08277011
0.09718576	0.00580021	0.009840412	0.02740154
0.01557309	0.01066473	0.04070315	0.0184333	0.02403757
0.02603389	0.0006569138
0.0272498	0.003690095	0.08195487
0.04382071	0.0006973953	0.03420226
0.04750034	0.0008270897	0.09799441	0.06973936	0.02460274
0.04794271	0.002224192	0.004503483
0.02897231	0.01526385	0.04050376
0.04767001	0.01574025	0.03961029
0.07294506	0.05117082	0.003366728	0.01961967	0.01284484
0.07487003	0.04856277	0.008861802	0.05821778
0.07390894	0.01575144	0.0385758
0.009772064	0.05766965	0.0170318	0.01316572
0.08482038	0.05766965	0.0003770813
0.09555551	0.05469185	0.00165536	0.001879805
0.08236658	0.01344342
0.06212537	0.01403362	0.0348365
0.06151267	0.01139375	0.0006359012	0.01242663
0.06595235	0.0198151
0.01604597	0.003324857	0.04971778	0.07287836
0.04585152	0.004257125	0.05716629
0.05679263	0.01332275
0.08812517	0.01659544	0.01054062
0.09007239	0.005503206	0.008176753
0.02097518	0.01153886	0.1167354
0.04230928	0.002848279	0.03473921
0.008422149	0.0006301297	0.02978729
0.08998388	0.01126186	0.07418384	0.01446707
0.03782331	0.04460882	0.004453451
0.07621053	0.005210172
0.06518872	0.002865133
0.03585447	0.004438134	0.05120484
0.08435366	0.003892794	0.05333019	0.05713897
0.04380396	0.003592853
0.05454587	0.01172812
0.05370106	0.01480018	0.004912499
0.08359039	0.0001890003
0.1039643	0.00719511
0.07088019	0.001034914	0.009957566
0.001263679	0.009209575	0.02761699
0.09471289	0.005289486
0.02653533	0.004780305	0.04580803
0.06175092	0.01032765	0.01035517
0.007510417	0.00414341	0.1063322	0.005325736
0.09985817	0.01902372
0.006256694
0.00252853
0.000277921
0.03746478	0.002608351	0.04447803
0.007495549
0.02823803	0.02328835	0.0007830928	0.03416438	0.04146317
0.02999958	0.02606886	0.08805961	0.001135968
0.08502692	0.0007577794
0.01820409	0.009979324	0.06438715
0.04217741	0.0008148467	0.1388177
0.09018502	0.00984076	0.007304489
0.094797	0.009229553	0.02409258
0.07751093	0.002393668	0.01492458
0.04447761	0.01723101	0.02800544	0.01671324	0.05967796
0.05005747	0.0169423	0.07128225	0.01333042
0.03686681	0.009340228
0.0141381	0.008755503
0.01882711
0.01685046	0.005488715	0.01085978	0.06093955	0.0093834
0.07904591	0.002466759	0.02918638
0.06381443	0.01745017	0.04960622	0.04137419
0.06471124	0.02382281
0.01941937
0.01881191	0.04303837	0.04891371	0.01901207	0.07533052
0.08677309	0.04429246
0.0615361	0.01583283	0.04605406	0.03217138
0.04384586	0.02032012
0.07533082	0.004630081	0.01643137
0.03965293	0.001487142	0.02486822	0.03038947	0.02884664
0.08105274	0.005106761	0.06467932
0.09630641	0.006105536
0.06071677	0.01251302
0.03828026	0.003694204
0.0556035	0.006088313	0.02003308
0.1039864	0.02546448	0.02068262	0.04786918	0.06348386	0.01831025
0.0700264	0.0179142
0.07737071	0.01371224	0.04235598	0.0072829	0.05283308
0.05163183	0.004509859	0.02398534	0.02612944	0.0746126
0.01044422	0.03460256	0.02263758
0.008308851	0.09234394	0.006665549	0.03492958	0.04007875
0.01869815	0.05864384	0.00593229
0.07872582	0.04569805	0.01462378	0.01531008	0.04544403	0.003953292	0.005303398
0.0272323	0.00460274	0.03532197
0.06956758	0.03822738	0.005532233	0.04419782	0.04127765
0.07652578	0.04737333	0.0004001681
0.0653099	0.004682302	0.05339597	0.03264756
0.01898743	0.000531433
0.0670601	5.891579e-06
0.06692511	0.005490227	0.02630496	0.04232334
0.08901886	0.002238911
0.02909773	0.07707018	0.03221062	0.003420954
0.06428521	0.00123627	0.02719904
0.05664013	0.003422336	0.05923532
0.07181147	0.00627649	0.05368353	0.1016557
0.01813882	0.003083245	0.05194396	0.09756667	0.07274108
0.04868453	0.05194396	0.0003853243	0.1179722
0.04861056	0.04181517	0.0008618613	0.1141725	0.01887003	0.02705765
0.09822106	0.04980072	0.0007363217	0.07343931	0.04967347	0.03687298
0.01180933	0.05642478
0.02786621	0.05556468	0.001795046	0.01173667	0.02339701	0.06982071
0.04924798	0.04153405	0.005396045	0.07972538
0.1014449	0.007497984	0.08751324
0.06405217	0.04487747	0.005145721
0.05192992	0.01604563
0.08102763	0.005435868	0.05549355	0.02912582	0.0358761
0.07254451	0.003683005	0.04422769
0.05215185	0.003438217	0.06392494
0.03412686	0.004035752	0.06322252
0.1029658	0.002632123
0.02769799	0.02118669
0.04055574	0.002251656
0.008853747
0.05812704	0.07889582	0.001982002
0.04380478	0.07122333	0.001124761
0.007055516	0.05444641
0.04982361	0.003094325	0.02995512
0.02927179	0.008129748
0.03230204	0.007360179
0.04795647	0.00837585	0.0540136
0.02692891	0.001687533	0.03764998
0.02569346	0.00406758	0.0779925	0.0629817	0.0771774
0.05214398	1.438237e-05	0.09377584
0.02668707	9.683409e-06	0.008423146
0.02925769	0.0001310136	0.04362333
0.03143907	0.00518635	0.0567012
0.06860658	5.556849e-05
0.04022463	0.001236913	0.03096565	0.01659644	0.03511956	0.09018836	0.03437164	0.03250183
0.07113149	0.002047697
0.06040039	0.003154183	0.03854899	0.05130145
0.06470816	0.01589784	0.07663045	0.02227772
0.03170513	0.009001066	0.05120137	0.08829037
0.03938984	0.006768587
0.0662729	0.00351646	0.04539297
0.0455514	0.002325838
0.1010007	0.001139915
0.0468437	0.0175176	0.0171794
0.04065861	0.002790886	0.07536708
0.09592896	0.008537211	0.0155395
0.09099532	0.005382381
0.05782551	0.008497189
0.04820476	0.0005002723
0.06570913	0.002333795	0.03795906
0.07064062	0.002182732
0.07851052	0.00575315
0.04372894	0.01197268
0.03956146	0.008993336	0.03150372	0.02062125
0.0180881	0.007047132	0.03801421
0.006239692	0.05466199	0.02168685
0.01324415	0.01901408	0.02074538
0.01800351	0.003258455
0.05237326	0.0003596187	0.06071556
0.06902158	0.001163878
0.09725597	0.005660312
0.06114592	0.003185478	0.0205886
0.1064375	0.003606752	0.02722748
0.05758411	0.001448422	0.05107402
0.09029781	0.008093233	0.07997889
0.03254312	0.01123595
0.0007332134
0.09557442	0.05692885	0.002701613
0.05342438	0.007066343	0.05645859
0.08022298	0.006529341	0.0547947
0.0887091	0.03018705	0.06719232
0.0447781	0.02569339	0.0817229	0.01605856	0.01712745
0.06387746	0.008789252	0.01084905
0.006603688	0.01067277	0.05097443
0.01701521	0.0023411	0.09154046
0.05085763	0.007996978
0.009790698
0.05244472	0.008036281
0.05459728	0.002930741	0.04663648
0.04657014	0.003548348
0.03028275	0.07627441	0.007548503	0.03854891
0.02260604	0.003605924	0.03687939
0.07128255	0.001369522
0.06024065	0.001796704	0.01410928
0.07161374	0.001152708
0.09722678	0.009208707	0.005319903
0.04754941	0.004273582
0.09414248	0.003344875	0.02943721
0.04234501	0.005876785	0.002472473	0.01865718
0.0747935	0.005321481	0.04682627
0.01835384	0.003999629
0.0613119	0.007847645
0.07392939	0.002363608	0.0314993	0.005735887	0.05029837	0.07741026
0.03767651	0.003837915
0.08915921	0.005577101	0.002862589
0.0641864	0.0008629417	0.0132587
0.09550123	0.004887396	0.0430141
0.06917179	0.002225641	0.03123251
0.05716437	0.001938202
0.02678216	0.0007654185	0.07597182
0.05088842	0.006956224	0.0004747729
0.07606505	0.003067052	0.01248456
0.06177821	0.006879006	0.06791128	0.06305361
0.03937373	0.004765434	0.06788445
0.07452814	0.008121752	0.02968035
0.08222946	0.0009356107
0.04415773	0.003047362
0.03403738	0.01193609
0.001717721
0.0172217	0.006652157
0.05987982	0.003970016
0.02404024	0.00585668	0.01959014	0.005812068
0.01796971	0.006560238	0.08861923	0.01753811
0.05710841	0.005011932	0.05710669
0.04233349	0.003634224	0.07516847
0.04584512	0.003010204	0.0394839	0.01883543
0.02483841	0.0214242
0.05465725	0.01792278
0.01940271
0.009223013
0.06335779	0.007552477
0.03495947	0.004511306
0.07663928	0.007729867	0.01526967
0.03598701	0.01907818
0.06238934	0.02552638	0.001395836
0.0501196	0.03565926	0.04096706	0.005084901
0.04245477	0.03916277	0.01066476
0.006865899	0.03560925
0.05566807	0.02049535	0.02196632	0.05283683
0.09237705	0.01153824
0.05798912	0.01461714	0.002629017
0.06205456	0.005144659	0.01423286	0.02879592
0.07988907	0.002538733
0.002264041	0.0003739809
0.02692064	0.0162218
0.03799498	0.0004865007
0.064502	0.005435537
0.0423321	0.002046302	0.05350505	0.002483876
0.04773607	0.0008609937	0.04683597	0.01198117	0.0171707
0.0668207	0.01099968	0.01547924
0.07759578	0.01381379	0.02997456
0.05751846	0.001290844	0.08039132
0.01457009	0.005492742	0.05790828
0.05163245	0.009247135
0.02878769	0.003211135	0.04098
0.09668557	0.007779278
0.05651969	0.01451803	0.01122452
0.01331416	0.0009465745	0.026888
0.0489331	0.00560911	0.0424015
0.05876283	0.008684844	0.0325538	0.05597062	0.04179644	0.02392438
0.0725968	0.01579339	0.07413448
0.02066387	0.004154622	0.07142879
0.08716139	0.00474236
0.05958708	0.01483687	0.002156609	0.04724982
0.04276665	0.001071308	0.01950794
0.04944776	0.005133212	0.02811988
0.007541152	0.01711877
0.01564216	0.001426406	0.02675826	0.04046935	0.02184071	0.06636412
0.05922862	0.001647191
0.02184511	0.001738023	0.05535632
0.08437637	0.009401259
0.04156102	0.003521246	0.02243232
0.0781308	0.01452124	0.07827722	0.01994917
0.05570322	0.002971742	0.03104263
0.04239996	0.01187263	0.03080965	0.02722551	0.02464231	0.01266606
0.0835551	0.01379816	0.06272825	0.06853839	0.06225145
0.06047688	0.03833727	0.006314979
0.01721222	0.0193711	0.1202045	0.03360911
0.09663913	0.006905506	0.07357207	0.02785315
0.008373285	0.01149449	0.01732382
0.01938959	0.0333519
0.01649621	0.02894756
0.03827348	0.04874552	0.01043162	0.01637879
0.02944449	0.01424972	0.0625271	0.08122358	0.007631019
0.06993756	0.02930228
0.02227899	0.0555465
0.03133578	0.06344743	0.0249795	0.04271525
0.0002628707	0.04350339
0.03793639	0.04243403	0.003418747	0.08348923
0.03831284
0.0131897	0.02017976	0.07383374
0.03186793	0.002052377	0.04084562	0.01739435	0.01226677	0.007988226
0.005684587	0.007317613	0.05613507	0.04665744	0.05213259
0.03850207	0.008851323
0.09563475	0.003609951
0.02141102	0.001480678	0.0533473	0.0207867	0.06044777
0.0558887	0.00327812
0.03871251	0.03592333	0.02106996	0.01548679
0.018322	0.1080232	0.0579371	0.0388883	0.01478567	0.02735795
0.05745895	0.006375568	0.02521568
0.06146759	0.05635635	0.001603687	0.01988796	0.03390826
0.03945946	0.05979728	0.002127974	0.04118319
0.02652581	0.0384798	0.007097826	0.01030493
0.09051777	0.04296126	0.01443124	0.04481729
0.001266551	0.01540378	0.03057017
0.02454059	0.01082125	0.05363345
0.05552565	0.003073135	0.001046979	0.09265377
0.07977314	0.002741893
0.0538088	0.01108568
0.02840371	0.02500004	0.07481785
0.08338506	0.02329627
0.09431752	0.02160932
0.0858869	0.01871233	0.03820551	0.01102797
0.01281975	0.001246111	0.1051403	0.06858512
0.009891723
0.08765286	0.0003239206
0.01054339	0.004466463	0.02376044
0.05284781	0.002708097	0.04672492
0.08050062	0.006563004
0.06084241	0.02936394	0.02403336
0.02698845	0.01073615	0.04528786	0.02950896
0.0410632	0.02004151	0.04807784	0.01713434
0.02831749	0.00712447
0.01275638	0.01111264	0.00831198	0.02260358
0.03477454	0.01163925
0.03197269	0.01281008	0.07240196	0.03768228
0.05168962	0.01201331	0.07509234	0.03697177	0.03282421	0.071972
0.01298759	0.004887669	0.05082666	0.03186908
0.05882249	0.005748437
0.07188632	0.01489856	0.08041231	0.04525418	0.0243755
0.07504866	0.01450029	0.06922176
0.02803675	0.005444952
0.05411481	0.0004544034	0.01481153	0.03151595	0.01139449
0.08886328	0.001330903	0.0531929
0.00892392	0.008852012	0.07916606
0.03381872	0.01788314	0.1278576	0.003478862
0.02746539	0.01772659
0.02782532	0.003795781	0.07804297	0.007483037
0.09163665	0.008444453
0.04084438	0.01125988	0.01267619
0.07173308	0.01816973
0.0660374	0.02138438
0.04482665	0.01511882
0.05881003	0.002378193	0.01490913
0.01265071	0.003270062	0.116887
0.04315237	0.005684168	0.03997696
0.004137773	0.01070911	0.07167491
0.07625991	0.00534285
0.03556375	0.004745572
0.002740892	0.0005499204	0.07022935
0.05560544	0.006114052
0.07094539	0.02048865	0.0520136	0.05729395
0.05112114	0.0167661	0.005535058
0.07804265	0.01008645	0.0132263
0.05356781	0.05107964	0.001993128
0.05001919	0.003429079
0.03996491	0.004605274
0.04562124	0.005643478
0.01697378	0.0200217
0.04983147	0.01637749	0.04186527	0.008614773	0.0635727
0.003850642	0.01764635	0.06325186
0.03753364	0.01193579
0.05142026	0.01929114	0.02873053	0.07719686
0.05618488	0.01775788	0.02023582	0.01820817
0.05798631	0.02919221	0.04280911	0.05446984
0.03770933	0.02255078
0.04258661	0.008259981	0.07144187	0.04227849
0.05545493	0.003218419	0.01408536
0.01435269	0.06114939	0.01463847
0.02027512	0.01845518
0.0278877	0.02141859
0.01158826
0.0450526	0.01581782	0.08533648	0.05214894	0.05205052
0.06049744	0.002666056	0.03638006
0.05827752	0.00299557
0.03223854	0.003683629	0.0270278	0.03851828
0.0937969	0.004709645	0.03808034	0.03448916	0.02417463	0.03298613	0.05355981
0.04492992	0.0007325338	0.05215562	0.05777132	0.06544266
0.03580175	0.05215562	0.001532402	0.01355011	0.03980593	0.02207292
0.07396169	0.06484115	0.006907906	0.06794866	0.008378531
0.04166743	0.05582276	0.001376323
0.06394786	0.04689058	0.004758227
0.06885139	0.01264951	0.0550676
0.03310582	0.06435947	0.002147851	0.05066176	0.01316298
0.03101739	0.04108285	0.0009060541	0.04648043
0.02341062	0.04615752	0.004418276	0.04424373
0.05771359	0.05273168	0.005837976
0.02935983	0.01378314	0.006807063	0.03622575	0.049661
0.01892642
0.02975525	0.006094963
0.02699242	0.06565313	0.007334612	0.07470405	0.02637903	0.04884875
0.03707972	0.01441813	0.003901966	0.04086598	0.02241699
0.03732372	0.0007366007	0.07925447
0.06874576	0.00468218	0.006288707	0.0143165
0.07956326	0.01218616	0.06891883	0.05659027
0.04550608	0.01459673	0.002284795
0.009150036	0.001524393	0.008436026	0.07745657
0.04782589	0.003341872	0.03146337
0.03104748	0.01393809	0.07397756	0.06479861
0.05186828	0.03132076	0.004838389	0.02867326	0.09195525
0.03329329	0.01013295	0.03311084	0.008286069	0.03042651	0.03520887	0.0589832	0.05881782
0.04431742	0.006841353	0.008012301	0.08808338	0.05765068	0.06016519
0.07705246	0.003856749
0.09232099	0.00243785	0.01355078
0.01435352	0.01440881
0.05244385	0.01182437	0.0215092
0.02220565	0.009714662	0.02545295
0.06293108	0.006637529
0.05372274	0.006294523	0.01446144	0.02606652
0.04193736	0.0007381557	0.04029488	0.06387436
0.02545852	0.000331409	0.004067911
0.02293431	0.008401027	0.08537336
0.08273665	7.275059e-05
0.06923706	0.00329539	0.0007449443
0.03693289	0.006149591	0.07717368	0.06133527
0.0497612	0.002238948
0.05168872	0.0007106362	0.05243267	0.05059701
0.04942772	0.001167076	0.01957574	0.05731766
0.005489854	0.0008956852	0.0694402
0.0947024	0.001202538
0.01819931	0.002737737
0.07654912	0.002402686
0.04173046	0.003052593	0.02765902	0.08044998	0.00545323
0.01335677	0.005442186	0.08227187	0.01765923	0.02707768
0.08165437	0.004457111	0.03160522
0.0619674	0.08068014	0.008121063
0.03158339	0.00280131	0.04055316	0.03897218
0.01400898	0.009996864	0.06646361	0.09510698
0.0752513	0.002436526	0.008018642
0.05564683	0.001815982	0.03513169
0.04759558	0.001104384	0.005621074
0.0892656	0.0008095051
0.03055571	0.003314266	0.04637064	0.01090082
0.003942663	0.0363117	0.0002651338
0.09622567	0.001561466	0.02917947	0.02190797
0.01422123	0.004303288	0.07304542
0.02232384	0.006327529
0.08811727	0.008502199	0.001360583	0.06311949
0.05029233	0.005730933	0.0008118713
0.08563859	0.0003976679	0.01652015
0.02412236	0.0007034032	0.0930402
0.05164788	0.0002138534	0.06856629
0.06514246	0.005657015	0.0871165
0.07953578	0.003114103
0.04862417	0.0008859261	0.03881403
0.007607546
0.003458811	0.002544655	0.029622	0.02242056	0.02845694
0.02368296	0.001974872	0.0640839
0.04871267	0.001336201
0.05516346	0.004061661	0.01781591
0.0760036	0.004124983
0.07896536	0.0003529566
0.03599328	0.0009772875
0.01322657	0.04524355	0.007160401	0.06045927	0.05409516
0.005176189
0.05791893	0.0001355798
0.07317023	0.00293754	0.09075398	0.0184267	0.02289776
0.07049379	0.006155784
0.04192011	0.006511504	0.04400799	0.03453533	0.02604554
0.02795817	0.008615804	0.09360202
0.07437083	0.01589123	0.00207348	0.01566997
0.0759483	0.009375557	0.0429192	0.0499384
0.06338047	0.007782709	0.06030902	0.01071529
0.05047105	0.004479411
0.01792636	0.008448669
0.08159516	0.003825979	0.05277254	0.02261164
0.06256951	0.003016912
0.047258	0.004224148	0.07491767	0.06448878	0.04283343
0.02855966	0.0005000285
0.07150376	0.001868814
0.06331702	0.004680718	0.07864692
0.09059667	0.0007693245
0.07186103	0.003617758
0.09657706	0.008860767
0.03834141	0.005651578
0.07272599	0.002779178	0.009672249	0.03567707
0.06853066	0.001166779
0.03366515	0.001716335
0.04999328	0.008798938	0.07213969	0.02006289
0.06412762	0.002311456	0.05528657
0.0815109	4.779808e-05	0.009446938
0.03759898	0.01162377
0.08164308	0.004234124
0.05105745	0.008201207	0.06658769	0.002128801	0.02688379
0.06014947	0.008311306
0.04065118	0.01660395	0.06204906	0.07172471
0.07530846	0.0008034263	0.01326637	0.04838276
0.09694553	0.008394475
0.07533191	0.002649068	0.08563853
0.07167984	0.006534538	0.04264303
0.01415062
0.009671686
0.0002599606
0.1239376	0.006195869	0.05781799
0.0377949	0.001206841	0.1205391	0.006840739
0.009317415
0.07933801	0.01465185
0.06673252	0.02327604	0.01457127	0.01450626
0.05199637	0.01105942	0.04623146	0.0009008226
0.07168954	0.01244039
0.0008147568	0.05508583	0.02254018	0.05278101
0.1099465	0.03262309	0.008527977	0.02276421
0.003600773	0.02185809	8.849671e-05	0.06427368	0.01505192
0.01224036	0.03393449	0.06851772	0.004261537
0.03783702
0.04249935	0.02456261	0.05620752
0.08267986	0.001702689	0.03110541
0.04362297	0.01310507	0.1078084
0.02042378	0.009005279	0.05130619
0.04292564	0.001848673
0.05764032	0.0007249143
0.05595502	6.624211e-05	0.07741111
0.0868668	0.001536594
0.02606231	0.0001909567	0.05944591	0.007756706
0.06708287	0.01179728
0.002894332	0.004552106
0.02192629	0.004300048	0.04346604	0.008638406	0.04882192	0.01878
0.00135799
0.03888416	0.001627171
0.07072413	0.00123497
0.03521952	0.002543539	0.02198071
0.06404265	0.02411457	0.003336827	0.009052451	0.02116686
0.06141926	0.002598044
0.07130982	0.00106665	0.01514965	0.004317221
0.06279219	0.007742252
0.06222055	0.007139195	0.02234141	0.007213441
0.09571091	0.00254473
0.07329911	0.003126096	0.00437145
0.06039827	0.0006692333
0.09304892	0.002258362	0.003138903
0.1007129	0.006295596
0.06036104	0.003843936	0.08489646	0.02190302
0.02622322	0.0001639189
0.09030635	0.005242069
0.003958022
0.1031247	0.0008177486
0.124948	0.003020905
0.06773555	0.001599858
0.0005626491	0.0007427998	0.06788296
0.02310697	0.0007409695
0.08246452	0.004782648	0.07414573	0.05804584	0.01657143	0.04398264
0.005102913	0.005064793	0.054692
0.008859803	0.001317495	0.0859361
0.01943051	0.005430934	0.08930004	0.04930829
0.04736338	0.002205437
0.006736865	0.001177766
0.01455732	0.002855936	0.05111321
0.06994294	0.002859185	0.05503669
0.04393849	0.004989039	0.03879111	0.03227879
0.04191338	0.0001467632
0.02362726	0.001638598	0.06933513	0.04704329
0.0645894	0.04476308	0.008357519
0.01008516	0.006591659	0.01667176	0.03813966
0.08267396	0.02187471
0.0527203	0.01792556	0.06781271	0.07004242	0.05727964
0.07844725	0.02093594
0.06040131	0.008649108	0.07337986
0.05310331	0.00429373
0.05595767	0.0167127
0.01150818	0.003791824	0.06324878	0.05916405
0.06149347	0.006300365	0.0635922
0.02535549	0.06605448	0.01548116
0.0706465	0.07116288	0.006334484	0.01488535
0.003576109	0.001536108	0.1087445
0.03135253	0.0002779872
0.04865341	0.009437394	0.04640341
0.01473473	0.0004999074	0.0486788
0.0811522	0.001891845	0.06093737
0.03028396	0.006310586	0.05926792
0.04406448	0.004104453	0.0124542	0.006480692	0.04555383
0.05508543	0.004683652
0.03918549	0.001288438	0.03929467
0.06852644	0.0009774298
0.05877208	0.009160501	0.007712519
0.03760263	0.0007841349
0.06739611	0.0008475862	0.1020454
0.04279249	0.008466124
0.07133885	0.001855882
0.06703367	0.001778047
0.0735115	0.02150761	0.003055448	0.002813265
0.03523079	0.008038524	0.1061183	0.04992779
0.05164213	0.00332885
0.02799873	0.0009969613	0.07498419	0.01753205
0.0779264	0.003607736
0.05646754	0.0005744327
0.09324024	0.003604487	0.03868998	0.04610505
0.02907416	0.08562952	0.004963234
0.002333476	0.003219138
0.06173411	0.00176446
0.05411797	0.000817366	0.03406691
0.01273476	0.003270227
0.04826901	0.002115862	0.05659586
0.04011857	0.006187037
0.01439589	0.004337593	0.01959705	0.01998339	0.00837048
0.03541982	0.01891866	0.04525865
0.005850629	0.009651868	0.03434404
0.01179383	1.325703e-06
0.04217877	0.01082796	0.04022694	0.08404991
0.09014864	0.00769272
0.03245346	0.001926461	0.06873162
0.06608634	0.004518419
0.04867435	0.006284013	0.059083
0.09280143	0.001375219	0.03165823	0.03738434
0.064822	0.000989351	0.03773135
0.04920352	0.001228613
0.02552374	0.0007928668
0.08506066	0.004840387
0.0426653	1.887813e-05	0.02094224
0.09102589	0.002570599
0.08665855	0.009520759	0.01238362
0.01146008	0.08356575	0.0210929
0.02364671
0.06089055	0.01321322
0.01361559	0.01382771	0.03936667
0.01199431	0.008757265
0.05030492	0.01319288	0.01405234	0.03680399	0.05336259	0.07533145	0.04160706
0.03625589	0.09841236	0.006860675	0.04654801
0.02615797	0.01013295	0.07181395	0.007717346
0.007341488	0.003396619	0.07169056
0.04945962	0.004006651
0.08170588	0.003454652
0.03189407	0.006391669
0.03025987	0.001710521	0.05623354
0.06262035	0.002481451	0.00525029	0.05633927
0.07499448	0.005414815	0.0407519
0.06438111	0.00381999
0.02413519	0.002872475	0.03693026
0.009564378	0.0008888923	0.08532849	0.0407955
0.01247369	7.516699e-05	0.05305325
0.07019526	0.005030404	0.001795166
0.04898646	0.003024278
0.03121604	0.003850209	0.05604798	0.04079243
0.04729282	0.002958695	0.08407408	0.04788791
0.08049071	0.005528453
0.02786296	0.003425528	0.01297348	0.03626537
0.09237303	0.01499335	0.01895784
0.03592116	0.005986902	0.0509184
0.08445187	0.0115133
0.03680162	0.01165928	0.0178818
0.02550511	0.01381931	0.1023219	0.04191269
0.02517946	0.008221886	0.03763283	0.0465452	0.04329785
0.07622866	0.01427566
0.03405441	0.006853832	0.01438416	0.01807868
0.04691802	0.003250619	0.06920928	0.07860082
0.01465095	0.0005578202	0.09495061
0.02793658	0.004920568	0.03402698	0.04112228	0.06051803
0.07086856	0.008542385
0.01867831	0.001336821	0.08054705
0.03657521	0.004106781
0.05312111	0.0214986
0.02040601	0.001019386	0.08637126	0.01952022	0.02297342
0.03671137	0.01455245
0.01486079	0.003830627	0.04632125
0.04993592	0.002905335
0.06450233	0.001104097	0.03607536
0.1304345	0.006739004
0.06296564	0.007281225
0.03208649	0.005764542	0.01324869
0.1030953	0.009131582	0.01489696	0.01526838
0.0578834	0.009884428	0.08177835	0.03933027
0.03448563	0.00406162	0.07174895
0.03191865	0.005528601	0.08360026	0.03564614
0.1186885	0.0001024539
0.0439871	0.0003358898	0.0002584858
0.05310645	0.001983029
0.05408415	0.003654256
0.05655329	0.01364944
0.06766859	0.01143359
0.08488794	0.01248567
0.05136149	0.003984371	0.06728847
0.02323898	0.002001489
0.05069491	0.008033427	0.09017582
0.0273512	0.001231142
0.05262235	0.004143642
0.05179512	0.0002617931
0.06971633	0.004880969	0.09210602
0.00780149	0.002786606	0.005944854
0.04686869	0.004590505	0.05503109	0.02621302
0.06299757	0.000499754
0.03856843	0.0007430035
0.06855442	0.01459768
0.1029138	0.005398941
0.05238107	0.002495281	0.01584086	0.04555822
0.03435116	0.005777147	0.01646758
0.03714623	0.006063636	0.05652888
0.04400263	0.0107657
0.09360576	0.002794753
0.0872105	0.006466226	0.02177069
0.01237546	0.00145205
0.05290154	0.003116793
0.0489627	0.01298539	0.07572755
0.07111669	7.847811e-05
0.03389851	0.01939567
0.07751104	0.01269649
0.02971076	0.01663913	0.04668806
0.08232941	0.01728896	0.01976816
0.06826989	0.004657781
0.0660103	0.01842502	0.01097241
0.04520233	0.002500234	0.01048372
0.04372782	0.02549353	0.07870868
0.05035814	0.02546669	0.006954053
0.0414329	0.006289099	0.04512009	0.02195019
0.06640104	0.001920722
0.01917599	0.007135343	0.08988322
0.06609156	0.008492148	0.06102454
0.01535101
0.1003492	0.02091566
0.06003081	0.01959542	0.004901074
0.05092843	0.01202396	0.09605555	0.06504886	0.04277238
0.02651536	0.006096371	0.01918787
0.01237541	0.01156086	0.07027844	0.006562038	0.004529803	0.02621429	0.06791483
0.08209726	0.05670692	0.01165266	0.04937816
0.01321577	0.018836	0.008532858
0.01422919	0.01960947	0.04603337
0.04773358	0.01449987	0.08407508	0.02792073
0.06753662	0.01025821	0.006144096
0.01931236	0.009528459	0.01073771
0.04228221	0.03568199	0.001343078	0.03023518
0.01383549	0.05034226	0.01972271
0.03826644	0.05966357	0.01760303	0.01143831	0.04954001
0.07003724	0.04619939	0.0436956	0.01103603	0.03703117	0.03679418	0.08051597
0.05575176	0.02167474
0.06910303	0.008012147
0.09885296	0.01322278
0.0899697	0.01571038	0.0244399
0.04168622	0.01282905	0.07182154	0.05802891	0.02685925
0.03370594	0.001251818	0.07697977
0.08727066	0.02151889
0.06305777	0.01437651	0.03629972
0.05090493	0.019831	0.06605417	0.05735416
0.01479097	0.01745595
0.0733247	0.004765465	0.03205901	0.07634962
0.05059555	0.02188127	0.00142108	0.06582179
0.04904225	0.002697114	0.0795334
0.08228857	0.001958762
0.09759282	0.002659973
0.05647863	0.02419252	0.06637582
0.007367298	0.0156525	0.06525387
0.0109097
0.08652539	0.003228268
0.04248994	0.004606936	0.06037847	0.07697961	0.01945245	0.04868051
0.01022335	0.00647408
0.04503699	0.007367982
0.01504723	0.03058981	0.01964659	0.07286379	0.01078577	0.01218792
0.06547911	0.003076978	0.03947664
0.0564642	0.009971354
0.03730456	0.002728052	0.0407697	0.03708721	0.01131106	0.0148372
0.06495458	0.001049854	0.05512678
0.09496498	0.0007076605
0.05514101	0.0002147617	0.1040686
0.05823677	0.005648649
0.08473492	0.009105789	0.03912639	0.03686722	0.02051303
0.01146676	0.006887394	0.08189105
0.01074839
0.006678596
0.05053784	0.01835832
0.08414209	0.01566153
0.07437641	0.01770725	0.03657883
0.00491403
0.04500173	0.007113977
0.05352449	0.00885023
0.02658545	0.009333446	0.04131406	0.01875468	0.0893988	0.05756623
0.05961077	0.00182271	0.02907191	0.07354752	0.01058615
0.07534134	0.0534592	0.004570459
0.09905404	0.009641605	0.05376574
0.03221598	0.008325497	0.06567676	0.007578102
0.07565092	0.01621639	0.038056
0.0349189	0.01630479	0.1093027
0.001704012	0.001820807	0.02842337
0.04862	0.007848466	0.02626202	0.01446492	0.03624065
0.1015114	0.007776322
0.05597109	0.01033455	0.02242098
0.01090408	0.06529737	0.02488647	0.03252292
0.05693519	0.02252545
0.02190882
0.07472229	0.02647049	0.002757407	0.01301973
0.0351015
0.08646757	0.04290905	0.005095607	0.03120426	0.02936738	0.01274596	0.0332826	0.09016566
0.08077531	0.04469061	0.006013348
0.07854558	0.01233248	0.0429882
0.01197684
0.01459372	0.0088864
0.06149678	0.02512956	0.02557523	0.02110938
0.08048797	0.02334593	0.03847422
0.01388428	0.03913556	0.07437328	0.004963795	0.04823976	0.02126455
0.06795107	0.03757272	0.01882244	0.02272789
0.03789885	0.03116685	0.0004564258
0.07387578	0.0348451	0.02841185	0.003803148
0.0355064	0.03403971	0.0003475771	0.06096422
0.04359841	0.02289299
0.02245583
0.05002581	0.04090519	0.01805162	0.03175028
0.01151683	0.008101489	0.06231059	0.04178411	0.01559559	0.05323379	0.04418778
0.05342214	0.01304144	0.03483569	0.05583443
0.01395005	0.0574897
0.01414199	0.05046149	0.0697256	0.007047697
0.02877855	0.04953193
0.06140751	0.0228297	0.05818588	0.04542732
0.04005786	0.001732144	0.05887145	0.1009591	0.06027897	0.01241821
0.039003	0.0561969	0.01390875	0.02789694
0.08899662	0.05788012	0.01454285	0.0479967
0.07097175	0.06762443	0.00666402	0.03647926
0.04101428	0.05321603	0.002754077	0.02203393
0.05027371	0.06306737	0.01405413	0.05198764
0.0436048	0.06917353	0.0111521	0.01504008	0.03393247	0.0667706
0.01201419	0.05952771	0.005637647	0.007118672	0.07689293
0.051743	0.0517999	0.000944308	0.03041198
0.04352887	0.01757797	0.06260373	0.005908543
0.07476287	0.006690656
0.0404194	0.01666494
0.03401428	0.01651375
0.07252928	0.0170981
0.06818256	0.01293039
0.04489908	0.01045813
0.009185941
0.006458914
0.001001461	0.0507338
0.005872427	0.01600676	0.05202568
0.06445722	0.00810101	0.07829321
0.05422295	0.01114558
0.06855955	0.003590476
0.01681356	0.01119646	0.06935634	0.01739488
0.01915351	0.0114795	0.05308225
0.005550864
0.004903777	0.03624666
0.06924058	0.02747956	0.006678149
0.02457519	0.0307333
0.07080117	0.01380098	0.03062247
0.1164079	0.007593059
0.05584942	0.01224432
0.09448764	0.0142922	0.03503651
0.07604894	0.04898696	0.0233142
0.01521707	0.04165086	0.01554411	0.03486786
0.02934869	0.0546889	0.02396
0.06842709	0.06690839	0.01502583
0.0834644	0.05267681	0.009594107	0.003521498
0.115437	0.03088395	0.0107557
0.005926884	0.02676093
0.0795099	0.0300429	0.04241844
0.0532603	0.02492839
0.03181831	0.02464568
0.0158377
0.03644775	0.01777288	0.02022544	0.04889287
0.05399265	0.01138613	0.02299138	0.01141005
0.0609185	0.01321318	0.07529016
0.01644237	0.006256127	0.00574191
0.006927124	0.01102198	0.02882271	0.07760407
0.04427712	0.0333229	0.0433423	0.05539722	0.01357054	0.04006568
0.01680454	0.05112753
0.03839961	0.01170235
0.05855933	0.02656758	0.01183449	0.05738698	0.02416798
0.0830871	0.004259297
0.06329017	0.0118742	0.02612089
0.04721187	0.01633515	0.04704191
0.04340054	0.0004889117	0.05870984
0.02851047	5.059554e-05	0.09025139	0.05125791
0.09003294	0.0002404037
0.04489049	0.00027779
0.04431502	0.09027479	0.007584021	0.05706208	0.08597303
0.02894286	0.002130382	0.06672204
0.03124296	0.004105098	0.04637426	0.09117849	0.08412996
0.01204056	0.003497696
0.02424744	0.001155169	0.05687628
0.104206	0.01839316	0.00229776
0.1008862	0.004284525	0.03421609	0.02759613
0.05104379	0.003683545	0.02356879	0.03936764	0.04500136	0.01603686
0.06018886	0.0103751
0.09291118	0.005017141	0.04648742
0.004872778	0.004062287	0.02998149
0.03049198	0.0002440139	0.07561865
0.01284392	0.002618318	0.06623975	0.04761577
0.04784586	0.001434646	0.04649217	0.07654457	0.07162979
0.04363076	0.02015421	0.007547716
0.03717515	0.002474768	0.06057721	0.06804754
0.000357169	0.001525075	0.06978427	0.07679149	0.04095967	0.04576797	0.03365715
0.003438333
0.03655848	0.002869797	0.05704695	0.003084062
0.03380442	0.006454911	0.07852044
0.02675449	0.004419853	0.06176203	0.009845575	0.03033774
0.010141	0.002377539
0.08415384	0.0002163981	0.04411257	0.00533916
0.01583358	0.009610882	0.04183877	0.01500538
0.0499604	0.00256642	0.05780857
0.02898077	0.003192287	0.04870195
0.05174676	0.004114836	0.01227679	0.02218763
0.0226017	0.026984	0.001673348
0.06394572	0.01972013	0.01376472
0.0782147	0.01714688
0.05165853	0.002342322
0.02193619	0.01525264
0.06647558	0.005596956
0.003379366	0.003797112	0.09816016
0.008625512
0.0353807	0.001805747	0.005671817	0.03047408	0.07561265
0.02625403	0.007766086	0.08278405
0.02638037	0.005699888	0.06107915	0.05126019
0.09252587	0.005749163	0.07423437
0.09516514	0.004321011
0.04086089	0.09027871	0.01946981
0.0683806	0.00541581
0.0655604	0.001720427	0.04047906
0.06263201	0.002648707	0.06676037	0.01405754
0.05141584	0.005911312	0.05578232
0.0530717	0.005564551	0.03441586
0.002213499	0.04581243
0.01234439	0.0118357	0.04584826
0.01670923	0.001496705	0.05403999	0.07365639
0.04964976	0.01452216
0.04404471	0.02059786	0.06312811	0.04563471
0.0129083	0.09371587	0.01352779
0.08076707	0.09566945	0.00318135
0.04511357	0.00475868	0.009423021
0.06879976	0.02303672	0.1085305
0.1001423	0.01447749
0.09035101	0.0009970004
0.03535915	0.001971363	0.1332551
0.06439994	0.001867582
0.1062083	0.009009369
0.07529686	0.0003400658
0.04405354	0.006795162	0.06817366	0.02040999
0.06205018	0.009751137	0.1217126
0.04628004	0.0127549	0.06437455
0.01933339	0.02267148	0.07733807	0.06416193
0.0259294	0.01565311	0.03090654
0.04912342	0.02106956	1.675515e-05	0.05194084	0.01669337	0.01359299
0.06901719	0.01027149	0.0565797
0.04108303	0.01258326
0.05272975	0.002198776	0.02237708	0.05521053	0.005157706
0.03609886	0.01767882
0.0623932	0.008500107	0.04072874
0.05917096	0.01036321	0.07394138
0.07318688	0.007840179
0.005347731	0.01427115
0.009673475	0.03468406
0.03488868	0.0009026372	0.0880611
0.06178167	0.002177827	0.05687068	0.0404607	0.07782814
0.009089488	0.001323095	0.04995801	0.05119815
0.06352421	3.510049e-05
0.01861015	1.061961e-05	0.1042292	0.06948433
0.06814956	0.006276977	0.005375534
0.01326201
0.007682443
0.01405813
0.09165903	0.01416306
0.08204592	0.01567608	0.02017739
0.01483284	0.002573614	0.04797967	0.04390259
0.02486691	0.001679005	0.04195133
0.03895128	0.0008536084
0.03513937	0.005403818	0.01314951
0.05246057	0.001085948
0.03042013	0.0130606
0.04583366	0.001522899	0.03306817	0.03626361
0.006823275
0.005943071
0.03345371	0.003672233
0.08678833	0.003451982
0.09854039	0.0005161945
0.01513167	0.0007581169	0.07324398	0.01418715
0.05641796	0.001352743
0.04889888	0.005303931
0.01857519	0.000354496	0.02271621	0.0003471853
0.05585508	0.008429383	0.06271084	0.008193633	0.009594883
0.01718676	0.005394702	0.03543887	0.0294113	0.001098287
0.02114163	0.004968	0.006683577	0.054658
0.04210981	0.0008478828	0.06984419
0.0891046	0.01139867
0.05315699	0.0006462785
0.01429129	0.060041	0.001495436
0.04460966	0.002558136	0.000341257
0.07557595	0.008158278	0.01109825	0.004287873
0.02433281	0.003340908	0.09780789
0.01989743	0.0002190692
0.02885563	0.0001606277	0.03965852	0.01885304
0.05951352	0.009084215	0.0345181
0.08860783	0.005789269	0.005382582
0.0148742	0.01890578	0.04378261	0.03055595
0.006320233
0.0610956	0.001108962	0.08105758
0.02794137	0.002470516	0.07229212	0.0007247722
0.05048975	0.008428328
0.01135457	0.01261937	0.01700253	0.03434711
0.05251479	0.01470584	0.01685339	0.05417035
0.009862974	0.01560251	0.01145713	0.03218475
0.05263435	0.0008366541	0.04688532	0.06125893
0.003735429
0.1096406	0.006313481	0.01695084	0.02997568
0.06821413	0.00643748
0.08455432	0.007021217
0.05895421	0.02544827
0.04558948	0.01741586
0.02946935	0.01408156	0.01407686
0.04091192	0.01171615	0.05377718
0.004452979	0.04851585	0.003850102	0.03538014	0.02350028	0.01961247	0.04363333
0.05551105	0.00207496	0.04801034
0.02675545	0.004208364	0.03565357	0.04552345
0.05348495	0.003086657	0.00737626
0.074538	0.007387342	0.005144874
0.05780394	0.006827433
0.05956999	0.01531322
0.02303739	0.001252471	0.07656863
0.008529191	0.0009750985
0.02339387	0.008064201	0.09357877	0.03746618
0.05422936	0.0004050442	0.03717366
0.01019336	0.0008688253	0.08436884	0.02157985
0.0529672	0.0006324102	0.03234221
0.00544988
0.07660787	0.009287926	0.06404339	0.02321676	0.03954118	0.09018397
0.0434065	0.01534403	0.01754638
0.08492736	0.02320441
0.03772277	0.01958823	0.1235992	0.05002502
0.05970667	0.00869748	0.02760497	0.06408568
0.06960229	0.02754939	0.04789858
0.05189521	0.02336838
0.07145924	0.02192515
0.07473439	0.05618919	0.03354695
0.05610798	0.001643519	0.04702009	0.08751138	0.02968046	0.0208406	0.04042067
0.06702071	0.02759028
0.06024271	0.008274173
0.04175283	0.008878862	0.0486766
0.05716667	0.00453621	0.02139429
0.05875086	0.009976321
0.05491954	0.0128523	0.0114496	0.04149267
0.06946	0.005023752
0.02259983	0.07454882	0.002239332	0.03518132
0.0665477	0.0001909597
0.0279633	0.0002739238	0.02045182
0.06660793	0.003111747
0.03299331	0.001780611	0.02081033	0.02635338
0.05837093	0.02735054	0.0193815
0.03014742	0.01945046	0.04090398	0.03483881
0.0732923	0.01655806	0.01326476	0.01355582
0.000614876	0.01557975	0.09225078	0.03978362	0.03512096
0.003469828
0.05305668	0.004169645
0.0601905	0.006690455	0.01727861
0.02133383	0.004076429	0.04606104	0.04471252
0.005922857	0.03591195	0.01917406	0.01721958
0.02294658	0.01949325
0.006352606	0.02742641
0.08136727	0.031427
0.04625234	0.02897994	0.01772041
0.07595516	0.02403121	0.07489237
0.03444428	0.02946239
0.0435879	0.02916041
0.06999717	0.006171877
0.09350481	0.005523911	0.01999549
0.0436202	0.01507015	0.03347037	0.02315953
0.08289129	0.02644414	0.06654751
0.1160568	0.01351598	0.02559702
0.08736967	3.21546e-05	0.03953217
0.1309278	3.417818e-06	0.04917506	0.0309216
0.09274668	0.004425931	0.04917506
0.1075273	0.04991671	0.003309619
0.1019223	0.05529999	0.007477567
0.08026168	0.003489929	0.05535258	0.009096866
0.1031878	0.003345589	0.05712258	0.05923885
0.08831784	0.07552584	0.1262317	0.008877712
0.09683863	0.06319866	0.007997707	0.04465704
0.0913574	0.06419288	0.002748948
0.03282193	0.07861519	0.003630165	0.0488629
0.01877371	0.07610978	0.003770002	0.05586733
0.06482123	0.06350645	0.003354705
0.06275272	0.07614233	0.004957368	0.05131274	0.1003966
0.06606911	0.06924355	0.001159176
0.01077066	0.05428619
0.01823909	0.06134783	0.005431622
0.0404305	0.06121364	0.006528107
0.02636184	0.06319908	0.0103259	0.1039577
0.06068996	0.001467172	0.05401571
0.0950319	0.04394321	0.004916133
0.08756909	0.001414003	0.03219506
0.07754112	0.02349271
0.04978758	0.01959766	0.01983653
0.03109056	0.0694387	0.02116314	0.01106283
0.01193856
0.02571521	0.00567707
0.03444876	0.005513013	0.05402109
0.04285212	0.009944211
0.04856496	0.002056083
0.05635339	0.008906167
0.03746212	0.01529823
0.0357119	0.02663041	0.009427573	0.02933418
0.03157688	0.03524056	0.00826225	0.03189251
0.00757611	0.04011915
0.06421728	0.02644818
0.03919933	0.04792363	0.0004649363	0.0194101	0.03555222	0.04553265
0.09064881	0.00766756	0.02108947	0.01334669
0.005640199	0.002269156	0.04480968
0.0001389775	0.06461059	0.0143923	0.03116631	0.05863144
0.002604693	0.02054902
0.01875506	0.0001664648	0.1033553
0.04583343	0.007091293
0.04536672	0.02670244	0.05024078	0.03855515
0.02857117	0.01580132	0.06962899
0.03344127	0.00933222	0.01211384
0.00280963
0.004565446
0.06122714	0.02353839	0.01363042	0.05843847
0.01281791	0.005472021
0.06721941	0.007397652	0.04853592
0.1107385	0.02867155	0.007350807
0.04060997	0.00265563	0.04068886
0.02849449	0.0004701765	0.01528508	0.0161558
0.09867956	0.00769398
0.003170061	0.01895337
0.09596633	0.00817537
0.04649486	0.0003000597	0.01496934	0.03181866	0.02176953
0.04908395	0.007134277	0.07063832
0.03311221	0.00310565	0.02465859	0.04329051	0.0617612
0.05000923	5.20697e-05	0.06241277	0.02357726	0.02516514
0.03337481	0.003290607	0.007948855	0.0549318
0.03014709	0.008039096	0.07213278	0.06303779
0.03326659	0.00123337	0.06669407
0.06774087	0.005381691	0.01448404
0.01402627	0.01021395	0.008758959
0.06904525	0.004163637
0.07806077	0.001205867	0.009052962
0.04565968	0.009446669	0.08357566	0.02343155	4.088451e-05
0.03625926	0.007029104	0.09553307	0.009267023
0.0163333	0.002244756	0.01054917
0.03431817	0.01024934
0.05907125	0.007842525
0.04416728	6.319849e-05	0.007284932
0.0340093	0.004049032	0.07841849	0.007400837	0.04039607
0.02758851	0.001647626
0.05795825	0.01907923
0.05839354	0.009173083	0.08158801
0.003874548
0.02451025	0.001590846	0.0436269	0.07226896
0.1026082	0.01332191
0.04216689	0.01128677	0.00979874	0.05296823
0.01968503	0.004424465	0.05526103	0.08919492
0.03154506	0.05638774	0.004717888	0.05431145	0.03116283
0.02628005	0.03526604	0.01379801	0.0895902
0.0722175	0.01312573	0.02719988
0.0607453	0.02152575	0.00069599	0.04604739
0.06612535	0.02466352
0.05884528	0.01637979	0.06694557
0.06478162	0.01761297	0.0346855
0.07874959	0.01220789	0.01682942
0.05565755	0.0006654035
0.0926981	0.01201443
0.04986835	0.01286616	0.03807456
0.04102824
0.07022963	0.02486751	0.06969785
0.03087829	0.02522022	0.07031801
0.08371134	0.009246532	0.01736844
0.06042124	0.006239585	0.03056486	0.00364807
0.02982815	0.005510097	0.09311268
0.03987798	0.001118229
0.05289134	0.02096647	0.06636451
0.08804195	0.01657555	0.06636603	0.09714259
0.02812295	0.0196617	0.01004945
0.01232487
0.03135408	0.01167074	0.06997087
0.08552499	0.007835989	0.004307299
0.008080294	0.0003760087	0.08813178	0.03958224
0.0860972	0.005741088
0.06405018	0.004581736	0.09638713
0.006279898
0.0186849	0.007822374
0.04030984	0.001292214	0.03613707
0.06426258	0.008731127	0.009025069
0.03377393	0.01012397
0.1037719	0.007416729
0.09756733	0.002394562	0.02365362	0.08238959	0.02190098
0.05712909	0.009660684
0.03630226	0.0003201881
0.05755964	0.008152561
0.03635715	0.01145627	0.03961518
0.08284626	0.003030593	0.01529216	0.001311493
0.06194382	0.004042988	0.02198023
0.1207512	0.01285071	0.04834708	0.005044712
0.08796282	0.004497602	0.01631762
0.03126409	0.01749658	0.004079497	0.03156177	0.01482437	0.06392962	0.03413023
0.001506024	0.02394406	0.1041774	0.07501472	0.03630146
0.001213407	0.01074975	0.04089913
0.02701111	0.03978488	0.002778266	0.03917533	0.0446501
0.03136233	0.03942753	0.01099523
0.03587181	0.000295964	0.004838756
0.05828472	0.009872278
0.04712233	0.008682647	0.0385975
0.05533983	0.01105335	0.03304757	0.0608847
0.1267873	0.02835282	0.01406566
0.0775019	0.05522565	0.001679385
0.05069326	0.0009767356	0.0390101	0.03312534	0.04464231
0.0180798	0.01658548	0.03210566
0.02520766
0.09224172	0.01922523	0.03360626
0.08634454	0.02265636
0.0366402	0.0461504	0.03236156	0.01632433	0.03083173
0.03407005	0.03133351	0.0095847	0.07161902	0.07030697	0.01949769
0.03870667	0.01336656
0.1162839	0.005173473
0.04301476	0.002319108
0.04188019	0.004410404	0.05710284
0.06987762	0.005038661
0.02334244	0.007021356	0.0757926	0.009181085
0.02926144	0.0009976619	0.04894657
0.000726919
0.05080496	0.008565031	0.04255347	0.05898456
0.02142423	0.05624434	0.02012797	0.04018706	0.03853494	0.01400572
0.01053739	0.07436495	0.006924259	0.103327
0.03345124	0.07436495	0.002675841
0.02965655	0.07141304	0.006589779	0.04175997	0.06923559
0.0729007	0.03876205	0.003052043	0.02393854	0.02164693	0.04659624	0.04322969	0.01815667
0.1317092	0.0008675143	0.02948445
0.034584	0.04395394	0.02109055	0.02415721
0.08625919	0.0399688
0.0902014	0.01957324	0.06075587	0.01988324
0.06022291	0.05942485	0.0002164189
0.07121727	0.05185229	0.0153575	0.06094889
0.03024311	0.06187656	0.002486262	0.05244358
0.01078518	0.04938387
0.04913672	0.03605819
0.01858273	0.04629506
0.06333557	0.03490763	0.002874559
0.06276911	0.03789608	0.008278215
0.07466574	0.05564137	0.02484807
0.07680741	0.0333772	0.06167202	0.03252405
0.04272757	0.02424387	0.04071747
0.03726948	0.02517834
0.09396514	0.01371309	0.05110267	0.01609276
0.05475293	0.02307181
0.003062225
0.005301871
0.01962403	0.001025448	0.02630759	0.05854848	0.09461856	0.04902991
0.0802566	0.007089137
0.01963458	0.0003513997	0.08653724
0.07249411	0.002230969	0.03245576	0.08106849
0.07343263	0.002482399	0.03515198
0.0409643	0.01218482
0.07676911	0.001210347
0.01542077	0.001102456	0.05990654
0.04696884	0.00576746
0.01052347	0.008279856	0.05206771
0.0528294	0.01288914
0.01310786	0.01355475
0.01353502
0.06651676	0.01295076	0.06770957
0.04497009	0.02105787	0.09016465	0.05909224
0.05107435	0.01716382
0.01171368	0.03185653	0.0714995	0.02713261	0.03598415	0.02283101
0.05071842	0.01495702
0.07006831	0.02814709	0.03609778	0.01447421
0.009548064
0.05723085	0.001618461	0.01591912	0.02992983	0.006147259	0.02704349
0.03474066	0.001146175	0.04263531
0.00239775
0.02544271	0.001637863	0.02292085
0.06294103	0.008380708
0.01942934	0.003141634	0.07681204
0.02761371	0.01218513
0.06935759	0.00633666
0.06686731	0.0003974878
0.06823665	0.001006833	0.02944641	0.03670205	0.06424532
0.02562155	0.003858297	0.04915672
0.04291897	0.003720917	0.09140529	0.04441073
0.08172781	0.0003215056
0.1162614	0.005730492
0.01181723	0.00403792	0.02664852
0.03966586	0.004940657	0.09092528
0.08203614	0.01903562
0.1034488	0.02108428	0.01444286	0.001912737
0.08250125	0.02060123
0.09421261	0.01290465
0.05349854	0.003900629	0.09101199	0.04177197
0.09133139	0.001893495
0.04589736	0.003187195
0.08032365	0.007232811	0.04589363
0.07432029	0.002772214	0.007864032
0.06768454	9.225296e-05
0.07348288	0.001183625
0.03381871	0.007529776	0.07259544
0.01545064	0.005267458	0.0741435
0.04113903	0.005415543	0.08661384	0.02180122
0.0586254	0.00208004	0.0437041	0.0391464	0.04122067
0.02957314	0.01191485	0.05862144
0.02082708	0.008095502	0.03680957
0.05635491	0.05090643	0.009519743
0.0257359	0.04263242	0.003671862
0.1032976	0.03989443	0.02905097
0.0706096	0.03904261	0.002196314	0.06193191
0.02837158	0.0454812	0.00489625	0.06761989
0.05129699	0.004227833	0.06555729	0.01008422
0.05200122	0.01361881	0.01673882	0.04822057	0.003294128
0.04209057	0.001855694
0.04418917	0.001961034
0.08158792	0.02474463
0.08799579	0.02286951	0.004833126
0.06438099	0.01347941	0.0210127
0.07250258	0.007188228
0.03106597	0.01392141	0.0753917
0.05431149	0.01887038
0.0431736	0.01610312	0.02506148	0.04055628
0.0828335	0.007637641	0.01892426	0.04886125
0.02203855	0.01703937	0.04186785
0.02042921	0.005578757	0.08301761	0.02648274
0.03287669	0.0003772403
0.04872378	0.0004371143	0.02862741
0.02094764	0.09875536	0.0006927767
0.05006554	0.001626638
0.07653431	0.00623505	0.05000646
0.03728414	0.002765999	0.04577664	0.04860031	0.02751037
0.04795588	0.05981827	0.01390598	0.06975862	0.02933281	0.06400191
0.04960489	0.05412094	0.007292802	0.06725953	0.0267004
0.06554496	0.04146445	0.01763695
0.03803134	0.004240457	0.0226086	0.04763187	0.02649158	0.02920448
0.0365712	0.03563139	0.01409291
0.04918824	0.02799689
0.07788883	0.01841434
0.02985833	0.01896542	0.04521013	0.1165651
0.02257909	0.004792783
0.0788774	0.003254082
0.02229128	0.001218624	0.09134999	0.05578716	0.06788086
0.0108115	0.004462917
0.04864517	0.001868012	0.06609458	0.02189066
0.04883051	0.001750978	0.01893506	0.001642578
0.01581426	0.01636472
0.03100869	0.01406914	0.08358498
0.0629098	0.004002948	0.02505398
0.06206392	0.00588873
0.03840289	0.002831805	0.08999158	0.02291844	0.05955919
0.07779752	0.001623894
0.09655308	0.003793638	0.0363696
0.06004329	0.0007087521	0.006121889
0.04234474	0.003281924
0.04372724	0.006141291
0.08711394	0.0003864887
0.08072035	0.0008049983	0.01921301
0.02607065	0.005501757	0.05051402	0.004912046
0.08039071	0.002875003
0.04720625	0.009605184	0.05599664	0.01656421
0.0451108	0.00265186
0.03978205	0.0006047722	0.04569796
0.05852803	0.004348194
0.001999455	0.01428556
0.001427975
0.003529069	0.003259825
0.03502937	0.01057764	0.03028292	0.0435093
0.06968507	0.001316305
0.08759829	0.005085417	0.02342269
0.05113866	0.005313888	0.04516941
0.03850609	0.006287513	0.05490965
0.05246919	0.0003838976	0.001420215
0.05619607	0.00727919
0.05152794	0.005861018	0.04171715
0.06886297	0.007838129
0.03155797	0.006682847	0.1032342	0.02206636
0.04227989	0.007979651	0.04114819	0.01716061	0.06662615
0.06820129	0.007513948	0.02903265
0.08626639	0.002420423
0.02042441	0.005510972	0.05918494
0.06003446	0.01257711	0.06377226
0.02900905	0.005338642	0.04096842
0.02456522	0.007350261
0.02722881	0.0007181227
0.03335917	0.0034713
0.01256485	0.007157642	0.04623259	0.02543786
0.04528475	0.0020641	0.01907995
0.06193814	0.002126541	0.09512303
0.01541447	0.005251827	0.02344172
0.06476422	0.005669437
0.06774393	0.0006034677
0.026667	0.002327264	0.03020616
0.03006803	0.005099774
0.01799733	0.004740361	0.08167703	0.1336638	0.03444621
0.05298736	0.004417552
0.03828911	0.01826899	0.04048153	0.07115742	0.0424754
0.02104502	0.01264004	0.08496992	0.03808949
0.005948839	0.0466571
0.0009960364	0.002994668	0.02501911	0.05436364	0.0761078
0.06043293	0.002140392	0.07340122	0.0004656513
0.05183254	0.002949776	0.0625347	0.04723828
0.07031443	0.005121362	0.0007247809
0.08029007	0.004048949
0.05320573	0.002604627	0.0352549	0.02332104
0.07117369	0.004564112	0.05635755	0.06222698
0.04423289	0.0002370661
0.03170344	0.003525266	0.06816178	0.01015106
0.0262863	0.0004530329	0.02464144	0.08630359
0.06590612	0.002007611
0.001089181	0.0003363685	0.02778254	0.09526826
0.05829777	0.005427841	0.05396603	0.03652694
0.0879739	0.004157827
0.04002021	0.0005939755	0.09312048	0.08434957
0.08435296	0.003906739	0.1103732
0.007765873	0.00392883	0.003791236	0.01177734	0.002781694
0.04471362	0.008081163	0.007815443
0.08955209	0.001015304
0.06810472	0.01029131
0.03636231	0.006860685	0.06792298
0.025193	8.916608e-05	0.04865785	0.03985013	0.02235421
0.103439	9.093819e-05
0.01596414	0.01041648	0.06689961
0.1101428	0.001812171	0.03372767
0.01074228	0.001864161	0.05238688
0.00460898	0.09963257	0.002414876	0.01901378	0.0996443
0.02835179	0.005666851	0.05083468
0.04269637	0.001811116	0.1151901	0.01189925
0.04169564	0.002893678
0.01923047	0.004397403
0.08579077	0.005815445	0.006349865
0.08430628	0.001174119
0.04923533	0.002036145	0.06809248
0.03250473	0.005180343	0.05779051	0.04900836
0.07559872	0.0002049675
0.04487376	0.0604497	0.004714521
0.02846845	0.006144081	0.05025672
0.06245956	0.001518703	0.03145979
0.06281271	0.009534714
0.05044556	0.005034885	0.03470844	0.04497208
0.1245725	0.004455353
0.03835573	0.001629923	0.02821196
0.07369586	0.001814994
0.08893541	0.001066821	0.03424856
0.07098879	0.002803963
0.05562703	0.002108371	0.0741817
0.05738544	0.0004266399	0.05837501
0.06200298	0.005726824	0.05215097
0.05261223	0.003887128	0.1095634	1.78683e-05	0.02555433	0.004447247	0.01159724	0.09361552
0.0297692	0.009735472	0.08209823
0.08609341	0.002833504
0.04776706	0.002043622	0.07079194	0.009031169
0.0446781	0.003802236
0.08123675	0.009084607
0.04503941	0.002719891	0.01441285
0.05771322	0.0004635458
0.02769564	0.008666062
0.0281359	0.002738959	0.04634108	0.04544532	0.05382531
0.0240584	0.0006712263	0.06072147	0.008317805
0.1011897	0.008092986
0.04212669	0.002359198	0.07040667
0.1000021	0.002108343
0.01534713	0.003951957
0.05334307	0.001835314
0.06265878	0.0133891
0.06899986	0.002655494
0.02789259	0.003400727	0.06181373	0.1112975
0.07941871	0.001655606
0.06069966	0.009561921
0.06970521	0.001634949	0.07762321
0.0279739	0.001188552	0.08935878	0.01079845
0.03028627	0.0002906604
0.06037948	0.004380801	0.0735126
0.03760743	0.0003305492
0.08412661	0.0002375898
0.03756147	0.002182716	0.05399261
0.02949808	0.008866848	0.0800053
0.0008204358	0.0002933024
0.01111618
0.08435841	0.00477547	0.02109618
0.05514359	0.0005368753
0.09062974	0.004065002
0.03615636	0.001205715	0.01923729
0.01228073	0.006874681	0.02344767	0.04291517
0.009065998	0.005130162
0.04713906	0.002792028
0.04903058	0.005461467	0.08734362
0.05751478	0.001850134	0.06449891	0.02639223	0.03032486
0.06261232	0.0008130838	0.02417872	0.04081539
0.07521818	0.00655066
0.03023704	0.01431383	0.07210435	0.05407706
0.01793122	0.003088895	0.04768639	0.09447411	0.001845003
0.06757375	0.006215171
0.05549445	0.003805582
0.09047451	0.06968453	0.0171282	0.05535572
0.02687279	0.002610482
0.03766739	0.01757341
0.1144951	0.01008401
0.0333638	0.007119306	0.03129445
0.04652173	0.002203576
0.06318322	0.00342439	0.01632714	0.004743358	0.03831853	0.001323132
0.03288156	0.001526155	0.02438797	0.04228777	0.006719137	0.05914473
0.05565919	0.006925012	0.0295042
0.06514195	0.004909873	0.01218342
0.01975313	0.0004767233	0.03086923	0.06908654	0.06084791
0.06953345	0.0573233	0.000809313	0.05392881	0.03698103
0.01807705	0.02938991	0.007136688	0.03635189
0.06128949	0.04818106	0.005099355
0.03446848	0.00586848	0.02704492	0.03499581	0.01704932	0.03494745
0.01239771	0.01326356	0.03551373	0.0201256	0.02077518
0.02936702	0.001559729	0.04101484	0.04446992
0.004265868	0.009811343	0.05257687	0.001894136	0.02445147	0.04211644
0.1005563	0.03194786	0.01008949
0.03665231	0.04244568	0.001960975	0.06772223
0.0187733	0.03132111	0.01121047	0.04009513
0.04554941	0.04797805	0.0007373035
0.01570557	0.02570417	0.001936159	0.08069215
0.03373777	0.01114055	0.05253714
0.1038401	0.04198102	0.003628071
0.05443823	0.04182567	0.001897308	0.07408008	0.03468336
0.02239715	0.03988581	0.00326579	0.01985928	0.08179173
0.08417003	0.04024528	0.001264604
0.01266951	0.03207139	0.002913016
0.02770886	0.03707719	0.007380015
0.0661708	0.03904526	0.01354743
0.06198002	0.01736753	0.00309827	0.01403856	0.02857337
0.0221782	0.02331461	0.007642082
0.01595104
0.04323814	0.001395786	0.01952715	0.0246145	0.03489095
0.02309609	0.006434019	0.07152985
0.02815211	0.0135988
0.03548244	0.007093907	0.09798478	0.03107061	0.02174166	0.04156614
0.01616319	0.008769478
0.06979379	0.03464552	0.001858984
0.004321899	0.04307657	0.08360119	0.01240223	0.005285395	0.02337634	0.07648804
0.002650919	0.05619869	0.008935058	0.03500406
0.04024765	0.05763866	0.00539891	0.02134891	0.04383324
0.04403566	0.04678041	0.004808348
0.04876321	0.07299731	0.00709038	0.02055719
0.01160261	0.01689683	0.06828824	0.01888971	0.05090255	0.03342708
0.02649016	0.05090255	0.003134342	0.01740279	0.0231321
0.06012964	0.05471018	0.002000762	0.04689272
0.05940738	0.06217503	0.01288198	0.03522899
0.08199968	0.07777035	0.02073619	0.02435435
0.02880924	0.06246795	0.01663125	0.08497621	0.01224772
0.03866187	0.06663956	0.01147782	0.007861745	0.06568052
0.05647333	0.07279962	0.009405491	0.0008849794	0.06013975
0.09342238	0.07930631	0.001824296	0.06816749
0.04069826	0.07592211	0.02624508
0.05026812	0.07882044	0.03976935	0.006588375
0.05282876	0.07474531	0.02508616	0.0251178	0.01215287
0.05314955	0.06701898	0.02766608	0.07974865	0.04794325
0.06234722	0.05386425	0.01595995
0.0215271	0.05589206	0.0001518758	0.09181903	0.01260961	0.04713781
0.07047683	0.06265608	0.006448566	0.0866167
0.07407633	0.06790146	0.008244678
0.07360055	0.0604538	0.01751295	0.08802427	0.05076853	0.0172798
0.02968154	0.02849201	0.04750194	0.05211713
0.03954099	0.06441976	0.01406616
0.04776359	0.07478545	0.005062855	0.03463231	0.01389458
0.05736995	0.07478545	0.01193441	0.04270052	0.07227751	0.02934847
0.04888191	0.0767975	0.024432	0.001185277
0.06186186	0.07086843	0.01593104
0.04428206	0.05568077	0.01524846	0.06906802	0.05777533
0.03648639	0.05337162	0.005284752
0.06900264	0.00721323	0.04960825
0.05459673	0.05786707	0.009416372	0.02689468	0.03773078
0.08828412	0.02465856	0.04627271	0.04121584	0.007028686	0.04577375	0.01828252
0.02589445	0.04121584	0.006366927
0.09621328	0.02769341	0.005471499
0.03156571	0.02955007	0.0001412813	0.01266437	0.110579
0.06868309	0.01513618	0.08611008	0.049017	0.04769718
0.002557809	0.001059072	0.09541246
0.04489715	0.002481038	0.0577331
0.01569542	0.006301324	0.02642207	0.03402554
0.04211499	0.001615998	0.05036218	0.03825164
0.02152239	0.003911821	0.05836219
0.04923252	0.003062942	0.04782179	0.08911252
0.05099191	0.003920548	0.04558915
0.01433029	0.001060308	0.06206875
0.06103665	0.005141551	0.06501638
0.001675734
0.006688965	0.006378405
0.05220923	0.01036145	0.07174838
0.005582114	0.06240309
0.008871385	0.006465191	0.024434
0.08022048	0.005496855	0.05227546
0.04152605	0.01073904
0.08230429	0.004386824	0.06508323	0.04084724	0.01458299
0.04752481	0.0005537694
0.05297309	0.005354175
0.04790642	0.01518819	0.07154013
