MassExtinctionTimes
134.7873	131.9052
134.9698	118.3468	44.70116	12.5918
134.9698	115.8977	115.7324
134.9698	102.6269	117.9493	67.10219
134.9698	82.51259	14.86945
134.6288	31.50953	31.51663
134.3951	78.15907	119.077	156.8122
134.3623	42.31845	94.12958	54.79148
134.3623	98.13798	59.47688	83.89113	74.81605	70.69255
134.8788	102.5359
134.8886	48.52858
134.8886	116.1551	159.3722
134.8886	57.14389
134.8886	45.14254	17.83421	58.8496
134.8886	69.53057
134.8886	25.59028	63.10687
134.8886	158.6354	69.3579	20.56857
134.8886	160.1908	119.4553	103.1608
134.8886	158.4357	117.631	57.36684	54.97428	58.88226	56.75514	2.725057
134.8886	159.9245	28.26589
134.8886	158.739	86.07514	61.5517	57.22036
134.8886	162.2417	115.0062	71.98835
134.8641	162.7709	113.6501	83.38506
134.8641	163.1118	118.6307	86.02615	32.37563	140.5695
134.8641	163.5092	30.27354	167.4928	69.21911	84.01434
134.8667	163.5092	59.0757	119.6524
134.8667	82.34411
134.8667	118.5434	97.27286	105.1286
134.8667	78.07868	6.714998	44.79244
134.8667	139.5382	80.39929	56.30094
134.8667	45.09346	53.36082	54.01237	117.6829
134.5261	85.82979
134.7701	91.66127	93.59197	58.61486
134.8719	57.66626	165.5729
134.8719	78.49847	35.88779
134.8339	67.68846	138.8308	74.92502	29.06323
134.8339	85.04241
134.8339	53.42813	7.30511	73.78912
134.8867	54.84585	49.69275
134.8867	104.0699	85.75422	33.50221	59.05959
134.8867	58.61728
134.8867	79.7836	47.69424
134.8867	94.8288	57.86288
134.8867	76.18484
134.8867
134.8867	68.73836	118.7305	16.48241	101.099	4.997714	73.3513
134.8867	54.89885	161.6576
134.8867	85.27171	36.52155	36.38193
134.8867	76.40491	47.49418	97.1915
134.8867	86.49483
134.8867	86.02162	33.99862
134.8867	158.136	48.98212
134.8925	159.9622	76.02093	49.32747	102.729
134.8925	79.07867	60.31414	91.13442	81.55506	102.8242	98.2158
134.8925	105.9991
134.8925	160.1865	82.32878
134.6354	160.3689	140.7328
134.6354	163.203	86.42953
134.6354	79.57373	50.58764
134.6354	115.997	62.0635	49.06997	43.12193
134.9641	62.49045	64.91114
134.8973	85.08177	154.3392	29.39438
135.0438	80.55533	86.30204	66.59213
135.0438	41.22618
134.3552	55.42171	68.66412	100.0771	82.92875	62.62894
134.3543	70.32517	87.63966	29.80841
134.5246	84.47801	67.19199	19.11883	59.45045
134.5246	83.03402	100.9882	81.10803
134.5246	86.03376	55.4045	54.75178
134.808	62.21177	82.66346	4.381429
134.7462	86.21521	9.701875	36.55334	50.82636
134.7462	84.21463	39.66279	96.03589
134.8122	160.3766	91.80896	66.88697	39.55834
134.8122	160.3766	70.74046	3.724754	91.88838
134.8122	160.0316	90.47918	50.01719	100.6061	58.89076
134.8122	24.99897	62.4623
134.8122	84.24337
134.8122	81.31749	82.23116
134.8122	24.79444	64.7521
134.8122	86.18363	51.49227
134.8122
134.8122	4.647096	51.85091
134.8122	55.39735	69.43454	92.67758	27.13838	24.61251
134.9675	86.45782
134.5971	142.522	57.28969	96.91445	42.09074
134.736	144.3006	52.05904
134.685	18.72545	52.64834	72.49618	31.74534	77.24511
134.685
134.5842	84.86223	19.69644	40.07814
134.5842	83.77864
134.6948	83.65379
134.6948	60.20576	33.84346
134.7634	33.3127	14.72953	84.44673
135.1009	103.1506
134.9341	53.97046	96.6504	118.647
134.8883	32.06292	63.89344
134.4868	84.28914	67.0209
135.0778	68.65391	6.675371	107.376	18.76145	57.84642
134.3173	0.08641635	71.0069	18.18071
134.8549	158.6054	85.39877	20.50052	23.36214	32.69656
134.8549	158.6054	80.45866	50.79947	55.74667
134.8549	160.2005	52.84079
134.6875	160.4085	47.35529	118.5535	55.27817	106.7994	140.003
134.6875	160.4085	84.485	69.89527
134.6875	160.4046	65.74741
134.6875	80.74892	38.66653	43.58754	81.89745
134.6875	49.14239
134.9232	64.60098	95.63583	34.84947
134.9232	79.17135	30.91577	91.79914	17.718
134.3594	117.8664	31.90992
135.1135	24.47624
134.6686	41.42652	80.41341	78.67831
134.6709	54.0771	53.27399
134.655	53.19454	77.94627	8.120104
134.8919	109.1264	117.9963	14.694
134.8919	120.9646	36.70227	76.69362	8.992882
134.8919	119.8919
134.8919	86.04921	80.69141
134.8919	116.3176	168.4203	82.81678	36.6423
134.8919	166.3918	49.24258	79.74032
134.8919	35.27374
134.8919	94.33731
135.0718	118.0545	85.68862	10.0547
134.8417	83.24069	75.99423
134.8417	118.5753	156.3919	63.52417	140.9289
134.8417	118.4633	101.8118	99.6776	38.49396
134.8417
134.8417	115.5344	39.92532
134.8712	119.9578	47.19757
134.8712	117.5452	48.82852	42.65787
134.8712	84.35268	141.314
134.5727	119.361	71.8265	139.1019
134.5727	119.1658	138.5863
134.6675	36.78715	69.23091	36.81221	64.47195	132.4453
134.6675	115.2069	79.19797	29.04366	21.3301
134.5471	59.91574	63.26272	13.56095
134.5188	74.95363	121.2566	84.52124
134.5188	115.885	104.3155
134.5561	115.221	31.93026	91.93698
134.5561	118.0867	14.27221	20.0655	73.21045	54.56121
134.5561	22.81173
134.5679	115.4577	93.54635
134.5679	117.3356
134.6374	115.7487	2.547901	50.89032	24.61968
134.7879	85.87427	119.988
134.5561	103.6036	50.89361
67.22628	9.588648	3.706503	76.22061
103.2657	66.05267

60.18944	82.57573
1.520538

63.7451
105.7122
103.592	78.46489	26.12238	85.79739
84.17218	51.25522	119.8346
77.51092	123.7697	8.519658	22.6479
80.77861	75.61407	63.64928
25.7041	147.6052	75.39904
78.72927	112.4636	133.6619	61.19774	81.99089
69.7047
49.21041	69.22645
83.12006	1.021559
93.47194	63.85077
157.5325	72.22844	32.15922	66.63203
160.1552	77.62448	86.48376	42.29554	120.6045
160.1552	75.25753	142.0133
160.338	61.86869	23.31756	31.75342
160.338	140.0864	153.4402	28.64122	75.86209	72.77284	134.7465	10.51463
160.338	154.7354	134.5191	142.0124	51.86246	40.3473	29.42741
160.338	141.1685	83.33682	158.8101	17.81066
160.338	134.8651	58.99011	69.52611	3.519726	134.8273
134.6385	95.91658	78.75152	85.15554
133.6752	140.3658	100.7699	48.17308	57.91701
135.1002	141.5685	19.96994
134.763	79.46331
134.763	81.77714	78.3642	111.7082
134.763	3.929589
134.763	83.4972	23.278
134.8384	78.20851	146.138
134.8384	83.20109	56.32525	66.25493
134.7457	13.63289	44.90198	100.3139	77.64847	23.94839
134.7457	76.915	27.60216	31.87169
134.7683	86.11602	34.53453
134.8782	84.84865
134.8782	84.31949	69.41452	23.33638	77.00823	77.8597
134.9118	0.3576659	81.25699
134.9118	82.42566	69.20095	86.44843	91.40957
134.7091	99.03526	119.4189	141.642	67.55555
134.7091	91.69877
134.5517	142.7121	26.82212	64.70062	55.99881
134.5517	70.0281	98.08525	83.86719
134.5517	78.68599
134.6961
134.5733	85.2718	0.8020212	55.64993
134.5733	84.76717	59.5907	94.78559
134.9267	73.91647	25.87705
134.8286	45.53665	54.60689	153.1817
134.9043	11.34363
134.9043	57.47471	69.7639	93.7009
134.6984	68.75809	86.7872	82.94656	31.12939
134.6984
134.6984	73.36578	0.9435316	35.66169
134.7982	77.98694	70.07077	76.14159
134.7982	33.16642	62.4665
134.7982	72.92924	12.01057	4.689518	118.2464
134.6949	65.49729	82.24659	98.5004	64.5522
134.6949	72.00524	26.41569	80.28819	84.2965
134.7782	81.16863	64.41778	52.72187	86.62489	78.63518
134.7782	66.25743	17.54624
134.7782	52.69162	48.32104	26.08102	165.3624
134.7782	44.98159
134.7782	56.93492	0.587418
134.7782	60.15115	160.2464	61.18228	46.13082
134.7782	160.2464	73.71514	3.019779	55.82183
134.4183	156.3019	93.54441	2.717423	71.4207	53.97758
134.4183
135.0816	132.4491	84.3891
135.0816	85.51113	91.95939
134.4779	82.71346
134.4779	74.30097	103.4497
134.4779	61.00623	72.26927
134.4779	36.86927	27.6731	44.53514	95.17515
134.8757	35.96725	72.22902
134.8757	14.81837
134.8827	84.3519	102.1044
134.8827	50.93958	79.78102	0.2777579	64.21806
134.9057	53.99809	59.69951
134.9007	32.72021	76.217	94.17672
134.9007	86.42227	70.88347	16.54931
134.5266	27.24059	81.86745
134.5266	74.48696
134.5266	100.5887	49.74964	115.1259
134.1797	80.07175	77.91878	48.60006	76.32354
134.1797
134.9396	85.81185	11.98833	103.2649
134.9396	75.37287	38.2777
134.5858	82.02367
134.5762	71.56309	34.73381	32.61981
134.5762	101.313	53.90295
134.5762	33.65529	113.1714	79.62761
134.7702	17.94928
134.8725	67.80954	34.15529
134.8725	83.12818	43.78519	26.93467	85.80817
134.8725	66.58596
134.8725	80.20874	74.1823
134.8725	153.8025	35.7265
134.8725	160.4682	34.73323	51.67746	40.73201
134.8725	160.4682	79.70174	97.10074	19.88459
134.8725	160.4682	76.58496	26.6715	103.5676	60.28893	78.56327
134.8725	160.4682	56.20894
134.8725	27.4888	33.5643
134.9239	95.24152
134.9239	82.58527	0.1926202	4.97091
134.7809	83.75882	55.92699	48.98672
134.7809	69.52606	25.72695	10.73971
134.8114	3.645858	95.63901	119.7814	55.54852
134.6566	160.4353
134.6566	159.9717	56.9541	81.39519	88.95965	155.7673	35.81599
134.6566	161.6532	32.6687
134.9084	160.044	49.64622	76.32135	76.06369
134.5933	159.1627	49.91366	32.55746
134.7236	54.5529	40.3075	89.05393
134.5663	80.9458	45.07908
134.5663	48.06581	79.80884	73.7785	5.571608	44.1542
134.608	75.7058	2.061337	67.38023
134.608	52.34151	21.6461
134.608	114.0712	144.0758	63.31881	37.43159
134.5077	30.55445
135.0942	50.0796	85.43675	141.9759
134.7719	22.17851	135.3699	24.69931
134.7685	17.501	76.94134
134.7685	78.9918	10.13315	66.39034	135.7013	7.835049	51.18248
134.9098
134.9098	83.6205	105.7354	0.9654974	92.9727
134.8699	83.93309
134.8699	51.86697	65.25767	36.40019
134.9008	51.16229	80.74499
134.9008	86.16435	115.7239
134.9194	58.64361	62.69605	2.681249	73.00324
134.9194	85.68208	92.54515
134.9194	65.82123	160.2691
134.9043	79.46505	78.51332
134.9043	119.6922	24.36954	79.30366
134.9043	85.58387	67.89816
134.9043	81.6996	92.38812	69.5008	79.94818
134.9043	83.45758	116.231
134.8516	62.28293	18.4243
134.8516	51.23872	95.39827	59.1019	96.67851
134.8516	57.12818
134.8516	73.64671	155.0809
134.8516	86.32846
134.8516	41.25535	46.62426
134.8516	95.85606	142.5432
134.8008	69.23809
134.8008	100.9214	63.47422	84.84675
134.8008	72.42216	75.81006
134.8008	18.99421	68.18366	22.58039	76.1181
134.8008	81.93923	51.13038	88.9734
134.8008	61.77584
134.8008
134.6894	63.88327	30.12794	82.18872	26.57104
134.5208	102.2016	61.58998	86.55032	67.03022
48.29157	105.6188	46.30721
61.70102
50.44031	88.8019	117.6498
116.1686	90.9934	86.41212	48.58741	73.88198
77.06971	103.4218	44.93438
80.12772	101.0581	1.811212	17.79581
115.817	79.89797	60.01188	19.95562
118.4198	155.6386	85.32117
86.10412	17.28022
83.33997	31.54697	65.33121	96.7073	134.6034	47.66239
96.79524	56.16907
77.33525	35.99398
84.32714	49.60127	12.13773
39.07091	97.40833
83.11295	118.8658	55.17973	47.23555
62.27373	120.5795	45.77004	62.85732	64.54606
116.0216	81.67896
120.9697	93.56051	118.4659	67.8852	40.86198
120.0871
120.7224	81.51509	110.0541
84.79422	118.2139	92.88786	42.66655
120.5627	65.11143

62.55104	116.1764	157.5185	102.9522	46.58196
114.7854	152.6022	87.14588
115.0276	20.17715	63.53414	41.63413	153.7993
80.33501	60.16602	24.31945	32.93129	84.67827
84.03342	98.88609
86.13937	68.22356	93.14321	66.85073	70.8495	112.7205	24.69706
86.57392	89.38208	24.30416
82.27072	118.8589
91.95789	157.0667	49.24601
106.0614	85.42247	57.29643	83.31361	68.06936
82.34328	47.30482
103.6003	118.7826
10.97262
46.68005	63.20134	72.44106
26.0554	94.46459	7.746839
86.09087	119.0221	100.7586	5.76856
70.84074	121.0858
75.03778
14.4716	35.11601
153.9107	117.1489	92.42548
60.70355	39.29403
82.34729	64.76598
83.2346	119.1872	76.07371
118.5863	40.91657	1.014731	41.12884
48.26045
119.8997	62.72046	30.57776	92.16266
119.8428	81.08511	154.6429	81.77441	99.78696	12.64543	99.62087	7.818087	26.46904
96.39649	74.04806
76.2543	168.1577	118.5071	83.72163	103.1339
168.2428	75.90682	87.80574
167.4744	86.1992	83.19515	50.82384	52.92682
168.5948	100.9401
168.0765	9.936987
167.8257	51.00018	54.17472
74.18214	39.97267	33.17707
84.25678
50.07833	108.9172	91.69391	99.72853
84.53989	115.9494
118.698
81.64074	100.6014	26.81275	52.60726
42.08619	9.416688
34.68712	15.8094	92.10179
67.95302	0.9580237	30.96423	12.45946	53.7163	19.36803	47.79285
82.08536	48.56303
82.23298	12.97388	82.49331	32.14052
83.74864	141.507	40.27752	50.09366
118.8702
54.0554	98.82542
61.892	15.95355	111.1628	67.93184	91.13755
14.74773	81.75648	60.79005	46.93241
69.37983	48.51136	116.3512	82.80909
14.52421	24.48489	14.00343
86.51176	22.82751
34.29481	69.75633
60.12764	118.2947	100.9694	76.47347	84.01109
119.0344
39.2183	160.6927	35.29242	20.69293
160.1325	84.39526	40.66528
160.1325	103.3894	116.3069	19.62155	65.61452	10.81688
160.0213	136.2427	119.7575	51.0561	69.67137	67.25258	118.588	2.618868
160.2567
31.91345
52.27595
59.99207	7.601881
83.98039	102.7114	85.79212	37.10423	102.7531
86.34779	102.661	65.33737	46.55782
85.74213	103.4844
154.6193	86.38669	40.35098	73.32039
72.64508	43.92581	14.4294
119.9066	49.39676
120.3456	59.67033	1.652236

82.13737
73.08142	67.60972	72.75024	27.01883
113.0193	45.08045
70.6114	69.85978
157.3346	92.1167	12.4112
43.79558	51.32913
86.53254	65.00431	102.5855
119.6698	37.98706
37.46077	118.1031
117.913	8.596726	101.2819	97.06519
28.62977
81.35083	155.5871	2.636059	28.87193	14.13386	20.96883	96.78731
79.59614	51.00384	113.4811	25.0576
115.3887	55.43804	22.63572	96.68877
119.1759	33.16194	86.11671	28.76599
51.24529	86.32663
120.7126	68.82358	112.0126	33.48922
115.2119	66.43909	49.59927	5.254346
118.6938	85.14505
118.6354	159.7211	60.9953
159.3664
160.9483	120.5764	74.23401	92.94219	93.99157
45.44942
162.8643
119.5184	70.84034	46.98686	116.2194
60.83456	58.05314
162.0015	74.14064	114.2082	62.90316
73.50248	76.86932	100.4777
72.62285	3.553464	98.49191
78.94587
40.35812	14.7295	87.59707
74.7556	71.27643	102.572	73.86004
80.77824	80.61643	34.8675
138.5109	25.94361	80.96794	73.49306	67.79656	24.63423
30.62911	92.4221
50.72352	65.73247
85.1587
49.85506	30.11087	71.23276
76.49726	142.8637	21.52799	83.57753
82.40423	36.80065
82.01334	101.9102	7.705165	115.9454	96.16638	71.21549	32.06153
62.69849	102.7069	100.71	48.97741
24.95064	56.60379	118.6622	73.29022
61.91982	20.56357
83.17968	51.29047	115.3727	104.5844
86.41334	44.18597
63.96065	60.9131
74.2862	83.52576	3.160695
70.66863
66.32559	84.69075	110.2683	51.81272	116.1596
26.87783	6.410291	8.250733	152.571

76.70323	52.53734
76.13435	1.958486	78.89002	59.84267	36.24026	155.928
167.6133	31.50796	20.44505
157.3433	33.01041	83.25447
158.3683	114.5201	70.77639	9.631181	160.1763
160.0973	56.10967	60.28596	86.2125	72.16156	80.5169	36.50838
156.5747	81.81144	82.4543
82.92887	20.83497	60.18461
30.2893
91.36467
60.77879
83.20753	65.71043	80.83041	52.90688	73.31797
65.84525	18.46985	16.31664

160.5871	12.02044
160.501	81.17789	53.47187
76.657	64.90011	113.1711
17.52841	103.3213
103.332	39.9839
64.59345	103.0006	20.36589	156.4399	64.40841
65.58691	85.43607	32.67516
9.687052
31.69756	118.5122
85.03219	60.33949	82.32345
6.25268
62.20588	142.6389	97.24039
63.24829
50.26189	112.4346	83.22029	68.01676	70.52121
43.10615	84.79179
119.7725	84.63584	77.30484	103.4007
29.62717	52.23441	47.8302
49.17306
82.53946	4.374826
79.85549	68.82649
82.2994	80.37694	100.7139
115.6863	152.392
142.6483
80.85516	53.13117
76.58026
80.92008
74.87128	34.57871	10.37328
64.22322	73.06315	0.751728	47.82884
119.323	2.961649	72.44911
120.6938
80.61607	115.8101	41.50101	52.87364	58.49408
118.5852	73.68574
85.30587	12.8596	17.32939	93.95598	97.01909
76.61284	8.562272
83.55591	69.87091
59.475	65.64129	46.00268
86.35052	83.19613	117.1189	27.76226
70.23665
82.94434	49.43859	71.38253
18.4157	104.7987
118.8908	86.26627
87.62631

89.47352	120.9817	87.46391
81.37201	81.53546
82.53955	6.147709
117.9872	103.7276
119.1884	82.10852	47.41722	75.27017
119.2061	35.64627	30.23761	83.1151
121.0014	24.79244	9.498623
58.94551	58.97774	113.9834	15.93597
116.1174	87.92732
159.7331	84.18002	64.9133
66.41635	117.4621
85.58388	36.69418	70.71971	47.45278
69.13389	21.96628
62.21904	17.61196	87.71451
156.7401	75.85613
149.8125	119.588	77.02934	49.73691	58.84846	59.65394	29.46357
52.73669	154.0535
48.05525
115.6827	158.6232	25.69324	30.4976
158.6232	66.84053	79.19545
74.57776
33.51548	28.13044
84.95832	96.68473
15.38201	112.994	67.4531
83.07853	0.9484989
72.77988	85.34571
25.11133	81.64122
79.39546	48.27752	32.41371	85.71381	42.84122
35.96164
58.06591
92.06646	94.58564	42.44282
71.83374
73.72511	10.84673	32.14298	29.61577	133.9728
84.42491	160.1971	4.802145	41.97193	82.63217
158.9501	115.6917
160.905	36.29219	81.61021	97.31015	74.64194
158.0377	75.82326	62.91907
159.5787	40.12159	147.665
159.6519	126.2321	14.153	143.1307
159.2102
154.5797	51.23842	133.108	72.54708	46.87166	59.94799
160.5276	79.2445
153.3078	70.23952	77.75136	10.88047
45.90339	71.7146	1.828774
83.67395	115.8183	76.53944	104.5822
77.20663	30.55452	35.02888	70.78419	50.14032	6.47813	2.276174
80.27955	38.81121
67.8513	51.15032	12.45554	83.35256

64.04915	119.7917	36.0593
41.3426
37.34436	97.32693	17.63589
32.35661
68.74051
56.10634
81.10581	43.35688	156.8825
74.20819	70.63848	12.11334
155.8204	79.66211	163.6081	21.46505	101.5824
155.1282	56.54638	34.52972	77.04424	102.77
119.5534	71.80408
86.27736	1.080101
54.31968	114.806	83.26017	163.189
160.4865	82.22521	62.9714	71.92886
160.4865	84.27912	75.66425	44.96866	120.98
160.013	74.90333	87.51188
160.217	116.4226	47.60792	100.734	97.21372
155.0622	81.45824	41.95388	2.657846	29.67307	23.76743
71.5206	49.51912

118.0036	22.01038	64.3367	37.47888	71.12067	102.6375	44.76786

63.90019	47.66242
85.69509	58.56396
114.0631	53.49531	84.35352	84.43766	25.72309	30.8253
69.86138	25.82462
75.12253	115.2137	114.9882	17.13521	74.31449
100.2949	53.44174
35.79725	142.5411	77.44926	101.7208
103.8077	26.21381	88.28625
32.42631
83.57185	21.99733	34.46042
51.19388
36.14054	57.07666	90.60206	55.13238
82.34563	42.9421	28.4221

52.08895	117.7779
81.03904	56.26356	11.92062
58.68234	116.209	79.23047	77.43832	7.049602
80.36229	45.12983
56.74865
82.67833	81.96223	46.54855	30.25019
64.79489
59.91749	32.34827	43.97017
43.27213	45.65131	68.97325	13.33407
85.77233
81.85997	25.82695
50.52986	76.91582
118.4363	84.54198	55.84664	69.32774	44.17095	61.01624
118.8	45.50377
104.6931	3.628784
26.61547	33.80974	51.68413	81.38397
35.0845
103.5257	30.22522	36.6516	5.232325
52.61512
65.65594	72.02762	40.86874	136.4258
83.4865	22.92286	30.99517
54.52641	37.11958	69.72441	35.45936
96.13164	116.5798	92.56894	35.70033	50.42389
69.11398	85.5139	23.1785	110.5396	81.41477
84.87298	51.06851
44.49114
59.45806
142.7048
160.1269	123.6703	85.92494	0.8200975
65.99561	43.41959
66.2381	91.64508	108.6587	33.88589	116.9943
52.46298	116.9078
79.90173	57.01777
86.28392	118.9451
76.80258	34.07465	13.36372
73.19463	55.28593	59.86644

66.12833	12.79807	73.2696
65.37286	21.27812
102.7293	120.181	26.11886
96.16385	106.5288
83.30091
54.02052	82.19472	118.2102
115.8454	46.16868
2.008386	23.60203	63.31979
33.02897	134.7131
82.88435
70.62161	142.7555
71.63357	76.01042	65.75506
65.54786	66.76174	74.5486
96.79098
96.51363	145.2656
81.00423	83.60356
77.12701
68.31129	78.53663
67.49328	87.46847	60.85415
37.68404	18.70449
63.47619	22.39155	65.37665
74.79542

60.19788	42.68664	8.74722
80.6687	63.90753
67.18774	83.43158
82.26628	119.1288	62.81534	49.30438
118.7027	100.6681
73.28176	87.19978	79.78617	59.123	118.4533
83.81481	116.3301	101.2461	78.93827
102.3672	46.38364
86.45958	159.9043	116.9574	58.33972
58.44439	42.24402	133.2157	47.38638
74.51286	83.33261	113.478	92.99733	9.738447
101.0332	2.744034
54.59878
76.3323	103.0904	68.60456
73.60587	106.978	55.54325	21.73226
32.37581	23.2154	80.12504	84.77514
115.9531
83.5624
103.4847	17.56456

64.63032	120.2481	34.18619
60.98843	46.4903
78.91171
30.73509
137.9156	50.92836	100.9061
5.537977	13.97169	81.89978
102.7939	86.4107	23.76154
74.06296
68.59941	42.7147	136.5034
77.45785	55.05419	117.2532
75.68203	76.63649	103.7066
118.5356	12.06108	94.93753
74.59338	32.83084	84.02017	26.01455
79.0378	25.81338	86.32744
68.83851	60.69198
48.0644	80.41317
74.15752	4.929811	59.03953	18.23232	66.27572	114.83
47.3195	24.06121	42.13789	92.9033
101.2644	83.17512
87.3145	82.85996
74.72156
81.44627	114.7797	128.5954	96.88051
75.65146	80.45853	134.1919	12.36277
85.21187	57.00215
55.92565	16.82911
49.83567	85.51027	25.17857
56.88417	119.7296
22.90317	55.41579	34.87343	21.24337
82.99955
118.9474	86.61233	34.91121	77.18638	50.30621	103.3549	114.7477
118.6173	68.09417	56.91268	54.05076	26.86063
52.51615	73.41408	55.42531	117.452	91.27152	73.29664	71.37733
70.79705	44.04606	61.20482	116.8234
62.57945	12.5009	3.043291

73.52327	98.68453
19.67878	11.38162
42.62943	73.20875
118.7196	81.95021	67.52893	2.817968	101.434
72.21496	61.5951	11.87902

117.2395
118.3517
34.40379	117.7894	105.2966	83.68298	159.4017
65.90823
49.16252	119.3706	57.41108
86.22085	120.4854	17.65052
49.85823	49.72352
78.48014	140.3176
84.60024	9.572075
100.5111	59.04544	58.47474	53.83151	88.08117
58.86923
116.2737
27.30398	87.47765
79.66346	72.64846
82.84929	87.96109	62.15007	116.992

85.73499	56.83837	80.60552
114.0769	81.7137
57.77152	11.9347	58.75096
33.18606	18.05223	115.7403	19.76917	55.31445
86.50419	91.44575	19.22729	87.91077	78.84054	105.0472	69.88012
86.67359
77.85917
81.24432	21.90149
49.35154	118.6148	82.85477	77.62841
61.52065	54.04972	157.729	64.99611
82.54547
76.81621	85.96014
19.71206	36.65552
27.32014	80.71648	73.03656	17.96918
4.589398	38.73456	5.981938
86.01012	101.9606	86.34075
118.8314	19.85255
47.27975	162.9474

88.26937
84.64707	72.86856	57.54538
71.46464	48.27461	153.2064	106.8743	52.20508	9.987027
48.92194	12.0251	7.733188	52.30276
68.80526
37.53851	76.01066	14.07098
68.54933
81.73251
81.24562	41.79229
109.3606
74.19084	63.18761
79.20397	60.15198	43.4535	22.49408
44.75133	25.41602
84.32112	20.72943
116.0813	36.30727
79.38947	10.19928	65.70698
86.53037	5.821032
74.42133	110.2301	85.65828	94.11042
7.878977
76.84894	117.0238	86.08457	46.38983
0.4408229	56.9139	58.05247	23.34523
117.5857	0.7281847	43.50964	114.0964	84.54003
48.46293	159.5479
16.34123	18.78008
81.27624	46.50034	3.539987	114.6458
8.616898
105.4117
98.96239	86.84633
2.12886	76.46077	44.9295
60.38184	49.18129	31.21115
40.52874	13.49108	55.58921
117.1725	79.93293	118.6762
12.70041
53.07858	115.5445	101.6247	79.81164
83.85747	43.15472	27.22935	76.08143

117.4726	57.71582	94.02455	13.60961
118.6999	67.68311	88.62821	116.4426	32.62078	143.8085
72.16268	119.907	101.2722
27.45515
9.332979	72.38725	9.768376	23.88645	50.50812	40.40409	82.83145
118.5427	90.78291	14.56654
24.96732	20.97421
116.9755	74.07096	44.25998	35.32608
86.51917	117.7599
118.8199	26.88622
71.9251	73.2131	23.09583	34.94816	69.8417
79.17079	118.0133	117.2814	95.07397
84.75733	41.76593
86.19286	71.97926	109.4677
65.37125	39.62664	86.55043
59.15984	103.1496	101.6037
119.4225	42.82631	24.89998	79.80361	26.55258	114.9681
73.94441	51.4856	157.2687	13.92935
63.02168	56.26737	70.23297	50.86849
76.75305	5.559236	79.64362	43.68306	32.47134
118.6208	4.865905	60.06381
75.36086	57.80064
84.54825	25.45113	65.67684	85.48385
158.5026	74.47479	105.9337	93.37769
101.3328
83.51366	93.9603
72.05844	102.178	27.21564	101.9298	118.2446
81.67389	65.31587
86.3805	102.0157	144.5693
22.78404	85.42026	0.8538368
84.00672	80.1106	57.79359
83.17429
72.46281	41.43285
22.51126
37.37426	46.7921	3.943265
84.55516	45.03699	62.94397	68.2259
156.7417	76.93586	29.68504	46.13082
101.4266	155.8007	17.61534	51.9367	56.79625

13.93183	77.91813	20.07359	109.4625	65.61792
84.44868	3.847763
73.34705	105.3888	60.31911	152.9883	52.63702	7.841845	80.31604
71.69786	79.5407	84.12785
37.42142	57.79822	80.02703
83.22058
63.33337
79.79026	30.6854
92.55676	32.44368	31.07134	13.57781	79.63349
86.38525	158.5085
69.88608	23.45995	95.93802
22.76361	25.23388	27.74608	22.11484	22.93941
142.4981	47.48858	74.92229	40.15677	78.41989
84.91457	2.012509
76.28343	75.75241	15.84536

86.06857

67.14941	23.40173
60.06607	78.17448
86.02226	104.0134	1.856851
101.0828	84.10136	51.01229	10.04271
69.17021	13.97991	0.22905
101.6017	48.12272	13.19524	84.3018	77.751	22.07481	143.0186
49.8561
70.10919	48.88869
119.5081	70.24887	94.70454
104.9614	78.15728	50.45112
140.4246
68.0752	72.96676
43.28074	97.38124
118.954	81.6912
85.32307	85.65037	39.57256
73.02191
75.27999	47.39297
38.22355	9.238884	81.25294	76.60465	142.1952
84.03648
50.8094	81.52074
51.56049	41.7207
102.8178	68.66005	43.21975	54.26902
56.53599	86.41315	59.70795
66.81856	101.9755
35.91585	117.0479	77.72079	57.68735
38.46935	15.21256	64.30574
81.04392
85.91145	50.37627
85.07811	107.507	16.14717
76.9624	13.90099
9.925295	3.605994
53.76701	73.9238	91.32663

45.0872	13.66181	6.34193	92.41899	9.255232
82.61958	83.08852	55.81836
58.47215
0.7543554	44.50844
85.12485	47.24971

82.82822
80.31807	4.47166
71.71209	16.72878
116.8044	81.19204	62.4117	31.16558
75.11768	120.357
45.95101	85.03201	1.697532
67.32993	27.71866
62.36823	39.44208	87.84524	76.65411
60.8912	48.25329
6.557091	95.94913
82.45021	29.52221	58.90074
71.34929	85.33025	96.07915	44.72529
53.40099	105.4294	26.70276
56.98224	57.74743
70.8344
103.0812
65.3459	11.06837	51.96861
83.45771	78.27975	58.68792
20.21606

52.74286	120.6545	76.34001
79.27826	115.8086	96.09382
84.95562
3.887274	47.09822
94.96781	41.51721	67.21325	50.04215	49.19142

23.21203
68.15114	57.22283
49.61185
70.40834	79.78057	86.49692
7.206386	85.97671	7.331238
22.67501	72.03157
80.12024	14.71096
71.97675	119.2136	13.49351
65.85603	116.7007	114.9646
75.29716	38.17837	89.05199	84.27439
10.73818
77.64863	27.83444
72.09613	39.95687
76.91882	66.94583	20.75562	47.35238
86.38457	115.669
83.58864
118.8405	159.879	152.0367	97.2303
72.21456
107.6203	19.47287	41.11799
75.23001
70.62824	84.53895	67.79632	97.87406
74.35977	34.21287	19.91773
83.57846	68.30784	59.61278	70.6855
12.37084
35.23455	75.31941
60.85422	102.1096	45.77571	32.13737
73.18325	104.1831
142.289	106.9548
78.86975	117.4859
117.2081
79.69224
42.59848	69.30865
66.03671	83.45609	118.1257	87.26617	31.43622
101.6183	49.59354	153.4969
77.94335	104.755	70.13966
81.25035	37.22126	0.3000008	42.60675
82.09336	120.6378
11.10045	82.80131	19.45761	86.2392
119.6247	86.41784	48.62008
119.9067	141.0455
133.2798
87.59102	37.14931	52.38944
86.13864	119.4509	8.139139	40.40411
58.53122	44.62663	92.95693	10.65783	75.83858
63.92061	13.2837
80.11051	67.51538	100.3623	24.70283
118.2849	61.99369	83.15002
81.30748
48.80481
49.45107
78.57159	18.35398	100.1481	1.183349	62.75821
43.16434	97.18525	118.3615
53.56641
97.27792	74.87698	12.57895	39.73266	42.10163
119.536
82.58646	53.7844
46.80477	79.6564	109.0896
86.46821	26.31773
71.42327	3.398234	48.64973	103.336
36.49649
52.10623	114.2806
67.67542
71.72342	55.86544	27.05556	100.5967	85.95166
74.94816	16.64642	0.3477083
34.78763	115.3956	44.60714
69.64669	117.8543	60.62674
115.986
64.77553	118.1393	87.22615	40.65808
118.6678
94.13954	34.91674	54.7539	67.02485
62.54296	52.89608	36.15768	45.2723
80.7421	101.1456	56.34535	78.99812	19.81805	64.72867	83.31673	97.40419
103.1885
77.62031
86.40464	30.22987	141.6422	53.74013
77.48602	29.45727	49.47964	32.98885
80.9816	41.06551	94.05236	82.44461	131.572
82.25788	74.89176	86.37515
81.9423	33.00302
91.81372
58.70994	159.0406	78.7212	91.54483
80.97838	61.775
78.86873	51.67338	69.10426
86.2027	39.49776

85.55259
55.447	77.93433	29.4294	96.69377	149.9967	47.03905
119.9153	73.6964
41.72621	76.21317	29.2803
116.5999	60.87556	7.710875
116.7983	92.77046	71.93976
23.82882
73.80475
141.6299	101.3746	100.3929	6.442509
19.86661	40.56067	118.2415
39.67442	51.31683
118.4298	32.56998
118.1273	116.6951	21.82915	134.8967
48.78651	52.4562	83.74219
24.67166
78.72754	67.07551
78.13591	10.70869	78.47556
101.5166	82.0113	72.47579
76.17339	22.72366	41.06568
117.1803	83.31155	80.94365
68.66819	38.98165	114.2443	64.90847

32.7912	75.36723
68.11919
78.97757
11.90221	76.56298	119.7904	32.46548	46.09456
66.76926	79.30879	56.59425	92.69285	168.27
84.75402	76.19385	58.48539
78.20548	37.97506
22.22847	34.22477
97.75908	11.91185	43.99859	62.83072
21.62974	62.7953
84.28084	77.98407	55.91602	108.3242
70.34743	103.4253	118.1163
78.60349	118.9033	103.5855	13.22128
65.39942	87.16426	28.87359	115.1033	28.22543	94.02096	156.9782
57.66056	85.04241	49.68385
69.82899	82.88147	97.80185
80.43713	10.46246
103.4513	117.7341	74.92469
5.823476	44.00823	57.06074
115.8142
72.57224	87.26259	116.8966	26.86397	63.07979

78.92009	63.79562	76.8827	16.73764
8.759015	70.42442	13.3613	31.91713
62.30118
56.70093	96.61154	20.25966
118.7495	69.70268	89.52454
51.60033	63.40917	70.70909	70.11692	54.91134
85.12855
118.8963	134.3616	70.48319	160.3391	74.19681	42.16141
141.3012	50.96033	53.17462	59.03742	59.6887
93.70326
2.208716	86.08526
0.984646
81.44245	75.19596	64.7164	113.7668
156.6516	42.80637	40.7621
154.7316	22.94461	76.37869	113.7447	74.92225	63.92726
86.45316	31.57934
83.7392
120.5587	102.2126	27.50961
95.25885	53.87361	48.94829	37.24111
62.58266
63.92679	119.7912	155.2202	48.43941	4.04271	112.565	33.2634
83.7422	38.74567	36.92416
118.346	97.73295	60.40751	88.41192	11.12142
67.81962	65.37802

40.70845	4.655108
96.75922	115.5276	50.81511	76.45581	27.32479
77.89633	60.86918	74.36371
76.46129	70.04052	18.03803
53.44708	89.66226	72.99497
85.68152	116.0251
63.63679	21.60849	8.089612
29.43057


69.98347	79.1248	31.13309

117.8178	44.26932	57.07345	31.52519
26.74277
95.67258	56.75149	40.74535
28.8223	66.08439
75.12839	11.86657	95.25797
20.88893	83.13781	63.1593	65.46928
42.80719
34.59675
148.5317	60.32979
78.37168	59.50211	95.23685
93.39226	108.7752
53.00723	57.77172	85.49999
53.6075	104.9011	57.54253	52.5378
51.21542	12.52764	17.25186	100.0971	15.68399
43.61162
63.56373	86.92374
63.74794	16.54401	101.45	139.846
100.1098
42.60556	75.82948

50.78658
71.60437	50.27705	58.3977



73.52762	116.7351	41.2378
118.7037	111.8751
77.18917
59.32791	45.24695
8.538914	83.36291	75.92971	39.35383
147.39
42.08214

59.22722	103.5864
53.20247	80.34386	55.53506	26.05376
9.053581	53.91982	1.963469	4.207783
158.3556	118.6579
159.8978	116.3514	84.42695	65.52879
78.90664	86.17215	16.07574
75.94316	120.528	77.82915
61.96689	60.37728	86.37749	102.3024
45.52431	158.2596	6.382353	81.13532	20.73393
41.05913	17.47448
59.96333	120.2278	62.3667

102.4768
41.17794	70.8378
85.28952	65.53156	86.86268	74.68795	75.34365
80.94664	13.66618
77.34021	22.02662	54.8689
25.5592
44.53304
118.8575	85.87514	134.4397
10.26589	31.57246	56.95561	19.84548	100.983
32.31506
46.99575	16.40708	67.53945	100.451
28.05022	56.63594
99.48376	66.93825
80.64234	3.613367	17.38615
158.6887	102.801	168.0447
158.5214	84.39669	118.9539
55.64561
73.28792	15.88422	45.36308	63.64909
55.73003	89.37776	25.40504
81.78235	55.67093
78.63306	74.89502
4.402054	82.98969
142.0476
79.83174
84.16167	57.84115
78.42541	96.1016	112.8657
83.67273	52.34324
116.7633	4.284421	146.9191
33.5804	118.7752	83.3334
69.8059
56.85964
42.00653	81.91195	85.58244	95.29047
64.72082	16.53507	79.18186
158.7295	72.60848
158.5009	111.8708	21.19383	10.64581	67.70861
157.6386	59.99916	46.03869	119.1674
160.5096	116.292	18.26543	35.2821	20.70584	40.52331
119.7343
78.38925	58.52598
156.7862	109.284	105.3991
160.1445	49.77005
160.2153	141.4045	72.18876	111.1843
160.2153	142.3793
160.3714	81.24687	99.79045	117.5035	62.38219
160.1653	90.14761	142.4972	66.34158	165.0846
160.1679	116.3506	154.9499	63.01999
160.1679	115.7634	18.49026	118.6727	7.242797
160.1679	76.36574	84.74086	95.02445
160.1679	82.92153	91.48021	50.10779	11.91437
159.9709	89.53429	116.4983	118.8181	46.04794
159.9709	118.6095	75.20843
160.7761	116.8011	74.05286	77.6061
160.5985	118.1149	35.28498	136.8219	78.88225
160.2217
157.438	59.98498	100.4522
57.91726	29.27746
86.16278
72.93389	81.13634	33.14297
70.97593	74.86892	13.99175	114.3851	34.77418
21.22687
76.89302
83.58359	48.16582
63.55437	69.76662
94.00448	81.11617	16.06203	22.61564	46.61575
85.68055	10.21924
81.77757	116.0817
142.3911
63.38451	84.2197	32.75186

99.7875	118.5844
66.05566	8.893202	87.23594
71.49792	41.61392	21.21649
32.99136	45.85023
81.54592
86.45549	6.167735
59.12365
66.95241	77.32041	143.697	120.6493	48.50133
82.15078	9.908818	72.28675
86.35357	48.54655	44.02447
45.03279	9.481997
86.06331	78.84899	46.76418
26.37183
38.35427	165.3603
76.53587
0.09688551	8.584242	46.8183
67.69252	97.72096	83.9823	36.59398
117.6741	72.44258
54.31157	12.57204	77.19714	0.9408279
85.76723
96.8688	22.10535
81.38845	66.2235	70.6586	155.0026	51.21738
67.42145	165.9396	76.73059	58.52031
81.08697
85.08193	40.75399	81.04102	51.1076	14.48873
81.34515	119.7371	69.46762	83.04637
24.50301	79.94709	25.52954
118.69	77.44673	81.42888
82.33338	76.22227	79.56342
80.90753	115.7467	66.96534	115.7831
79.58416	73.95354	162.6034	38.04028	68.87603
77.64007	154.981	48.39013	55.32535	82.28639	69.21635	2.271847	91.99146
84.24547	68.67531
81.81304	64.75918
72.54572	114.9904	66.75025	154.0658	25.83128
101.6913	42.94928	4.456675	34.17631	119.3545
69.75132	69.32051	103.0494
128.3838	48.76381	62.29027
118.2944	134.0851	22.52415
51.3206	48.36081	69.07859	117.4247
85.16448
75.25356	20.77291	41.98791
38.29512	43.68264
38.6553	56.38656
66.07893	96.93804

156.8408	49.66142	80.72027	99.38251	162.9067	52.85511
45.10898	36.8864	12.58096
51.4471	69.83197
54.86959	119.0994
7.03334	38.51801
82.84034	85.00331	13.91446	119.2922	39.66481
41.73991
69.78985	118.7357	39.42444
120.0615	80.51763	78.74127	3.385782	88.32558
70.51566	14.37511	96.73217	63.98968
118.8646	61.92603	23.22104	50.04699
117.7634	36.28359	16.80195
81.10292	161.7108	118.9279	79.67074
74.14983	86.28501	117.7034
102.7045	72.1994	84.55813
119.8775	24.14369	105.1686	70.89867
84.32364	77.66078
78.72396	144.0458
74.21365
84.35763	20.09432
77.61571	14.60207	37.50746
59.1173	22.09186	93.20227	5.453121	95.40834
160.5136
160.2066	63.30323
160.2066	142.5275	23.08604	77.24431	1.226802
160.2066	116.2017
155.9464	87.47009	57.35839
160.078	82.01557	20.01254
82.06066	36.79165	8.373006
103.076	31.89471	63.84448
73.62221	59.86691	13.25553
157.5631	75.44901	60.57615
158.7965	113.6072
160.0966	132.6872	60.7302	49.87983
168.3192	118.7558	57.06935	18.26988
60.57422	99.54473
95.44653	54.51537
96.68997	119.9285	81.90652	79.58761	58.27938
115.9067	84.07183	34.96205
89.49347	71.38394	154.7754	91.75189
163.5321
118.9083	61.46779	100.0568
82.85529

77.4165	119.6228	64.81149	64.88917
65.01419
158.4671
81.7419
117.8164
160.7349
43.00835
74.28415	94.73417	29.22494
118.8508	69.07406	44.80383
116.1643	51.55054	4.142392	57.85081
30.63501	102.471
86.697	45.06008
84.1331	55.1425
70.04026	88.47918	78.31033	115.459
66.96714
45.06691	69.65436	12.37578	67.21085
77.65051	120.9559
86.5724	119.3202	74.55072	49.61368
67.41872	19.10924	81.90712	10.96649	58.42194
51.82255
51.69807	12.87907
112.9963	82.03435	113.1187	65.52938
168.5582	115.7325	62.32143
165.6424	51.29906	67.84824	29.05571
66.33452	64.8088	14.8047	67.01351	88.63467
82.83052	118.6304	44.70461	28.32162	60.38973	73.60029
30.85904	66.66427
71.74874	38.31643
118.6196	42.88871	96.22606	103.3821
118.8263	14.49514	100.873
119.1182	49.44275	63.79617
119.5749
45.12133	78.5069
117.8287
73.6818	84.69014
76.64309	70.62356
118.2556	34.6876
84.85178	39.79972	105.7862	45.16342	15.68683	28.14852
40.35664	44.61496
60.45401	16.74912	84.61338

73.68152	119.7379	76.84518	41.35083
36.76838	77.48319	60.67988
78.36668	45.09689	44.85168	93.02828
30.63549	67.62386	40.26304	85.88174
74.60814	77.8581	57.83936
55.7908
117.4048	159.6927	0.4266075	61.85435	82.20621
71.29775	87.9732	121.3373	94.16932	30.97496
72.59954	78.6007	37.97399
79.95309	113.2022	33.76332	143.7987

74.85658	42.88883	62.86502	61.83269	100.665
56.90487	159.9729	34.03493
75.54444	107.4978
83.22066
80.08165	119.1929	96.47923
86.62383	120.5049	32.24428
83.39719	123.083	116.3567
58.55579	68.94267	17.20705	60.13838
116.1428	71.36728	80.46819	1.844915	72.76347
116.2832	81.94802	42.25343	2.248094	68.5177
9.931725	40.66105	78.29849	10.33001	55.70851	52.87314	56.77925
101.3948	22.22403
69.52418	26.04805	57.58062	69.45883
81.86767	14.7906	49.94657	39.31558	46.40429	23.08847
22.00479	26.91175	139.4484	4.770174
85.4191	149.165	84.82704
81.31412	142.3085	81.06124
32.5384
16.47549	116.7228
74.67326	46.40377	101.8736	84.3997
44.34555
73.0214	67.95869	45.98743
152.0343	119.1098
153.9191	120.0024	10.54062
153.843	120.7262	101.9084	54.34679	103.8814
101.4626	115.1711	49.84846	29.84169

67.69544
85.14445	18.37955	85.64358	46.95347	60.52662
63.549	29.89095
69.94403	75.74683
58.23684	102.976	20.58721
63.95968	12.81824	89.02642	137.5751
160.15	57.88839	89.44109
158.4318	65.62484	68.67751	22.56413	8.15176	37.59079	17.23039
85.51944	73.59948	23.43563	100.5578	116.8879
117.9098	85.68036	45.12276	79.29053	162.0243	29.06625
83.30209
86.64181	29.86053	69.87926
51.24526	94.60005	10.59922
86.15111	115.3147	75.41927
75.78933	116.0043	108.5857	153.095

2.010161	24.61186	43.99408
28.15486	10.10225	62.21907
72.84314	114.8579
12.86004	1.451198
23.37177	51.46107
71.17507	103.5645	79.41166
68.06019	4.774725	7.020285
60.39701	65.61935	48.08716
86.61005
10.43508	39.22236	12.28421
68.85708	36.97922
36.74572	14.35506
82.91232	74.71587	55.61804	132.224
34.61999	29.03534
86.13584	57.39253	81.81148	16.64982
67.39637	82.30425	31.44122	108.1333
85.66248	85.50132	26.00786	4.112002
85.33637	97.51089
84.16282	39.55393	46.57243	96.7134
59.49719	79.27839
18.78271	72.53557
49.09044	83.03744
45.23893	81.45204
74.79057	4.062645	111.6316
116.7382	93.1649
142.76	68.42135	46.97925	82.23066
59.00583	63.38288
119.0505	86.51206	140.008	7.498943	83.63954
71.15867
71.75051	115.6888	17.906
119.2109
119.3087	104.2283	19.5572	77.07052
119.1177	29.66993	92.82847
85.46946	141.114	115.8544	17.28663
26.84186	73.10363	20.99151
70.50783	25.32885
60.43625	53.43965
120.7653	53.59278	78.39593	21.74249	2.45267	5.785952
80.75039	11.69787	74.95827
36.37282	39.3203	116.156
37.73249	33.21775	35.57355	61.75343	69.30051	1.027541
67.08723	85.84122	70.41979

102.5009
26.36677	65.31862
86.34916	56.15555
67.62054	26.76709
75.18691	30.11155	61.34858
119.9686
85.19687	38.36955	28.57122	31.13394
66.11901	155.6921
90.16252	78.702
38.79115	58.10493
84.9616	17.13599
76.77927	145.1274
12.07868
60.99372	87.54	49.40228
80.19211	17.66229
38.14554
74.39341	16.56155
160.2767
157.3434	67.56887	9.903608	117.409
76.17484
83.36101	61.23458	37.245
18.20538
75.61043	41.25824
5.70726	101.6545	69.94356	75.02278	69.34629
17.23251	40.21398
76.24563	119.5474	11.32583
56.82103	60.42819	85.64228	79.48178
62.26419	111.8187	15.9214
77.42622	97.08106	40.40294	57.34537
83.68252
76.21664	6.209911
158.9437	79.63596
82.7463	40.53488	42.30247	64.75158
2.460047	116.3417	75.39054	101.3901	11.45884	57.87481
39.89451	57.34091
82.52267
117.8307	95.48892	37.64929	36.10364	15.26198
118.9134	75.17854	78.7135	156.5704
45.2747	103.0786	88.60212	78.68143	102.109
119.1614	159.3846	103.7342	14.16541	63.82744
158.5976	27.32253	30.71306
160.7451	82.44195	13.42453	25.27734	102.1161	53.60233
76.78214	53.42729
74.75314	26.12885
160.011	69.58159	103.3224	55.39242	1.071265
160.1853	76.16302	20.86469
158.2406	64.77645	50.74794	89.35157	134.9199
83.67655	86.17737	29.47467
79.26155
46.39523
71.07367	41.66695
81.63575
83.08726	48.25112	120.7026
79.34527	53.83765
53.41971	86.48664	37.45217
85.2487	12.26911
67.21431	76.75243	27.83416	50.14862
102.7626	80.35518
85.52754	91.63351
74.07899
76.08932	82.39885	0.408484
135.5281
48.09238
134.3926	115.8927	81.77304
134.6126
134.6126	117.6639	40.04909	17.65759
134.618
135.0577	103.6089	143.7259
118.8619	68.36124	95.15477	44.43168	134.5009	46.26094	138.475
65.45637	134.5009	85.79365	43.38912	162.8985	7.751661	158.9538
134.5009	60.53663	102.925	66.68883
134.5009	118.505	76.72293	27.78164
134.6715	119.6361	84.17003	21.71023	116.9246
134.6715	85.94895	118.031	49.65451	7.851257
134.6204	82.45679	118.2958	102.8757	78.82155
134.6204	79.8991	33.03595
134.6204	118.6238	73.99845	100.9263	66.6384	65.29047
134.6204	117.5898	84.81475	57.84939	48.29019	108.0572
134.7207	40.84207
134.7189	18.43101	34.97225	6.350247
134.7202	40.65925	10.54488
135.0727	100.6755	13.96042	69.43547
135.0051	116.551	154.3478	57.51692	56.89682	81.87291	68.30456
134.7974	118.7615	168.5844	80.81138	104.6506
134.6952	116.0168	72.54441	103.0665	12.0757	117.9139
134.6952	120.0899	85.00537	41.36879	32.79548	31.85726
134.6952	119.2119	83.09985	93.71359	11.82619	84.3167
134.8082	118.9865	76.77846	67.70232	84.58236	117.1366
134.7006	119.1227	102.9046	69.72391	89.91144
134.966	118.9407	29.72585	63.39738
134.966	58.9039	50.82233	86.20289	85.67357	94.25035
134.966	142.6606
134.966	40.23116	25.05016
134.6726	116.3387	100.6157
134.7215	63.17829	57.88133	8.886631
134.7215	83.87001	79.70635	42.99571	2.206366	90.81662
134.9123	84.72838	31.03178	99.01523
134.9123	9.526515	76.42672	61.91678
134.8535	67.75379	66.328	100.7409	119.2094
134.8535	50.60196	15.82532
134.8177	28.06131	57.57752	91.18627
134.8177	119.1235	58.13959
134.8177	54.92247	76.60736	26.45691
134.6769	73.00081	61.52178	85.43178	103.8267
134.7549	70.98705	140.9799	2.133903	68.73979
134.7549	85.30628	72.68299
134.7549	20.09921	11.40212	72.93197	96.10552
134.7865	57.6478	96.98218
134.6217	69.48396	8.819877
134.8808	86.03062	138.1599	45.69444
134.8808	12.51761	34.02996	114.8644	96.61475
134.8808	54.36759	61.14232
134.8808	160.3776
134.8862	64.49355	36.01871	159.6206	33.45452	81.51911	23.14332
134.8862	68.84944	75.33331	94.69458	5.61049
134.7078	34.85522	74.8124
134.9446	67.46643	154.7413
134.5475	41.05109	82.57579	45.02197
134.5475	44.49162	79.32961	139.764
134.4712	67.30029
134.8051	70.06894	39.57802	45.1273
134.8051	84.88352	41.09333
134.8051	82.37568	102.7822	21.84282
134.8051	70.6751
134.8051	86.45771	97.30061	60.83132
134.7928	74.86735	91.17212
134.5594	38.24946	153.9133
134.5594	70.42283	46.07313	42.9935
134.5594	58.6901
134.7099
134.7099	51.25176	79.15467	100.8578	17.33696
134.7764	41.9769	80.57113
134.7764	85.14431	118.5898	25.53557
134.7764	42.89928
134.8032	76.2137
134.8032	36.47509
134.8195	63.72032	40.58754	81.92514
134.8585	159.2283
134.8585	83.20717	83.12238	112.7177
134.8585	155.7146	47.94286
134.8585	158.1065
134.8585	154.1642	117.5736	77.85978	15.2805	71.77728
134.8585	116.1843	85.63829	85.72675	46.12992	57.0204	16.44228
134.8585	116.1533
134.8585	116.7663	76.7871
134.8585	118.7183	53.70181
134.8585	119.3909	73.50699	87.53178	58.32256	1.541994
134.8585	56.46193	87.79975	38.63818
134.8585	116.2223	80.57719
134.9632	77.12867	64.54272	94.72682
134.9632	135.0591	116.2099	74.44423	15.79414	120.5722
134.9632	141.5081	118.4974
134.9632	60.18134	84.83592
134.7594	85.72713
134.7594	76.93015	120.0035	56.83921	99.78178
134.8589	120.1412	80.35713	104.3917
134.8589	63.01949	73.75288
134.8589	119.9102	75.17766
134.8589	56.67553	72.249	18.33904	56.94669	52.99971
134.8589	158.638	118.1361
134.8589	160.1607	118.5321	17.37857	75.8612
134.8589	160.1607	97.92948	117.7023	34.17417	5.61216
134.8589	160.1607	42.14568	53.35071	59.27584
134.8589	156.8478	116.3053	35.49296
134.8589	154.0327	117.7318	28.01085	79.1894
134.8019	65.32335	156.259	72.39999
134.8019	52.37898	3.553455
134.5822	60.01838
134.8544
134.7254	72.00661	37.09739	76.43272	92.19131	44.49572
134.7254	78.09799	24.8446
134.7254
97.02595
42.31863
93.41335	118.496	75.71918	26.25245	62.39388	78.28355
115.6948	84.61516	118.6209	167.4413	66.14339	29.81282	63.2957	31.01453
76.9542	93.20039	96.32645	117.135
55.96435

70.66085	25.12856
103.0409	112.5194	81.65635	116.7957
79.39609
83.85422	40.94154	89.07063	29.53082	95.89331
48.82611
118.56	78.5364
94.84709	63.68949	50.6037	115.1004
32.56366	87.60871
81.54486	30.60494	48.68696	119.3461
82.68957	119.1054
51.14437	51.40034

117.6959	10.79286
165.5718	82.21713	38.58116	11.01271	89.02392
68.24774	81.78155
101.1827	79.02007
47.39938	31.50068	34.50635	50.08851

109.1974
93.89587	35.31807	154.3766	84.65573	97.29856	43.99423
146.2797	71.34843	85.06933
29.13285	82.88433
154.7375	0.4353133	15.88181	126.2293
6.455262	62.18313	28.37002
51.57252	118.0518	29.58062	142.7378
85.37815	68.01303	23.84119	30.20137

143.2357	3.611416
63.27758	24.9941	68.15796
158.798	76.24864	93.83418	20.50827
83.89018	40.67605	114.7807	82.06798	25.08408

116.2557	75.61244	12.65182
61.05922	94.38787
78.60479
79.56187	115.7495	77.63635
74.54681	62.76026
77.31184	17.32246	40.02401	71.92821
86.29544	74.2181	70.9347
26.86328
85.57608	68.9696
91.81289
49.66637	64.07519	42.67618	114.1672	86.28202
71.95928	76.86214
75.67028
119.9462	62.45279
119.1638	51.95293	82.41356	84.38775
119.6085	80.8405
154.6425	52.72723	57.37581
160.3132
158.6876	56.43048	118.8016	100.0903	65.58498
162.9262	103.4732	54.25594
10.73575	64.51497
154.0702	84.52976	42.65415
76.25165	53.65944
13.91954	59.86638	77.5887	64.70156
72.94074	59.3999	90.38184

113.6034	39.78722	34.17901	79.52076
62.24655	83.60819
83.94074	13.96956	85.87025	74.26714


82.25708	60.3052
52.33613	120.9129
118.6975
114.8516	50.3248	86.93131
74.3433	85.72562	81.34566	72.88594	19.02658	54.38598
50.56717	63.52271	119.1117	24.32579
85.50918	34.78474
119.8038	76.10621
29.82446
159.3399
118.406	66.27715	106.4496	100.5714
63.27846	56.78055	49.98268	106.4289
153.4029
118.5543	49.44867
5.925836	110.4122
83.99404	80.5141	7.183685
63.92274	66.4142	36.89209
46.87617	84.77121	76.51573
64.0223	36.75935	26.9803
13.36543

143.7904	38.3686	61.83851
84.28369
79.09153	21.28409
83.57635
44.20676	78.61416	105.7194
53.41761	152.8546	161.7381	160.0728
100.808	84.92562	93.2189
86.16872	93.29098	58.15999
62.50071	92.81648	114.6411
120.9246	71.77629
80.46017	9.73077
96.235	42.04901	66.9787	54.25746
84.90865
65.78253
64.34914	69.9032	21.28348	70.08513
85.47896	53.98629	16.18653	61.53255
77.31857
56.23941	102.1527	68.15681	6.988112
29.00305
81.09634	38.66434	41.56599	155.8293

79.17564	60.33559

66.09852
79.22851	35.11672
73.17547

69.93236
82.79229
153.8691
154.5153	77.65986	30.0471	87.74081
154.7464
154.1798	58.70986	6.182574	33.01994	33.52529
163.0245	51.2305	83.29054
159.1683	80.40988	83.02751	59.60035
160.1901	51.14513	97.20012
159.1164	70.42781
57.97866	166.1738
80.69792	61.84439	22.08395
80.82747	12.28721	69.32497	59.76203

44.80549
160.4176	73.05989
158.7222	154.6794	76.33575	40.34101	35.2086
160.7531	86.49878	37.54446	41.80909
159.7353	85.06431	67.68814	82.30508
158.0553	158.5565	70.59965
102.5846	47.39712
2.92301	119.9616	107.9789
70.88587	14.30628	25.70596	84.59805
88.25628	82.45964	153.0312
34.29525
86.41798	86.07253
41.09981	151.6846	24.78358	59.81785	2.150931
73.85923	30.37924	24.98625	150.3747
46.54231	9.915594
79.01201
75.38255	12.83365	74.1874	142.3347
80.54873
86.72471	72.37087
133.9534	63.75672
151.8015
56.92012	83.13827	66.77069
83.5837	21.07144	20.92799
45.91045	59.73197	10.33501	5.97674	83.9921	15.62924
54.78238
75.50703
112.12	41.59669	78.75667	32.71405
65.46709	42.73527
59.78398	118.8879	13.24833	101.6022
120.6529	116.294	0.1893371
81.81183	118.5197
38.52789
161.2243	20.53186	118.6352	59.25021	12.46271
119.9728	67.9915	1.169343	37.85171
57.1631
21.81868	48.85035
66.75643	99.83341
103.1208	62.85807
35.91811	42.81481	115.0189	80.49783
76.02407
70.63428	90.76657	89.95884

79.5596
86.61173	10.03593
86.03993	120.4515	76.15943	8.329196	41.39916	70.12599
61.49909	48.13281
117.7111	17.61671	96.50024	15.18175	52.98669	109.8274	32.04337	10.06644
69.52902	112.9348	94.58717	84.64372
37.12465
59.96705
67.02825	63.18543	86.69761
86.6034
120.2083	76.58861	30.18668	75.7098	0.5547719
50.04291	67.38095	115.6239	96.79055
66.66015	83.5804	66.80397	94.21602	27.43021	51.40719
80.00761
81.25367
50.97453	22.71092
79.20769	11.31434
77.38708	36.2136
12.63088	82.09515
76.30604	39.47764	6.29158	14.8411	14.30699

86.07359	55.16551	49.12296	56.78927	30.20384	61.73763
78.74136	80.64091
166.2313
68.4323	88.0384
81.25337	57.53901
83.6506	57.05186	115.8539	39.93312	38.65223
12.36914	75.23877
83.7246	117.3165	42.85944	22.2598
79.09905	89.91796	29.20028
62.25168	21.55361	75.54776	85.38038	82.3004
61.5959	103.6758
85.822	21.3499	140.1596
65.89722	91.69564	15.58923	50.53037
72.57765
70.27228	30.17612	64.5732
72.0197	43.3973
57.63858	86.27223	52.1933	15.39375
86.33467	117.3523	62.37322
96.5074
97.16171	65.55412
79.66825	118.8347	54.30796	66.2392
79.59404	58.87458
48.60189	85.44331	10.17703
74.58998	49.78985	55.0864
117.7925	102.5486	107.7841
29.17675	28.0181
82.92459	84.8671	103.3163	118.8851
160.274	58.25556
60.64005	72.46382	65.16038
79.74708
72.46193	82.41001	9.327645

38.70189	81.54216	77.6361	20.14043
106.114	90.80148	71.17274	51.53003	5.28235
73.59522	61.54314	103.4134

80.93099	73.63664
118.4462
78.76673	102.7222	52.36691
65.54192	31.16401
67.60772
61.56027	79.26838
93.07805	118.2964	81.40243	13.39684	81.92641
57.28589
154.0735	116.05

86.54211	78.33541	25.72608
83.00444	101.4545	102.296

21.51367	80.38555	52.8236
70.33001
78.00217	117.3758	55.40945	115.1735	12.09523
71.56505	37.22165	60.6909
117.7649	53.9479
116.4372	135.008	78.5473
85.60094
74.85307	12.284	41.37222	85.04145
71.17744	43.95975	119.2762
23.36857
103.4507	41.57899
133.672	71.70609	82.05821	81.51521
134.5373	32.82661	110.6928
134.6731	41.63708	10.90649	9.381873	69.09008
134.608	68.63646	55.90978	65.09788
134.608	68.21699	96.00305	51.41404
86.8664
77.54572	94.32843	30.54059	6.656254

114.9168	40.13645	84.16537	30.35353
53.05159	97.06332
82.94175	28.61695

118.9089	78.58012	67.39773
61.84221	119.8318
119.2064	12.30523	43.81549	67.64069
113.5607	57.32757
118.8364	101.1729	55.07995	67.76371	67.46004
102.3649	59.86899	23.81356	61.16791
18.77364	62.66838
37.05579	77.12877	58.39648
77.07389
58.43188	101.7293	69.00301	119.8124

80.76276	99.76595

85.84649
11.56309	41.56912	56.96016
85.02189	14.75717	64.68387
97.30596
83.75219	69.13779
82.23782	36.98563	100.8709	63.92757	93.4541
55.20229	75.03136	117.4246
63.9283	79.97109
114.629	97.35343	0.3131035	93.76789
29.63588	8.464451
79.99755	5.593186	51.73272

119.5942	14.6275	72.24038
66.19375	16.88296	49.45589
71.49187	3.84121
82.39142	27.48524	40.91173	23.39847
42.67201
22.06762	72.08831	118.6414
84.93485	95.39688
78.58148	135.2747	69.97527
74.38519	83.45061	118.8131	38.15491	27.65492
118.4766	74.0811	44.93216
46.74054	62.36193	25.19809	62.43625	65.65647
118.555	66.24305
37.25365	104.1236	121.5156	91.84408
84.58507	30.27017	69.36152
61.70979
70.36391
142.838	5.168681
159.2016	25.55987	42.1441	67.73727	86.60792
84.23591	116.4783	76.49732	81.64528
34.27583	85.45741
41.75035
168.6772	80.56455	48.50981
154.8852	104.7801
132.3332	84.1162	13.11344
30.79497
158.63	59.88304	81.16055
83.99889	101.0135	47.667	43.3436	51.81219
78.90789	6.710587
38.76358	119.0331	33.84454	91.95631
118.976	39.62684	10.67228

79.5146	101.5318
55.17167
84.514	85.08312
84.32892	51.53868
142.9511	58.68488	4.212687	7.24448	27.72375
79.07647	11.97923	89.83561	115.3125
3.687326	85.27342
79.23258	56.88085	100.9307	84.30986
43.35081
78.38082
15.7993
84.25086	91.63996	155.9608
74.28666	4.655835	30.14735	63.85593	39.30592
69.19055	62.20128
85.11056	84.68849	52.35702
86.13146	114.5549
79.64155	31.69361	17.18315
75.25243	19.49977
75.37699	41.82583	75.83535
65.00787	42.93687	99.5853
49.16475	31.26942	4.934802
65.60574	57.04792
85.71627	59.24449
31.68728	28.7134
68.39934	120.1745	62.73155
82.40285	82.00305	37.04342
64.70115	158.6317	69.10234	67.58901

11.10052	2.598766
78.78296	39.24618	102.5685
105.2951
158.7026	39.11702	30.12046
44.70921	77.18477	11.07438	27.30057	9.955826
142.8441	62.71609
141.7999	78.78835	55.37146	154.9364	59.31694
58.15774	113.0073
103.1464	27.85992
84.65679
40.11571	12.32052
74.7562	157.7021	8.181298

14.96935

72.33347	23.66573
118.6637	60.46109	74.78862	23.72645	22.36498
64.72783	61.32241
13.55723
71.30517	153.537	14.98996	102.9713
154.4172	61.24484	139.7995	43.49463	103.23	1.526459	75.15425
75.77651	101.4691	116.2265	101.834
46.6874	49.94965	74.85145
83.54246	33.99467
90.41106
65.28097
2.785865	72.15829	147.6719	16.4244

157.2609
83.54729	61.71332
142.4278
72.72627
77.2251	81.0835	45.90978
95.70338
23.23312
141.7389	26.87508	114.712
96.28528
100.3056	58.78245	41.26615	32.21585
57.30876
77.33076	51.96916	70.12462	75.5422
75.83978
161.2902
77.84922
68.07925	120.4678	18.96958	33.32656	65.14556	82.31033
118.4824
67.18434	21.19344	102.2521
62.07935
80.94493	90.87085	22.03015
80.09269	20.14441
72.6196	68.04124
86.5285	49.09698	156.3588
71.48052	83.37031	88.56807	34.42209	118.0587
75.53491	77.45117	96.46744	37.19904
76.99003	70.41762	80.15102
84.23677
26.63446	70.03001	60.19416	57.1478
73.87163	81.49359	82.66751	30.34001
11.59668	83.41379	116.6833
1.720957
159.0391
77.97559	54.9404
67.51501	52.78921
75.20128	59.27855	0.4534002
