Iteration	posterior	NumSpeciation	numExtinction	numMassExtinctions 
100	-2902.50802271605	4	3	2
200	-2906.49565423006	5	2	4
300	-2900.34014827897	6	2	3
400	-2922.53788634516	8	3	4
500	-2910.56358351348	7	4	3
600	-2903.92107039632	6	3	3
700	-2907.05205281338	6	3	4
800	-2920.46724928418	8	2	4
900	-2930.86452277423	8	4	6
1000	-2908.13045142823	7	3	2
1100	-2901.33954026518	8	2	2
1200	-2902.49429471626	6	2	3
1300	-2901.99603126351	7	3	2
1400	-2905.46570822844	7	2	4
1500	-2893.98982260811	6	4	2
1600	-2906.95675215692	8	3	3
1700	-2914.01780569389	8	2	4
1800	-2916.31196234726	7	6	4
1900	-2925.83304381299	7	3	8
2000	-2892.73977837248	6	2	3
2100	-2914.30748249327	8	2	5
2200	-2905.11127362235	7	3	4
2300	-2908.16156024686	7	4	4
2400	-2925.90748796168	9	4	6
2500	-2934.95100786507	10	4	6
2600	-2915.02336083828	9	3	4
2700	-2911.10641705022	9	4	2
2800	-2919.0823384124	9	3	4
2900	-2909.81245622757	8	3	4
3000	-2904.06896319727	6	2	4
3100	-2920.79897434951	7	5	5
3200	-2902.03049590833	8	3	2
3300	-2911.05636771661	7	3	4
3400	-2911.3442096081	7	4	3
3500	-2900.23962800863	4	3	3
3600	-2920.10134725308	4	5	5
3700	-2901.75214882501	7	4	2
3800	-2906.6851778906	6	2	4
3900	-2915.84772657887	7	4	3
4000	-2930.07092670083	11	2	5
4100	-2898.00988274298	5	3	2
4200	-2903.80400363333	5	4	3
4300	-2907.77653538652	6	4	3
4400	-2904.75511414504	8	3	2
4500	-2910.13908432278	10	4	1
4600	-2925.40818239343	8	2	7
4700	-2902.26253852261	6	3	3
4800	-2916.88129143833	10	2	4
4900	-2914.35122261094	8	3	4
5000	-2895.23251971157	7	3	2
5100	-2910.4852313894	8	3	3
5200	-2910.36286793132	7	4	3
5300	-2916.66509045788	8	2	5
5400	-2919.53653007978	5	2	7
5500	-2895.23409956463	6	2	2
5600	-2898.84108200779	6	2	3
5700	-2897.99629606472	6	2	3
5800	-2912.28635263606	7	4	3
5900	-2907.5572273544	6	4	3
6000	-2918.38078073504	6	3	5
6100	-2919.96769976155	9	2	3
6200	-2919.29245683192	9	3	4
6300	-2911.4958035297	7	3	4
6400	-2902.8458231304	9	1	2
6500	-2934.48039166403	8	5	6
6600	-2926.36756619926	8	4	4
6700	-2922.69315743485	9	3	5
6800	-2920.56746471013	7	4	4
6900	-2902.23821492636	7	1	4
7000	-2910.02654583645	8	1	4
7100	-2916.33253206479	6	3	5
7200	-2910.71934363309	5	4	4
7300	-2919.23837296669	8	2	5
7400	-2911.83278715437	8	2	5
7500	-2933.06652887368	8	2	6
7600	-2921.67265432361	9	4	3
7700	-2906.17979531807	6	4	2
7800	-2903.94377879385	5	3	3
7900	-2906.95407899785	5	4	3
8000	-2895.51752986726	6	2	3
8100	-2894.09432271202	7	2	1
8200	-2911.1165017394	7	3	3
8300	-2927.36947217013	7	4	6
8400	-2908.57171018982	7	3	2
8500	-2922.71989272297	8	3	5
8600	-2907.59167380867	8	2	3
8700	-2919.64735582233	8	2	6
8800	-2897.27912579153	8	3	1
8900	-2903.2216769116	7	2	4
9000	-2908.39386856346	9	2	2
9100	-2916.45108498537	7	4	2
9200	-2903.73207747231	7	4	3
9300	-2910.21540594376	7	3	4
9400	-2918.26469111674	9	4	2
9500	-2931.39729891272	10	5	4
9600	-2915.90134207284	7	5	3
9700	-2911.06432898286	7	4	3
9800	-2926.28270606682	7	1	6
9900	-2920.47209558993	8	2	4
10000	-2915.51947699568	7	2	6
10100	-2924.88735592878	9	4	5
10200	-2920.87870143012	8	7	3
10300	-2926.43808638905	7	3	7
10400	-2899.41841183828	6	2	4
10500	-2909.75506361118	8	4	3
10600	-2926.34488510463	9	4	5
10700	-2917.71609474143	10	4	2
10800	-2934.93908457504	12	5	4
10900	-2913.13745089317	9	2	5
11000	-2915.94621812089	10	3	3
11100	-2913.62169423606	10	2	2
11200	-2914.74453627756	8	3	4
11300	-2911.54345899412	6	5	3
11400	-2913.92504883395	7	2	4
11500	-2907.96241318768	6	2	4
11600	-2920.35618119272	6	4	5
11700	-2892.68907735968	6	3	2
11800	-2903.77641840915	6	3	3
11900	-2900.39048985556	6	2	5
12000	-2904.6303501184	7	2	4
12100	-2906.57985920836	6	4	2
12200	-2906.68779739745	6	2	2
12300	-2912.25844219876	6	2	4
12400	-2903.91216499944	5	2	3
12500	-2910.46794804269	4	2	5
12600	-2919.02398421381	5	3	5
12700	-2892.95773783867	5	2	1
12800	-2902.0163452278	4	3	3
12900	-2902.8022596399	6	2	3
13000	-2908.52064444563	6	3	4
13100	-2908.31711444177	6	3	3
13200	-2911.31997904842	5	2	4
13300	-2916.33384970298	5	4	3
13400	-2928.32093279945	6	2	6
13500	-2914.83109986592	6	2	5
13600	-2919.7701018134	6	3	4
13700	-2920.98788758117	7	4	4
13800	-2914.18107711684	9	2	3
13900	-2917.50098949903	7	3	4
14000	-2924.72176482737	6	3	6
14100	-2908.54935382398	6	3	2
14200	-2909.80381230647	6	3	3
14300	-2905.00316127834	6	2	2
14400	-2923.51885479235	6	3	5
14500	-2928.4094387658	6	7	3
14600	-2919.26142494729	7	4	3
14700	-2919.05438386559	7	2	4
14800	-2920.64187482036	7	5	2
14900	-2898.68748525917	7	3	0
15000	-2912.41491981819	9	2	2
15100	-2911.65635678028	8	3	1
15200	-2911.83282019378	10	4	0
15300	-2900.28510461769	7	2	1
15400	-2905.57167955595	8	3	1
15500	-2908.39476477578	8	2	4
15600	-2911.73431438565	11	1	3
15700	-2922.04619399537	10	2	4
15800	-2902.72187578838	8	3	3
15900	-2921.35729634227	10	4	3
16000	-2921.20494680496	10	4	5
16100	-2899.70231071062	9	5	1
16200	-2923.82469501029	13	4	2
16300	-2893.20628689335	7	2	2
16400	-2906.94527353074	8	3	2
16500	-2928.51018786855	11	3	4
16600	-2929.60427817068	7	5	5
16700	-2910.53830818532	8	2	3
16800	-2912.45105509093	7	1	4
16900	-2941.18825758357	7	3	8
17000	-2934.81434150941	8	2	7
17100	-2915.33597710565	6	2	5
17200	-2928.23165299501	8	3	6
17300	-2921.01758210826	9	2	4
17400	-2930.04814514959	7	4	5
17500	-2907.19335536073	6	2	3
17600	-2896.91481547592	6	2	2
17700	-2911.3074169626	6	2	4
17800	-2911.52365280294	6	5	2
17900	-2907.24638017393	7	1	3
18000	-2901.77949419224	5	3	3
18100	-2910.84704462249	7	2	4
18200	-2924.87660271136	6	4	6
18300	-2913.58191414007	7	2	4
18400	-2901.93976091654	5	3	3
18500	-2902.40370085623	8	3	2
18600	-2923.95225477108	9	2	6
18700	-2896.43625692921	7	2	3
18800	-2924.86130599188	6	2	5
18900	-2939.45976214133	11	4	5
19000	-2900.74571914106	8	2	2
19100	-2919.22376919507	8	1	5
19200	-2913.53122259086	8	3	4
19300	-2897.44422403361	7	3	2
19400	-2900.20417456631	6	4	1
19500	-2907.22719080492	5	2	4
19600	-2910.64948144658	5	2	4
19700	-2920.05129289283	11	1	3
19800	-2910.95658667017	5	2	4
19900	-2897.35525545421	5	2	2
20000	-2910.95202094843	6	3	4
20100	-2927.30866921393	9	3	5
20200	-2903.540874529	6	4	1
20300	-2916.5364464823	8	3	4
20400	-2907.73445272674	5	3	4
20500	-2900.77764507657	7	3	3
20600	-2910.31759040066	7	3	5
20700	-2909.43393481852	7	4	5
20800	-2934.41921589741	9	7	5
20900	-2936.17938914051	9	5	6
21000	-2910.76861960537	8	1	3
21100	-2921.83857697842	5	5	5
21200	-2905.27521436013	9	2	2
21300	-2905.8490433237	7	4	3
21400	-2910.96010073925	8	2	5
21500	-2913.8336196356	7	3	5
21600	-2926.48631972832	8	3	6
21700	-2907.17201083669	8	2	1
21800	-2905.54403057101	6	2	3
21900	-2921.48603284909	6	5	3
22000	-2912.34557726742	9	3	2
22100	-2906.71770722261	5	3	3
22200	-2908.0309081101	6	4	3
22300	-2918.78282968764	6	3	5
22400	-2914.40403698337	8	6	3
22500	-2896.52626580419	7	4	2
22600	-2899.92239674519	8	3	3
22700	-2928.87553627517	10	4	5
22800	-2904.82328719329	7	3	3
22900	-2915.95598035108	9	3	4
23000	-2918.31602493619	9	4	4
23100	-2915.74981498312	9	2	3
23200	-2901.97145584804	7	3	2
23300	-2913.01771270211	7	3	4
23400	-2924.63216398387	9	3	5
23500	-2904.59371975115	8	4	1
23600	-2904.0105474017	7	3	4
23700	-2911.69957708573	8	4	3
23800	-2912.80878896623	8	6	2
23900	-2925.78405532556	8	3	4
24000	-2916.03035296118	7	5	3
24100	-2908.50165703216	7	3	4
24200	-2905.51349012843	7	4	2
24300	-2912.79192556218	8	7	3
24400	-2909.15784008453	8	2	5
24500	-2913.92725246213	11	3	2
24600	-2905.63447694949	6	4	3
24700	-2905.42250589182	8	4	3
24800	-2914.0880840283	8	3	5
24900	-2901.61702530819	6	3	5
25000	-2915.97891991253	6	2	7
25100	-2913.84195193686	9	6	3
25200	-2912.53931412661	8	4	3
25300	-2905.84510270893	8	5	2
25400	-2917.92761807699	6	7	4
25500	-2901.4180215609	6	3	4
25600	-2920.56416375258	9	4	4
25700	-2928.43240804862	10	4	5
25800	-2901.16896547213	7	4	2
25900	-2922.62056730492	7	2	7
26000	-2903.38450054598	8	3	3
26100	-2916.50767842918	10	2	5
26200	-2911.12761513462	7	3	4
26300	-2913.59710562383	7	2	4
26400	-2916.72345399378	8	5	3
26500	-2928.56707348819	8	3	6
26600	-2917.17365434286	7	5	4
26700	-2904.541547468	7	4	3
26800	-2919.01960018261	6	3	5
26900	-2919.63084147779	9	2	2
27000	-2924.10223720564	9	3	4
27100	-2915.94147756936	6	3	4
27200	-2911.49157818353	5	4	3
27300	-2923.43594536555	5	2	7
27400	-2900.97125767889	5	3	1
27500	-2916.41165185794	6	3	5
27600	-2899.68458275177	8	3	2
27700	-2909.05678101714	7	3	4
27800	-2904.88783826509	8	3	3
27900	-2903.38655263527	7	3	3
28000	-2911.63392702292	8	2	5
28100	-2907.52548096505	7	3	3
28200	-2904.59735609073	8	2	3
28300	-2901.60945150533	7	1	3
28400	-2928.66206541527	8	5	4
28500	-2916.04089480995	8	3	3
28600	-2916.96178300246	7	3	5
28700	-2910.48276765487	7	4	3
28800	-2915.6875048666	6	3	3
28900	-2920.70917169543	7	1	5
29000	-2910.91635318303	8	3	2
29100	-2911.75133236164	5	2	3
29200	-2907.6485142638	6	3	2
29300	-2915.26950617622	5	4	3
29400	-2918.43095521054	5	5	3
29500	-2894.57810878806	6	2	2
29600	-2911.95372690676	6	3	4
29700	-2907.21243069878	7	2	3
29800	-2921.22644633812	7	3	5
29900	-2907.91556840222	4	4	4
30000	-2905.51343978942	5	3	2
30100	-2919.24309012335	10	3	1
30200	-2911.07741812769	6	1	5
30300	-2926.66118480592	6	3	5
30400	-2913.02224342076	7	2	3
30500	-2898.82623265691	8	3	1
30600	-2924.96524267456	10	5	3
30700	-2919.85084342714	8	4	5
30800	-2917.48675852355	9	2	3
30900	-2928.8346505144	9	5	4
31000	-2910.67978271443	7	3	4
31100	-2907.12415318727	8	4	3
31200	-2907.95565791752	9	4	2
31300	-2934.32937902813	8	6	6
31400	-2908.4873026727	9	4	2
31500	-2891.80311518872	9	3	2
31600	-2902.85740240496	9	3	3
31700	-2901.02581397287	10	3	2
31800	-2911.75948881844	11	3	4
31900	-2916.9673924004	8	5	5
32000	-2925.89611519036	13	3	2
32100	-2917.96458042473	8	4	5
32200	-2911.96711348765	11	5	1
32300	-2915.92573220925	10	3	3
32400	-2917.68168716198	9	5	4
32500	-2907.45524161466	9	5	2
32600	-2907.96714213253	9	5	0
32700	-2917.62593764907	9	3	5
32800	-2927.19789131361	11	5	3
32900	-2935.79574680253	10	5	5
33000	-2917.24192004203	7	3	5
33100	-2909.77830178536	8	3	2
33200	-2935.83910139121	7	4	7
33300	-2915.40895888224	10	3	3
33400	-2901.43073832741	6	3	2
33500	-2929.67936266539	11	3	3
33600	-2923.05360093772	7	4	5
33700	-2907.29730783602	8	3	2
33800	-2915.03012786593	7	5	2
33900	-2913.5326558458	7	4	1
34000	-2918.39133491825	7	4	3
34100	-2922.44279698669	9	2	3
34200	-2909.04059792043	7	2	4
34300	-2906.72047447636	7	3	2
34400	-2900.42290635189	7	2	1
34500	-2918.85346078477	9	4	2
34600	-2909.11091440548	8	2	3
34700	-2913.66647667151	10	3	2
34800	-2893.77698483582	7	3	2
34900	-2900.08190462958	6	2	3
35000	-2911.84130961795	7	3	4
35100	-2899.94354114245	7	2	1
35200	-2928.7704167001	9	4	4
35300	-2945.3427038596	7	3	9
35400	-2906.48933240257	7	2	2
35500	-2918.5099343639	6	2	5
35600	-2909.31303228191	4	2	3
35700	-2930.20289696073	7	3	5
35800	-2935.08829098643	9	6	2
35900	-2917.19850177194	6	4	2
36000	-2915.0847890901	5	3	3
36100	-2910.05554393686	6	3	3
36200	-2903.8811118098	6	4	1
36300	-2914.2664496089	7	2	4
36400	-2911.47714043806	9	2	2
36500	-2905.51434519635	8	3	1
36600	-2906.41055576068	7	1	4
36700	-2914.89851974748	10	2	2
36800	-2921.35452427024	9	4	3
36900	-2943.14187059672	10	4	7
37000	-2905.34485437718	8	3	2
37100	-2917.28658161715	8	4	4
37200	-2906.59168385879	9	1	4
37300	-2906.82631020364	8	6	1
37400	-2902.84914883704	8	3	2
37500	-2921.09273008792	6	3	5
37600	-2932.56274914887	11	3	4
37700	-2904.9255503258	8	2	4
37800	-2904.30401674201	7	3	3
37900	-2911.22314611181	10	5	2
38000	-2910.46421578845	12	2	2
38100	-2927.81163766918	13	2	5
38200	-2902.22835298131	10	3	1
38300	-2911.29680535728	9	2	4
38400	-2909.80824559765	10	4	3
38500	-2928.49650881977	12	2	6
38600	-2932.21294818714	9	3	8
38700	-2899.64506585828	11	3	1
38800	-2903.21157404325	9	6	1
38900	-2900.27739493248	9	2	1
39000	-2900.31328835017	9	2	2
39100	-2921.68560826362	9	3	5
39200	-2909.80157664401	9	3	4
39300	-2899.26369611941	8	4	2
39400	-2904.57372502326	8	3	4
39500	-2907.5049484282	8	3	3
39600	-2906.81636947017	10	5	2
39700	-2906.01618769567	9	4	3
39800	-2893.67995942219	9	5	0
39900	-2898.60815257389	8	6	1
40000	-2910.3083548733	8	3	4
40100	-2900.05114673448	8	3	2
40200	-2916.63196759223	10	5	2
40300	-2906.4432856269	9	3	3
40400	-2914.74624080928	11	5	2
40500	-2912.81928278579	11	3	3
40600	-2905.58787415345	10	5	2
40700	-2903.73763721557	9	4	2
40800	-2918.76786452317	8	4	4
40900	-2895.0745570279	8	4	1
41000	-2933.84262985448	9	4	7
41100	-2917.61135374618	9	4	4
41200	-2904.83368113573	8	3	4
41300	-2935.41962144128	10	8	4
41400	-2902.48699575245	8	4	2
41500	-2920.65656548878	9	6	4
41600	-2915.3451931049	10	4	4
41700	-2909.29775412837	8	5	2
41800	-2902.85280132915	8	4	3
41900	-2918.03636415407	9	6	1
42000	-2933.14975782685	9	6	5
42100	-2910.48136052191	8	4	1
42200	-2909.73457299535	10	3	1
42300	-2915.73925421787	9	3	4
42400	-2901.71817309157	8	1	2
42500	-2917.78227232167	7	4	4
42600	-2907.84355246508	9	2	3
42700	-2909.10934022177	10	2	3
42800	-2899.45871488774	10	3	1
42900	-2917.20068953759	11	2	3
43000	-2925.11844373437	8	5	4
43100	-2905.37544808661	9	3	3
43200	-2938.54071362146	11	5	6
43300	-2921.1268981748	13	2	2
43400	-2913.87938622079	11	2	2
43500	-2913.29264967589	12	3	1
43600	-2908.7809668836	9	1	3
43700	-2915.09470333562	9	2	4
43800	-2912.35806119348	9	2	2
43900	-2932.39996591647	8	2	7
44000	-2918.4209056006	9	4	4
44100	-2922.46648256345	11	2	4
44200	-2907.02173284884	9	3	2
44300	-2899.94196915265	8	1	4
44400	-2912.4280341876	9	6	2
44500	-2902.83519307639	9	2	2
44600	-2912.90185288108	9	4	3
44700	-2896.57623484253	9	3	1
44800	-2928.07248895473	10	6	5
44900	-2906.17953471827	8	3	4
45000	-2906.07982866082	10	4	0
45100	-2929.71808844758	13	5	2
45200	-2928.39662569731	8	2	6
45300	-2911.90616831381	9	3	3
45400	-2917.32179465264	11	3	3
45500	-2921.58129277279	9	5	5
45600	-2925.51038252386	8	3	7
45700	-2919.86677904419	11	3	3
45800	-2907.88814317496	8	3	3
45900	-2915.14106654086	11	5	1
46000	-2896.62247933518	9	4	1
46100	-2905.21967686887	11	3	1
46200	-2921.02833566267	10	4	5
46300	-2915.89250265545	11	3	3
46400	-2893.87783119925	9	4	0
46500	-2896.33561024462	9	2	2
46600	-2910.79312377531	9	3	3
46700	-2921.77446498321	11	4	3
46800	-2913.63951887682	10	2	2
46900	-2920.3979190778	11	4	2
47000	-2936.33782160488	12	3	5
47100	-2920.53083718139	11	2	3
47200	-2908.20038319253	9	3	1
47300	-2906.030461214	8	3	2
47400	-2913.38580462972	8	3	3
47500	-2910.19605662462	8	3	1
47600	-2917.68463719321	8	3	3
47700	-2918.32970021975	8	4	1
47800	-2945.05465470963	11	3	5
47900	-2907.94081951294	7	2	2
48000	-2907.18810984301	7	2	4
48100	-2914.82744156485	8	3	3
48200	-2917.41298209668	10	4	1
48300	-2911.84387425833	9	2	2
48400	-2903.94885318041	9	2	2
48500	-2909.76255909645	9	3	3
48600	-2906.01910436378	10	2	2
48700	-2904.37992069544	9	2	1
48800	-2905.5565633866	10	3	2
48900	-2899.24866609258	9	3	1
49000	-2901.70986257208	9	2	1
49100	-2911.35232147056	9	3	3
49200	-2906.89281507907	8	3	4
49300	-2910.09207821618	8	4	3
49400	-2897.5167038438	9	2	1
49500	-2911.09740569968	8	1	5
49600	-2893.92647164449	9	1	2
49700	-2910.75715737906	10	1	5
49800	-2902.34962203898	11	3	2
49900	-2909.84480912783	10	1	2
50000	-2915.4341708246	6	5	3
50100	-2917.72123829253	7	4	4
50200	-2902.80161194537	8	2	1
50300	-2924.27682163889	9	3	3
50400	-2913.63485830439	7	3	2
50500	-2900.30662138206	6	3	2
50600	-2898.84882921843	7	3	1
50700	-2898.69494263798	7	3	0
50800	-2924.02824539238	8	5	3
50900	-2908.96964589499	8	4	2
51000	-2915.5829000011	9	2	2
51100	-2906.960375909	8	2	2
51200	-2910.51314170577	9	1	4
51300	-2921.61041456206	9	5	4
51400	-2911.85575145509	11	3	3
51500	-2920.18369462486	9	4	4
51600	-2901.85329852054	9	2	2
51700	-2918.25845465693	10	1	3
51800	-2918.54249809344	8	5	2
51900	-2919.18582273937	8	2	4
52000	-2910.13917106634	9	4	2
52100	-2919.29295279996	11	2	3
52200	-2900.95649343677	9	3	2
52300	-2939.31697659023	11	5	7
52400	-2902.20305261279	10	3	2
52500	-2906.94319205933	13	2	1
52600	-2919.34891771903	11	2	4
52700	-2897.66001041667	9	2	3
52800	-2904.06565806107	10	3	1
52900	-2910.22670891812	9	6	2
53000	-2895.95188721246	9	2	2
53100	-2920.61373943808	10	5	3
53200	-2911.91534598546	10	5	2
53300	-2901.536694026	10	3	2
53400	-2908.88136335853	10	5	2
53500	-2925.85482409867	11	3	5
53600	-2918.34158854819	9	7	1
53700	-2894.48666468288	8	3	1
53800	-2919.20970827535	10	5	3
53900	-2904.51392937613	12	3	1
54000	-2920.8319323072	10	4	5
54100	-2912.41100975774	10	2	5
54200	-2902.7812568076	9	2	2
54300	-2924.07434013022	9	4	5
54400	-2907.055349515	9	2	3
54500	-2907.63230455602	8	4	3
54600	-2930.15637089996	10	3	4
54700	-2908.63644944835	11	3	1
54800	-2934.48097654918	11	4	6
54900	-2901.05646385767	8	5	2
55000	-2914.52393149351	8	4	4
55100	-2916.39741280042	9	6	3
55200	-2915.41785892653	7	6	4
55300	-2930.19833128062	9	2	7
55400	-2904.96107511973	8	6	2
55500	-2910.47105131115	9	4	4
55600	-2905.1557592451	12	3	0
55700	-2920.29809282284	12	3	3
55800	-2912.09648944347	13	2	1
55900	-2920.82111309871	12	5	3
56000	-2900.46561285934	10	3	1
56100	-2891.09115623394	10	3	1
56200	-2900.97102572578	12	3	1
56300	-2909.96761815573	11	2	3
56400	-2911.98527925334	11	2	3
56500	-2914.48185475564	10	2	5
56600	-2928.91930663832	12	1	5
56700	-2902.6709209219	10	3	2
56800	-2924.46069271101	14	3	2
56900	-2923.52384340009	11	2	4
57000	-2911.20415187691	8	3	4
57100	-2909.25119114577	9	2	5
57200	-2920.57959928943	11	2	3
57300	-2923.5338690224	10	3	5
57400	-2920.39048299686	8	3	6
57500	-2917.89259617878	8	5	2
57600	-2903.29161372477	8	3	0
57700	-2930.64748413331	7	3	7
57800	-2894.09010987709	6	3	0
57900	-2897.67502793908	6	3	2
58000	-2898.07507525267	6	2	2
58100	-2944.4754388227	7	8	6
58200	-2906.17885600881	8	2	2
58300	-2916.82557068449	6	4	5
58400	-2906.91391191433	7	4	2
58500	-2923.09709402144	9	4	4
58600	-2912.44405604238	10	2	3
58700	-2895.8887289903	6	3	1
58800	-2904.08315930189	7	2	3
58900	-2897.51376500555	8	2	1
59000	-2917.27298730603	7	3	4
59100	-2921.29107078917	11	3	3
59200	-2912.09505487192	11	3	0
59300	-2898.75366467305	7	2	2
59400	-2905.48612885396	6	2	3
59500	-2925.59621674156	9	2	5
59600	-2920.53170398727	9	3	2
59700	-2905.68899879106	8	2	1
59800	-2915.42701027695	8	2	4
59900	-2896.53078074042	8	2	1
60000	-2916.18282997222	9	4	3
60100	-2914.82133284072	9	3	4
60200	-2920.28217302278	12	3	1
60300	-2903.33944782274	9	3	2
60400	-2896.43057220347	8	2	2
60500	-2922.40215152179	8	3	6
60600	-2906.92135605765	11	2	2
60700	-2913.70668952767	9	2	2
60800	-2912.35098599433	9	3	4
60900	-2898.06896746615	8	3	1
61000	-2908.38921468465	6	3	4
61100	-2903.9817522894	9	3	1
61200	-2910.67388544764	9	2	4
61300	-2906.06589586114	9	1	3
61400	-2912.15422895776	9	3	4
61500	-2918.71245909545	10	3	5
61600	-2919.72373597843	9	3	5
61700	-2909.65872539981	9	3	2
61800	-2904.20912571192	8	5	1
61900	-2893.19969614206	7	3	1
62000	-2901.27929188629	8	3	1
62100	-2915.51536472469	9	3	4
62200	-2905.18234947415	9	2	2
62300	-2918.89319398391	8	1	5
62400	-2908.20670362462	9	2	2
62500	-2895.70715949474	6	3	2
62600	-2909.80570519961	10	2	2
62700	-2908.8248508846	8	4	3
62800	-2905.48495416513	8	3	3
62900	-2901.33786132543	11	2	0
63000	-2909.02889131444	10	3	3
63100	-2909.75590460332	10	2	2
63200	-2912.34137972226	9	3	3
63300	-2917.4692226598	11	2	2
63400	-2914.06699450225	10	3	1
63500	-2911.40057682242	7	4	3
63600	-2902.19648300439	7	3	2
63700	-2906.53382647763	6	2	3
63800	-2909.45211574864	7	2	2
63900	-2915.77336848796	6	6	1
64000	-2901.29943163774	6	2	2
64100	-2907.14282559696	6	3	3
64200	-2915.68216805532	8	3	3
64300	-2899.96832739897	7	3	1
64400	-2906.76264592616	8	3	2
64500	-2911.0929064843	11	2	2
64600	-2902.73416561691	7	3	1
64700	-2903.82482737417	7	3	2
64800	-2923.91668256192	13	3	3
64900	-2926.76282247388	13	4	2
65000	-2907.86337020394	8	3	3
65100	-2897.55060192672	9	3	1
65200	-2889.72480159323	9	2	0
65300	-2910.74091228768	9	2	3
65400	-2900.52650473897	9	2	2
65500	-2888.06290801801	8	1	2
65600	-2901.58176441479	8	2	4
65700	-2889.33864505272	8	2	2
65800	-2927.57722684988	10	4	5
65900	-2925.13965094051	9	4	4
66000	-2916.52837900279	9	3	2
66100	-2913.71962924622	6	3	4
66200	-2923.73959702806	7	4	4
66300	-2930.65427431049	9	2	5
66400	-2902.10181336673	6	2	2
66500	-2909.89120898552	10	1	1
66600	-2904.84932165851	9	1	3
66700	-2916.58555045474	10	2	4
66800	-2923.41806978326	12	2	4
66900	-2920.76230577253	13	3	1
67000	-2903.96963926817	10	2	1
67100	-2914.52894004173	10	3	2
67200	-2902.62380933962	9	4	0
67300	-2912.27887193726	8	3	3
67400	-2903.01924535706	8	2	2
67500	-2907.37544887577	9	4	1
67600	-2895.60752739951	7	2	1
67700	-2904.62713140345	7	3	3
67800	-2919.21680011749	8	4	3
67900	-2922.74269442912	11	2	3
68000	-2892.3113689899	7	2	1
68100	-2909.93743538184	7	2	3
68200	-2911.18415540152	7	2	3
68300	-2910.39266369525	8	2	3
68400	-2916.07619119429	9	4	3
68500	-2918.74904689668	8	5	4
68600	-2915.87861633449	10	3	3
68700	-2910.03570469973	10	3	2
68800	-2916.6804928691	12	3	2
68900	-2917.95492493379	8	3	6
69000	-2921.39339101766	12	2	4
69100	-2901.77631547131	9	3	2
69200	-2906.40750900435	10	2	2
69300	-2899.35023744261	10	3	1
69400	-2907.01650062448	8	3	4
69500	-2921.66301098918	11	3	4
69600	-2909.37113281118	8	6	2
69700	-2908.88454471088	9	3	2
69800	-2902.51642586107	7	3	3
69900	-2902.68663778304	8	2	2
70000	-2918.82076524554	8	4	4
70100	-2892.22858701886	8	3	1
70200	-2930.59863194291	9	3	7
70300	-2908.00604609442	7	2	5
70400	-2938.52427367267	8	6	7
70500	-2915.60621950522	12	2	4
70600	-2906.85142409841	9	3	3
70700	-2898.88505696698	11	2	0
70800	-2915.44385558697	13	3	2
70900	-2907.11866000672	9	4	2
71000	-2899.56199357667	8	3	2
71100	-2925.71535676356	9	6	5
71200	-2917.60044831718	7	5	3
71300	-2895.45444360773	8	3	0
71400	-2909.12893687734	8	4	1
71500	-2915.89226569388	9	4	1
71600	-2925.87732592834	9	3	5
71700	-2907.41519005568	10	2	1
71800	-2913.02346061812	9	2	3
71900	-2914.5904139701	10	4	3
72000	-2912.21191336984	8	5	2
72100	-2906.63395179381	7	2	2
72200	-2907.40448690554	8	2	2
72300	-2933.44395190696	6	4	5
72400	-2899.01825236005	7	2	1
72500	-2900.25942327744	6	4	1
72600	-2912.6193975124	8	1	2
72700	-2901.61767071662	6	3	2
72800	-2925.02837713389	8	6	4
72900	-2907.92624104037	8	5	0
73000	-2904.50601678386	6	2	3
73100	-2911.04781305933	9	2	2
73200	-2921.48860669364	8	5	3
73300	-2934.96859353594	10	2	5
73400	-2932.34277222199	6	4	7
73500	-2913.99662184777	6	6	1
73600	-2904.22861054324	8	3	1
73700	-2913.80813023142	7	5	2
73800	-2909.65069861597	6	4	4
73900	-2914.23248731396	5	4	4
74000	-2897.99485229502	6	4	1
74100	-2906.87828437636	7	3	2
74200	-2907.35646662546	8	3	2
74300	-2923.36935429448	9	4	4
74400	-2919.27076121177	11	2	3
74500	-2901.1008898038	7	2	3
74600	-2906.0019322364	6	3	2
74700	-2903.0503423396	6	2	2
74800	-2898.92142203944	7	2	0
74900	-2909.82341462781	7	4	1
75000	-2924.2464443046	9	4	3
75100	-2946.0579571322	10	1	6
75200	-2929.62049603498	10	2	4
75300	-2913.2345708337	10	3	1
75400	-2915.19513335834	8	3	3
75500	-2906.55738979194	9	2	1
75600	-2916.34579075141	12	3	1
75700	-2914.56000706365	11	4	2
75800	-2902.10421438867	8	4	1
75900	-2912.05061573072	11	2	2
76000	-2917.92684066422	8	4	4
76100	-2905.90431178163	8	2	2
76200	-2907.52161647029	9	4	2
76300	-2913.40187902617	9	6	2
76400	-2917.76338446933	10	4	3
76500	-2905.7582841009	11	2	2
76600	-2926.98307153053	9	5	4
76700	-2899.41252832322	8	3	1
76800	-2908.84309104949	9	2	4
76900	-2926.29097108431	10	5	4
77000	-2915.99342415695	8	3	5
77100	-2915.87323366487	10	3	2
77200	-2910.87565515278	9	4	2
77300	-2911.77362751458	8	2	4
77400	-2907.62850650977	10	4	1
77500	-2891.9857439436	7	2	1
77600	-2909.15911955653	9	3	2
77700	-2902.94851008551	7	2	3
77800	-2928.21059148678	10	2	3
77900	-2907.41116376241	6	2	3
78000	-2907.79227679504	7	3	3
78100	-2904.99163985206	6	3	1
78200	-2915.10989796636	8	3	4
78300	-2919.50012540908	8	3	4
78400	-2893.79988231131	9	2	0
78500	-2909.41794795955	8	2	4
78600	-2928.9438294321	9	3	6
78700	-2905.07586069016	9	2	3
78800	-2904.09374266071	8	4	1
78900	-2939.03673081002	9	3	7
79000	-2916.2707322629	9	3	3
79100	-2907.66923006966	9	3	2
79200	-2914.02471071682	9	2	4
79300	-2896.05566900705	7	2	2
79400	-2899.81883476117	9	2	2
79500	-2926.93834793468	10	2	5
79600	-2927.05482585551	9	5	4
79700	-2908.61080267409	8	3	2
79800	-2907.2494596172	7	2	3
79900	-2915.12365769327	7	4	3
80000	-2915.44992654242	8	4	3
80100	-2927.64916081387	7	4	6
80200	-2913.16436517398	8	2	4
80300	-2915.92181534878	7	4	4
80400	-2922.04462542347	8	3	5
80500	-2903.40223532304	7	3	3
80600	-2919.04810095979	10	2	2
80700	-2923.06297760617	9	2	4
80800	-2928.53356293951	11	1	4
80900	-2904.21573544858	8	5	1
81000	-2905.02637553776	9	3	2
81100	-2917.2491575078	9	2	5
81200	-2913.89143656429	10	4	2
81300	-2932.06699779078	10	7	3
81400	-2918.69254568364	11	5	3
81500	-2912.13163235187	9	6	3
81600	-2904.66887305139	9	5	1
81700	-2906.4909086829	11	3	2
81800	-2919.27094824277	13	3	1
81900	-2920.33920738237	12	3	3
82000	-2912.2735869148	9	5	4
82100	-2920.94161535701	10	4	4
82200	-2918.26500534928	9	4	5
82300	-2895.03936940676	10	3	0
82400	-2935.68372158367	9	5	5
82500	-2907.51687677631	11	1	2
82600	-2927.38190603368	8	2	7
82700	-2920.69648796348	9	6	3
82800	-2927.88528901193	10	5	3
82900	-2897.96533747278	9	3	1
83000	-2900.05404998576	8	4	1
83100	-2912.7859263335	9	4	2
83200	-2930.36825382527	9	3	5
83300	-2901.21871464989	7	4	2
83400	-2901.33631962192	9	3	3
83500	-2927.39686083845	11	4	5
83600	-2934.06395036571	12	5	5
83700	-2923.3345332709	10	8	2
83800	-2920.25684999244	10	6	3
83900	-2903.13160711223	11	2	0
84000	-2904.79663933733	9	3	1
84100	-2907.46042477513	10	2	0
84200	-2909.6396028703	9	3	2
84300	-2903.9615204872	7	3	2
84400	-2909.4182342111	7	2	3
84500	-2918.5329915876	7	4	4
84600	-2915.85951419359	7	4	3
84700	-2936.70248777832	8	3	7
84800	-2910.73474518405	8	3	1
84900	-2911.99115466161	9	2	2
85000	-2914.51624289875	9	3	3
85100	-2924.34766005079	8	4	3
85200	-2894.95356705739	7	2	1
85300	-2918.71770721726	10	4	2
85400	-2908.28311280683	8	4	2
85500	-2902.32162614395	6	3	2
85600	-2918.3710507594	7	2	3
85700	-2911.28022490715	11	2	1
85800	-2902.95716612888	7	2	2
85900	-2925.96681161091	8	5	5
86000	-2896.81178085887	6	5	1
86100	-2898.87052140917	6	3	2
86200	-2918.78636114111	10	3	2
86300	-2913.80613738064	6	4	4
86400	-2943.94236881734	12	4	3
86500	-2905.24045409162	7	3	2
86600	-2915.05316300189	7	3	4
86700	-2918.78019436321	8	3	3
86800	-2895.32249604853	6	2	1
86900	-2915.02351599026	8	4	2
87000	-2916.36842051501	9	3	3
87100	-2913.51745717483	8	4	2
87200	-2903.58571373885	6	3	2
87300	-2911.1991245113	9	2	3
87400	-2898.70732751687	7	4	0
87500	-2930.44451705146	9	3	5
87600	-2910.07771698578	7	3	3
87700	-2900.99880222641	8	3	1
87800	-2897.22322430924	7	3	2
87900	-2914.40713562651	9	3	2
88000	-2893.83547504513	7	2	0
88100	-2899.12542547937	7	3	1
88200	-2899.11954087634	9	1	2
88300	-2911.7118571653	6	5	2
88400	-2911.43365905995	5	3	4
88500	-2901.20506881746	6	2	2
88600	-2919.11345413994	8	3	3
88700	-2912.24558002621	9	2	2
88800	-2912.79612608854	7	2	4
88900	-2906.26137721596	8	2	2
89000	-2908.53375598496	6	5	2
89100	-2901.98245580163	7	1	3
89200	-2913.90861826104	8	2	4
89300	-2920.69486519699	7	5	3
89400	-2908.57149930193	7	2	2
89500	-2905.13445709027	6	5	1
89600	-2904.24553588078	8	3	1
89700	-2910.97723468687	6	4	3
89800	-2921.70904642286	8	4	3
89900	-2906.46829620266	8	4	1
90000	-2891.43526296942	7	2	0
90100	-2908.87137982794	6	2	3
90200	-2907.47525830494	6	4	3
90300	-2888.82338415499	6	2	1
90400	-2915.67548005485	8	5	2
90500	-2913.71771823776	6	2	5
90600	-2897.89747482052	7	2	0
90700	-2902.29975457113	6	3	1
90800	-2903.27362259487	6	2	2
90900	-2896.8945714114	6	2	1
91000	-2906.31594170906	6	2	3
91100	-2907.62369983245	7	2	3
91200	-2911.67935960166	7	4	2
91300	-2904.2500164343	8	2	2
91400	-2912.04536414883	8	2	3
91500	-2923.64398151782	9	4	3
91600	-2910.52112913014	6	3	4
91700	-2908.69452849466	9	3	1
91800	-2904.15970381245	6	2	2
91900	-2903.28987506108	6	2	2
92000	-2917.5883081771	5	5	4
92100	-2906.11234016069	9	2	2
92200	-2909.43334405498	10	4	1
92300	-2918.47455452219	9	4	4
92400	-2890.43422519105	7	2	1
92500	-2912.33053470675	7	3	3
92600	-2911.21970855621	8	3	1
92700	-2909.71061263356	7	1	4
92800	-2908.45146621236	8	1	3
92900	-2906.56824021522	7	1	4
93000	-2894.81572146466	9	3	1
93100	-2910.99810079581	9	4	2
93200	-2908.20611751976	10	1	4
93300	-2907.92292040934	8	2	2
93400	-2923.61502326277	10	4	2
93500	-2911.71225598896	9	4	2
93600	-2900.7231129214	8	2	1
93700	-2900.75842498879	7	4	1
93800	-2916.95151140391	9	4	2
93900	-2933.66616241402	9	5	5
94000	-2915.52257023983	7	4	3
94100	-2912.01639589733	9	1	3
94200	-2925.09517963163	9	3	4
94300	-2902.5677730479	6	3	2
94400	-2922.64013779542	10	3	4
94500	-2908.97392712795	8	3	3
94600	-2903.00511062997	8	2	2
94700	-2902.58085053823	8	2	1
94800	-2912.41902676748	6	3	3
94900	-2917.66125643221	7	2	4
95000	-2933.96320885612	9	4	5
95100	-2910.27136643924	11	2	2
95200	-2911.47644088326	9	2	4
95300	-2928.54446544029	9	6	3
95400	-2890.22972206491	7	1	1
95500	-2903.71411390464	8	2	1
95600	-2898.68481637617	7	2	1
95700	-2919.68436874951	8	3	5
95800	-2922.29248367062	8	5	3
95900	-2901.04774193164	8	2	1
96000	-2930.6886375519	8	4	5
96100	-2904.53038249077	9	2	1
96200	-2910.01677995142	8	4	2
96300	-2902.69937368172	6	2	3
96400	-2894.11924019611	6	3	2
96500	-2909.45494402779	8	2	4
96600	-2899.60873165188	7	3	1
96700	-2913.30722465546	9	2	2
96800	-2909.47482958756	8	4	1
96900	-2924.04022097262	9	2	5
97000	-2926.65861281864	10	2	3
97100	-2914.9949957491	8	1	3
97200	-2899.35995362712	6	2	3
97300	-2895.53538012215	6	2	1
97400	-2909.43570025821	8	2	4
97500	-2890.99701345525	6	3	1
97600	-2911.64876070198	6	2	4
97700	-2927.3957889675	6	6	4
97800	-2938.03377041489	7	3	8
97900	-2900.83870546607	8	3	1
98000	-2903.67740105089	7	4	1
98100	-2914.30882265744	9	2	4
98200	-2906.45422037818	7	2	4
98300	-2917.91006205591	6	3	5
98400	-2908.32629557636	8	3	3
98500	-2900.0647646276	7	4	2
98600	-2897.52443045413	10	2	1
98700	-2915.65370132531	8	4	4
98800	-2904.10311317534	9	3	2
98900	-2915.42217208511	9	4	3
99000	-2909.19684084579	9	2	2
99100	-2907.34035544314	10	5	0
99200	-2901.90897973233	10	2	1
99300	-2919.1360731682	8	3	6
99400	-2899.92582373596	11	2	2
99500	-2909.65354651542	6	2	3
99600	-2911.46036036996	7	4	3
99700	-2911.51075266828	8	3	3
99800	-2907.07250474609	9	3	1
99900	-2917.82431540574	9	4	1
1e+05	-2916.39839180453	7	3	4
100100	-2912.84798105783	7	2	3
100200	-2916.60968311171	10	3	2
100300	-2903.24357633687	7	3	2
100400	-2928.742159888	10	3	4
100500	-2915.78627981273	9	3	3
100600	-2900.57072027314	6	5	1
100700	-2910.67824659184	8	2	2
100800	-2909.58945299552	6	3	3
100900	-2908.92569686884	7	2	3
101000	-2933.262929838	10	3	3
101100	-2908.16091520579	9	2	3
101200	-2911.57201336235	6	3	4
101300	-2893.62664211884	6	2	0
101400	-2909.20166816595	8	2	2
101500	-2907.37572142313	9	2	1
101600	-2901.59464103387	7	4	1
101700	-2920.16623611542	6	4	5
101800	-2917.6494791447	6	2	5
101900	-2932.42040685412	13	4	3
102000	-2914.31518542331	11	2	2
102100	-2901.35686535354	9	2	2
102200	-2930.94079939034	12	4	4
102300	-2907.48755256727	9	3	2
102400	-2929.03277028039	12	2	4
102500	-2904.20705870039	6	2	3
102600	-2911.57333297188	6	3	4
102700	-2932.66708659866	6	2	7
102800	-2905.19109354555	6	3	3
102900	-2910.88998862165	7	2	3
103000	-2917.16018347699	10	5	2
103100	-2913.44314904205	10	3	3
103200	-2918.65755914615	10	3	3
103300	-2893.35037417488	7	2	1
103400	-2924.42859163867	7	4	5
103500	-2891.27992561967	9	2	0
103600	-2925.98272242523	12	3	4
103700	-2909.505238016	10	2	4
103800	-2906.0683595962	12	3	1
103900	-2917.9028261301	11	4	3
104000	-2909.76362417866	9	3	3
104100	-2920.70608289894	10	2	5
104200	-2907.66057771151	11	2	1
104300	-2923.26349420228	11	2	6
104400	-2925.65017475523	11	3	5
104500	-2887.76484397553	8	2	1
104600	-2897.1125827293	7	3	2
104700	-2912.53080519676	12	3	1
104800	-2922.41265999666	9	1	4
104900	-2908.45525918465	8	2	3
105000	-2941.12483704688	10	3	6
105100	-2901.16264486434	7	2	2
105200	-2924.37003559007	8	7	1
105300	-2921.41337155555	9	4	3
105400	-2922.81362322924	8	4	4
105500	-2901.68656018555	9	3	1
105600	-2935.18315803991	8	2	7
105700	-2927.49583848686	12	2	3
105800	-2915.61787280345	8	2	5
105900	-2906.28593172665	9	3	2
106000	-2908.12168307016	8	4	0
106100	-2904.50218052461	7	3	2
106200	-2924.99426250945	7	2	5
106300	-2907.98296412848	6	3	3
106400	-2911.81375433242	7	4	3
106500	-2919.31021394927	7	3	3
106600	-2915.74808104251	10	3	2
106700	-2921.19991358256	8	2	3
106800	-2904.61654001665	8	4	1
106900	-2897.42806959012	6	4	0
107000	-2895.67157337065	7	2	0
107100	-2918.49400844634	8	4	3
107200	-2905.19719983135	8	3	0
107300	-2913.9787478126	6	3	4
107400	-2908.50298157327	10	2	1
107500	-2923.70274518548	11	3	3
107600	-2913.86249819846	10	4	2
107700	-2915.16239908349	9	5	3
107800	-2913.67705272054	10	2	4
107900	-2905.71060753978	8	4	1
108000	-2904.98160442097	10	4	1
108100	-2903.64008442925	9	3	2
108200	-2921.69748945344	11	5	3
108300	-2906.13369855669	9	2	2
108400	-2908.05327936298	8	3	3
108500	-2913.82915820772	10	2	4
108600	-2919.35973021148	8	2	5
108700	-2903.44222066578	8	5	1
108800	-2908.61137946902	10	2	2
108900	-2914.04603569046	8	3	4
109000	-2906.41436329784	10	2	1
109100	-2910.00163387915	8	3	2
109200	-2892.29204155196	6	2	0
109300	-2896.05852894393	7	2	1
109400	-2909.2633677311	7	3	3
109500	-2910.0659807493	8	4	0
109600	-2916.44555330498	9	4	0
109700	-2898.49238740648	6	3	0
109800	-2920.7050463372	9	4	3
109900	-2906.52921392339	7	2	2
110000	-2904.18204965544	10	3	1
110100	-2905.88127333005	9	2	2
110200	-2911.78541642781	8	2	4
110300	-2902.36469405792	8	2	1
110400	-2914.04531324817	10	2	1
110500	-2893.30938425283	8	2	0
110600	-2901.96155742249	8	3	2
110700	-2915.10357549764	9	2	4
110800	-2930.6038944419	12	3	4
110900	-2910.44333717395	11	2	2
111000	-2915.27119579688	10	2	4
111100	-2906.60442599271	8	2	3
111200	-2911.21801610365	9	3	3
111300	-2914.77619239347	9	3	4
111400	-2920.87451522197	9	4	5
111500	-2902.44694427794	9	2	2
111600	-2912.14279871757	10	2	3
111700	-2901.79475779469	8	2	0
111800	-2908.46609321154	9	2	1
111900	-2906.75811322389	8	4	2
112000	-2917.43192241798	7	3	5
112100	-2912.76450623544	9	3	2
112200	-2914.62944721972	8	2	3
112300	-2897.49737214119	6	2	1
112400	-2902.59276883091	6	3	1
112500	-2917.98857063341	10	2	3
112600	-2925.87807123042	8	2	5
112700	-2905.63767356115	8	3	1
112800	-2916.37138876712	10	2	4
112900	-2900.85785179846	8	2	2
113000	-2909.87133134697	9	2	2
113100	-2911.29550925534	9	3	3
113200	-2912.99395477521	8	3	3
113300	-2905.86311072058	9	2	3
113400	-2906.26691520714	9	3	1
113500	-2907.83055453159	7	3	4
113600	-2921.23069420246	11	3	3
113700	-2896.84786095494	8	3	2
113800	-2918.24686694252	10	4	2
113900	-2902.40159539192	9	2	2
114000	-2910.17577804283	9	3	1
114100	-2894.71462251871	7	3	1
114200	-2909.16682890125	9	1	2
114300	-2909.45523320438	6	2	3
114400	-2906.40536931169	7	3	2
114500	-2919.38680677099	9	5	3
114600	-2905.36510385894	8	3	3
114700	-2917.98249581372	8	7	1
114800	-2903.65067092224	7	4	1
114900	-2924.59125695102	10	3	4
115000	-2911.44916660064	8	3	3
115100	-2912.03626798738	7	4	2
115200	-2914.69111150795	6	3	5
115300	-2912.01365446438	7	3	4
115400	-2936.78654207631	10	4	6
115500	-2908.86358443796	8	3	1
115600	-2911.00832220935	7	5	2
115700	-2925.51666350508	6	7	3
115800	-2901.48938423622	7	2	2
115900	-2913.36319851597	6	2	4
116000	-2895.44905234714	6	2	2
116100	-2942.3583099489	11	3	5
116200	-2925.08901768408	6	5	5
116300	-2910.81838432749	7	3	4
116400	-2917.01117980869	7	2	5
116500	-2914.88254021175	7	3	4
116600	-2924.22370481245	8	4	5
116700	-2929.71542901029	9	2	5
116800	-2901.80053538875	6	4	3
116900	-2913.74057646935	7	4	4
117000	-2915.77577409595	6	3	5
117100	-2897.68252795908	7	2	1
117200	-2913.6190033784	8	2	3
117300	-2905.33541509455	6	3	2
117400	-2907.21742249874	10	3	1
117500	-2910.07673302447	7	1	3
117600	-2921.64718600657	8	2	5
117700	-2912.1758512113	7	6	1
117800	-2902.83064975698	8	2	1
117900	-2892.28211963891	6	2	2
118000	-2916.49202462676	7	6	2
118100	-2924.87766262383	8	3	5
118200	-2903.16970879075	9	2	2
118300	-2907.66578346144	9	6	2
118400	-2897.09335218984	9	3	1
118500	-2918.01655533446	12	2	3
118600	-2896.47328210809	9	3	0
118700	-2904.58554598104	11	2	2
118800	-2921.29278751524	10	5	3
118900	-2911.50542128916	8	3	3
119000	-2907.44534748923	10	1	2
119100	-2887.15157392352	7	1	1
119200	-2895.06384876402	7	2	2
119300	-2898.89930686548	8	2	1
119400	-2917.78596939846	8	3	5
119500	-2891.54722890425	8	1	3
119600	-2900.61736731635	8	2	3
119700	-2899.56321398914	8	2	2
119800	-2920.9757796584	10	6	3
119900	-2911.11410369364	11	5	1
120000	-2913.35596306495	11	3	2
120100	-2907.23200309719	11	3	1
120200	-2923.92490108993	12	4	3
120300	-2919.82158420854	13	3	4
120400	-2914.53526687585	12	3	2
120500	-2917.59290875809	11	3	4
120600	-2898.31040502456	9	5	1
120700	-2910.82664289694	10	2	2
120800	-2925.41938068321	10	3	5
120900	-2928.94613358215	10	4	4
121000	-2899.60546540789	9	2	1
121100	-2919.18510304115	8	1	5
121200	-2926.72839862804	10	4	4
121300	-2915.61376031763	9	1	3
121400	-2940.58207595767	9	8	3
121500	-2912.3341897301	6	3	3
121600	-2919.57170519402	8	3	4
121700	-2912.38922051295	6	1	5
121800	-2936.60622841276	6	2	8
121900	-2908.1628942144	7	4	2
122000	-2907.49661741124	7	3	2
122100	-2932.05338544197	6	6	5
122200	-2922.72590304438	6	4	5
122300	-2918.97113377206	8	3	3
122400	-2909.5287071448	5	4	3
122500	-2915.0411688913	8	4	3
122600	-2911.60133685555	9	2	4
122700	-2901.49151286484	9	1	1
122800	-2914.49182891055	9	4	3
122900	-2919.62575373888	8	7	2
123000	-2907.45829406031	7	4	2
123100	-2908.36547880622	9	2	2
123200	-2905.95919704837	7	4	0
123300	-2922.27914198565	7	2	6
123400	-2913.69523000789	7	4	3
123500	-2917.54386498851	8	6	2
123600	-2903.76598352825	7	4	2
123700	-2905.84862803214	7	4	2
123800	-2922.51313532418	8	4	5
123900	-2904.05251611734	8	4	1
124000	-2912.03280168266	6	4	3
124100	-2927.92861544603	7	6	5
124200	-2920.56877808499	7	5	4
124300	-2919.15371005473	8	4	4
124400	-2916.53366094742	10	4	3
124500	-2904.58550451984	8	2	4
124600	-2909.10752179699	9	2	3
124700	-2919.91917291648	9	2	3
124800	-2909.02591669894	6	2	4
124900	-2910.23059961451	8	2	2
125000	-2906.7505169621	8	2	2
125100	-2897.54127016569	7	1	1
125200	-2911.54522949639	9	1	2
125300	-2907.1944074755	8	2	3
125400	-2920.6365081316	7	3	5
125500	-2901.84131776368	9	3	1
125600	-2898.64133404428	7	2	2
125700	-2911.34996512605	7	2	5
125800	-2896.12259322899	6	4	2
125900	-2927.37718703118	11	3	3
126000	-2901.13529182393	6	1	3
126100	-2906.19048911612	8	2	3
126200	-2916.43735825226	9	3	3
126300	-2906.56654315886	7	2	3
126400	-2904.29145450099	6	3	3
126500	-2904.20635139533	6	2	2
126600	-2906.71982573192	7	2	4
126700	-2915.63603965155	7	3	4
126800	-2914.90231284974	8	3	2
126900	-2927.782707566	9	4	2
127000	-2925.24172593875	9	3	5
127100	-2915.78917458185	8	3	3
127200	-2921.195274713	7	4	4
127300	-2907.73335828681	6	3	1
127400	-2913.32179636107	7	2	3
127500	-2905.6727927277	7	3	1
127600	-2905.41771894947	8	2	0
127700	-2907.28034294012	7	2	4
127800	-2898.83192556229	9	1	1
127900	-2912.53591623889	10	4	1
128000	-2910.74582912101	9	4	1
128100	-2903.26948590677	9	3	1
128200	-2901.58368586683	8	3	1
128300	-2905.60824355935	9	4	1
128400	-2920.45987738735	9	6	3
128500	-2901.91369781035	9	2	3
128600	-2916.44681116271	9	2	4
128700	-2916.01745760978	9	5	2
128800	-2921.07892844324	13	2	2
128900	-2916.77354560436	11	3	2
129000	-2932.07322935017	12	3	4
129100	-2900.63348923184	8	3	1
129200	-2919.21974181695	8	4	4
129300	-2897.76020960138	7	2	2
129400	-2901.99540594139	6	2	4
129500	-2924.71917233642	7	5	5
129600	-2906.84588598718	10	3	1
129700	-2924.68017923101	11	5	2
129800	-2909.63045213639	9	2	4
129900	-2919.28122031935	11	3	3
130000	-2918.04951625036	9	3	4
130100	-2927.09611646589	10	4	5
130200	-2936.30847287915	9	6	6
130300	-2902.69220157864	10	2	2
130400	-2909.21586225969	11	3	2
130500	-2916.30527072831	10	3	4
130600	-2903.78389994864	9	3	3
130700	-2909.96881025057	8	4	3
130800	-2900.73455331436	8	5	1
130900	-2900.2570775469	9	3	2
131000	-2893.36077610165	9	4	1
131100	-2918.77889236232	8	7	2
131200	-2897.13283687438	9	1	2
131300	-2918.022286316	9	4	2
131400	-2940.20648066591	8	3	6
131500	-2925.58365996092	8	5	2
131600	-2901.77873226298	6	2	3
131700	-2897.28094160226	7	4	0
131800	-2927.94815879086	10	4	4
131900	-2903.2634187019	6	3	3
132000	-2919.73505072759	8	3	4
132100	-2924.75480549175	10	4	4
132200	-2917.01716871181	9	3	3
132300	-2903.42652927132	9	3	1
132400	-2917.67524956464	9	2	5
132500	-2927.53085858085	10	2	5
132600	-2907.96941556042	8	2	3
132700	-2916.42396356121	10	2	4
132800	-2894.22904860006	9	3	0
132900	-2908.93360901833	8	1	5
133000	-2911.35692853716	8	5	3
133100	-2898.20751861887	8	3	2
133200	-2896.82705053049	8	4	1
133300	-2906.99435900134	8	3	3
133400	-2904.33981409643	8	2	3
133500	-2908.31654128705	8	3	3
133600	-2902.67564901832	7	2	4
133700	-2928.84381363646	11	3	5
133800	-2920.51924075906	10	4	5
133900	-2927.16430850941	8	3	7
134000	-2896.59351359107	8	3	2
134100	-2906.31324099139	9	2	4
134200	-2927.21569662366	8	3	6
134300	-2921.56073824551	8	4	4
134400	-2910.37324852049	9	2	3
134500	-2907.27657468794	8	4	3
134600	-2907.93810622179	11	3	1
134700	-2918.19831212139	12	3	2
134800	-2926.39084847736	13	3	4
134900	-2904.13297767612	11	3	1
135000	-2909.78057739779	11	2	3
135100	-2894.58288692712	9	2	2
135200	-2912.54017902845	12	3	3
135300	-2913.47118753476	10	2	5
135400	-2910.99263929989	11	2	4
135500	-2900.33108824089	14	2	0
135600	-2895.78750380205	10	4	1
135700	-2927.86391313329	10	3	5
135800	-2907.51078194508	9	3	2
135900	-2915.70697723485	10	4	2
136000	-2924.43509902914	12	3	3
136100	-2938.27250480972	12	6	4
136200	-2902.73479377814	8	3	3
136300	-2928.15191340373	8	2	7
136400	-2929.5453674938	7	5	5
136500	-2924.06656962342	7	2	6
136600	-2899.69475519384	7	3	1
136700	-2918.97747518352	9	3	3
136800	-2909.68650704294	7	2	3
136900	-2908.23306060489	6	2	3
137000	-2926.10480616954	9	2	4
137100	-2896.43991228257	6	3	0
137200	-2924.29857936898	7	5	3
137300	-2909.14779042172	6	4	3
137400	-2906.57594333597	8	2	2
137500	-2906.47908412411	6	4	2
137600	-2901.09257580111	7	3	2
137700	-2907.66412060814	11	1	3
137800	-2897.10640364118	7	1	3
137900	-2903.94860613795	8	1	3
138000	-2896.97123012341	8	2	1
138100	-2919.26858655463	8	3	3
138200	-2921.01161755263	10	4	2
138300	-2910.54891812433	9	3	2
138400	-2918.33294546089	9	2	4
138500	-2920.24611523347	10	3	2
138600	-2909.86347602237	7	2	4
138700	-2919.19941800089	9	2	4
138800	-2926.05386603198	7	4	4
138900	-2909.16240854821	9	1	2
139000	-2911.39528646758	7	1	4
139100	-2899.61199643212	6	2	2
139200	-2907.63208989792	8	2	2
139300	-2908.71361451154	8	2	2
139400	-2915.57188649907	6	4	2
139500	-2918.06853980075	6	2	3
139600	-2905.17583895855	7	2	2
139700	-2923.32271700335	7	4	4
139800	-2916.93913137308	7	5	2
139900	-2936.84030031121	9	5	5
140000	-2912.18905980832	8	4	1
140100	-2908.37005530613	6	3	3
140200	-2899.30698630725	7	2	1
140300	-2904.5245982546	6	2	4
140400	-2907.06642951587	7	3	3
140500	-2909.54954227825	7	3	4
140600	-2908.53578262988	6	4	3
140700	-2919.41621348025	10	3	2
140800	-2902.90312235388	9	2	2
140900	-2944.29591320985	11	4	6
141000	-2906.84213880817	10	3	3
141100	-2906.57714768595	8	3	3
141200	-2933.04753053571	10	4	6
141300	-2913.94185173587	10	1	3
141400	-2901.06909330696	11	3	0
141500	-2902.44142707033	9	4	1
141600	-2910.8610991464	11	2	2
141700	-2907.71591266789	9	4	2
141800	-2909.06462164892	9	4	2
141900	-2916.54016663722	9	4	3
142000	-2903.6913159529	8	4	1
142100	-2906.34276310721	9	1	4
142200	-2907.31452162948	8	4	2
142300	-2913.14147891715	11	2	2
142400	-2899.65336312666	7	2	2
142500	-2918.24496607903	11	2	2
142600	-2910.20358479639	9	2	2
142700	-2909.18420954713	9	3	1
142800	-2915.91322752629	11	3	3
142900	-2924.366971249	12	7	2
143000	-2898.35980441374	10	3	1
143100	-2908.09598618449	11	4	2
143200	-2889.77864335046	8	3	1
143300	-2912.41270840905	8	3	4
143400	-2899.56937107261	9	2	1
143500	-2905.83490094942	10	2	3
143600	-2900.1833937779	9	3	1
143700	-2898.60910460383	9	2	2
143800	-2926.00882977747	10	4	5
143900	-2896.06826942531	8	3	2
144000	-2909.79039414449	8	4	3
144100	-2910.60614635876	8	3	4
144200	-2912.20201771591	9	1	3
144300	-2925.85280199195	9	6	4
144400	-2906.35336463665	10	3	1
144500	-2905.90696017325	7	2	2
144600	-2908.01106180495	7	4	2
144700	-2922.3096086904	9	4	4
144800	-2926.2365676091	6	3	6
144900	-2921.22082152909	8	2	2
145000	-2901.77285725475	6	2	1
145100	-2925.87365013883	6	3	5
145200	-2923.44485139078	6	7	4
145300	-2930.91824544291	9	2	5
145400	-2916.42008096621	6	2	5
145500	-2904.28309445409	6	3	3
145600	-2925.17307009447	7	3	6
145700	-2906.29299557281	8	2	2
145800	-2918.52214869306	9	4	2
145900	-2922.5708821024	8	2	5
146000	-2906.68540166272	8	4	3
146100	-2922.9800232514	9	2	5
146200	-2907.85540748187	8	3	3
146300	-2909.07862697343	10	2	1
146400	-2905.83032780441	9	4	1
146500	-2913.73137933292	9	3	2
146600	-2906.22528376677	6	4	1
146700	-2916.7389942146	5	4	3
146800	-2921.78445541076	6	5	2
146900	-2907.49838017457	5	1	3
147000	-2903.50812516352	5	2	2
147100	-2932.16675706678	9	3	4
147200	-2906.46031917983	5	4	2
147300	-2917.44652738826	6	4	2
147400	-2906.12507350758	7	2	1
147500	-2908.24353933202	6	2	3
147600	-2909.57826526654	6	2	1
147700	-2913.50686264109	7	3	1
147800	-2920.27465198382	8	3	3
147900	-2899.94111055122	6	2	1
148000	-2920.00652696456	7	2	4
148100	-2892.57470752408	5	2	1
148200	-2914.66822738322	6	3	3
148300	-2929.33321714827	4	4	7
148400	-2931.99866194424	4	3	7
148500	-2910.56910374976	5	3	4
148600	-2913.4913877607	6	3	4
148700	-2927.4785872214	6	4	5
148800	-2912.01262874654	6	3	5
148900	-2911.78691185726	6	3	5
149000	-2910.10903345167	8	3	3
149100	-2916.9985106707	5	4	6
149200	-2923.6295533077	6	4	6
149300	-2908.09586578023	6	4	2
149400	-2929.33321774924	9	4	4
149500	-2905.69474758953	7	3	3
149600	-2914.31681790046	6	4	4
149700	-2929.49723668004	6	4	7
149800	-2912.37429557182	6	3	5
149900	-2928.07398071051	7	5	6
150000	-2907.6399370993	6	3	6
150100	-2912.58365287188	6	2	6
150200	-2916.29638675825	7	3	6
150300	-2903.36340874149	6	3	5
150400	-2913.74126953535	7	4	4
150500	-2918.70950997534	7	3	6
150600	-2904.89618533793	8	3	2
150700	-2905.71814997402	6	3	3
150800	-2910.45584479404	7	2	3
150900	-2907.69359493312	5	3	4
151000	-2937.40976266431	10	4	6
151100	-2910.32334363462	8	1	4
151200	-2911.21760744623	8	2	4
151300	-2919.1237380396	10	3	5
151400	-2923.09864906056	13	2	3
151500	-2909.67951922461	6	2	4
151600	-2899.7417728761	5	2	3
151700	-2916.92106317016	8	2	4
151800	-2920.48718890856	8	4	5
151900	-2914.59626091709	6	4	5
152000	-2895.64443653468	6	2	3
152100	-2921.48013269809	9	2	5
152200	-2915.79271607676	9	6	3
152300	-2917.42826445695	10	4	3
152400	-2911.39536237928	6	3	4
152500	-2926.52998124297	8	5	5
152600	-2895.33256835892	5	2	3
152700	-2895.82018031313	6	3	2
152800	-2918.34005821329	5	2	7
152900	-2926.94117763786	8	4	5
153000	-2918.4109816202	9	3	3
153100	-2917.7361171678	9	3	3
153200	-2905.0920996181	6	1	4
153300	-2915.02974114413	9	1	4
153400	-2913.9199207193	7	4	2
153500	-2914.4721996629	7	2	4
153600	-2904.24486774594	7	3	3
153700	-2911.40774689228	6	3	4
153800	-2903.38623079805	6	3	2
153900	-2918.51757648189	6	4	4
154000	-2912.69672482143	6	2	3
154100	-2919.18870402345	6	2	3
154200	-2922.35137217271	7	2	4
154300	-2910.44853486481	5	5	2
154400	-2908.49528067088	7	3	1
154500	-2924.38605494035	5	5	5
154600	-2905.45109601086	4	5	3
154700	-2915.46059922996	6	4	4
154800	-2923.35386332707	8	4	2
154900	-2905.42806098005	6	3	2
155000	-2900.20985989189	5	3	2
155100	-2912.25238183749	7	3	4
155200	-2901.07356108666	8	2	2
155300	-2917.07140736736	8	3	4
155400	-2913.56334940993	7	5	3
155500	-2909.74017349557	8	4	2
155600	-2932.69529665528	11	3	6
155700	-2920.25438230361	7	2	7
155800	-2888.92987561276	5	2	2
155900	-2892.44215245656	6	3	3
156000	-2916.23396915007	9	5	3
156100	-2916.18520935687	8	2	6
156200	-2915.04618574629	7	2	4
156300	-2904.55161178808	7	3	3
156400	-2917.25437863412	9	1	4
156500	-2925.25274279795	5	4	6
156600	-2899.6577743502	6	2	3
156700	-2914.81848990293	7	4	3
156800	-2903.27053331521	8	4	2
156900	-2921.82637401468	8	5	5
157000	-2912.27917831336	8	4	4
157100	-2913.5535311767	7	3	3
157200	-2910.29375799284	7	4	3
157300	-2917.11846194949	5	2	6
157400	-2904.68905567973	7	3	3
157500	-2920.77356073185	8	3	5
157600	-2912.09280153399	6	3	6
157700	-2907.05487943517	7	2	5
157800	-2912.48069163683	8	2	4
157900	-2920.69041365087	6	3	5
158000	-2914.8879141124	7	1	4
158100	-2916.13077050029	7	3	3
158200	-2911.67208608259	10	3	2
158300	-2898.05829610305	9	3	1
158400	-2931.138232155	10	4	6
158500	-2905.10597776995	9	3	3
158600	-2896.243688533	9	2	1
158700	-2915.71786773234	10	3	1
158800	-2913.38725492465	6	4	1
158900	-2938.47186678002	10	3	6
159000	-2948.1623260455	11	1	8
159100	-2912.33279440446	7	3	4
159200	-2901.44277128331	9	3	1
159300	-2907.27578874938	8	4	0
159400	-2896.55778846692	6	2	2
159500	-2923.78770484312	9	3	4
159600	-2899.89320260338	9	1	1
159700	-2914.12974899583	8	2	5
159800	-2898.90294262258	7	3	1
159900	-2905.90870086972	8	3	2
160000	-2929.30626954952	11	2	4
160100	-2907.28748925699	8	2	2
160200	-2922.06393722408	8	5	4
160300	-2903.36370972341	10	2	2
160400	-2901.27774427077	8	2	2
160500	-2889.13466567401	7	2	0
160600	-2899.25360400682	7	3	2
160700	-2917.45489143372	8	4	5
160800	-2898.60091211552	9	3	2
160900	-2919.55274808351	9	4	2
161000	-2919.38473255765	9	3	4
161100	-2906.87681614479	7	7	0
161200	-2919.15946423801	7	5	1
161300	-2925.18233010366	7	3	6
161400	-2907.15585289138	8	5	3
161500	-2908.47793540536	8	3	2
161600	-2924.16485118287	9	3	4
161700	-2908.81628793796	8	2	3
161800	-2908.49001556469	7	3	4
161900	-2917.45159458801	7	4	4
162000	-2900.32708225609	8	3	0
162100	-2932.47766390772	14	3	2
162200	-2921.03119610681	9	5	3
162300	-2913.5832401242	8	3	4
162400	-2909.67836325392	7	1	5
162500	-2899.55509318075	8	3	0
162600	-2909.9410966145	7	2	3
162700	-2911.5983488626	7	5	2
162800	-2927.4191900508	11	6	1
162900	-2908.15930351226	10	2	3
163000	-2910.20001136379	11	2	2
163100	-2905.24331584134	9	2	4
163200	-2908.16452972261	10	3	3
163300	-2903.32963585042	10	2	1
163400	-2900.05401566175	8	4	2
163500	-2896.09549933617	8	3	1
163600	-2914.03988410056	10	1	5
163700	-2911.68065875676	9	4	2
163800	-2914.53973795708	7	6	1
163900	-2912.7769965566	8	4	2
164000	-2912.55222845007	7	3	4
164100	-2910.82912244973	7	5	2
164200	-2924.21055944822	6	8	3
164300	-2897.92903172518	7	3	1
164400	-2926.57968669802	8	4	5
164500	-2903.89068015134	6	2	3
164600	-2913.3210110552	7	4	2
164700	-2915.6111057533	7	3	3
164800	-2924.72221623309	12	4	2
164900	-2914.10133942427	7	4	4
165000	-2911.66638913933	8	2	3
165100	-2899.37393084909	8	2	0
165200	-2928.58351944709	10	2	4
165300	-2909.5292439153	6	3	2
165400	-2923.06704825643	9	3	4
165500	-2898.97498241753	8	3	0
165600	-2904.35113983462	9	4	0
165700	-2902.36636503033	9	3	2
165800	-2908.25052966491	9	2	2
165900	-2914.29445192239	10	4	1
166000	-2910.82298317069	8	2	3
166100	-2929.42714970365	9	1	6
166200	-2907.65928026284	9	1	4
166300	-2924.58493142137	11	6	2
166400	-2899.36913973752	10	2	2
166500	-2890.73101287531	8	3	1
166600	-2905.380216603	10	4	1
166700	-2914.00312026475	9	3	4
166800	-2919.14884398453	10	2	4
166900	-2896.34838344481	7	2	1
167000	-2902.65113469756	7	3	2
167100	-2910.40964971869	8	2	2
167200	-2920.56259013689	10	3	3
167300	-2915.91857455116	9	2	3
167400	-2906.67909881684	8	2	3
167500	-2913.1747949997	11	1	3
167600	-2919.67692355022	13	3	1
167700	-2906.27644693156	10	4	0
167800	-2913.4598494478	9	2	3
167900	-2918.4955563755	9	6	1
168000	-2905.88207787344	9	2	2
168100	-2901.38544683845	8	4	1
168200	-2911.73857871426	11	1	3
168300	-2946.37996496604	12	6	4
168400	-2912.85338372094	8	3	3
168500	-2901.09939202273	7	1	3
168600	-2909.84127850954	7	3	3
168700	-2899.54710527947	6	2	2
168800	-2896.02730705545	7	3	2
168900	-2911.69161586665	8	2	4
169000	-2905.90044083181	12	2	1
169100	-2910.5550659576	12	2	1
169200	-2917.02815970192	8	5	4
169300	-2908.41782848387	9	3	4
169400	-2905.33537078621	8	4	1
169500	-2912.21382729678	10	2	4
169600	-2897.61661897471	9	2	1
169700	-2917.51634866243	10	3	4
169800	-2892.33311152464	8	3	0
169900	-2910.88499331497	10	2	2
170000	-2907.78770119544	10	4	0
170100	-2915.17088181896	12	2	1
170200	-2904.4285336714	8	2	2
170300	-2905.81045296061	9	4	1
170400	-2893.64842080891	8	2	0
170500	-2897.83928218951	8	2	1
170600	-2906.46335734973	9	3	1
170700	-2909.7627048043	11	3	1
170800	-2912.85678579302	10	2	4
170900	-2890.45918890119	10	2	1
171000	-2921.5788560729	10	3	5
171100	-2918.81611016214	10	3	3
171200	-2914.11413831051	9	4	4
171300	-2907.96383138422	8	5	3
171400	-2897.95526116087	9	3	2
171500	-2901.96531103417	10	3	2
171600	-2908.96767035148	10	3	3
171700	-2902.40821677083	8	3	4
171800	-2894.65051478375	8	3	0
171900	-2899.34023710611	10	4	1
172000	-2908.96384996784	10	4	2
172100	-2917.43557670575	10	4	5
172200	-2914.92608877205	8	5	4
172300	-2910.44066630191	11	2	4
172400	-2909.41567492342	12	2	3
172500	-2905.68789220189	11	2	2
172600	-2921.50770326441	13	3	3
172700	-2911.74510664008	10	3	4
172800	-2913.16708165798	11	2	3
172900	-2904.29786721507	12	3	1
173000	-2901.18430237647	11	2	2
173100	-2921.78654239074	9	4	5
173200	-2928.0595157116	12	4	4
173300	-2898.52377592646	9	3	2
173400	-2901.70892009181	9	4	1
173500	-2906.83196965334	10	2	4
173600	-2896.66574848049	12	3	1
173700	-2931.55042652562	18	3	2
173800	-2902.17444564924	13	2	2
173900	-2903.17991707914	12	3	1
174000	-2908.32185641109	12	5	3
174100	-2923.97855817415	11	6	3
174200	-2939.19202862831	11	5	6
174300	-2904.37341055356	9	3	1
174400	-2908.84411597438	8	6	1
174500	-2916.05754812253	9	3	4
174600	-2903.46778964683	9	2	2
174700	-2913.03870900356	8	2	4
174800	-2917.52661095808	10	4	3
174900	-2914.94833498605	10	2	2
175000	-2896.64429086172	8	2	1
175100	-2927.50036750216	8	5	5
175200	-2908.25018822559	9	2	4
175300	-2894.42851100006	8	4	1
175400	-2908.83358355903	6	4	2
175500	-2907.60360997202	10	2	2
175600	-2914.08329551544	10	3	2
175700	-2912.8657968103	8	3	4
175800	-2890.68092965969	6	2	1
175900	-2924.38717449315	10	5	3
176000	-2894.05534082464	9	2	0
176100	-2907.81443214332	10	3	1
176200	-2904.41572124001	7	3	2
176300	-2920.15340246031	7	2	6
176400	-2896.43288697423	6	2	2
176500	-2935.19532440468	7	2	8
176600	-2913.77794257924	6	3	4
176700	-2908.07025531476	7	4	1
176800	-2910.06274598823	10	2	1
176900	-2913.77841761751	6	4	3
177000	-2894.20182395631	7	2	1
177100	-2923.60607460152	8	3	5
177200	-2908.21821707083	5	2	4
177300	-2924.10140743118	7	2	6
177400	-2897.2564663701	7	1	1
177500	-2895.67186686431	7	2	1
177600	-2918.11407188498	8	4	2
177700	-2896.44288271437	7	2	2
177800	-2903.67781238824	7	3	2
177900	-2901.30545039669	6	3	2
178000	-2920.63322260155	7	3	5
178100	-2906.56297351405	10	3	0
178200	-2928.09497635654	10	2	6
178300	-2903.81600210429	11	3	2
178400	-2895.89730696794	8	2	1
178500	-2915.37280482061	9	4	2
178600	-2921.93520745975	9	5	2
178700	-2919.76072297926	9	3	5
178800	-2896.13896544254	8	2	2
178900	-2905.7174122069	7	3	4
179000	-2914.94625588204	8	3	3
179100	-2915.13002823494	6	3	5
179200	-2905.81914206349	7	2	2
179300	-2904.93616782907	7	2	3
179400	-2915.86433719905	7	2	4
179500	-2912.50414209122	10	4	1
179600	-2908.79551486811	8	3	3
179700	-2915.22310545905	8	3	2
179800	-2923.58781376643	8	3	4
179900	-2905.65553263951	7	2	3
180000	-2907.94784250564	9	2	1
180100	-2905.463685077	7	3	2
180200	-2904.62705872115	7	2	4
180300	-2921.76291679211	8	5	2
180400	-2906.24449369515	7	2	3
180500	-2912.57744428436	8	5	3
180600	-2915.61193156016	10	4	3
180700	-2921.84717385309	12	2	2
180800	-2930.60290834848	11	5	4
180900	-2904.79045895752	8	4	2
181000	-2912.17095176125	8	4	3
181100	-2909.26293080679	8	3	1
181200	-2922.98475318331	11	2	3
181300	-2905.65067289287	8	4	0
181400	-2913.12950674002	6	4	4
181500	-2917.6549063259	7	2	5
181600	-2915.85536843223	9	4	3
181700	-2894.16778193775	6	4	0
181800	-2897.38398176476	6	2	2
181900	-2910.6290427565	9	4	1
182000	-2913.59958386507	7	4	3
182100	-2897.51575137521	7	2	2
182200	-2909.03022063088	8	4	1
182300	-2907.8725682742	6	3	2
182400	-2924.84358324957	6	5	5
182500	-2903.63338530591	8	3	1
182600	-2906.9255212089	10	2	2
182700	-2899.04283858095	10	2	0
182800	-2912.02596599176	9	3	3
182900	-2913.30213398486	8	5	3
183000	-2892.7991430259	8	2	0
183100	-2908.51200692918	6	3	3
183200	-2897.73597958681	6	3	1
183300	-2921.8708312865	7	3	5
183400	-2918.43905234982	5	5	3
183500	-2903.67009036709	6	3	2
183600	-2908.19127515336	6	4	3
183700	-2888.95179118758	6	2	1
183800	-2911.41721468349	8	2	4
183900	-2913.88542482667	7	3	3
184000	-2896.67053994451	7	2	1
184100	-2902.47954060446	7	3	2
184200	-2925.19302169334	9	4	4
184300	-2909.09852464782	7	2	3
184400	-2917.09028361436	6	3	5
184500	-2910.19660669248	6	3	4
184600	-2917.41565080095	8	3	4
184700	-2897.11474510636	6	2	1
184800	-2930.74966005568	8	4	4
184900	-2898.54947204638	7	2	0
185000	-2916.0668833028	8	3	4
185100	-2911.84162680981	8	2	2
185200	-2906.95739962416	7	3	2
185300	-2898.95962805294	7	2	0
185400	-2916.14280117335	7	3	3
185500	-2918.78617648997	11	3	2
185600	-2916.08798599559	6	3	4
185700	-2938.93201775827	7	8	2
185800	-2920.924215759	7	3	5
185900	-2913.52484325242	7	2	4
186000	-2906.19784338511	7	4	2
186100	-2908.34500066226	8	2	3
186200	-2901.53208294391	7	2	1
186300	-2921.46888691816	9	3	4
186400	-2896.8437258773	7	2	0
186500	-2911.85128901257	9	2	2
186600	-2914.30360865337	10	5	0
186700	-2923.88826134176	11	4	1
186800	-2916.64659240644	8	2	3
186900	-2909.73257451079	8	3	3
187000	-2896.28907524188	8	2	1
187100	-2900.14412903874	6	2	2
187200	-2912.04236002472	5	2	5
187300	-2910.46386169713	5	2	3
187400	-2901.26250437656	6	2	2
187500	-2926.77324746474	7	4	4
187600	-2898.13888468285	6	2	2
187700	-2902.49239459647	6	2	3
187800	-2903.6867053094	8	3	0
187900	-2910.37801162368	7	4	3
188000	-2907.7885724215	7	2	3
188100	-2911.42408274991	8	3	2
188200	-2907.9457330521	6	2	4
188300	-2907.73351768354	9	2	1
188400	-2909.02848247612	7	3	3
188500	-2907.90152673054	7	3	2
188600	-2908.03857823872	7	2	3
188700	-2907.43727654064	6	1	5
188800	-2915.8100240284	9	3	3
188900	-2913.85890468172	6	2	5
189000	-2904.91122507553	8	2	2
189100	-2925.70342633929	9	3	4
189200	-2915.61251547372	7	4	3
189300	-2903.18460787746	7	2	1
189400	-2909.84548953681	11	2	1
189500	-2908.55778622668	8	3	2
189600	-2923.14245919384	6	5	5
189700	-2932.94236527173	12	4	4
189800	-2907.34971873995	8	2	2
189900	-2910.25697441655	8	4	1
190000	-2929.66240107908	12	5	3
190100	-2903.47891267236	9	2	2
190200	-2902.93765101906	8	2	3
190300	-2905.29130644081	7	4	1
190400	-2904.33803198994	8	2	3
190500	-2921.349050931	9	2	5
190600	-2900.34354772442	7	2	2
190700	-2925.31673110364	12	3	4
190800	-2902.98511741026	8	2	3
190900	-2900.40818543153	7	6	0
191000	-2912.40343489853	8	6	2
191100	-2900.12707372859	9	3	1
191200	-2903.1103987235	8	3	2
191300	-2908.36360946221	7	5	2
191400	-2925.11634728989	8	5	5
191500	-2915.94064792452	7	4	4
191600	-2909.77219692498	9	3	2
191700	-2926.95794296252	7	6	4
191800	-2907.56199015876	6	5	1
191900	-2897.98208372297	6	4	1
192000	-2920.77423317585	8	6	1
192100	-2915.47066021753	8	3	3
192200	-2925.92068904209	6	4	5
192300	-2919.10646658385	10	4	2
192400	-2904.6595223246	7	3	3
192500	-2903.05857113699	6	4	2
192600	-2904.89833916414	8	3	3
192700	-2902.81711551548	6	3	2
192800	-2916.83980333047	7	5	3
192900	-2921.20288935449	8	5	3
193000	-2924.10748676443	11	3	3
193100	-2900.28497626724	7	3	2
193200	-2900.93687956707	7	3	2
193300	-2908.17867930888	9	3	2
193400	-2915.95953747528	7	5	3
193500	-2905.42786629306	7	3	3
193600	-2914.40629250564	9	1	4
193700	-2909.81167713666	9	5	0
193800	-2903.5311890095	7	3	2
193900	-2911.72616190486	8	2	3
194000	-2926.87205407719	9	6	1
194100	-2914.14083177468	9	2	3
194200	-2922.2941344696	8	3	5
194300	-2915.48224348285	7	7	2
194400	-2927.023455814	10	4	5
194500	-2926.61638046451	8	5	2
194600	-2909.23096933653	8	3	2
194700	-2910.00776431667	9	4	1
194800	-2916.57253712067	8	6	2
194900	-2917.58016357526	9	5	3
195000	-2901.85328486417	7	4	0
195100	-2913.93007597533	9	4	1
195200	-2909.83038343019	8	4	0
195300	-2919.45611727647	8	5	2
195400	-2933.99831217849	9	5	5
195500	-2909.23927700019	6	5	2
195600	-2904.56639429366	6	4	1
195700	-2927.34037770378	10	3	4
195800	-2941.0215186272	8	4	7
195900	-2921.72311018088	7	5	4
196000	-2923.03050571552	9	5	3
196100	-2900.12049924994	6	3	2
196200	-2903.94667858137	6	6	1
196300	-2911.75253408918	8	4	1
196400	-2912.46408721225	6	3	4
196500	-2906.46958248578	6	6	0
196600	-2906.51886981984	8	4	1
196700	-2901.24752222478	6	3	2
196800	-2897.7472224528	6	5	1
196900	-2904.64934481693	7	6	1
197000	-2907.4446413482	6	4	3
197100	-2903.90137647531	8	3	1
197200	-2907.39830329221	8	5	1
197300	-2910.2644499065	8	3	3
197400	-2904.80994102233	9	3	1
197500	-2914.05134345114	7	5	4
197600	-2926.48787934292	10	7	1
197700	-2905.77154438616	7	3	4
197800	-2900.61171232481	8	3	1
197900	-2911.27918087599	8	5	1
198000	-2906.55669347554	8	5	1
198100	-2930.58292889658	9	3	6
198200	-2906.49553512185	9	3	1
198300	-2906.69694200099	6	4	3
198400	-2909.32403705045	9	4	1
198500	-2909.5398646982	6	3	3
198600	-2913.39652242341	7	4	2
198700	-2906.88162025392	7	3	2
198800	-2909.40295662404	7	3	3
198900	-2929.60940436191	9	3	5
199000	-2910.74710160152	7	1	4
199100	-2908.34264621494	8	2	3
199200	-2908.60452449162	10	3	1
199300	-2923.26518839435	9	2	4
199400	-2920.42239065086	9	3	4
199500	-2919.36336196873	11	3	3
199600	-2903.3557985822	8	2	1
199700	-2905.77464647028	9	5	1
199800	-2909.39698696993	11	2	2
199900	-2901.06509598242	10	2	2
2e+05	-2906.12294999129	8	3	3
