MassExtinctionTimes
53.20572	45.09597	49.32
53.39346
52.73278	21.2963
53.47835	0.65475
52.47188	16.99699
16.63515
21.92266	9.639518	41.58047
13.47279	36.84319
34.99548	29.6684
7.465791	1.990851
20.73234
5.608289	35.13797

42.43772
45.38232	28.78927	36.29037	27.43866
0.5802851	37.14708	16.34852
30.8875	8.495545	36.2309

3.301819	10.38097
50.84366	32.76258
45.43172
0.2867845
43.54588	15.87591

52.59721
51.39758	53.1082	32.71972	45.04093
31.44454	3.640535
53.13964	35.12228

3.893979	26.94459
50.90972	55.92	2.757786
52.90503	27.0287	34.9923	8.186277
53.05384	47.15512	48.10934	46.86797
52.90496	36.69316	9.007943	27.32141	4.693592
17.62294
52.99968	35.43224	11.61897	29.86505
52.99968	55.87192
52.99968
52.99811	42.59358	42.19175	29.43508
52.73917	34.95156	44.91402
46.22793	34.02285	29.23282	44.24855	35.68506
51.75242	25.79671	22.83337
52.93831	9.570491
52.71904	31.46946
52.97217	47.81638	33.57315
53.2531	32.73654
52.54898	1.664261	38.82174
52.86027	6.479124
52.85833
53.05672	4.407258
52.88566	4.188055
11.49299	27.16352	9.777093

48.94908
16.45862
10.90474



53.36876	52.91415	9.317564
52.44047	4.75871	29.86553	0.4260438
53.21403	35.09356	4.832276
53.19944	3.858535	44.07694	17.88778
53.08636	7.594363
53.03539	37.10091
52.76624	29.11893	16.59143	43.07308
52.8421	35.38286	48.39782
53.03743
52.8462	31.39372	10.43838	39.65211
39.80282	52.71581	9.570368
6.569936	13.91126	4.619079	22.43655
1.537612	7.645318
23.31647

8.917844
26.78728
11.15664	13.69505
53.11756
52.94697	23.7853	21.26826
8.421196	2.740476	46.099	21.0395	34.0923
51.49413	53.82151

26.83116	42.93983

6.776414	43.67624
0.9006676	53.26075	37.77235	11.29315
52.67021
52.50559
53.5815	38.91046
52.90209	45.48801	36.8585
52.73532	34.79447
52.73532
52.94787	45.78851	37.49512	26.45472
53.06972	41.81966
52.18633	7.134815
51.08591	51.75966
42.629
6.152573	4.220864
8.222117
52.73642	55.00307
52.85472
53.40102
53.00414	23.05648	29.13227	32.94996	8.181982
53.03826
52.94789	34.99759	41.28868


26.2013
7.582127	29.13234
45.22158
52.78264
53.01829	33.11851	15.4366	0.7782478
53.2812	36.9002	52.94445	43.95343
52.58991	37.37798	2.274417
53.30624	33.79658
30.89324
51.52336	52.33454	32.50162	4.909138
46.11055	52.7316
52.80863	7.109879	5.926166
52.44093	32.08176	2.510013
53.34883	3.795926	43.18452	52.42264
52.85852	42.95264	38.86421
52.43447	53.10631	7.643069	30.06286
53.31829	5.806492	0.4845813	50.06725
53.23525	6.014165
53.08943	42.10064
53.28417	53.49496	43.28533
15.28433	24.844
51.19345	38.40303
35.6417
32.87981	28.68422
48.56792
7.131681

53.71112	0.98058
53.29296	10.25663
51.02836	5.613577	32.1589

53.56222	43.22443	32.09459	14.76871
52.42905
53.44369	14.73129	53.11907
9.082649
52.22638	36.98688	5.782818
52.86787	8.36628	0.9150304
53.39894
52.20798	8.35792	0.8369846	4.590046
52.83413	8.87623	44.14982
52.45395	52.17104
53.32704	35.82248
53.03177	17.02697	8.332321
53.03177	32.38635	36.64215
51.99502
9.303637
6.941106	47.47303
8.931638
32.85128	5.846792
36.83611
52.50962
53.37847	35.12708
52.51079	9.993954
41.45953


54.37445
48.71376	50.89861	3.449695	15.2822
53.19296	51.80823	4.185513
52.62445
53.86917	7.674452
40.36086
2.727863	8.306828	32.9445
45.64744

8.881642	45.01663
7.263944	10.24183	4.270073
31.17404
53.26512
52.38971	43.31097
52.61816	33.92179
52.8907
53.10237
52.79091	50.55282	4.471956
52.35085	30.33982
53.05939	45.97374	51.55811	49.51551	36.92681
53.32787	13.0903	42.60272	36.44772
53.66258	7.827908
53.07617
53.2459
52.19355	39.96041

53.04101
52.69022	35.38333	52.33531	7.5508	3.819287

37.38816
52.05372
29.75855	3.159271	29.17589	13.70154
32.80195	8.418678	32.69219
18.44376	8.884546	7.251596
7.910092	4.911065	51.25884
48.55774	10.32232
48.6205	51.64914	4.56682
4.267217
9.754454	53.83749	30.51214	6.383998
20.15877
19.22419	14.27125
18.17087	3.425991

36.74857
52.93895	32.93183	11.30616	7.954524
53.16726	29.4136
53.00536	45.44978
53.65807	27.44047
53.77131	18.13296	46.11949
53.33794	2.434622	8.783272
26.00164
52.51483	1.992645	7.669508
53.39398	34.73983	48.74384	6.40179	32.71073
53.39398	17.94592
53.48527	31.98685	25.68227
51.97991	26.91648	6.462031
28.68056

53.15872	38.55241

29.21978	11.88295
8.461883
35.80366
31.51755
26.17508
52.63103	37.38714	50.28618
53.00586
53.18651
7.864184	1.833339	9.717878	50.98357
6.59774	31.83785	4.20558
10.87021
53.38937	25.55099	4.426075	10.88985
12.41578	25.44145	43.41217	53.79008
52.42731	35.43338
53.39427	45.93099
52.40629	32.34409	39.80173
33.49004
53.58796	38.49455	14.57038	9.416157	6.845439
42.75979	53.94227
53.4067	50.24689	52.20691	26.3798	33.53914
52.37831	4.774329	7.813561	25.43097	12.81204
52.89065	38.59612	5.861017
48.61035	35.82313
52.59978	37.54602
52.99854	28.64896
26.99483
35.98867	5.906927

35.28165
53.57779
7.500123	35.57472
6.965344	26.35984
52.98142	48.68906
53.19912	48.68827	46.24908	18.81952
5.592295	12.99724	16.86776
53.3613
53.15614	7.201405	5.965556
45.64707	53.55523
52.95351	38.09633	7.943288
53.47053	32.76247	8.07009
53.06518	44.8867	11.28932
53.06518	44.38354	31.97447	7.982576	38.79728	2.737293
52.18218	4.951479
53.41982	37.88166	37.70993
52.85973	8.0393
53.047	23.07141
53.047	31.43102
53.02038
52.95259	46.12816	9.473523	27.11146

53.0019	30.5005	16.04526
52.72148	27.87822	12.12404

53.5084	0.785454
52.49032

52.97732	45.2869	52.4235	13.36157
53.31441	38.36939
52.92703	26.44434
5.294073
52.82118	7.854189
51.42726	47.93251
52.9746	44.1529	30.23482
45.43844
52.33912	1.350779	35.94081	29.46698
52.78917	36.69048
52.13098
53.21169	43.04016
52.43987	14.45727	34.97415	2.285878
52.59218	10.9393	3.924109
52.59218	36.52675	8.52862
52.87944	39.02219	7.924127
51.81549	27.31421	6.722707	37.75826	0.5328732
53.16075	1.388944	1.520937
37.31963	22.96311
12.04258
34.69798	8.399388
37.9462
11.43131	45.65619
51.36695	37.66118	6.674271
6.060219	43.19535	51.14331
3.066365	7.504096	13.80428
48.10201	35.70701
53.44955
53.05756	47.19626	5.235352	48.06633
52.83623	48.496
50.72983	52.11068	43.19617	37.10146	30.10558	13.09801
32.11949	48.46303
51.93301	7.108657	1.05762
52.7334	37.34848
52.73321	9.552409	3.141471	9.359103
53.41049	45.59964	37.98757	5.582016	3.477998
53.25442	44.40566	44.47624
52.69733	30.84782	45.5228
53.07906	46.20799	21.21133
53.00185	8.63391
13.70024

51.97365

53.07084	6.637834	2.123515
53.03759	37.07822	47.15903
53.18697	37.86722	8.493121	38.53436	32.3915	48.41245
52.99287	29.99561	2.991629	40.36495
52.50936	45.38424	11.0187
53.13353	6.968665	27.36108
2.172812
37.8787
52.5253	8.27298	7.804528
52.80818
53.03712	5.997502
32.92906	53.50048	6.962059	26.84844
52.92903	52.75746	37.15317
53.36713	7.635813
52.45715	27.57245
52.93812	52.68162	32.91136
52.91531	7.249515	43.24437
52.54897	22.98142	8.257247	37.71623
53.08588	10.77341
52.33471	45.35169	31.49179	37.21622
0.05605262
8.406644	53.2758
52.92257	4.075128	9.696725
52.92257	20.16019
53.00956	35.91498	32.05271
53.00956	41.50973	52.24082
53.07661	2.25563
53.24418	27.06968
8.964032
10.91838	7.418067
2.277794	2.815437
52.8751	39.98748	45.16326
52.55868	36.01203	0.2999115
52.95528	36.64862
48.90163	39.10081	52.45562
10.13517	28.08334

50.77094	45.39932	53.03354
38.96668
51.89836	7.958241
52.9748	39.27164
52.9748	35.27597
52.75807	28.97248
51.44814	33.15727	4.696101	33.82951	2.771092
52.8095	37.24151
52.99931	38.32292	33.27328
52.89152	35.69436
52.59025	42.87222
53.2424	54.80046
52.96959
33.26899	52.8269
52.61087	7.660472	48.68388	32.77071	51.82761

44.17067


9.075749	29.4727	43.97999
32.67282	0.6272508

52.74608
5.351687	44.59213
31.49262	52.69675
53.04444	8.716475


1.670459	5.335367	50.84073
49.40401	9.168179	45.42153


0.9103331
3.612019	8.593149
53.38139
52.94652	14.69787
52.97909	25.53458	0.92549	12.48456	40.50379
52.90463	53.27771
52.89393	37.66149
53.08333	53.09128	7.578288	5.842538	55.88929
53.11356	35.6121
53.09347	7.510845
10.14267
52.9198	27.29885
47.74853	36.18634	8.333209
53.26954	43.29473
53.05757	37.22512	0.7420786	4.434242	26.47939
8.625801	49.04916
30.04299
51.85553	34.49887	53.86716
53.46238	12.99383	52.37938	21.44927	7.04644
52.20107
32.97948
28.79606
11.25707	51.94681
52.2486	38.02603	31.43873	29.70749
53.0565	29.58841	31.19759	7.446595
53.0565	37.09189	14.90921	7.817212
53.0565	39.27083	45.18853	22.93305
53.31778
52.89606	45.49208	43.49713
53.33491
52.84063


13.70088	28.02609
23.04696

9.431464

53.43733
52.81562	38.00902	36.74658	53.47823	14.58917
52.43688
53.02258	37.80425	25.38745
52.31001
53.03879	34.00331	36.48944
52.88651	53.21955	8.569474
52.81483	34.8506
53.07304
38.03402
51.44805	5.654632
53.00612	9.613563	53.62255
52.99402	44.97931	28.23924
52.70757
53.03826	42.92354	31.83112
52.98627	1.054036	36.06675	1.735714
53.75292
52.68983	5.252569	31.59671
53.08414	52.38921
52.97008	33.74196
52.89452	28.66076
10.32378

52.55211
35.07634
53.35269	42.85109	9.936895
52.76207	15.66564
52.72365
52.81321	41.77296	34.05162
52.83666	36.02353	11.41283
53.07126	9.188029	49.01517
53.01899
52.20262	37.47289	40.81742
52.72734	11.94044
41.50301
43.75898	44.59509

23.73442	44.1796
2.444795	38.31295
21.83019
53.32293	50.9948
52.87214	37.20438	4.276034	50.52999	46.4137
53.07652	31.98229	6.520388
53.04051	8.141924
52.76562	55.72271	39.29101
53.00094	37.43748
53.31816	29.3332	35.64062
53.12667	47.16675
52.93988	34.57939	20.11849
53.07285	29.83455
53.07285	15.26914	29.80072
53.35805	25.46014
53.07108	28.06454	41.18712
53.08306	43.5324	5.141389	26.22757
52.96478	5.11783
45.56369	34.7773	6.639973
52.73919
37.49452
52.3245	45.42566	1.906987	41.59718

52.75927

46.28016
45.69037	39.32866	15.46639	7.387534
26.95459

25.16942	1.577104
35.62543	25.61361

26.50786

3.961618	3.011262
29.48656

52.91146	0.6755731
53.28384	33.32545
52.89016	45.78071	42.20356	14.82104	52.27015
2.076619	44.59351

37.93498	7.222619
53.20612	46.33224
53.06957	33.39848
51.87394	41.45091
52.58117	36.04945	20.86957	36.16318	49.31752
48.53279
17.19617
53.37376	1.916909	53.28046	43.53561	37.12159
49.92679	28.3781	13.68963
52.91282	54.74595
28.75777
6.93155


45.19395
48.36072
23.48757
9.374828	35.19458	53.29478
52.52062	21.78888
53.03463	26.75912	3.179945
53.03463	44.1861	28.39396	14.03175	13.99645	32.61757	12.67352
52.78677	40.86115
52.67088	52.43229
52.98644	7.198973	7.279118
53.07093

33.53064
35.20527
52.51228	50.57935	11.80998	31.32995
52.91635	26.48548
53.27173
52.46618	8.86649	2.35158	45.54107	30.3234
52.76787	2.435994	6.736678	8.059963	2.120054
53.20672	0.7591178	40.94717
52.9325	53.67359	23.20148
52.91271	31.30651	50.83814
16.69939
16.69669
45.59467	4.472697
52.30221
7.56199	51.16392
42.13542
29.73757	3.860901	9.726523	12.25259
52.78045
53.39611	7.424231	52.36589
52.80336	37.25046
52.22089	5.952373	27.85591	7.317272
52.81073	2.672838	38.61591
55.16929
52.79579
52.93516	23.91942
52.74748	4.548521	2.833332
53.36481
52.715	45.54427
52.83367	7.090222	8.441518
52.76637
52.58834	35.7871	6.176805	2.086105
9.96782	43.75315
17.62467
53.67468	32.79256	14.98994	46.04048
51.8247	12.01076	6.687943
52.77832	35.56421	29.63937	26.23592
53.29188	14.64285
52.4092	17.19935	46.75262
45.67716	5.30528
53.53505
52.87597	8.868332
53.08362
52.91271	30.30108
50.8902	45.53974	4.007894	14.12634
52.84445	28.58301
53.19599	45.44029	17.09003
48.96106	29.53346
53.05212	4.139828	11.24887	55.15785
52.88008	29.81546
52.12272	51.95768	11.20009	44.82885
6.096858
6.4965	8.699294	16.29108	48.40304
37.77476	5.744279
55.67566
53.6211
2.705952	33.68508	4.948616	3.96962
8.532213	0.2348988	52.08703
4.411114	55.84057	17.76995
50.26637
51.70165	48.92496	3.62469
53.31958	37.95698
52.72755	51.65289	50.85144
53.36974	49.03955	1.378405	12.36307
53.28631	41.28842	48.0278
54.09408	50.9118	44.67906
52.56655	34.44478	8.726656
52.90288	31.13554	3.840888
53.41138	5.541514
53.01437	5.945364	44.83704	37.17569
19.293	19.41768
53.26059	53.783
52.67862	6.209375	1.418554
49.45791
53.13369

52.63878	36.58056
52.44511	43.3852	29.84663
52.94969	30.66525
52.94969
8.794987
53.0178
53.01045	44.55564	4.552502
52.9538	27.22271	8.788481
52.60669	41.08781	9.578943	35.63435
52.56565	35.94535
34.95855
12.14187	44.99581


35.80628	37.99516	52.4499	34.32511

38.52092	4.918434
34.29351
7.899045	11.65793	54.25036	47.66785
52.75951
36.90628	0.6330173	6.654247
40.20164	26.85157
52.07193	30.38718	38.71332

52.76448
42.70305	51.7656	4.03307

52.84566
53.64913	8.411987	34.54265	44.61628	16.33754
52.57933	9.180278
53.00274	7.627386
53.35581	7.401738	48.91383
53.24982	10.35661
52.87891	23.54115
27.3804	12.79851
5.654693	9.726541
52.59944	11.79825	21.56067	9.259254	37.73523
53.16132	42.12746	6.321925	27.82987	0.4613088
14.08716
42.23309	30.09894	52.98119
45.7356	43.4009
1.601917
7.68145	32.6115
8.286008

53.84474	5.961272	40.85429
4.605689	31.37475	0.2809968
18.03721	8.027545	27.47557
0.4174366
2.58344
15.31236
7.360647	52.58334	30.71989
24.20382

45.25892	21.47399	16.95662

19.75627
0.9627657
30.0978	27.74911	35.15293
31.70019

49.92477	39.0333
1.451517	16.32111
51.33442	37.25311
53.05998	40.99479
52.96666	1.084938
2.355445	17.13655
7.579176	46.32601
51.90106
53.07213
9.551067

7.594149	32.45743	37.22607

50.53383
52.15269	2.22105	5.440835	9.624073
53.30972	31.59407
53.70027
3.494241
8.75841	1.165976	33.86319
7.604318	33.37319
52.30973	31.40084
2.631049	0.6143136

8.877885	1.000132
52.6466
52.70421	24.46924	47.52637	36.01847
53.4143	36.75903	3.889236
52.66049	42.46728	37.1089	3.104441
52.95349	44.47518
52.95349	4.086801
53.33214
52.83404	36.82589	8.514861
52.77102	35.75966	34.09704	6.314502
53.06742	34.25995	37.67711	22.90265
53.06422	29.38606	6.5014	23.07552
52.56966	29.60988
37.19585	9.002087	51.31729	52.9482	50.40282	15.7892
52.82173	5.606668	42.62703
53.09324	4.69001
32.02182	5.163599

7.879382

1.688906	11.45138
30.88811	29.35215	53.5535
8.789979	52.54865	13.70627
53.6022
47.07355


43.42237

52.25981
20.67048

13.24169	4.658561	15.43747	1.066238
13.79557

35.2613	48.55436	3.17408	2.625437
35.3409	52.79536
52.39892
27.47788

53.11946	14.64699
36.04089	16.32979
45.13294	39.65252
53.36352
9.940464	29.75852	48.4068
9.946044
49.3902	18.73217
2.63165
2.152197

45.95771	23.29661
34.02609	10.27866
53.0071	8.444654	13.4409	8.785567
53.25142
45.59244	52.24078	11.59338
51.20267
6.732599


52.86676	52.0198	12.62201
30.94679	23.45686
28.66246	45.01834

32.35129
42.42162
53.26556	41.13949	4.627049
3.503958	0.7643874
53.08149	5.427242	1.64268
53.4158	21.05699	0.4007148
1.425995	14.09585	19.66338
34.64046	5.651275	8.79401	1.191874
2.210311	52.06077	51.66406	14.8873	9.124268
51.50106	7.817862	25.95708
51.83791	43.64047
53.03952	46.35454	5.703532	38.7106	35.58574
53.34679	35.78709	32.4931
53.07602	12.88003	42.33466	41.40623
52.21665	52.17282	45.53051	45.79107
31.05088	38.91528
52.91179	9.222215	5.145044	50.1233
21.34544
33.88343
52.17206
52.87022	27.4051	7.037414
53.3814
52.182
53.44018	24.29056	38.76069	34.55404
53.05418	32.34731
52.88697
51.57486
53.39881	22.82074	12.46465	6.260012
53.07999
53.25236	19.81696
53.28737	36.20641	8.061704	33.66939
53.81055	9.304461	46.10848
53.37473	45.34386	27.38257
50.51701	25.36894	9.693929
3.763049	4.831902	13.63843	53.02515
53.49633	39.20899	6.378946	34.154
54.00484
35.48414	14.09221
26.33638
52.05043	34.72709
33.47754
45.47898	3.541284
36.35173	31.49452	28.42302	3.094494
23.43861
3.306414	8.824934
53.41911
52.43664	45.17011	34.27307	40.15474
53.02389
53.50169	27.22951	44.28046	18.57318
52.82504	0.6488927
52.99277	10.23512
53.66772	4.712114	49.71621
52.52242	23.13794	43.48385
36.59023	0.710754	25.41089	54.58735	24.54222	9.133511	3.157956	28.19688	4.957378
52.54789	2.855383
53.04556	1.48219	7.852716
53.38202	47.09323
4.894874
52.51437

37.62187	44.20476
1.538192
53.34138	24.73808
53.41678	38.55861	37.35753
4.234953	50.79883
53.06819	27.56276	36.2117	31.34804	11.60849	47.86566
53.39736	44.00248	29.27534	36.96032	4.748537
53.28061
52.94471	52.80672	8.897721
52.87258	35.53524	6.302172	1.866806
53.67278
53.46208	7.23777	9.320559	30.9679
53.03163	50.639

53.8583	35.6522	8.540289	7.398386	5.175178	51.53772
52.81094	26.47501	27.12109
51.4502	10.38384
29.61907
52.49309	9.906798
52.62119	3.209382	13.21018
53.39646
53.39646	42.09258	31.66711
53.29543	1.801877
52.70533	31.60139
52.73809	29.97821	52.67385
53.39841	13.36197
53.35693	31.84626	4.626819	32.02785
53.00391	42.71229	0.493266
52.89168	2.888612
53.39627	26.96501
52.9783	4.814474
53.55956	45.28489	5.994536	53.40227
51.63409	37.18653
51.71671	25.51355
38.46499
43.74287
52.86575
53.4532
6.880994
53.77556
52.8579	16.50774	45.70305
53.35094
12.39763	50.18129	51.86826
52.10413	31.53531	31.58107
53.34313	3.710634	11.80173
45.83278	38.08105	38.02154	53.2769	29.49449
51.91959	34.28609	43.27517
8.831865	35.12853	1.890134
47.41295	35.12116
8.877247
52.65446	24.17419	51.58965	5.636106
53.64216	0.8742723	2.579587
52.97587	44.73513	8.228273
53.25407
52.28814	5.649132	9.215934	24.85707
53.17913
53.10011	36.90109
52.93847	19.2408	6.938623
40.21897
53.38011

13.02584
33.40803
15.1932	46.38339	33.1719

8.818776	33.47934
53.26487	41.39978	15.46542
52.94305	32.3701	49.71512	39.62132
52.1046	35.69612	13.39492
53.41642	14.61886	41.34093	24.72078
52.45097	39.72026	28.30224
52.46706	6.937904
10.26894
2.293371
9.078747	9.063996
37.26858
49.32838
7.34282
27.5965	46.34189

38.45137	53.8597
6.250191	25.71428
53.04339	42.67917
52.67888	4.66399	23.65098	3.200997
53.40094
53.02642	28.04165	39.05858
50.35157	7.194901	36.38662
9.589454	51.11074
15.9487	34.6762
52.63285	2.5684	7.629459
53.14639	37.28303	7.969128	35.81268
52.93933	37.91451	35.14516
37.83945
51.71768
53.44426	11.59772	21.94871	45.31324
52.78393
52.83866	45.23832	2.462739	45.39096
52.26639	36.89135	37.94515	23.09875	26.27326
52.60554

52.82404	35.41011	52.31062
53.17496	36.79998
53.39516
53.39516	53.83284
52.6578	15.78126
52.9319	18.1556	16.2913	24.10023	22.94015
37.95948	0.1497501	7.256174
35.58391	1.723426	6.122458
52.63863	14.16767	46.03493	11.04639
53.0266	49.38544	15.75319	38.29885
53.0266	41.06679	43.48776	26.29854	7.766356	4.75351
53.99617	9.110653
42.96232	6.897591
43.6656	7.006015


1.811519	53.34009	15.30848	29.0641

6.619108	33.38581	20.68242
52.76562	9.287609	49.78737
32.38919
33.6197	6.633211	3.483924

53.05107	41.81255	32.73581
52.89109
50.6408	53.25556
53.07584	26.79399
52.97394	22.77043
53.12325	38.20658
45.80855	35.1759	52.09086
53.01955	22.94917
52.5451	39.8057
53.14966	38.77592	5.052829
52.79243	9.741529
52.86018	9.588207	40.40416	54.93113
52.85557	24.65594
53.67518	37.80924	6.963885
53.26687
51.0493	9.142637
52.86142	26.98114	2.510502	50.33712
52.45978	52.00389	46.60331
53.1926	52.26704	37.63894
51.74403	5.2942
52.97196
53.66328	32.15678	47.89475	40.01055
52.97524
52.40663
52.92289
52.9691	47.09768	1.909374
52.724
45.59769	29.96389	51.44557	31.83732	52.67005
52.66443	24.68231	30.58732
52.69511	10.15106
