SpeciationRates
0.1489009
0.195601
0.1196995	0.2250111
0.1882611
0.2632534	0.08375795	0.181321	0.1266953	0.2246383	0.1072325
0.1024413	0.2096737	0.01759275
0.1447531	0.1684323	0.08149641	0.04083257
0.2037323	0.2282275	0.09537839	0.06515523
0.2023422	0.155525	0.03684795	0.219166	0.1778874
0.06108051	0.199618	0.09175368
0.3252897	0.09966285	0.121895
0.266625	0.09667128	0.1591563	0.05716659
0.07574644	0.2834319	0.05610019	0.1372589
0.1562188	0.2200743	0.005857652	0.08381149	0.1162992
0.1646498	0.2661161	0.05148176	0.006986525
0.2170453	0.1041131	0.2555704	0.1073591
0.2142471	0.2421124	0.07075636
0.01542887	0.3047588	0.06305606	0.09270879	0.1707138	0.09385376
0.183842	0.2001217	0.05601167	0.140354
0.1384647	0.1025622	0.2210339
0.09806449	0.2039232	0.0706171	0.1082939	0.09555295
0.07923954	0.16658
0.1405231	0.1282456
0.1194202
0.119972	0.09303368	0.1292396
0.2681837	0.1866681
0.02585713	0.2243302
0.01813749	0.2072031	0.1827689	0.1376182
0.1758768	0.2061379	0.08053973	0.01280102
0.2114161	0.2224233	0.0666255	0.05719128
0.08479226	0.2690592
0.1515636	0.2248769	0.1620586
0.1665794	0.1788394
0.1795531	0.1807717	0.1012791
0.2759073	0.1741808
0.2445239
0.1419189	0.2059651	0.06762918	0.3123653	0.06854933	0.1051152
0.1570904	0.08040192	0.351797
0.2170319	0.2669943
0.104287	0.2054635	0.24835	0.06567065	0.1498096
0.1191279	0.07713489	0.2008762	0.1311098
0.2074003	0.1539579	0.07553199
0.1642781	0.2206946	0.04814654	0.1810922	0.0502659
0.08651955	0.2585651	0.1703932
0.1190144	0.1798414	0.1790515
0.1543035	0.2489345	0.2290776	0.1440904
0.1030201	0.2035943	0.1305543	0.1062444
0.121993	0.2341457	0.08957051
0.1420853	0.1084526	0.07538816
0.08238529	0.2157672	0.1476009	0.1512288
0.08931937	0.2124785	0.1847205
0.1478397	0.01103114	0.1400978	0.08019967	0.1043322
0.1672159	0.1576986	0.05864955
0.1696938	0.1754297	0.07254066	0.06998181
0.2304469	0.205432	0.09477846	0.2299562
0.162892	0.2117621	0.06550593
0.124956	0.2061755	0.07458355	0.15534	0.03798494
0.0882409	0.2686031	0.06302979
0.08265348	0.2069912	0.2399941
0.1575262	0.2108945	0.0939702
0.2774203	0.1035991	0.1148686	0.1576429	0.2080805	0.153275
0.01404014	0.1823741
0.02783096	0.2088306	0.2248377
0.006422299	0.2467913	0.218373
0.02479062	0.1786929
0.03685162	0.2081272	0.1931855
0.1737904	0.1748825	0.1408238
0.1246611	0.2254318
0.2391374	0.1737093
0.1302435	0.1798628	0.08054773
0.08812732	0.1822825	0.06440623	0.1129111	0.2072985
0.1851117	0.1995931	0.1204342
0.1275639	0.2088188
0.1967436
0.05401113	0.1239468
0.09825087	0.08911262	0.1547531	0.2123448	0.1138335	0.1473031	0.1870437
0.1116228	0.1343693	0.06151862
0.1984956	0.1639655
0.1472681	0.1979052	0.03014461
0.2045298	0.1495457	0.0716655	0.1196662
0.1286681	0.1468742	0.07744903
0.1375226	0.1283966	0.07856502	0.08439541	0.2077303
0.1125328	0.1891704	0.09604262
0.2961772	0.2003636	0.1521609
0.142622
0.1739265	0.1427631	0.0713505
0.1799138	0.1930148
0.149943
0.1143469	0.1157426	0.1985448
0.1744651	0.2212227	0.06818977	0.04791878	0.1232985	0.3158256	0.2752873	0.2034156
0.167492
0.1438988	0.1591977	0.1492121
0.07445432	0.1794601	0.1356337	0.1027176	0.2334216
0.1095648	0.1837114	0.214208
0.1355228	0.1640991
0.1755612	0.1214997	0.004236249	0.2061122	0.1649692
0.07618535	0.2035026	0.05724968	0.1348909	0.2521017
0.2129791	0.2265828	0.05693871	0.0885029
0.1891181	0.06370553	0.230843	0.1264355
0.2432199	0.1361808
0.2172979
0.1176243	0.1961082
0.1077948	0.2841879	0.1632595
0.1104769	0.2643492	0.09164981
0.1222752	0.2889967	0.1365453	0.3042524
0.1145909	0.1272993	0.258767	0.2974458	0.1760168	0.3408079
0.1122533	0.2841919	0.040391	0.03729167	0.2915806	0.1323351	0.1045549	0.05062869	0.07916751	0.1920254
0.1639893	0.328728	0.0848094	0.05875705	0.1185465	0.117357
0.1577135	0.2630623	0.1143177	0.05274303	0.1456928
0.1352807	0.2544478
0.1077655	0.1868732	0.1178397	0.06600621
0.1966961	0.270848	0.002674297	0.1538083
0.2441363	0.01360977
0.1837847	0.0131737
0.1880313	0.1716418
0.2034567	0.2548126	0.1418072	0.04276407
0.1943237	0.2670248	0.1594696	0.1720603	0.1291968
0.06615198	0.1976128	0.1128993
0.09992347	0.2635758	0.1447893
0.1878527	0.2159522
0.1929929
0.1673425
0.127434	0.1315292
0.1214811	0.1031278	0.2861668	0.1933516
0.1420658	0.141173	0.07102314	0.07264885
0.172058	0.1663288	0.02659499	0.1333857
0.2483342
0.02139709	0.1512632
0.1484929	0.1954554
0.1588961	0.2397024	0.07411079	0.1784365
0.09769746	0.2706638	0.06517519	0.07366978	0.1031841	0.1587734
0.06168043	0.21574
0.06415197	0.1969219
0.06672505	0.2232975	0.0682081	0.1344285
0.09666411	0.2616138
0.2075177	0.08543753	0.1950597	0.1142693	0.1299159	0.2106178
0.2298948	0.1250061	0.1950271	0.1370854
0.0815473	0.1627614	0.2349764	0.0803308
0.1580647	0.1769295
0.09505329	0.2431491	0.02561648
0.2516893	0.1799265
0.08249503	0.2227296
0.1408125
0.1100655	0.2166671	0.1571458
0.1247048	0.2334623
0.0760108	0.1784857	0.1867101
0.15094	0.2118842	0.2914898	0.2088106	0.1125662
0.2861847
0.3014824	0.1384686
0.0697877	0.125813	0.2910583	0.1364664	0.08140647	0.1295761
0.1488196	0.2361051	0.1249545	0.03953395	0.06048529
0.1304852	0.1738326
0.1140785	0.192315
0.202211
0.212687
0.1025885	0.2838574	0.04544621
0.07784944	0.2018577	0.03556721	0.146496	0.01564539
0.1662666	0.03421768	0.2350033	0.1277275
0.1948169	0.1501661
0.1133918	0.2651191
0.1783527	0.1023003	0.2241293	0.1835407
0.1058942	0.1867396
0.08138651	0.3133192	0.09681545	0.1903613	0.1046763	0.1777117
0.1069074	0.2338426	0.1648522	0.1213382
0.1390735	0.1349467
0.1525104	0.0877204	0.1600264	0.241575
0.1022669
0.09632688	0.1737236	0.01554522	0.1584297	0.06044743
0.08664062	0.2140497	0.04011105
0.09575901	0.1704697	0.06141627	0.2011011
0.113166	0.186522	0.2388967	0.0829464	0.0618747
0.1792364	0.1615247	0.04896832
0.1444188	0.2085909	0.1317701	0.02450614
0.1114911	0.2847891	0.07812942	0.05936335	0.2007548	0.0257672
0.1699353	0.1452899	0.05970591
0.1729839
0.2233264
0.1391371	0.1123444
0.2534127	0.08391223	0.1756303	0.1220074
0.1865947	0.2164477
0.01079595	0.235995	0.2076734	0.1465311
0.1240727	0.2933578	0.1550094
0.0587502	0.1882902
0.1371654	0.2543964
0.1534091	0.2480771
0.1366623	0.1710404	0.03651375	0.1577354	0.1930657
0.08944872	0.1876579
0.107686	0.1566053
0.08594009	0.2519158	0.03605711	0.03512621
0.2273965	0.1608941	0.2519728
0.190112	0.1907039
0.1262085	0.206839	0.08340223	0.09743554	0.08646254	0.1260673	0.1821274
0.1737874	0.2101224	0.08993044
0.09871865	0.2498231	0.1080808	0.05474912
0.3046072	0.2060078	0.09029804	0.04141881
0.3020152	0.2992015	0.1381944	0.1874272	0.07866565
0.1617967	0.1334802	0.232752
0.1354732	0.1232172	0.2088439	0.08215567
0.1014658	0.2692764	0.1996866	0.07906667
0.08855437	0.2485132	0.02426739
0.1961042	0.3138136	0.004237761	0.1331441	0.09096466	0.2606517
0.1191164	0.2885766	0.01672754	0.04509445	0.05136572	0.07298513
0.2000291	0.2890956	0.09840862	0.09835178
0.101854	0.1745117	0.146459	0.04533769	0.1871969	0.1609688
0.2201274	0.2915582	0.07650475	0.007551857
0.1600783	0.2106291	0.0426264
0.1454258	0.1656604	0.041579
0.2029682	0.1351978
0.1337392	0.1250419	0.2665118	0.139854
0.1578523	0.20713	0.0581086
0.1719405	0.2638677	0.1148401	0.1143243
0.03385855	0.1829251	0.1934463
0.2665279	0.07800805	0.1650245	0.003734251
0.2167853	0.1706049	0.08798949
0.1570335	0.254986	0.01867939
0.334852	0.1813376
0.3139936	0.1535819
0.2422356	0.04747581
0.2380215	0.02384516	0.2826374
0.2175495	0.1875995	0.1314396	0.07396505	0.1898641
0.2049734	0.1777136	0.08188062	0.1151226	0.06609476
0.2347963
0.2491888	0.02089078	0.2627788	0.1452079	0.05445278
0.1119953	0.0193994	0.2001334	0.1629333
0.1736079	0.1713784	0.0572412	0.05094762
0.1920412	0.2224049	0.2190181	0.07202969	0.05372281
0.1408471	0.1527807	0.09407728
0.07354937	0.2372173
0.1643054	0.2412907
0.2192383
0.161165	0.1674417
0.2342106
0.1689845	0.2201865	0.0742381	0.1227957
0.1135626	0.05604407	0.3174247	0.2829627	0.1417515
0.1955996	0.2486146	0.1502805	0.08854265	0.2331712
0.0955462	0.1696306	0.09732734	0.1698601
0.06980983	0.1921305	0.1960961
0.05832031	0.2071576	0.1549534
0.146294
0.06016632	0.1784982	0.1561257
0.1751584	0.2525698
0.1229961	0.1719935
0.1698209
0.1852134
0.110243	0.2503189
0.0906411	0.2885967	0.1657545
0.1097519	0.1689721	0.2107154	0.1192512
0.1122534	0.2295012	0.1316355
0.08231003	0.19549
0.2789005	0.2537996	0.06141026
0.1956147	0.164665	0.05539434	0.0894285	0.07287239
0.1410352	0.1667988	0.03756696	0.1710364	0.1158752
0.2071589	0.2156639
0.1742032	0.1534894	0.1309007
0.07464734	0.2041329	0.1586115
0.1646218	0.2306258	0.1537878
0.1546039	0.09204886	0.2468697	0.2220656
0.1662814
0.1249186
0.2287084	0.172718	0.1325706	0.102832	0.1653855
0.246601	0.04175298	0.1866386	0.1733515	0.222369
0.1610708
0.1834789	0.2033032
0.2301564
0.255803	0.1985486	0.2473282
0.03289839	0.1756293
0.2073227
0.1450513	0.2869879
0.1292447	0.1883254	0.1370132
0.1692671	0.1013817	0.2039243	0.1974954
0.07726631	0.1932416
0.2254667	0.1825513	0.1582068
0.1372178
0.0783418	0.2097659	0.1629981	0.1074542
0.1973583	0.1546645
0.1032296	0.1750872	0.2276343	0.04501273	0.143047
0.04338251	0.2214526	0.06883905	0.0348266
0.07629841	0.2224188	0.1440876
0.279513	0.1256296	0.245735	0.1092038
0.1840918	0.2288821	0.2422375	0.1670334
0.1607689	0.1520203	0.1994683	0.1578304	0.08968314
0.1327491	0.2489904	0.2839401	0.01240656
0.1451939	0.2267987
0.1463533
0.06791493	0.09264264	0.07927074
0.1694865
0.2004957	0.1504961	0.1981084
0.1872745
0.08402135	0.1906575	0.1872065
0.195987	0.195842
0.238474	0.1991994
0.2069996	0.2333964
0.1112034	0.1373284
0.1791255	0.2221811
0.1410238
0.09697959	0.1486033
0.2541331	0.03792339	0.168339	0.1156885	0.09124443	0.2066693
0.3191189	0.03071345	0.160982	0.09017252	0.1425417	0.2057079
0.2046491	0.2542783	0.07217307	0.1517595	0.1723949
0.1130309	0.1513182	0.001388359	0.07128344	0.05504806	0.1658892
0.1100852	0.09947978	0.06076351
0.1480856	0.07378975	0.2291849	0.04959359	0.1853519
0.1681525	0.2105194	0.08276344	0.1696843
0.2411261	0.2249844	0.05919855	0.08514759	0.1978612	0.1303889	0.1063903	0.1023107
0.03476806	0.3056294	0.1537585	0.1114971
0.1587958
0.06809321	0.1627762	0.1127678	0.2208717
0.07389301	0.2226061	0.1325517	0.06613498	0.1269584
0.1797096
0.1673686
0.1487109	0.1324992	0.2389366
0.1546225
0.1660279	0.2061056
0.233508	0.192142	0.07547397	0.1821775
0.0289301	0.1921296
0.02230296	0.2601056	0.04693287
0.2709675	0.1947126	0.06029368
0.03217838	0.179242	0.1382781
0.1705884	0.1628417
0.2445458	0.172013	0.1153062	0.0992743
0.06051489	0.2089177	0.2051049	0.2156108
0.1655784
0.05225134	0.1885592	0.2133406
0.0862374	0.195873	0.1986713
0.2228458
0.1325839	0.2431479
0.2459998	0.04677718
0.2375614	0.1626923	0.1631285
0.1377274	0.183868	0.2622109	0.07654903
0.1693999	0.1361008	0.07059701	0.07679213	0.1544441
0.07057901	0.2590665	0.1982146	0.2416153
0.1047868	0.1840864
0.1222124	0.09243534	0.1280584	0.1810771	0.1248481	0.08383169	0.1596873
0.1219182	0.1445252
0.2738788	0.2132736	0.05557099
0.2160196	0.2571861	0.1438232
0.2037088	0.1449282
0.1815099
0.2134301
0.2068602
0.1987936
0.129916
0.1652811	0.1826096
0.06757188	0.2043017	0.07891251	0.04303487	0.2439257
0.1085919	0.1218766	0.04285377
0.1327745	0.1620514
0.1284618	0.1491555	0.1513491
0.1043975	0.1700987
0.1440843	0.169023	0.05004092	0.1025962
0.1325597	0.1730919	0.1011325	0.09738164	0.0482121
0.1597241	0.1230163	0.1657778
0.2504853	0.1065874
0.04669817	0.1939962	0.05298672
0.1715048	0.1314161	0.2564466	0.06944192	0.1172328	0.1296246	0.01046383
0.148938	0.2159113	0.1446393
0.007515372	0.2213796
0.008174803	0.1898091	0.1266132
0.0176531	0.1173144	0.09693219	0.1851609	0.09653314
0.02002889	0.2169928	0.07206242	0.1859322	0.09723418
0.1390271	0.06750134	0.1200316	0.137988
0.1364849	0.1535339	0.1654362	0.1572961	0.1867139
0.1179251	0.1943371	0.184657	0.07271292
0.1243384
0.03233418	0.215135
0.103866	0.1498712	0.1602139
0.215408
0.1865759
0.1313948	0.1004262	0.3084211	0.2631759	0.2104801	0.1936837
0.166795	0.3286146	0.008847014
0.04709872	0.2106021	0.04443011
0.03696351	0.1395447	0.1573042	0.1417673	0.1093879	0.05783128
0.2055003	0.1567645
0.2354032	0.1678714
0.03354361	0.2210336	0.1915856	0.1890549
0.1844464	0.09009787	0.1991759
0.2119614	0.1541903	0.2158812	0.2654124
0.264207	0.1721784	0.1953039	0.1880472	0.180056
0.2268973	0.1181126	0.2188516
0.1907814	0.08459873	0.1827328	0.1942665
0.2319416	0.1298381	0.1784874	0.2905005	0.03480549	0.1778459	0.1883731
0.1493724	0.1523685
0.1659004	0.1378312
0.1072124	0.1795176
0.2601265	0.3090061	0.138863	0.1825827
0.1457812	0.110327	0.2321634	0.2298489
0.07645077	0.1413334
0.1644359	0.2131949	0.09947237	0.03622104	0.2261698	0.1070584	0.08246441
0.17674	0.345946	0.09236535	0.04738394	0.06647585
0.1700488	0.1880695
0.1443053
0.1305519	0.1373519
0.2185201	0.2930132	0.05434773	0.08315985	0.07089401	0.1019007	0.3357308
0.09742231	0.2466698	0.0441152
0.1847187	0.2468951	0.02915994
0.1489216	0.2563907
0.1977717	0.1495784
0.07744387	0.1774459	0.2445021
0.2035481	0.184311	0.09826088
0.1551125
0.171469
0.2343002
0.03332897	0.1420255
0.227721	0.1809454
0.2325047
0.2071378	0.2104906
0.1323454	0.07733307	0.2065567	0.1507656	0.04068224	0.1022398
0.311485	0.228698	0.1605323
0.1616757	0.2190811	0.01009737
0.1372565	0.04014266	0.2407475	0.01920924	0.3140873	0.1500443
0.1273158	0.256335	0.1703547
0.02832761	0.05112199	0.169998	0.2256345
0.1839468	0.2326682	0.02468178
0.1415603	0.2212005	0.07652221
0.1783452	0.1820435	0.225048	0.1175253
0.2034923	0.1453193
0.2157332
0.2294953	0.2061885	0.1128549
0.07644391	0.1851584
0.06574278	0.2759354	0.2541626	0.07881804
0.1109378	0.1467341	0.08846791
0.1810378	0.2070404	0.2997593	0.1055814	0.2509176	0.2915258
0.01567568	0.129084	0.2043062	0.05783146
0.03607503	0.1276817	0.1888011	0.06951937
0.1511005	0.1726805	0.1326019	0.2670615	0.2574686	0.2322028	0.07183031
0.09576787	0.3231561	0.1072925	0.1056521	0.1821949	0.0211013	0.03628476
0.2572628	0.3470039	0.1264426	0.07888042	0.03692075
0.2509408	0.2071487	0.06846675	0.06172974	0.1907046	0.1664027	0.158058
0.04155464	0.2237366	0.09509808	0.3668634	0.1209047
0.2130819	0.1715471	0.06803375	0.06504541	0.07739645
0.05946657	0.1813177	0.1372814
0.172256	0.06849579
0.09786015	0.1908806
0.2113713	0.1525227	0.01942674
0.1679467	0.1560854	0.2082869
0.225253	0.1667907
0.1910869	0.1822588	0.1378752
0.1745711	0.06972079	0.190526
0.1905966	0.2073095	0.004017089
0.05683291	0.1419558	0.1587883
0.06526444	0.1660955	0.0271251	0.1245644	0.04548801
0.1185856	0.1811094	0.09417223	0.1450005	0.2310294	0.1352549
0.2993137	0.1705025	0.1647953
0.05749175	0.2251728	0.1837154
0.03660221	0.1128982	0.2168008	0.04102821	0.1712979
0.04084391	0.05203354	0.237709	0.1732285	0.08910753
0.1031804	0.1456564	0.204293	0.1554295	0.220413
0.2369873	0.1996298
0.1718712
0.2268269	0.1519013	0.1060214
0.141427	0.2665829
0.2143894	0.1435061
0.1696622	0.1516615	0.2358906	0.06034742	0.05915668
0.1921579	0.245209	0.09233773	0.09394873
0.1523813	0.2380321	0.05297541
0.07266189	0.1889646	0.113263
0.1673875	0.2169671	0.1378459	0.105991	0.1522101
0.1844516
0.1359456	0.2013517
0.09559909	0.1380366
0.1270982	0.1526347
0.2027962	0.1053928	0.1491261	0.202887	0.2375344	0.1992268
0.03470349	0.1338241	0.2534542	0.2328309
0.1656784	0.1299945	0.112833
0.1792694
0.1589254	0.07198806	0.1834924
0.2089451	0.2377862	0.05620186	0.08593899	0.105217
0.07241351	0.157246	0.2592613	0.07695004	0.07671172
0.09016486	0.223592	0.09971516	0.3130063	0.02004826
0.1650699	0.1949718	0.05108571
0.1506179	0.221997	0.0609698	0.104841
0.2113833	0.1680569
0.1434306	0.156504
0.1837677	0.1738995
0.04916359	0.1689106	0.1818837	0.148717
0.1520659	0.2206929	0.04057218
0.1657061	0.2092035
0.1788964	0.1830366	0.1576046
0.1653024	0.1794118
0.08111395	0.1790067	0.2234872
0.1547773	0.2539767
0.2250261	0.1797056	0.06889088
0.1503969	0.1342558	0.2223655	0.1101268	0.2668399	0.1602334
0.1846842
0.2111134	0.2182898	0.1358731
0.09614798	0.156251	0.156709	0.1764291
0.1418575
0.0470657	0.2368292	0.1569557
0.06216102	0.1971818	0.1013456	0.1877319	0.06040115
0.08286409	0.2210151	0.02429419	0.1806362
0.07022554	0.09076263	0.07703141
0.1460495	0.1676676
0.1567072
0.2497921	0.05512534	0.2768628	0.08840932	0.2198106
0.2233003	0.08049908	0.2266352	0.05428697	0.2448057	0.2487673
0.1332021	0.2413597	0.1014569	0.04854254
0.1237389	0.2272978	0.0531797	0.1387149
0.1517092	0.1529881	0.03871443	0.1604606
0.1193945	0.2384203	0.1929878	0.08551536	0.05499995	0.1737132
0.1470692	0.2210818	0.1265595	0.2375454	0.09019531	0.07473212
0.04059529	0.2236272	0.03549482	0.2294966
0.2045782	0.2692823	0.1110037	0.05987207	0.05993448
0.1223347	0.0601895	0.1930169
0.1718219	0.1481849	0.06401545	0.02516637
0.06818994	0.212336
0.09619136	0.1671674	0.1163769
0.1817588	0.1766372	0.1179247
0.1828555
0.2027703	0.2405368	0.1806712	0.1861359	0.1121705
0.06581758	0.1643286
0.1141178	0.3105458	0.1167995	0.06274987	0.1779143	0.07031179
0.1201794	0.2780114	0.08782106	0.1760448
0.1192197	0.1534166
0.1514039	0.1898915	0.1098105
0.1453828	0.1448647
0.03514254	0.08096279	0.1136566
0.179324	0.0022657	0.232
0.2205166
0.2078897	0.1546505
0.2029556	0.2374879	0.01770331	0.2723984	0.1252821
0.08788453	0.1133612	0.2281158	0.03807789	0.009401727	0.1289662	0.05913749
0.1049058	0.12828	0.2657582	0.06542063	0.1180457
0.1496882	0.2014634	0.06153965
0.141963	0.04426975	0.175251
0.1273773	0.1631166
0.07844082	0.0338244	0.09500012	0.1808088	0.3161971	0.1183667
0.1152053	0.1988138	0.07426523	0.2382439	0.03050409
0.08502932	0.2097889	0.2497845	0.1301483	0.07015502
0.09883022	0.191302
0.144442	0.1608056
0.2497766	0.07808694
0.04355146	0.2068755	0.1792079	0.2131498
0.07893101	0.214858	0.291577
0.08939238	0.07430995	0.2134469	0.2228068
0.1287233	0.168842	0.1312482	0.1939767
0.1671463	0.2384673	0.08118098
0.1081708	0.1903886
0.01704918	0.1757779
0.1446574	0.2088568
0.2759706	0.1102977	0.1611552	0.1264151
0.1808411
0.1265517
0.1557358	0.1138116	0.028009	0.1036717	0.2152598
0.1405544	0.1754942
0.02651551	0.1312305	0.2700304	0.07599559	0.1137492
0.1292464	0.2167625	0.05299135	0.1933043
0.0696193	0.196077	0.06161187
0.1806595	0.04468946	0.1772204
0.1577836	0.1663322	0.08758242	0.1886296	0.04133292	0.04043706
0.123089	0.1985932	0.08043074
0.2486179	0.1439384	0.0135995
0.02916579	0.2229858	0.1528175
0.2632699	0.2112911	0.03376892
0.1970011	0.1844117
0.2371962	0.06024134
0.162595	0.03878919	0.2028673
0.07843594	0.1967314	0.2109528
0.1620815
0.1116733	0.1961676	0.1194911
0.1533965	0.2473809
0.2077815	0.207051	0.1945777
0.1167815	0.141085	0.2155611	0.05070478
0.2315451	0.1728153
0.2975562	0.16443	0.1256212	0.2175253
0.2367866	0.2459588	0.1683626
0.25949	0.2126312	0.1109605	0.1593538
0.2830683	0.1763221	0.05920754
0.2103354	0.1604892
0.1941162	0.1222804	0.1050285
0.09340092	0.1528034	0.1849445	0.02237955	0.1704146
0.1891578	0.135099
0.1797866	0.160485	0.03035573
0.1601837
0.2826648	0.150905
0.2264426	0.2055898	0.06148381
0.1657594	0.1898564	0.03691747	0.0626636	0.1180307
0.106189	0.2123814	0.1616759	0.1049248
0.06129001	0.07019123	0.2514294
0.05722802	0.2166492	0.2262149	0.05957384
0.3280382	0.1578231	0.233529
0.0367188	0.1937161	0.1646174
0.2216748
0.1573603
0.1352059
0.1936719	0.2241561
0.1407906
0.1553948	0.1588594	0.08196573	0.07024124
0.2640279	0.2231711	0.06455961
0.1048977	0.2285905	0.06760601	0.14679
0.2674948	0.2359777	0.1856924	0.1072765
0.08072826	0.1724104	0.137149
0.1620876	0.1791896	0.02588989	0.005746567	0.0718805
0.13792	0.2234442	0.07364711	0.006406704	0.01457745
0.1894391	0.2249664	0.1274547	0.05291076	0.2049957	0.07971056	0.1418508
0.1789555	0.2749021	0.09381821
0.1692614	0.09239335	0.167195
0.061603	0.1657159
0.1628462	0.1821579
0.2296989	0.2902066	0.2220836	0.1554054	0.08432932	0.1703581
0.03610435	0.3016253	0.2281221	0.1844743
0.04179086	0.2357626
0.2074765
0.2339031	0.06971737	0.1655928
0.1767724
0.166964	0.1250134	0.09859779	0.2614372
0.1246883	0.2935865	0.0876549
0.04497758	0.03722675	0.1760725	0.1829873
0.1508146	0.1689138
0.1253894	0.1265973	0.1176889	0.1695943
0.05889148	0.1712356	0.1233203	0.1955178
0.1137299	0.162989	0.190897	0.1326312
0.1367244	0.2188823	0.07234218
0.2532221	0.1639791	0.13087
0.2019805	0.1677838	0.0693594
0.1387071	0.2568922
0.0969213	0.1298283
0.1515609
0.2234838
0.07995174	0.1700901	0.2231831
0.2226974
0.06611573	0.2489003	0.1419396	0.1976978	0.09842396
0.008682128	0.2233375	0.2483154	0.03924891	0.06644	0.1607925
0.005175048	0.3034859	0.1347828	0.1133048	0.07873627	0.038731	0.08146087	0.1247534
0.005963898	0.2375872	0.07250363	0.2320951	0.07849506	0.08856606
0.01614207	0.2709508	0.1118757	0.1705786	0.06368224	0.05920983	0.05185964	0.1367808
0.01658017	0.2823989	0.1450877	0.09178518	0.1673424
0.01812523	0.1137057	0.1362568	0.03924612	0.2278596	0.08661145	0.1804985	0.1050577	0.1365065
0.009515191	0.1291255	0.3302277	0.1260627	0.06924383	0.1497934
0.02128911	0.1716018	0.08139515	0.2022208	0.08248384	0.06994093
0.03198941	0.08531318	0.1396805	0.04470366	0.02793803
0.1133707	0.1619421	0.1513459
0.07361165	0.1397135	0.04218786	0.1081254
0.01231467	0.08037784	0.2923169	0.2536333	0.09307161
0.2047478	0.150607
0.1396309	0.1267557
0.200003	0.1837184
0.1870803	0.2328524	0.1411879	0.09904636
0.1617182	0.2335517	0.1116206	0.04661315
0.06043152	0.1631847
0.2265053	0.2120775	0.1933782	0.2865833	0.2298621
0.2488745	0.1202215
0.1416358	0.2523915
0.1186804	0.2458436	0.09322958	0.04018738
0.2491072	0.1513008	0.09589378	0.1166077	0.1986342	0.133562	0.05103414	0.04429631
0.2269287	0.1600146	0.1250962	0.1861335	0.1514889
0.1412386	0.1804168
0.2981602	0.1317673
0.3262329	0.07239777
0.277194	0.02601083	0.2502974	0.175681
0.1627593	0.08963452	0.2438528	0.1268978	0.244224
0.1153312	0.08541601	0.2709249	0.2002672	0.09806813
0.1722139	0.04300868	0.2043591
0.09298601	0.2079532	0.05922078
0.1200577	0.2326104	0.03583584
0.1693736	0.2158743	0.0314284	0.1374949	0.07069622
0.142246	0.1437914	0.04877882
0.1313618	0.264079	0.06503398
0.08006297	0.2334315	0.04218423	0.08162003
0.06779935	0.2350216	0.06546249	0.04141626
0.1057212	0.3318676	0.06509825	0.09074552	0.1119674
0.1360549	0.1944797	0.06610599
0.1925782	0.3757106	0.04588671	0.1195263	0.2291476
0.2094338	0.1757142	0.06322791
0.2331713	0.1866194	0.06920405
0.0965604	0.1284147
0.2789353	0.0674236	0.2674063	0.1252312
0.05893927	0.2071508	0.07366679	0.04615284	0.06746992	0.1046613
0.148453	0.2081695	0.04804155	0.2375443
0.1377193	0.2079923	0.05992973
0.04412013	0.1893975	0.1794592	0.06622946
0.08868424	0.1685712	0.05191083	0.03406836
0.05087173	0.126478
0.03769017	0.1866315	0.1775694	0.1469927
0.1320118	0.1228237
0.1473943	0.1803016
0.09838593	0.2300862
0.1473669	0.1963428	0.09721473	0.2077856
0.1164644	0.1554218	0.056147	0.182798	0.08154759
0.1660724	0.2386015	0.06698179
0.1335493	0.1862473	0.0814412	0.1354476
0.2046505	0.1980849
0.1717593	0.1739215	0.1928365	0.03997725	0.05099452	0.1285118	0.07823263	0.1159185	0.03149693
0.09388583	0.2361959	0.05114968
0.1291763	0.2092979	0.03739529	0.1153629	0.1811412	0.1234061
0.2314502	0.2857372	0.1144908	0.1863048
0.185657	0.2291404	0.04975977
0.2338836	0.04775194
0.1118469	0.1420852	0.004200226	0.105678
0.07507652	0.147991	0.1050085	0.2260838	0.1628664	0.2012448
0.1515009	0.1106351	0.02859581
0.2322292	0.1393084	0.187986
0.2375237	0.1193497
0.1499269
0.2312373	0.05958513	0.1797332
0.1945747	0.2302613	0.08376268	0.09233705	0.1231668	0.1836252	0.0416544
0.2400815	0.1813028	0.07374046
0.1614063
0.04064693	0.3087749	0.1664326	0.08416697
0.2108766	0.2616069	0.1482457	0.1247017
0.1019771	0.1585318	0.07472061
0.2980293	0.2383773	0.0580122	0.06964274	0.1428808	0.271903	0.051291	0.1018092
0.1394306	0.3255102	0.05339022
0.1233179	0.2926083	0.1485294
0.2371632	0.1372981
0.1904076	0.1776078	0.1767908	0.08880885
0.1503278	0.1140145
0.1816566
0.1701574	0.04176067
0.1987273
0.1400345	0.1675293
0.1143938	0.06020531	0.2404369
0.231447	0.1539235	0.04790072	0.07100669
0.1901682	0.0709082	0.1668664
0.04826391	0.2050661	0.09593164	0.2087433	0.006427121	0.2243636
0.09678876	0.1666004
0.2105183	0.1944261	0.05334072	0.05728721
0.1752301	0.07160839	0.1279108
0.06899469	0.193294
0.07604686	0.318755	0.06931082	0.1064706	0.1318478
0.05792896	0.2991048	0.1435155	0.06170257	0.2317758
0.1811315	0.2187372	0.05858099	0.05414177	0.08537797
0.1810543	0.2015066	0.05977196	0.06355042	0.1256852	0.09158317
0.1291022	0.2120552	0.02645169	0.05863661	0.1988242
0.1244831	0.3036574	0.04678519	0.07379939	0.08450059	0.09726626	0.05744574
0.2019601	0.1792643	0.09478376	0.1567253	0.08969867
0.06982902	0.04131297	0.1773855	0.1970814
0.06159053	0.2038113	0.04459847	0.08906702
0.06547218	0.1636132	0.06260177
0.09843596	0.1843018	0.05941074	0.1888746
0.1383923	0.2192449	0.06727797
0.2271365	0.1979915	0.07418839
0.1483405	0.2221057	0.06084465	0.1533898
0.1574893	0.1026216	0.1750099	0.04619202
0.113808	0.199329	0.08220437	0.1695445	0.1349276
0.08101701	0.1321321	0.3284945	0.2072114
0.2002324	0.1947992	0.1200969
0.1666049	0.1301268	0.1616605	0.1597365
0.05455338	0.1834699
0.1029574	0.1384166	0.06545448	0.1032962
0.06371164	0.201579	0.04868579
0.1666037	0.2372784	0.07536772
0.02391684	0.2025031	0.06955925	0.155316	0.2194775	0.09049772
0.0780325	0.2480101
0.02475507	0.2326023	0.1379812	0.06428996
0.04292836	0.2302102	0.0832291	0.1043637
0.03217071	0.1915255	0.05772915	0.16011	0.05477875	0.01516992	0.06523675
0.1042652	0.2565527	0.06085461	0.09116649	0.1108285
0.1445523	0.2229797	0.01354729
0.08963116	0.2272527	0.09314986
0.1261337	0.09357781	0.2030218	0.2508552	0.1176242
0.06248139	0.2485301	0.06196384	0.03067839
0.09900139	0.1836525	0.03797172
0.08405438	0.2534116
0.07034942	0.2801684	0.1584612	0.0591358	0.07892131	0.1137989
0.06812746	0.2483284	0.006014381
0.05704274	0.2375862	0.05709631
0.05362252	0.1757211
0.1713887	0.2985588	0.04805531	0.06329392	0.004625289
0.2537117	0.2211921	0.01559343	0.09423849	0.06986839	0.1075372
0.1281379	0.1788096	0.06591431	0.08695869	0.04533919	0.06471565
0.2201731	0.1032826	0.1751979
0.1293662
0.06362175	0.232656	0.1355851
0.08564038	0.1728093
0.242259	0.1818129
0.2798393	0.1511544	0.1432455
0.1571756	0.111964
0.197853	0.1300036	0.02019051
0.1420827	0.1918406
0.1776422
0.1735778	0.2006834	0.1593405	0.08169819
0.2177434	0.2275203	0.1307734
0.2858999	0.2386583
0.1722203	0.2384581	0.07861626	0.1808445	0.2251901
0.200898	0.1453343
0.1125061	0.07432548	0.1962687	0.2337554	0.2118258
0.2624384	0.1521504
0.1917569	0.2097824
0.1166739	0.2341915	0.08858372	0.1843166
0.06271645	0.1900807	0.1238789	0.2715207	0.07529319
0.08242943	0.1656568	0.1085079
0.1417276	0.1696714	0.0615993
0.1607839	0.1791903
0.1428589	0.1711782	0.1155519
0.1282089	0.2003145
0.1865717
0.08547904	0.2110303	0.3173817
0.03240465	0.3190924	0.1630485
0.1386773	0.1345636	0.1129653	0.2814447	0.1971172
0.02470537	0.2909197	0.1287667	0.2513299	0.1032911
0.1721171
0.1004222	0.1284966	0.1356846
0.1325109	0.1677311	0.2084506	0.1061487	0.2202448	0.06342896
0.1821611	0.1604653
0.002155412	0.2700867	0.2198886
0.04617182	0.1681677
0.1347002	0.219445
0.3258493	0.2183968	0.1678817	0.04605552
0.1702371
0.1969538	0.1232412	0.2244149	0.05533308	0.01178514	0.1517377	0.1900857
0.1231555	0.2249197	0.04624743	0.05697096
0.1430238	0.4271687	0.0583148	0.08920342	0.1546818	0.1483372	0.1855314
0.1998678	0.1671729
0.09961123	0.1490381	0.2144342	0.216007
0.1609218	0.2049101	0.03238298	0.1148911
0.163285
0.2040331	0.2879447	0.07600789
0.131508	0.2741508	0.2504396	0.08995496
0.1748704	0.1925847	0.1153797	0.1735291
0.2699361	0.2356777	0.05539672	0.1623638
0.1879964	0.2658062	0.09043905	0.2843581
0.1843541	0.08125351	0.1825951
0.1081088	0.1540679	0.08437724
0.1414594	0.1713903	0.07672421	0.2470558
0.1041618	0.1469891	0.1061591
0.1373058
0.1114132	0.1364971	0.1966951	0.0713757	0.08962771
0.01039265	0.0975173	0.1390033	0.1667677	0.1025496	0.2749125
0.05741181	0.2194525	0.2467942	0.1288868
0.06202645	0.3726889	0.2191014	0.100045
0.02925446	0.244699	0.03736357	0.1374771	0.2953156	0.2345923
0.02483548	0.1844222
0.155094	0.1900103	0.08585539	0.1707353
0.1396545	0.1715147
0.2095692
0.08341161	0.166813
0.1697755
0.1933498	0.2476245
0.1176595	0.1906691	0.234959
0.2048006	0.2973546	0.09429542	0.07712749	0.1477756	0.2200146	0.05538497
0.1636646	0.1622329
0.03748757	0.1154903
0.09254209	0.1886988
0.1428107	0.2050879
0.1473122	0.09706474	0.1563568
0.168824	0.1775167
0.3404412	0.2251528
0.2484513	0.05101214
0.03405031	0.2530868	0.3425804	0.09250767
0.1304579	0.05501268	0.2405539	0.2023913	0.2910968
0.1063715	0.1242822	0.302045
0.01677462	0.2020815	0.3493148	0.3125741
0.002854913	0.3242557	0.09467777
0.0005369834	0.1257309	0.3426209
0.001430454	0.1755178	0.3200623
0.03182627	0.2393476	0.1713799	0.1618966	0.2464111	0.1138607
0.10999	0.2183084
0.2405535
0.2456285	0.1302703	0.2593283	0.1973449
0.1900299	0.06097874
0.09478402	0.3015164
0.1115423	0.1615879	0.2049302	0.1857046
0.1022081	0.08485557
0.1672855	0.1033424
0.2141914	0.1758593	0.3124361
0.09634291	0.2913902	0.1485093	0.1972505	0.1742987
0.1939989	0.1563674	0.1064306
0.02349786	0.1641042	0.2015918	0.1664177	0.2325647
0.08229969	0.1774026	0.242753	0.1383005
0.1966959	0.1410849	0.1802761
0.1176236	0.1762565	0.1729088	0.1732742
0.1782361
0.1983715	0.1502683
0.1768349	0.2129981	0.05711964	0.2097001	0.1836207
0.2113899	0.05373405
0.1093535	0.1731626	0.2464366	0.1401359
0.1045769	0.1776349
0.02607167	0.1757967
0.1585381
0.2244201	0.1837135
0.1605576	0.06356152
0.1107499	0.203723
0.2687985
0.1502414	0.1959694
0.2135214
0.1703496	0.1187152	0.1860296	0.173898	0.1304564
0.1505189	0.1266908	0.1491877
0.07227613	0.1116084	0.230716
0.1773454	0.2332967	0.08516361
0.1172679	0.2198769	0.08088457	0.1519415
0.1891348	0.1963937	0.1032673	0.07125592
0.0913386	0.2506851	0.04173345
0.1338044	0.2261625	0.06581884
0.07347766	0.2626862	0.07635783	0.1587743	0.1674986
0.214204	0.1181021	0.05639434	0.02053876	0.2023514	0.1701463
0.07121115	0.1830377	0.167958	0.1425395
0.0412131	0.1224966
0.06576308	0.191069	0.09387929
0.2925375	0.1477764
0.1611419	0.1750221
0.1889844	0.2585024	0.2060829
0.1876064	0.1826677	0.1865502
0.09667572	0.2680398	0.04311711	0.1420809
0.07014478	0.2897651	0.1922986	0.1477037	0.1037591	0.1665615	0.100842
0.1976322	0.2713137	0.05700909	0.06204382
0.0884005	0.1891222	0.0506894
0.09631906	0.1953218	0.032562	0.09829653
0.1656727	0.1995175	0.05996264	0.07608519
0.152283	0.1761782	0.07266331
0.06638521	0.1351052
0.1309954
0.1190402	0.1598384
0.193658	0.1714628
0.1837745
0.09742146	0.3118176	0.1277676	0.08823739
0.091191	0.1799024
0.2288364	0.1288625	0.09327833	0.09637878
0.1502253	0.1969524	0.1772924
0.142446	0.2209122	0.08461666	0.05282719
0.2141992	0.2084757
0.1403303	0.1029734	0.112634	0.1462724
0.2785485	0.03685515
0.1201891	0.08674175
0.2136218	0.1861747	0.1445636	0.1856702	0.1984163
0.03476488	0.1851427
0.02630081	0.2461825
0.1398457	0.2243761	0.1366715
0.1760807	0.2291745	0.0694041	0.1396967	0.1466114
0.1656644	0.1871758	0.09936878
0.1734943	0.2811245
0.256513	0.1663078	0.2094614	0.1903176
0.2140342
0.1371294	0.1645452	0.1693035	0.1785926	0.08202062	0.1481739	0.2902369
0.2570427	0.2439294	0.07965325	0.3588973
0.1719744	0.1964434	0.2070377	0.09069931	0.2608493
0.2450376	0.1989992	0.09051704
0.143485	0.1327197
0.1849599	0.1858266
0.2603632
0.2057613	0.1971578
0.1149292
0.1147874	0.1176562	0.1724629
0.1188481	0.2048053	0.1035067
0.1043489	0.1691267	0.05966109
0.2242058	0.2140121	0.07077795	0.2006658
0.2399283	0.3004998	0.09780322	0.2035089	0.3113215
0.1695392	0.4054854	0.06359395	0.06676395	0.07918104
0.1151329	0.2093182
0.133046
0.103853	0.2532492	0.1277497	0.2358803	0.1629808
0.1134242	0.1951832
0.2115983
0.07196309	0.2579187
0.1686553	0.2913496	0.2541145	0.1182461	0.09385665
0.2114678	0.007971784	0.1774976	0.2451801
0.1240565	0.3051496
0.02799813	0.2001855	0.1468193
0.05423043	0.1590229
0.1587427	0.3442809	0.1879494	0.1174007
0.1467519	0.2478322	0.2045459	0.1293988
0.116034	0.1835693	0.02311964
0.1951557	0.2335147	0.0243874	0.2322946
0.1336251	0.2549629	0.2225264
0.1582074
0.2470312	0.08647839	0.2035419	0.02444028
0.1159128	0.2460918
0.1491894	0.1194372
0.1794771
0.04531202	0.1299344	0.1881273	0.17873
0.01430473	0.1681231
0.1355659	0.1139396
0.2067439	0.2068678	0.131674
0.214674	0.1433303
0.06554872	0.2136883	0.2637967	0.07079692	0.09067302	0.1948324
0.1069875	0.1303517	0.1101412
0.08413514	0.1853303	0.2868679	0.1925328
0.1088934	0.1753034
0.1850165
0.134262	0.2411297	0.2893309	0.01211202	0.2971185
0.05530876	0.2949549	0.2374526
0.1300368	0.1854662
