SurvivalProbabilities
0.5003286	0.350729	0.4596044
0.1424091
0.2528862	0.3958196
0.2018155	0.4188209
0.5370785	0.5986086
0.7568517
0.8318489	0.07384339	0.4653071
0.1445764	0.3545315
0.7222924	0.7470405
0.2645364	0.9133982
0.907161
0.01974433	0.9712525

0.8238516
0.3794198	0.2511001	0.8954549	0.8464532
0.7816889	0.1916009	0.9094644
0.6153649	0.4724354	0.702862

0.05356876	0.05945412
0.5602601	0.338603
0.8359176
0.1916229
0.974887	0.8742832

0.1409814
0.8881993	0.4345194	0.168159	0.253057
0.7666407	0.8610031
0.362592	0.4384206

0.1415014	0.234869
0.7443841	0.8204901	0.9057561
0.4681778	0.7898701	0.9468564	0.4186909
0.2773437	0.851534	0.8558691	0.8349628
0.2039701	0.6779356	0.01158548	0.8427045	0.9907216
0.2623065
0.0585268	0.3233614	0.5945649	0.7198017
0.07505138	0.8190738
0.04827097
0.07247023	0.5681132	0.3548663	0.9556525
0.1128875	0.3481402	0.6032349
0.3200036	0.3667383	0.8833864	0.3830042	0.7590442
0.2030484	0.7526342	0.9741507
0.09898031	0.4908318
0.1420187	0.9443492
0.121838	0.8777461	0.7506039
0.384378	0.5602331
0.1812866	0.746924	0.5637831
0.1048057	0.01793628
0.4594381
0.1738799	0.6321543
0.3990862	0.5497043
0.8466302	0.5527586	0.8804615

0.9334232
0.9457209
0.8441206



0.547329	0.6844954	0.9481737
0.1338951	0.698911	0.8836016	0.4032473
0.2060356	0.7928869	0.9931864
0.2212029	0.8552838	0.3051668	0.9832314
0.5127439	0.03313911
0.1212485	0.2134625
0.241972	0.2077044	0.3461727	0.3121817
0.1592669	0.4230244	0.8193995
0.1021679
0.1656199	0.2755873	0.5311194	0.6356219
0.8253954	0.7964604	0.106192
0.04048674	0.9522071	0.9906228	0.8824188
0.3229227	0.153705
0.4886174

0.5237002
0.9332191
0.7519123	0.6036903
0.2934149
0.1210824	0.7687216	0.9715048
0.6782278	0.8598345	0.6526594	0.9902668	0.6894353
0.426688	0.4798512

0.6994431	0.4262531

0.2519179	0.8739183
0.9107909	0.4732407	0.4921643	0.5624137
0.2805023
0.199837
0.3339675	0.6530405
0.1540835	0.3977704	0.9331636
0.1102497	0.117608
0.111914
0.1343281	0.4382123	0.8558587	0.9564305
0.05126311	0.7454709
0.2288505	0.04957146
0.2280639	0.3942257
0.900537
0.000827674	0.6577763
0.216158
0.2842842	0.9735061
0.1064581
0.1231016
0.04711286	0.9884909	0.4841597	0.7649786	0.5152139
0.1588885
0.1431769	0.579438	0.4464003


0.6352081
0.7652999	0.8455372
0.621303
0.4208494
0.1650602	0.7350612	0.5356251	0.04044742
0.2709108	0.2913405	0.3900351	0.7401369
0.1693988	0.2626795	0.491424
0.1057797	0.7247135
0.7819511
0.4991918	0.5980095	0.6928894	0.4663658
0.2301591	0.1539494
0.1719473	0.5056591	0.8780126
0.1850337	0.2851368	0.8048637
0.1731662	0.06071666	0.3421129	0.9377727
0.08090739	0.8038994	0.5113035
0.4023898	0.307864	0.02697607	0.2871064
0.1472599	0.2794049	0.9230642	0.8473979
0.3767993	0.9142048
0.1761523	0.4302028
0.1030006	0.6334348	0.3445366
0.8599204	0.4015461
0.1689181	0.356397
0.7890349
0.4864472	0.7306023
0.9800214
0.4933294

0.5117332	0.4143839
0.2752521	0.9723778
0.3126816	0.9501975	0.5814697

0.4396819	0.6387267	0.3197771	0.6716549
0.9102969
0.4738288	0.7237527	0.9660558
0.6453358
0.08893251	0.4481199	0.02379325
0.07502202	0.2510955	0.6672699
0.06038665
0.4984107	0.2605548	0.9176276	0.7497011
0.2634521	0.0007991965	0.3028534
0.2677357	0.6706454
0.09654422	0.4900628
0.1298615	0.9930371	0.2921704
0.05182494	0.6432405	0.3002275
0.1351647
0.3481755
0.1318655	0.5822122
0.4338369
0.9150776	0.5477186
0.4366664
0.1651362
0.2872119	0.1734392
0.1037028	0.6204859
0.3797277


0.98733
0.859369	0.7870576	0.933795	0.9799511
0.2201954	0.6057325	0.5833721
0.2131616
0.701694	0.9297842
0.419902
0.894862	0.5300007	0.4048417
0.9915141

0.3225928	0.8237263
0.01592344	0.1568213	0.2929423
0.5318506
0.758559
0.2532683	0.7043303
0.1741238	0.843741
0.3467535
0.1513589
0.09749718	0.3604341	0.05418157
0.1085344	0.4683268
0.2012356	0.9750194	0.7148096	0.7820471	0.4909332
0.09006294	0.458283	0.4219758	0.6676158
0.2633534	0.04428529
0.1225168
0.1181865
0.347273	0.7929366

0.1066205
0.9991386	0.496863	0.3860747	0.9074845	0.3428766

0.3448079
0.3452562
0.6957442	0.7951093	0.4200859	0.3717059
0.8749969	0.0513807	0.8110608
0.6341428	0.7524164	0.03488434
0.28853	0.8199838	0.5495368
0.6231691	0.391087
0.3164356	0.7283224	0.1772928
0.1179785
0.7976335	0.7076833	0.7577417	0.9254208
0.577431
0.8930928	0.4571511
0.5370433	0.1237638

0.9638177
0.195777	0.4582501	0.4876018	0.4253362
0.1553252	0.6548868
0.2573245	0.9920919
0.4732002	0.8958743
0.4617802	0.774842	0.4639973
0.4840634	0.3333764	0.8206839
0.8992683
0.1361908	0.965149	0.4148698
0.07056399	0.429007	0.1871739	0.02759438	0.3697946
0.1390673	0.8251807
0.3983823	0.8606606	0.6277545
0.831308	0.8872223	0.85929
0.1704383

0.4459636	0.5156229

0.9787456	0.4136585
0.1433745
0.7320353
0.5276103
0.9783237
0.383937	0.3610414	0.7714405
0.055503
0.6974458
0.3363461	0.8467092	0.6579656	0.6099017
0.3819815	0.5942008	0.5184815
0.6429182
0.4220729	0.5253247	0.006955809	0.7671513
0.3794575	0.8373275	0.7777009	0.8408589
0.3975799	0.8121861
0.2274237	0.3742607
0.4229699	0.746431	0.9980005
0.6263842
0.2053635	0.5161159	0.9356015	0.1982025	0.05156549
0.537398	0.5155199
0.1178012	0.9624836	0.8061801	0.8821118	0.5489861
0.2652005	0.3725721	0.1124898	0.6773902	0.4179972
0.1524688	0.5457627	0.2292123
0.3403787	0.5621153
0.4768065	0.1948547
0.14609	0.8025138
0.8349976
0.7340605	0.3064344

0.4946218
0.3051919
0.7887073	0.8041891
0.01436036	0.8436849
0.6115164	0.6988199
0.1437805	0.651552	0.8361695	0.545479
0.224615	0.4352861	0.6473427
0.2735102
0.3480344	0.1309195	0.1452029
0.5801051	0.9056197
0.2534642	0.1987608	0.9684661
0.1001216	0.7378746	0.1032696
0.06736341	0.4677181	0.9039148
0.155641	0.5688087	0.06040479	0.8177957	0.9532514	0.8433495
0.1142587	0.6583277
0.1533467	0.1717588	0.6343598
0.1186778	0.03869576
0.3492587	0.6021551
0.1615167	0.9376859
0.1040214
0.1525584	0.1562101	0.9524006	0.3448016

0.1015239	0.8884252	0.8736163
0.2799397	0.4687402	0.3731146

0.246163	0.4276195
0.2016283

0.1966216	0.7912146	0.5644613	0.7273965
0.09633219	0.8594652
0.06775534	0.6100261
0.6331907
0.5447066	0.3697933
0.5612815	0.5044437
0.2242108	0.944706	0.9235827
0.5442572
0.1275176	0.9732505	0.9432586	0.6655959
0.1919457	0.7610917
0.1782156
0.3868174	0.9196098
0.2319027	0.554448	0.2990388	0.1050217
0.1116878	0.4843194	0.194893
0.4274304	0.5034561	0.829089
0.2061588	0.1823333	0.5869208
0.1812459	0.6674889	0.3558011	0.8569641	0.700194
0.348089	0.8159088	0.1436248
0.1258893	0.91
0.1435358
0.7599393	0.00303271
0.3709398
0.4220674	0.8776109
0.6404882	0.8548244	0.1476599
0.01864395	0.8362492	0.9810037
0.6527731	0.2753081	0.6726873
0.6213418	0.7966892
0.3417
0.08674385	0.7840064	0.6112543	0.6067116
0.1033941	0.502116
0.7729682	0.2903859	0.3041144	0.4803157	0.9177242	0.6576326
0.9662146	0.6005685
0.2640946	0.1585473	0.6668751
0.1131652	0.827854
0.2095189	0.203499	0.2477094	0.1506356
0.378767	0.4297662	0.09123294	0.9658338	0.02067505
0.09019097	0.7068029	0.342064
0.1651871	0.6776285	0.5098603
0.3038278	0.2028681	0.8466399
0.4215738	0.9323368
0.3730636

0.3733757

0.4144538	0.5890165	0.1364214
0.1360898	0.5794807	0.7653067
0.06125955	0.0500512	0.8270173	0.8143392	0.9856309	0.5082576
0.1582146	0.5643727	0.6402677	0.7560383
0.2852102	0.4861936	0.4943029
0.1285892	0.7555452	0.8463962
0.8540425
0.5893802
0.1608081	0.355075	0.9661082
0.1417647
0.1397992	0.6539394
0.312032	0.1680522	0.1164319	0.7141395
0.1861466	0.7843482	0.7721905
0.1144714	0.02756605
0.1268605	0.6158022
0.3117138	0.5588305	0.5350574
0.3788963	0.3487236	0.8289518
0.1281252	0.9268701	0.2698775	0.4182811
0.2875163	0.3420051
0.2623363	0.3698223	0.5488165	0.7537525
0.385582
0.5819402	0.1979982
0.290379	0.4109025	0.4784369
0.1730055	0.5385708
0.2366432	0.7057878	0.4817008
0.2358101	0.2351822	0.6735676
0.1011956	0.1065521
0.4520998	0.9164681
0.4666828
0.9230995	0.4567205
0.6616987	0.4972304
0.113075	0.8025999	0.4889623
0.08538764	0.4413249	0.1451689
0.2142829	0.1652123
0.6106698	0.9965691	0.904412
0.4590989	0.6786427

0.7957233	0.878394	0.2551824
0.5717304
0.3146795	0.9318242
0.08372972	0.4021576
0.301095	0.4740657
0.3420162	0.492434
0.4041024	0.6688647	0.09504744	0.6974769	0.5453369
0.185098	0.1475139
0.1440557	0.1468095	0.4330868
0.09843	0.2571142
0.340562	0.6304826
0.4622737	0.8664812
0.3188048
0.9327147	0.1866357
0.1934466	0.8518693	0.7943921	0.8059592	0.8394369

0.5874356


0.03785147	0.8049665	0.9074959
0.5371184	0.3689426

0.4517444
0.7272523	0.3286387
0.2724673	0.7617195
0.3567491	0.572966


0.3705226	0.01632691	0.7941818
0.5523862	0.01949881	0.6368153


0.5543311
0.8825401	0.1348469
0.2673235
0.08165975	0.6219072
0.06313614	0.4809368	0.8665477	0.5360909	0.6240834
0.3276051	0.4709976
0.2093878	0.4011296
0.2764896	0.7711945	0.4029668	0.9494314	0.95048
0.2631452	0.4618134
0.3745682	0.7806557
0.1091167
0.4778441	0.5149723
0.3644743	0.5147165	0.1859895
0.18154	0.2212937
0.2583443	0.2963457	0.4361458	0.7108287	0.6122167
0.523518	0.8127674
0.7039796
0.1861545	0.2278077	0.5280013
0.2444833	0.7853041	0.7803289	0.6123593	0.1685737
0.4872526
0.4690847
0.7713462
0.8684055	0.9546465
0.1882776	0.5667523	0.9127265	0.8111558
0.07735751	0.4447001	0.552006	0.5501515
0.122949	0.1543197	0.7746933	0.6618952
0.03737083	0.2490571	0.3781598	0.6567784
0.1654007
0.2192424	0.3992855	0.2110064
0.09452154
0.2113627


0.2066163	0.9602338
0.8470713

0.4674114

0.2383811
0.2154731	0.5363474	0.5350555	0.6944909	0.8340163
0.1874404
0.285187	0.3456408	0.9048286
0.2912755
0.09797124	0.3361554	0.8536592
0.1455689	0.6656261	0.8214866
0.3229309	0.4089856
0.330324
0.5613073
0.2317643	0.2189525
0.2284649	0.06280129	0.6728165
0.1396134	0.3997302	0.8058772
0.1269058
0.134748	0.9237563	0.6027647
0.2322033	0.4855346	0.5777894	0.7280175
0.2390779
0.3413862	0.2589207	0.9006964
0.4969778	0.7775655
0.08308459	0.7899943
0.2823609	0.5742638
0.855637

0.6913679
0.5742829
0.1511695	0.2846302	0.52617
0.3887036	0.7320645
0.2570584
0.1460104	0.4304358	0.4575194
0.2399372	0.5332105	0.8919473
0.2057514	0.09129311	0.5471986
0.05320866
0.300132	0.4876967	0.970318
0.1834411	0.572642
0.8996768
0.6300002	0.8656473

0.7947671	0.8645476
0.4634232	0.7444117
0.8140364
0.2903563	0.6001113
0.5403558	0.4976914	0.5670897	0.6175809	0.5383059
0.1138756	0.8446425	0.6706033
0.05960734	0.254135
0.1920685	0.9510459	0.4482979
0.1506812	0.3545477
0.0948792	0.7630622	0.4140554
0.3370101	0.5956238
0.4278811	0.4538667	0.9049126
0.291228	0.3865185
0.1984945	0.6852057	0.9130941
0.1627805	0.9700026
0.2031715	0.2183668	0.4792185
0.1023749	0.7392282	0.1451118	0.7899431
0.1285006	0.6739263
0.2990325	0.8523678	0.9939222
0.3472541
0.8116088
0.2809331	0.2442479	0.921445	0.4717214

0.257134

0.3291209
0.1537088	0.7036258	0.4490579	0.3974067
0.890894

0.6379431	0.531892
0.1961507	0.5975791

0.6849583

0.391038	0.2880464
0.2561212

0.2453172	0.2110091
0.07103188	0.3672012
0.2640915	0.1989448	0.5925551	0.9938101	0.7509357
0.4923784	0.430947

0.2149115	0.6010354
0.2613185	0.2057244
0.09676144	0.4804099
0.1220682	0.6981599
0.2779291	0.6055825	0.6874128	0.8783626	0.577967
0.3767832
0.9995682
0.5027832	0.8590733	0.6784405	0.4901563	0.4793653
0.5847324	0.5656563	0.4143357
0.05591038	0.6863167
0.6645357
0.3418102


0.4567146
0.4777777
0.9796291
0.09798602	0.6545194	0.5106423
0.1374832	0.9541147
0.166752	0.5591624	0.8397352
0.1240574	0.1714905	0.2487953	0.8445039	0.3436579	0.6584509	0.8218156
0.06806309	0.8417235
0.2847549	0.8001817
0.2899032	0.8522974	0.7014005
0.1499294

0.4865479
0.6422038
0.4869146	0.6522844	0.1355217	0.6207497
0.119668	0.9465642
0.3371013
0.5328596	0.120389	0.4349063	0.5526675	0.8357102
0.1789217	0.4632132	0.417216	0.4793095	0.9359956
0.2497004	0.8487567	0.8768774
0.2203206	0.8813172	0.9857106
0.5875195	0.3809956	0.8945215
0.9500117
0.7905651
0.694926	0.6689105
0.6304461
0.1618638	0.6329621
0.7190668
0.3336128	0.5264167	0.717869	0.6619789
0.3164116
0.1961278	0.1309501	0.5310892
0.2847708	0.3996899
0.2799718	0.4063835	0.9669849	0.535787
0.1861668	0.6712063	0.5448991
0.9596187
0.08545083
0.0613237	0.6352147
0.0906327	0.9792369	0.124976
0.1810914
0.1595768	0.3370327
0.2490901	0.6796807	0.7234859
0.1192249
0.1447537	0.5909409	0.5144057	0.2383804
0.9786244	0.8115827
0.5362943
0.2378064	0.904501	0.9961211	0.5350555
0.4420286	0.6789817	0.6494969
0.2156636	0.4490638	0.9734721	0.5946045
0.2199172	0.4629522
0.5449487	0.5975685	0.8419557
0.4566556	0.06669504
0.4195113
0.5346216	0.6519658
0.1081423
0.0968386	0.4722648
0.5827277	0.2291605	0.2240292	0.6173694
0.1336657	0.8218415
0.3253199	0.1658766	0.2714483
0.681125	0.9996715
0.3322971	0.6929364	0.8352989	0.9941873
0.1493278	0.2288167
0.5985453	0.910906	0.4214709	0.8568732
0.4429954
0.464628	0.9927079	0.2458793	0.8318181
0.4803795	0.8593258
0.9295889
0.2949898
0.5296013	0.6208574	0.9420521	0.1075578
0.1701743	0.8754495	0.3833962
0.09586055	0.9965588	0.5727567
0.4743664
0.1743073	0.9109864	0.6241771
0.1195831	0.9659674
0.1747271	0.7917485	0.7780005
0.0846488	0.3196017	0.6829648	0.604496
0.2854687	0.422796	0.7688182
0.4976676	0.5959929	0.9691028
0.1197572	0.1661085	0.1689032
0.1085169	0.5889476	0.8683045
0.09650412	0.1801625
0.4548019	0.04358678	0.861135	0.1562353
0.9353184	0.9439427
0.2213435	0.7304941
0.2126908	0.6140952	0.8020895
0.8075468
0.3667697

0.1949299	0.4600221
0.3243467	0.6634978	0.8772717
0.2059782	0.6396563
0.2268867
0.3020939
0.2478123
0.1776872	0.4037	0.2500463
0.1967227	0.8149444	0.4599671
0.03987622	0.2827145	0.2269824	0.9227451
0.1031263	0.671393
0.6983819
0.2681212	0.6666739


0.5900334	0.62052	0.4425537	0.5980767

0.9152378	0.8370138
0.7506599
0.7166398	0.8522266	0.9093769	0.7728745
0.2715941
0.4941229	0.6584455	0.4343942
0.9773614	0.9289186
0.2244445	0.3536641	0.59831

0.2538309
0.7697771	0.5564271	0.5474656

0.2048637
0.3745578	0.1820271	0.3590395	0.1757365	0.3873747
0.1945833	0.3321438
0.09683957	0.6364651
0.07091668	0.9883477	0.6892207
0.04863502	0.927739
0.1995346	0.9483974
0.4580779	0.6418117
0.5624908	0.2105818
0.1985078	0.4728626	0.8647819	0.01997245	0.8067003
0.1382006	0.3393466	0.02990956	0.7362522	0.01364777
0.2973237
0.5064209	0.2876762	0.6722011
0.2480088	0.7719828
0.5297682
0.2635687	0.7187271
0.1683128

0.5537353	0.3541089	0.5992547
0.7279215	0.6566093	0.5771641
0.9939644	0.8294961	0.9056845
0.7934189
0.3130302
0.8145071
0.134666	0.7443623	0.5167574
0.3238858

0.3473139	0.952835	0.9098132

0.7156319
0.3301212
0.4623818	0.7960524	0.8442853
0.6598343

0.3792365	0.6487698
0.864249	0.1961864
0.1541589	0.357253
0.198404	0.8888242
0.2959765	0.03376984
0.922599	0.9291857
0.5736105	0.7284926
0.4115156
0.1133192
0.02287319

0.09960375	0.6148434	0.6171976

0.4587891
0.1234214	0.7754199	0.3136062	0.6260154
0.1246197	0.2514725
0.3614178
0.5077778
0.02285701	0.3886776	0.9501291
0.001870421	0.9316841
0.1155653	0.2099031
0.7385923	0.7095499

0.1138114	0.1861655
0.6012696
0.09695784	0.930444	0.9107562	0.7511494
0.1226317	0.7422073	0.1069686
0.1681695	0.6137851	0.3288475	0.7493892
0.2311552	0.8710669
0.06015213	0.6010374
0.1237465
0.08591037	0.2978123	0.1514145
0.2236371	0.2826372	0.9660252	0.03914199
0.2765712	0.2709542	0.557312	0.7565107
0.08003239	0.1625462	0.1720121	0.7912146
0.2293718	0.6789393
0.3226789	0.1560205	0.7155272	0.08301277	0.9578502	0.4673061
0.2025371	0.1257898	0.9797554
0.4382987	0.5609195
0.5404987	0.8635491

0.1136697

0.1395171	0.7699457
0.99902	0.4050047	0.7894464
0.8080008	0.4479469	0.9992889
0.358028
0.3762896


0.4930729

0.622982
0.9213303

0.5050161	0.7850894	0.9420426	0.1948904
0.7750746

0.4036321	0.5637648	0.809942	0.4320087
0.1103125	0.5044642
0.468948
0.4580597

0.4145491	0.4137299
0.6510901	0.7632667
0.9345167	0.9457201
0.7617776
0.2540433	0.6619915	0.6427965
0.8410941
0.9875119	0.8749359
0.2255517
0.2847158

0.3903171	0.8682132
0.706091	0.3998647
0.2828348	0.4299554	0.7404878	0.4117541
0.8524565
0.8937854	0.3602686	0.5236225
0.5891019
0.02731673


0.9556623	0.8857066	0.7041602
0.9409773	0.6215652
0.7241931	0.7693946

0.9463156
0.8193935
0.3070522	0.5950127	0.7434304
0.9574725	0.1972231
0.2576222	0.1109238	0.09350319
0.4466963	0.6917676	0.8674426
0.2844423	0.2572053	0.9667022
0.2270346	0.9372471	0.7853082	0.3014405
0.07930961	0.1933463	0.944479	0.391871	0.914562
0.4202633	0.1491211	0.6447209
0.697957	0.5135996
0.1910437	0.328077	0.4575738	0.5938001	0.7531806
0.2522739	0.1874592	0.8235519
0.3069676	0.8095054	0.6573515	0.9184083
0.2342378	0.8665762	0.2302432	0.9613737
0.6396816	0.8135287
0.2123004	0.0518836	0.9740681	0.9616389
0.6982445
0.5103185
0.6910158
0.3944517	0.2061267	0.2531116
0.1091405
0.1716618
0.1283248	0.9249653	0.4780852	0.5757266
0.1336446	0.6028712
0.3030155
0.1068576
0.2780369	0.9592955	0.5670528	0.8910411
0.2360143
0.4599752	0.5248133
0.1326512	0.5217367	0.2368472	0.6518223
0.5570813	0.8179137	0.8971196
0.3302942	0.3247217	0.8483953
0.1699937	0.6847827	0.9897715
0.02901363	0.3278075	0.5437661	0.1951937
0.1463181	0.3848094	0.03642452	0.6874754
0.4942646
0.400633	0.9258324
0.5578386
0.1395637	0.5532485
0.5896161
0.540616	0.3338469
0.572912	0.8287804	0.568554	0.1247706
0.8898616
0.6155781	0.6533345
0.8002151
0.1160862	0.243784	0.6143739	0.7102427
0.2436697
0.1560252	0.4622411	0.1919674	0.5169822
0.2691859	0.8724438
0.2732633	0.4908838
0.312361	0.3309157	0.6358206
0.1100008	0.6199845	0.7111742
0.3228472	0.7061085	0.4219292	0.9701222	0.8777462	0.2719896	0.239243	0.6816908	0.1363253
0.1226618	0.5440246
0.08956506	0.1684223	0.4785097
0.2964367	0.5446243
0.3590204
0.3010517

0.9704476	0.7344877
0.1762484
0.3056293	0.8495631
0.1202166	0.1499812	0.5767064
0.4616478	0.5704804
0.2212011	0.7842088	0.3241895	0.7585174	0.1600318	0.8505546
0.0878304	0.3271798	0.2384615	0.4007966	0.410425
0.1289324
0.2750202	0.7586775	0.3112076
0.07467309	0.1560001	0.4594604	0.9022338
0.4264974
0.2598703	0.3251211	0.6066965	0.4829128
0.1865601	0.9640866

0.3506497	0.1697328	0.1285199	0.6345921	0.7298016	0.400838
0.2344399	0.8502234	0.358752
0.5241119	0.9410082
0.6154291
0.1203668	0.2182097
0.2232203	0.02634393	0.9199796
0.09251632
0.09797859	0.9555404	0.5784206
0.2836923	0.1456862
0.3020579	0.7878736
0.2289346	0.5463336	0.5759824
0.1209668	0.8024328
0.1570486	0.901973	0.8938105	0.3164472
0.3151214	0.5356106	0.6501886
0.05503041	0.6633889
0.138887	0.7387928
0.1243133	0.3188028
0.3096729	0.6509794	0.4739027	0.8577624
0.6408726	0.6590155
0.2424192	0.9021424
0.74387
0.9051683
0.441753
0.4326846
0.1652343
0.3966339
0.5683002	0.9505199	0.9848458
0.3724465
0.9190807	0.9754464	0.3685966
0.1174129	0.9157971	0.4973146
0.295898	0.3366073	0.6845776
0.7776227	0.523171	0.765911	0.4864583	0.7138933
0.2580334	0.547641	0.9528964
0.7118852	0.3036275	0.07158641
0.6268096	0.3821824
0.3910615
0.2744354	0.4852096	0.7175812	0.1099589
0.415845	0.1416548	0.392822
0.2122323	0.9506069	0.2575275
0.3681727
0.2166787	0.2658112	0.1326894	0.8640053
0.2148385
0.3154076	0.9676572
0.2063131	0.6748588	0.9531933
0.8799338
0.5840084

0.9150113
0.5270673
0.769398	0.5831222	0.9139292

0.3973376	0.3613532
0.2136088	0.4043428	0.2842283
0.2571683	0.1587708	0.5418891	0.5562523
0.3337963	0.4724235	0.7883328
0.1967426	0.7605801	0.5020886	0.791867
0.1646336	0.4554876	0.2871664
0.449784	0.4460882
0.470258
0.5780129
0.1344449	0.1261047
0.2254621
0.7618504
0.5882993
0.4975747	0.7051488

0.8190219	0.7736335
0.9854838	0.9066385
0.3411767	0.8562028
0.3300695	0.8742896	0.9827672	0.2886265
0.9183997
0.2417336	0.4409578	0.8843384
0.4599153	0.08685992	0.7646709
0.181109	0.4678692
0.8296646	0.4231611
0.2456491	0.2285073	0.3729441
0.1765006	0.08343456	0.4752147	0.6235365
0.4216998	0.7382747	0.540007
0.5972598
0.3271362
0.446012	0.6485377	0.7848451	0.256942
0.1559963
0.1346324	0.8463798	0.8402871	0.9348875
0.06956488	0.3918859	0.2255698	0.8793806	0.7438218
0.0783939

0.1928342	0.7371145	0.7607825
0.06682912	0.4864087
0.3232397
0.1546702	0.5555397
0.5832496	0.7353532
0.4236272	0.988614	0.6150305	0.98243	0.6881547
0.4834897	0.9557365	0.1207282
0.6798211	0.5804334	0.1532249
0.4721055	0.9953043	0.9588359	0.4361817
0.1933287	0.6687451	0.1887521	0.5069667
0.2007568	0.8409752	0.2734433	0.2744749	0.05162086	0.3449479
0.5851269	0.6766935
0.4950544	0.5958323
0.9763695	0.3330602


0.01520748	0.7224214	0.6317494	0.6126705

0.1751996	0.4480676	0.8888924
0.6216276	0.9970212	0.8728943
0.7074497
0.9803566	0.3454172	0.6375281

0.2372805	0.3934051	0.5227275
0.1458189
0.369974	0.2221795
0.1713073	0.5049601
0.1071589	0.9442906
0.482246	0.3740303
0.1918565	0.6877741	0.8586639
0.07894034	0.646093
0.2660847	0.7982523
0.1568857	0.9003004	0.0240806
0.1771562	0.03061513
0.1318823	0.1370539	0.5516918	0.848692
0.14445	0.7072247
0.3261672	0.1548942	0.1046302
0.3251348
0.7831881	0.7292903
0.2002247	0.5567611	0.1964038	0.625488
0.3898545	0.4249879	0.9710779
0.7332075	0.4051513	0.6650527
0.4849413	0.06150267
0.1769762
0.2238141	0.5859322	0.8202594	0.9626502
0.4256479
0.4183153
0.1857724
0.2196336	0.6522634	0.1801602
0.2624337
0.2019125	0.387532	0.3732806	0.6298403	0.2573663
0.07812307	0.4170018	0.9162245
0.09321481	0.3476929
