SurvivalProbabilities
0.1248748	0.2270496	0.7084292
0.536685	0.726883	0.1963883
0.2758641	0.32949	0.7779552
0.2649265
0.9478004	0.6578589	0.21167
0.155095	0.9848317

0.7058423	0.3011152

0.3307021	0.3030375
0.9377781	0.7377394
0.6485218
0.7896663
0.2988105	0.9239135	0.8883732
0.07877482	0.8365651	0.1840881
0.06360654	0.8175596
0.0779699	0.5306429
0.3525468
0.7108198	0.2605631	0.757071
0.6501422	0.9185868	0.7546828
0.3549861	0.697829
0.4777956	0.7096618
0.04560907
0.9952088	0.7540158	0.845254
0.4391552	0.8801965	0.2425984
0.140749	0.2055827	0.6149162	0.141156
0.347242	0.3117745
0.4744017	0.838563	0.3496887	0.2330564	0.5156615
0.06783522	0.05781519	0.6326538
0.01947441	0.4959327
0.7087279	0.3185353	0.6845254	0.2604068	0.8334717
0.1960712	0.3500058

0.1766478
0.3034203	0.379738
0.03702978	0.8717751	0.5802903	0.8324034	0.5283633	0.9799924	0.2961151	0.5475308
0.03702978	0.6993464	0.5000882
0.07978112	0.6559872	0.9103468	0.03351211
0.06095238	0.5650606
0.3043361	0.7414514
0.3048285	0.9014353
0.5257122
0.04333535	0.4941423	0.005808184	0.4298856
0.04807897	0.03089668	0.8693443
0.03357856	0.1343924	0.8706826	0.6678922
0.03357856
0.5978774	0.6172594
0.7165865	0.2170261	0.548044	0.05955732
0.2090839
0.02956867	0.4492983	0.9084477	0.781868	0.2471181
0.1389411	0.0384519	0.2790523
0.1453726	0.9233762	0.596941	0.8527755
0.04195167	0.442292	0.7533157
0.04496281
0.1359806	0.359896	0.4434193
0.07074137	0.9257089	0.8010368
0.07074137	0.4362265	0.6975537	0.849817
0.5128982	0.6472108	0.1559585
0.296209	0.6807672	0.05953944	0.5008719	0.0426111	0.8544958
0.8033136	0.0285026	0.8718243
0.2564358
0.1373801	0.08478674	0.2859148	0.007021805
0.1132014	0.2458795
0.09971603	0.7708847
0.48842	0.6920989
0.3892273
0.1916662	0.3807819	0.3481388

0.1393566	0.2363472
0.6168348
0.5127864
0.2067111	0.3365039	0.4087117	0.2951998
0.1900091	0.9132446	0.5288005
0.9470931	0.06645287	0.5159281	0.9189508


0.6764798	0.8173965	0.1461449
0.7432747	0.1072608	0.8817989	0.2342444
0.92383
0.1070609	0.7985887	0.1938556
0.09929739	0.7058297	0.2682626
0.06552492
0.06552492
0.009101246	0.9471318	0.7393132	0.677708
0.04408036	0.9887492
0.04408036	0.4221633
0.7185964	0.9681905	0.749254
0.187408	0.1181901	0.8457135	0.5965173
0.8458983	0.9259223
0.9644699	0.0743599	0.930638
0.01515458	0.4914396	0.2077851	0.7990021
0.01515458	0.02487918	0.7409951
0.01951872	0.2431496	0.6004855
0.01951872	0.03128909	0.9561232	0.1829766
0.01951872
0.01109848	0.4360015	0.6332369
0.01610116	0.7793745
0.08915015	0.1038448	0.7783841
0.04245954	0.6632608	0.306783
0.0485713	0.1789276	0.3028009
0.1412524	0.8161711
0.3063645
0.1547174	0.5270036
0.1315125	0.04041549
0.2205464	0.710693	0.5217648
0.2364906	0.3257777
0.04518588
0.3160553	0.7155008	0.6493966
0.1377645	0.2742721	0.1739282	0.5811046
0.2659709
0.576068
0.1292603	0.2271118
0.8077068	0.4124869
0.5453128
0.419697	0.709989	0.4343352

0.1056764	0.496696	0.6565253
0.09300052	0.3812

0.1451046	0.4188477	0.804168	0.9273133	0.6776401
0.08598267	0.4690977	0.009695907

0.2663786	0.3455184	0.8499163	0.193197
0.4595443
0.0791224	0.4709801	0.08323323
0.4147811
0.8006656	0.7975688
0.220926	0.2311167	0.6736749
0.4820366	0.1683349
0.3937246	0.6803843
0.106884
0.896542
0.1359529
0.1179499	0.3759728
0.5418128	0.2222597
0.1855287
0.6587078	0.3821495	0.7343869	0.7736977	0.8309299
0.1516599	0.8474021	0.4286261
0.1948497
0.1176123	0.1596385	0.6781655	0.9460419	0.7479134
0.06208157	0.6249197	0.3590716	0.7694841	0.6844899
0.06075337	0.7274471	0.07245744	0.9739772	0.8325289
0.17234	0.2472207
0.03677268	0.4830039	0.357601	0.874501	0.971688	0.8669946
0.5131134	0.7848873	0.9450223	0.9992765	0.8200409

0.892625	0.8874101
0.6364247
0.5885281

0.4858972	0.111374	0.2770796
0.1793628	0.8779602	0.9646608
0.1637433	0.2588909
0.6639483
0.4197225
0.4776932	0.785699
0.135929	0.6144984
0.04148301	0.5672346	0.2522944	0.4444206	0.4629904	0.789006
0.1143214	0.3915421	0.5925514	0.6232865
0.04711426	0.03297808	0.3064775	0.9481881
0.08806467	0.007101518
0.02632423	0.4171024	0.1599478	0.9852952
0.1565138	0.5270154	0.7143055	0.6493184
0.06066243	0.6748552
0.04817237	0.5695585	0.2853846
0.07250757	0.09839338	0.9952602
0.05739567
0.09825445	0.008468826	0.933087
0.1241982	0.4926968	0.8839395
0.05074428	0.3085764	0.3294409
0.06639555	0.1577283
0.9041168	0.8072136	0.2885643

0.3583045	0.1167847	0.2581829	0.8240239
0.2135954	0.4191327	0.3106923	0.3887405
0.3934428	0.2857002	0.4352315
0.2890795	0.5802774
0.01850581	0.9297968	0.8637796
0.1074856	0.5758669	0.8497114
0.3113427


0.1702514
0.4113722	0.3265113	0.172954
0.2290767	0.5093717	0.4155288
0.1451545
0.1533288	0.3107129	0.922466
0.2478793	0.9261014	0.4864757	0.7885925	0.114257	0.6734928
0.9032165	0.4438475	0.793689	0.3827396
0.7746354

0.5392542
0.8125372
0.5883834	0.2385425	0.4249124
0.8443149	0.310973	0.8062274	0.6162127	0.5253915
0.06149879	0.2751265	0.1001506	0.0184664
0.04462104	0.5547165	0.5268573	0.4662035
0.07950555	0.9201204	0.1125161
0.2933924	0.7335526	0.4006676
0.9223808	0.182806	0.8619415	0.6008415
0.1198228	0.1118034
0.8575299

0.936224
0.9511824
0.3629234	0.8195262	0.7190625	0.3802292
0.94266	0.7451348
0.7654665	0.7106213	0.9684627

0.8358123	0.7238108	0.7067906	0.3389636
0.7568576
0.5125806
0.5623329	0.4971181
0.3901752	0.2638522	0.4716107
0.4671229	0.3900556	0.7416775

0.1404684	0.04011942	0.6111495

0.3222136	0.7890915
0.4046611	0.6047227
0.5038651	0.6872256
0.2814568	0.2484756
0.2832327
0.9928229

0.7518759	0.6420272
0.2641899	0.03009026
0.01208805	0.6054688	0.5897509	0.2734028
0.1544348	0.8850364
0.09803253	0.8373955
0.4906972
0.1791
0.4998863	0.685056
0.2426723

0.2671559
0.4290095	0.1913938
0.4886113
0.06935701	0.1151635	0.2030014	0.3290844
0.07535638	0.9605403	0.6598602	0.5054623	0.2976652	0.7044549
0.1022383	0.4786234	0.3489609	0.9922813	0.8339723	0.9352544
0.05957128	0.2945063	0.2665573
0.08762677	0.3736699
0.1902252	0.8473497	0.9819219
0.2836994	0.260535
0.1048734	0.9265932
0.1383149
0.07974515
0.76604	0.1361908	0.1892739	0.8274931
0.2338016
0.1900382	0.03545762	0.44967	0.4057621
0.3858187
0.1810386
0.8315919	0.674141
0.03278547	0.07215857	0.1084352
0.08149971	0.4352916
0.2056031	0.1656404
0.04086631	0.1770447	0.6923531
0.03837658	0.3706068	0.4238559	0.8877812

0.8144974	0.5112551	0.6420093
0.9278201	0.7524527
0.3948793
0.01474768	0.0240425	0.2811216
0.6755101
0.5659305
0.05811464	0.07577733	0.290672
0.07697509

0.3051126

0.2110054	0.7939753
0.2155134	0.8573298	0.3508676	0.5423961
0.1025804	0.2456064	0.8541008	0.7450371	0.9955656
0.03070537	0.007145876
0.07831854
0.1444825	0.2512917	0.9650108	0.5830368	0.2313123
0.1100358	0.2141489	0.1581014
0.1422412	0.7782857	0.5346443
0.6761414	0.3383752
0.1305287	0.5669945	0.1107586	0.7350315
0.2109567
0.2298253	0.8779645	0.1896249	0.5549448
0.5176215	0.3511375	0.8336064
0.5651432
0.5488047


0.1276463	0.7027535

0.5284408	0.2955068	0.2040184	0.7231947
0.09020227	0.1206894
0.0448008	0.09000548	0.5055617	0.9901821	0.431037
0.3821039	0.9977049

0.5802973	0.166704	0.2033446	0.9182735	0.4583825
0.2124127	0.1172774	0.5815361
0.1284217	0.07432783	0.3240204
0.06993075	0.4079596
0.01517371	0.3917432	0.469
0.04565999	0.5748387	0.2826523
0.01482508	0.3553959	0.9747028
0.01482508	0.2183812	0.806653	0.2022803
0.01482508	0.5334487	0.9124702	0.2289839	0.3245282	0.9830099
0.01482508	0.6113378
0.06596941	0.7040605	0.4757108	0.5750517	0.2676034	0.08163141
0.1396093	0.4107721
0.1955695	0.1031376	0.1518484
0.4723308	0.2616922	0.4748737	0.9358339
0.1108036	0.5148463	0.4523401
0.1108036	0.9058906	0.2311389
0.4451201
0.7387079	0.2216397
0.2935798	0.6389012	0.8710223	0.5709287
0.9270028	0.5715167
0.4443314
0.3312694	0.1988035	0.1688902
0.7506455

0.7337336	0.9460567
0.7235986
0.143864
0.7773245	0.2133278
0.1728026	0.7856458	0.8267199
0.3432247	0.658449	0.7945177

0.184766	0.4884366	0.7139902	0.3770494	0.8164147
0.04394183
0.1746524	0.03926703
0.1320788	0.1081811
0.2153507	0.4967292	0.8054629	0.9668915	0.2535158
0.9773938	0.73989

0.3072802	0.299933	0.6426571	0.478417

0.7908612	0.7495175	0.4956114	0.9041977
0.3584594	0.5389805	0.668866
0.2601013	0.05853971	0.6289703	0.439553	0.2702879
0.2346976	0.9441371	0.52627
0.2493137	0.6085822	0.244781	0.2351524

0.2450153	0.313766
0.433869	0.2953641
0.6551421
0.1135646	0.7431628	0.1985092	0.6044967
0.1434533	0.3338299
0.07184355	0.5018796
0.09320096	0.04438101	0.9003659
0.7244677

0.8665926
0.4040725	0.9004665	0.7820773
0.3211379	0.8007825
0.6678018
0.1445317
0.3221304	0.8910606	0.7137054	0.2339987
0.534452	0.8627921	0.2048214	0.7027009	0.6114212	0.2041283
0.4479154	0.4893926	0.9540622	0.7034426
0.9586753	0.525178	0.7078383	0.8402852	0.2504983
0.3952185	0.2117909
0.4276424	0.6386153	0.3288744	0.4110086	0.7379336
0.8191978
0.06830781	0.05065219
0.1375018	0.8200041	0.7102677
0.05715785	0.3217706
0.4200643
0.05444379
0.5563569	0.3022509	0.4454974
0.1561779	0.9775128

0.09465995	0.8008931
0.04140417
0.7166759	0.1755819
0.3796612

0.4100814	0.7101013
0.4772771	0.08153918	0.6331098
0.2502436
0.7656282	0.9763694
0.5549573	0.1585051	0.8899064
0.1362702	0.06871712	0.9496065
0.06466051	0.5964088	0.665777	0.09709827
0.5215984	0.0784444	0.8134083
0.3277681	0.7685964	0.1302696
0.4332912	0.6673452	0.07252204	0.9488513
0.0137456	0.2289898	0.6035236
0.08830194	0.3098863

0.9650805
0.9783557
0.6097939	0.3303686
0.9474494
0.09282591	0.4395652
0.8191697	0.8658077
0.7299098
0.2339081	0.4533019
0.5026867	0.2550955
0.7715309	0.7223406	0.5723481
0.5558303	0.6981614
0.5505858	0.4046962	0.3739536	0.2365051	0.9639536
0.480838	0.8316997	0.4285493
0.375772	0.7805045
0.8709675	0.5743341	0.5322882
0.1184062	0.8816003
0.06794787	0.3630621	0.05694094	0.8212775
0.07562015	0.3123425
0.2069689	0.2660825	0.0539199	0.9501903	0.4659715	0.8615645
0.3436606	0.1018256
0.1975618	0.2214987	0.2875855
0.1390393	0.1416894	0.0678841	0.2134963	0.7173332
0.9248698	0.07713176
0.3209395	0.6792185	0.757652
0.747887	0.8548464

0.1333046	0.9123249	0.7476461	0.34663	0.2936882
0.522418	0.9999304
0.1419505	0.38294	0.03292459
0.08223642	0.8419817	0.6705583
0.2600846	0.5540316
0.1379325	0.8242905
0.7499569
0.1312126	0.3098005	0.7857503
0.3887188	0.3296373	0.5804471	0.4203587
0.06791542	0.7324953	0.7692617	0.497836	0.1921331	0.3945904
0.2559646
0.1972413	0.03288137	0.3417741	0.396219
0.07338759	0.07468506	0.4878915	0.2533824	0.2291869
0.07795349
0.6911047
0.1345624	0.1325612	0.8441397
0.1771114	0.5609369
0.5349525	0.7471331
0.5868666	0.02234888
0.3819209	0.7542143	0.2037548	0.1370929	0.129143
0.7169183	0.260593	0.5618272
0.02624645
0.418166	0.04880647
0.8485887	0.07855472
0.6427894	0.8917421	0.336826
0.3548325
0.1453944
0.406882

0.9688028	0.9285689	0.8284134
0.3953649
0.5801226	0.9397388
0.9573562	0.2450741
0.3451822	0.5592755	0.1373642
0.0656484	0.2859573	0.1537563	0.6398581	0.3933891	0.5755289
0.1883349
0.08174365
0.2358084	0.503002	0.7133998
0.4622087	0.002475763	0.7263241	0.8401941
0.1214589	0.887192	0.1564078
0.3521625	0.2311701	0.3989417	0.9997069	0.5803521
0.04056706	0.7275799	0.03000249	0.1878744
0.4239819
0.2343164	0.08280137
0.5255572	0.05736325
0.03385367	0.4739166	0.9845237
0.2995039	0.09587682	0.9473684

0.2612151	0.1487723	0.9433555	0.3263737
0.683984	0.6264206	0.2746693
0.09182939	0.4299212	0.9747544	0.3705007	0.3696412
0.2377226	0.6422705
0.02486647	0.1919862	0.1197083
0.03997809	0.6842098
0.06451272	0.7011353
0.5326113	0.2402103	0.1602461	0.7768784
0.1564241
0.1556299
0.3268155	0.8711631	0.9308683
0.1711656

0.1882161	0.6778264
0.7262811	0.5480524	0.3314447	0.9319569	0.5158133
0.09675997	0.62437	0.588214	0.03148548	0.1972946
0.2807053
0.3217011	0.9581918	0.9620522	0.0683889	0.7085918
0.3933637
0.6580376	0.4900971
0.1006844
0.3968237
0.6448317

0.2496364	0.2355132	0.8603901
0.9798037

0.848557
0.09156904
0.08700193
0.130458
0.5750693	0.7535195	0.628237
0.8776945	0.8674979	0.8673612
0.3937741	0.2894619	0.4043444
0.07404688	0.9348034
0.1728309	0.6321564
0.3134001	0.2738982	0.6662095
0.6791458	0.9719113
0.49108	0.2656175
0.3495645	0.7049455	0.9688751	0.4288197
0.101318
0.9099373
0.8365309	0.3014919
0.08753956	0.1789101
0.1839744
0.6934912
0.1560025	0.9797575
0.1724827	0.5299713
0.06823149	0.3318219	0.8989134
0.0897537	0.1462005	0.713739
0.3108553	0.4849133	0.8134837
0.6446618	0.7178408	0.9844332
0.4053072	0.1588539	0.7791938
0.1130136
0.863905	0.2472552
0.600267	0.7955987	0.404274
0.3023328
0.2245747	0.04635493

0.6725427	0.8873738	0.6450427	0.9120089
0.04833423	0.4424969	0.4948938
0.2740668
0.5436368	0.7100338
0.5598333
0.783356	0.3048344	0.5046581
0.4619303	0.7786852


0.3608878	0.2822794	0.7374247	0.5362397
0.09607362	0.6141327	0.2223359
0.8283146	0.4237871	0.2727102	0.6195293
0.4628209	0.06461127	0.9258413
0.1717883	0.7902893	0.7747272	0.9303911
0.9421983	0.8794865	0.6248767

0.716646	0.6584114
0.615706
0.969454	0.2449284	0.9960928
0.7753643
0.3932732	0.8499721	0.2879489	0.7258285	0.08284585
0.5870857	0.9934065	0.4483362
0.198597	0.4146672
0.2780223	0.8472529	0.5989596	0.8434522
0.4945411	0.6726604
0.3464966	0.7120778
0.3232634	0.2936116	0.8395644
0.1922072	0.9457565	0.5593084
0.5179297	0.4271009	0.1367183
0.1640328	0.3645992	0.8313888
0.3297854	0.5138349	0.4901423
0.1739736	0.140751	0.836981	0.1930278
0.2111429
0.3230452
0.5882743
0.4388909	0.981594	0.03058367
0.5322104
0.002372117	0.9507559
0.3992807	0.8319019	0.626385	0.2516277
0.05104657	0.2939942	0.4814379	0.4384101	0.4866753
0.254197	0.7201132	0.6223646
0.1785936	0.358502
0.2335667	0.01102087

0.9931784	0.3734732
0.2446321
0.6471338
0.7791871	0.7640474
0.2984312

0.818321	0.8511953
0.09759992	0.6456056	0.01173857

0.4752065
0.0556693	0.3140852	0.9536052
0.3185194	0.07962419	0.08410612
0.2466209	0.3003542	0.1153565
0.5378893
0.01334592
0.6143933
0.1436048	0.9960049
0.744377
0.2858212	0.3535377	0.6772553	0.2301811	0.2777381
0.06099103	0.1764532	0.5667567	0.05019829

0.3658711	0.9244747
0.5344772
0.6595167
0.5783145	0.317619
0.7268821	0.1468667	0.7985583	0.8607331	0.7409763
0.4376219
0.2897617	0.8198095


0.4356815	0.5923273
0.2739181	0.5837041
0.08900252
0.2441051	0.7406543	0.8578275	0.6307797
0.06058489	0.7620201	0.4657562
0.3052057	0.6797415	0.3722109	0.4212394	0.2873511
0.06765685	0.1477161	0.355681
0.06765685	0.2896423	0.968451	0.5096247	0.6943118
0.3553073	0.667272	0.5314228	0.3105989	0.5809433	0.9789753

0.4099052	0.9433253
0.08560658	0.7185591	0.6155967
0.01531518	0.4058129	0.3001827	0.3757029
0.01531518	0.08840632	0.7687141	0.7635658
0.2133029	0.09901205	0.4401049	0.9371069
0.1727339	0.7673521
0.3229972	0.5292098	0.5157212
0.1460588	0.1126986
0.03259538	0.3140426	0.840431
0.04356546
0.159712	0.207104
0.1290231	0.5902058	0.4216467	0.1202352	0.3472216
0.4036857	0.7702177
0.247663	0.895352	0.8293279
0.9450789
0.1968771
0.298008
0.07052949	0.8853773	0.1461752
0.9769112

0.05223651	0.7463319	0.920342

0.5097973

0.4645068	0.2215175
0.5849736	0.1213831
0.2673968	0.0638925
0.2698479	0.2720815	0.3952802	0.5728812	0.4332851
0.04836261	0.6447596	0.4597469
0.3495543	0.8643801
0.1996993	0.1531473
0.5371633	0.5775474	0.1174293	0.3319724
0.06155453	0.417563	0.8516923
0.1695573	0.172038	0.6131905
0.06232687	0.4900745	0.8065127
0.307376	0.775627	0.1809796	0.6484381
0.2746047	0.6004797	0.8693771
0.2365277	0.4350877	0.378558
0.09993891	0.5369365

0.1700817
0.1384684
0.3007319
0.8463288	0.4404328	0.6279896
0.03752302
0.6460543	0.3812658
0.9993384

0.8747357	0.8112793	0.05100172	0.9871824	0.9235487
0.2867875	0.765482
0.1240273	0.1096366	0.2892994	0.3454728
0.08821629	0.3405574
0.1113075	0.8681972	0.855009
0.6799293
0.04837944	0.2924786
0.4503508	0.8693505
0.07270729	0.6917675
0.04322449	0.2760287	0.7607249
0.05190571	0.3493347	0.226831	0.4368154	0.8750972
0.05190571	0.228443	0.2436324	0.1583437	0.6090678
0.1168766	0.313042	0.3191097	0.7199972
0.5399404	0.2606599
0.118118	0.6116906	0.1771125	0.1207644
0.6483269	0.04146844	0.2560474
0.3260663
0.2484177	0.3163572	0.1844638	0.4358527
0.9529054	0.574688	0.2201097
0.09253942	0.2988829	0.9352474
0.04328423	0.9040106	0.6993845
0.09116254
0.2098352	0.1176148	0.8188035

0.1461208	0.6617913	0.5428157	0.7590968
0.0537016	0.8358873	0.285399
0.2499264
0.06553871	0.306627	0.02022167	0.5119409
0.05191012	0.8006063
0.294788	0.8461416	0.08682636
0.3521232
0.7466072	0.4771092	0.2966451	0.3873959	0.2779597	0.9339549	0.1428461
0.2384387	0.5312807	0.5946708
0.1255418	0.9363801	0.3847052	0.1045705
0.2146822

0.2171313	0.9918329
0.936543
0.7732186
0.1609219	0.6117567

0.4062595	0.7120658	0.8094411
0.7038562
0.0546845	0.5470436	0.8912339
0.8314744	0.2801973	0.9366914	0.2209874	0.9261618
0.4240092
0.389162	0.8132668
0.1126082	0.4230438	0.7387011
0.3652464
0.03633735	0.9924745	0.6962651	0.6603911
0.1173393	0.8010324	0.159568	0.7979393	0.7238842
0.3006445	0.3470024	0.05774802
0.03474574
0.0881898	0.6049577
0.6763919	0.4908126	0.860014	0.7739343
0.2649433	0.5211222	0.8308695	0.02541104	0.230404


0.2529168	0.3067027	0.03026259	0.9059632
0.4028411	0.5522616	0.5992774	0.7108619	0.2716685	0.6021573	0.5769021
0.473273	0.3358535
0.4192587	0.3328109
0.1840018	0.4951917
0.2409153	0.7590555	0.8663428	0.2453284
0.1604938	0.6011233	0.8592693
0.09245625	0.6030488	0.5992872	0.8201149
0.3342203	0.817183
0.1533169
0.7114241	0.9199524	0.3676777
0.884613
0.4376184
0.258896
0.3648439
0.6378377	0.2832999	0.505678
0.3344421
0.4078893	0.3700463
0.4338126	0.7171266	0.2096517
0.9917492
0.0837932
0.6644794	0.559707
0.5476223
0.5426865


0.2020728
0.3659653
0.9391181
0.70249	0.7601041	0.5892463
0.2678294	0.7410449	0.4355821	0.6412539	0.3485811

0.148042	0.180346	0.6828963	0.2623093
0.567601
0.6996567
0.3546172	0.6004536	0.2842321
0.3965597	0.9619068	0.6582603
0.4437649	0.4079126
0.1312754	0.4226395
0.3481012	0.2824819	0.1199616	0.04719176	0.7355834
0.2259267
0.08211
0.3913683	0.2408015	0.5231926	0.60944
0.2627812	0.4793261	0.3443393
0.06342349	0.3524031	0.9478523
0.3013794	0.06571442
0.2780941
0.2586737	0.9251025
0.9463148	0.4707672	0.5367071
0.2585091
0.4053677	0.2768697	0.3511738
0.4771819
0.8980324	0.7505897	0.4505796
0.3651437	0.6113724
0.3462443	0.9523378
0.0496405	0.7435325	0.6912725	0.9994046
0.1316869	0.6303505	0.7519684	0.1475259	0.6663701
0.9692405	0.482347	0.8444383
0.4628644	0.7455102	0.2372707	0.9838658
0.7446143	0.9187148	0.8921111	0.8698312
0.3048323	0.5094046	0.3904137	0.4805949
0.4041198
0.8941355
0.8101225
0.04601773	0.3419914	0.5443784
0.0950576	0.3589039	0.3145967	0.3536512
0.139202

0.2008218
0.2171268
0.3260306
0.3232855	0.8080638
0.6447506	0.2525652	0.8375826
0.3656041	0.5530581
0.386611	0.5468105	0.8185023
0.5624975	0.6386752
0.1480394	0.4393947
0.1900345	0.3750032
0.5792099	0.2757936	0.4936671	0.01837541	0.476063
0.1004539	0.9739261	0.3884375
0.2574114	0.8645433
0.1331004
0.6615152	0.1599869
0.0932578
0.2413287	0.1533925
0.1204441	0.1362788
0.03719054	0.7169762	0.4004777
0.4325579	0.6148277


0.0962246	0.5560612
0.668446	0.7426002	0.6636325	0.5923592	0.1267047


0.2798984	0.6172602
0.4699923	0.5715757	0.1928648
0.9967827	0.1660269
0.07701292	0.5141725	0.09972887
0.1624283
