Iteration	posterior	NumSpeciation	numExtinction	numMassExtinctions 
100	-281.747854522105	3	2	2
200	-287.159673776056	3	1	4
300	-297.333117030267	6	3	3
400	-286.507939503048	3	1	2
500	-288.635783810529	4	2	2
600	-310.042909719439	6	3	4
700	-286.332121326733	4	2	2
800	-294.951428027775	6	1	3
900	-297.526405588306	7	2	3
1000	-277.821603427283	3	1	2
1100	-275.709137103837	4	2	1
1200	-289.852989425123	4	1	2
1300	-290.57025069188	4	2	3
1400	-282.267996693826	2	3	2
1500	-283.963304938966	2	3	2
1600	-297.280369694505	2	2	6
1700	-282.118033022124	4	2	1
1800	-285.288507887807	7	2	1
1900	-295.964018739719	5	2	3
2000	-291.894793665207	5	2	1
2100	-286.310316389622	3	3	2
2200	-288.251142278301	5	2	2
2300	-294.165977949741	5	4	2
2400	-282.065615749508	5	2	1
2500	-289.96406927803	6	2	1
2600	-286.096918294618	3	1	2
2700	-280.459052936142	4	1	2
2800	-281.466357999864	5	2	1
2900	-304.535804096004	7	4	3
3000	-284.490569797722	3	1	2
3100	-283.906230199921	3	2	2
3200	-283.409682911218	3	2	2
3300	-280.995683895866	5	1	1
3400	-286.450288726452	5	1	2
3500	-290.860139311559	4	1	3
3600	-281.849492526583	5	2	1
3700	-280.688277478136	3	2	2
3800	-294.68471386361	4	2	4
3900	-306.230492818694	4	2	7
4000	-286.009933750079	4	2	2
4100	-289.266404139949	4	4	2
4200	-298.673354300767	3	3	4
4300	-298.085085778568	5	2	4
4400	-306.59449961505	4	4	5
4500	-283.436015912495	3	1	2
4600	-282.311908269688	2	1	3
4700	-287.25778929501	2	3	3
4800	-283.936895558967	2	1	3
4900	-295.273076381974	3	2	3
5000	-284.532663402478	2	1	2
5100	-283.727727575755	2	1	3
5200	-313.749664584144	3	4	6
5300	-304.397754579809	2	3	4
5400	-312.250144117933	3	3	6
5500	-284.021921220033	3	3	1
5600	-289.203691749219	4	5	1
5700	-290.318559337521	4	1	2
5800	-300.305160150753	5	2	3
5900	-304.87715484063	5	4	3
6000	-290.993870344131	4	3	3
6100	-302.354121609932	2	5	3
6200	-292.043548397324	3	3	2
6300	-290.880630126065	3	3	2
6400	-291.06196504975	3	1	2
6500	-295.369257322015	2	2	3
6600	-282.371782765006	4	2	2
6700	-296.012777776443	4	2	4
6800	-288.514207687646	4	3	2
6900	-276.851109918102	4	2	1
7000	-283.334999524663	6	1	1
7100	-291.439455518789	5	3	2
7200	-291.964288732024	7	3	2
7300	-298.926131932184	4	5	3
7400	-290.706316462902	6	2	2
7500	-277.662100263366	4	1	1
7600	-291.612666645813	3	3	2
7700	-280.565967973943	4	2	1
7800	-278.080795161853	4	1	1
7900	-281.169628423853	4	1	2
8000	-275.633207565661	4	1	1
8100	-280.473888933977	3	3	2
8200	-290.336190479431	6	2	1
8300	-296.404141839954	6	1	3
8400	-284.162011094157	2	1	2
8500	-286.205259108018	5	1	3
8600	-294.001250374761	7	1	2
8700	-293.578404614476	6	2	3
8800	-281.742292731891	4	2	1
8900	-293.147359779797	3	4	3
9000	-284.884039439801	3	1	2
9100	-289.992698433176	4	1	3
9200	-291.547516967869	4	3	3
9300	-287.582757065763	4	3	3
9400	-288.690952522853	5	2	2
9500	-291.315804821772	3	2	3
9600	-282.891499464887	4	1	2
9700	-306.720362780255	6	1	4
9800	-287.148228415282	2	1	2
9900	-296.163717834998	6	2	3
10000	-290.953363113807	4	4	2
10100	-302.123569375253	4	3	5
10200	-299.906539520533	6	3	3
10300	-286.922243872311	4	2	1
10400	-292.550804128391	4	1	3
10500	-284.607914985675	5	1	1
10600	-288.569464839413	5	1	3
10700	-300.374101710592	4	3	3
10800	-292.154844706513	4	1	2
10900	-287.108728827071	1	2	3
11000	-288.643067391998	2	3	2
11100	-290.370895217303	3	2	4
11200	-295.0320378836	2	4	4
11300	-285.380098463338	3	1	2
11400	-286.953981815953	2	3	3
11500	-301.581525973742	2	5	5
11600	-293.407558417943	3	2	4
11700	-289.506662314793	3	1	4
11800	-285.93220688839	3	3	2
11900	-287.566112119953	4	2	2
12000	-286.849484292237	3	3	2
12100	-294.105737623817	4	1	2
12200	-296.171606680752	5	4	3
12300	-278.496241719733	4	3	1
12400	-292.930904679507	6	2	3
12500	-276.805735944849	3	2	1
12600	-277.855940374219	3	1	1
12700	-284.265404191335	3	1	3
12800	-289.918594752147	6	4	1
12900	-282.559942214003	4	3	2
13000	-289.461269999296	5	3	2
13100	-295.703660981744	4	1	4
13200	-290.739274048349	3	2	4
13300	-296.697634475207	3	4	3
13400	-295.538712596014	3	1	4
13500	-288.334085876962	5	1	2
13600	-294.207785693805	6	1	1
13700	-290.339120859239	4	3	0
13800	-286.486903631029	6	1	1
13900	-291.733665192615	8	1	0
14000	-285.878535699879	5	2	0
14100	-296.692481933167	7	3	2
14200	-289.034908856635	8	1	0
14300	-288.460662120761	7	1	1
14400	-305.150180927459	7	2	4
14500	-285.818673356725	6	1	0
14600	-278.255753243262	5	1	0
14700	-305.34123269195	9	2	2
14800	-283.838832958073	6	1	1
14900	-290.100466271665	6	2	1
15000	-288.209991389991	6	1	2
15100	-311.528030197296	8	3	2
15200	-287.653501217711	3	1	3
15300	-280.548983367551	2	1	3
15400	-294.79634644263	1	3	2
15500	-287.477813401495	4	2	1
15600	-294.716620777322	5	1	2
15700	-297.81186290951	2	1	4
15800	-293.956976814072	5	1	0
15900	-297.02391315479	5	2	3
16000	-288.820189961332	6	2	1
16100	-296.084332612605	4	4	1
16200	-285.489827008869	4	2	1
16300	-324.726852258892	10	1	5
16400	-296.739104301763	7	2	1
16500	-307.531156720861	5	4	4
16600	-297.993215244648	7	1	2
16700	-297.560359078464	7	3	1
16800	-290.972722007786	6	1	2
16900	-293.499077825326	7	2	0
17000	-286.625042193119	6	3	0
17100	-297.279630099914	6	4	1
17200	-299.883051874374	8	2	2
17300	-294.842479778814	5	3	0
17400	-302.633622924993	6	1	4
17500	-298.053115081707	6	2	4
17600	-304.460703119246	6	3	3
17700	-298.145810249665	8	1	1
17800	-298.049444623303	4	3	3
17900	-306.791137528364	4	1	6
18000	-285.58238026684	4	3	1
18100	-279.396881151342	4	2	1
18200	-283.631857542798	4	1	2
18300	-286.864313422001	5	2	1
18400	-288.73800194701	3	1	1
18500	-305.396683486933	3	2	5
18600	-296.285700464533	6	2	1
18700	-295.210455172727	6	2	1
18800	-304.247262444278	5	2	4
18900	-292.344076834443	4	3	1
19000	-300.758078258415	3	2	3
19100	-292.873884724023	5	2	3
19200	-288.689684761321	5	3	1
19300	-302.434961847971	4	3	5
19400	-282.903616704311	5	1	1
19500	-303.047144057214	5	2	3
19600	-317.317725236749	8	4	4
19700	-296.742789569152	4	2	3
19800	-283.505280611179	5	1	0
19900	-283.296358670464	4	3	1
20000	-286.850468675771	6	1	0
20100	-285.915242533007	4	1	2
20200	-289.443878735323	5	2	2
20300	-280.745154925809	4	2	0
20400	-286.105115478165	5	1	2
20500	-297.174213527766	5	3	1
20600	-296.36143983315	6	2	2
20700	-293.261672859133	5	1	1
20800	-294.651046952379	5	1	4
20900	-295.603962828354	5	2	1
21000	-291.536173291995	7	1	0
21100	-300.065069851835	7	2	2
21200	-282.279047998948	5	1	0
21300	-298.161242552407	7	1	3
21400	-289.014757389135	4	2	3
21500	-287.696313086836	4	1	3
21600	-281.842091530217	4	1	1
21700	-291.851766432122	7	2	1
21800	-291.370476016698	5	3	1
21900	-296.174894553118	5	3	2
22000	-293.417750062709	6	2	1
22100	-284.900941993633	5	1	2
22200	-299.575247252192	5	4	2
22300	-297.857468913433	5	2	2
22400	-293.97511846539	4	3	0
22500	-303.592355953985	4	4	3
22600	-297.130041979804	5	4	1
22700	-301.940762222399	5	1	3
22800	-309.917331046003	7	2	3
22900	-293.173128586731	5	2	2
23000	-294.428011978666	7	2	1
23100	-290.582682488509	4	1	3
23200	-295.01202654093	5	3	2
23300	-290.578190050237	5	1	1
23400	-294.631025385766	7	2	1
23500	-282.124941495919	6	1	1
23600	-284.992849906967	5	1	2
23700	-288.425175608921	6	1	1
23800	-289.776410007999	6	2	0
23900	-297.675960149337	5	3	3
24000	-280.738410484985	5	2	1
24100	-281.325889890159	4	1	0
24200	-290.431822985538	4	4	2
24300	-297.661196052582	6	1	3
24400	-284.704193678743	5	2	0
24500	-297.671917171945	4	3	2
24600	-290.354532614155	8	1	0
24700	-288.261689081959	4	1	1
24800	-292.021919677061	6	2	0
24900	-297.041072117729	7	1	1
25000	-311.57119140921	6	3	2
25100	-301.541043351985	4	5	1
25200	-298.6365386997	4	1	4
25300	-284.36937583975	4	2	1
25400	-318.196239698022	7	5	4
25500	-292.647144814548	6	2	2
25600	-292.231745381558	6	1	2
25700	-298.148864176096	5	3	4
25800	-292.516349641467	4	2	3
25900	-294.658801786445	7	1	2
26000	-298.504194965398	8	2	2
26100	-289.790959913626	3	2	4
26200	-287.344576311068	3	3	3
26300	-292.697656780977	3	2	4
26400	-279.677622797879	3	2	2
26500	-285.109388769982	4	3	2
26600	-284.573418724078	3	1	3
26700	-302.275895833818	3	3	6
26800	-280.811683740061	3	2	2
26900	-297.214125066815	2	2	6
27000	-285.340801079967	2	1	3
27100	-284.81596726267	2	3	3
27200	-296.97132450216	3	2	5
27300	-298.210877708556	4	2	4
27400	-282.24508321747	4	3	1
27500	-297.938046542733	4	4	3
27600	-300.972244521207	6	4	3
27700	-282.094784617299	3	3	2
27800	-283.845377840661	3	3	1
27900	-292.565496087389	4	2	2
28000	-289.832848618511	4	4	1
28100	-294.491159379903	3	4	2
28200	-295.799454591728	3	1	4
28300	-302.933074190746	4	5	2
28400	-308.522465073195	6	2	3
28500	-286.83686822657	5	1	1
28600	-295.89170687122	6	3	1
28700	-295.99227143897	4	1	4
28800	-280.455587505872	3	1	3
28900	-292.056922995943	3	4	3
29000	-285.527225672178	3	2	2
29100	-288.854672565964	3	2	2
29200	-285.346550146319	4	2	2
29300	-286.682229318723	3	2	1
29400	-285.711587063874	3	2	3
29500	-288.3328929431	3	2	4
29600	-302.029880444461	3	2	6
29700	-301.147387744198	3	2	6
29800	-295.29013412838	4	2	4
29900	-306.834612504431	2	2	7
30000	-291.37831841933	2	4	2
30100	-287.11593287441	3	3	1
30200	-288.398720605545	2	3	3
30300	-276.591311970231	2	1	2
30400	-290.945013595315	2	2	4
30500	-303.860049724474	4	3	5
30600	-291.068754984463	4	2	3
30700	-291.724216672717	2	3	4
30800	-294.665388731878	2	5	4
30900	-288.808355035681	3	3	2
31000	-285.710222582228	2	3	3
31100	-294.453936027575	2	3	4
31200	-291.602260405214	2	2	5
31300	-289.070672178925	2	5	2
31400	-279.000407433698	2	2	2
31500	-283.471598328953	2	3	2
31600	-300.047770816394	3	5	2
31700	-295.435153261522	3	3	3
31800	-287.303028997	2	2	4
31900	-290.644919564823	2	2	3
32000	-285.834483187834	2	2	3
32100	-293.904274977231	4	3	2
32200	-300.548751583378	3	4	5
32300	-287.520255761893	3	4	3
32400	-291.505364805919	2	1	4
32500	-302.021384099898	2	3	5
32600	-311.43471274353	2	7	5
32700	-284.212613872432	2	2	4
32800	-291.789194099429	4	3	3
32900	-309.549537262613	2	4	7
33000	-288.153005799242	3	2	2
33100	-287.771466534515	2	3	2
33200	-279.201268997592	3	1	3
33300	-303.244358085666	4	2	5
33400	-295.110652267098	4	1	4
33500	-291.37016798162	3	2	2
33600	-300.932641129104	6	3	2
33700	-291.152400537037	4	3	1
33800	-299.993751754471	6	3	2
33900	-300.672892452187	3	1	3
34000	-305.105043822104	4	5	3
34100	-290.843282547695	4	3	3
34200	-294.481478104247	4	4	3
34300	-289.815355143395	3	2	4
34400	-302.022143180135	3	3	5
34500	-296.701031915879	4	2	3
34600	-284.782880379526	3	1	2
34700	-292.601011967487	8	1	1
34800	-279.356811261282	4	2	1
34900	-281.803441858861	3	2	2
35000	-293.161506812808	5	3	2
35100	-324.478696759484	7	4	6
35200	-281.994047404111	3	1	3
35300	-292.313067693231	3	2	4
35400	-306.66001170714	3	3	6
35500	-300.765383710975	4	3	4
35600	-287.146483848325	3	2	3
35700	-287.859173111627	2	1	2
35800	-295.06818073923	5	2	3
35900	-280.608656307674	3	1	1
36000	-297.106632289962	3	4	4
36100	-284.462031271233	5	2	2
36200	-293.785660027709	3	2	3
36300	-289.350525188714	5	2	2
36400	-299.11296306707	4	4	2
36500	-283.634134242388	3	1	2
36600	-287.329848567434	4	2	2
36700	-289.032768549696	3	1	4
36800	-293.10865903597	3	1	4
36900	-296.474168826174	4	1	4
37000	-302.93274133783	7	4	2
37100	-294.052750227871	4	5	2
37200	-287.496665264914	4	2	2
37300	-289.19390200737	5	2	2
37400	-305.425536585865	7	2	2
37500	-278.426638746143	3	1	2
37600	-285.033107240744	3	1	3
37700	-290.578977654091	4	1	3
37800	-277.41688449384	3	1	1
37900	-286.914396175404	4	2	2
38000	-287.560202575614	3	3	3
38100	-278.604927285517	3	2	1
38200	-282.051845164818	4	2	1
38300	-300.787885276063	4	3	4
38400	-287.346485797814	4	2	3
38500	-287.34588830491	5	1	2
38600	-283.798712172724	4	2	2
38700	-287.141931748842	5	3	2
38800	-293.335581161355	5	2	3
38900	-290.577787341121	3	2	4
39000	-308.033380236653	4	3	6
39100	-286.45767995268	5	3	2
39200	-296.231558306603	5	1	3
39300	-282.528758350209	3	1	3
39400	-300.608183385039	4	2	4
39500	-282.484844026368	5	1	2
39600	-283.820575069258	3	3	2
39700	-284.365341818602	3	4	1
39800	-284.026571939211	5	2	1
39900	-302.014939156221	6	3	3
40000	-283.684089285963	2	2	3
40100	-293.19390027178	3	4	2
40200	-282.955749178545	5	2	1
40300	-287.090186520527	4	1	2
40400	-311.440723729439	3	5	4
40500	-286.524256670131	2	2	2
40600	-282.993941897365	2	2	2
40700	-291.114422198848	2	1	4
40800	-289.594937354279	2	4	3
40900	-289.514383327751	2	3	3
41000	-292.659647871142	2	3	4
41100	-288.884203401829	2	4	3
41200	-284.447774010545	2	2	3
41300	-294.290697822772	2	1	6
41400	-282.228369141515	3	3	1
41500	-286.430524543561	3	2	3
41600	-287.242394036427	3	2	3
41700	-282.826891043983	3	1	3
41800	-298.848960325108	3	3	4
41900	-275.571995106947	3	1	2
42000	-282.81156079037	3	2	3
42100	-282.307951304629	3	1	3
42200	-312.098556253915	5	3	5
42300	-298.644396803462	3	4	4
42400	-283.896001043981	4	3	2
42500	-292.299187896762	2	5	3
42600	-281.93430956254	2	3	2
42700	-291.408414648528	2	3	5
42800	-280.960247925317	2	1	3
42900	-303.129971244155	4	4	4
43000	-280.127288610483	3	2	2
43100	-298.393570333836	4	5	3
43200	-295.345023675305	3	4	3
43300	-285.685772581069	4	1	3
43400	-291.817272592174	3	2	3
43500	-293.849228349691	4	4	3
43600	-313.686015838906	5	3	5
43700	-283.68762455074	4	1	2
43800	-296.785249626832	2	2	5
43900	-291.975477414808	2	2	5
44000	-293.271619076916	2	6	3
44100	-294.237700925494	3	1	3
44200	-299.563079497705	2	2	3
44300	-283.976674185224	5	3	1
44400	-297.955785661436	7	1	3
44500	-291.264698588018	3	2	4
44600	-282.875155847992	3	2	2
44700	-293.332108476106	4	1	4
44800	-295.613544659435	4	2	4
44900	-299.558905634509	7	1	3
45000	-283.699766199658	3	1	3
45100	-289.139178823256	4	2	3
45200	-290.54668067554	4	2	3
45300	-282.654931795856	3	3	2
45400	-289.935415713154	5	2	1
45500	-294.127372375315	6	3	2
45600	-288.120358693889	6	2	2
45700	-300.932427480333	7	1	2
45800	-300.964868276095	5	1	4
45900	-296.273546395826	6	2	3
46000	-292.579127517246	6	3	1
46100	-281.897843262891	3	3	1
46200	-304.040237132924	3	2	6
46300	-277.291913221835	2	3	2
46400	-291.558195519263	2	3	4
46500	-284.715163112433	2	3	3
46600	-284.941617294011	2	2	3
46700	-278.407426523897	2	1	2
46800	-284.455542827601	3	1	3
46900	-274.157642141744	2	2	2
47000	-282.192158006163	4	2	2
47100	-288.314326393362	3	2	3
47200	-297.891693025036	3	1	5
47300	-288.106404596923	3	1	4
47400	-279.140678970429	4	1	2
47500	-290.11802319093	4	4	1
47600	-302.596226367618	5	3	3
47700	-283.364306562481	5	2	1
47800	-284.322255553081	4	1	3
47900	-290.119763548205	4	2	3
48000	-294.950093845709	5	2	4
48100	-284.062109400891	2	2	3
48200	-283.647056898444	3	1	2
48300	-305.707458504595	5	1	6
48400	-276.259407432885	5	1	1
48500	-279.479029973191	4	1	1
48600	-295.686913243884	5	6	1
48700	-302.296775688372	8	2	3
48800	-292.033120132121	4	1	4
48900	-285.709562552385	3	4	1
49000	-283.98029024296	5	3	2
49100	-279.030975271095	4	1	2
49200	-293.655390169043	5	3	3
49300	-300.512962623466	6	3	2
49400	-299.641768396437	6	2	3
49500	-280.449008360892	4	1	2
49600	-291.021490151302	4	2	2
49700	-300.29672745403	5	4	3
49800	-289.962058922601	4	2	4
49900	-295.799106313054	4	4	4
50000	-298.887986968464	4	2	5
50100	-297.413581569239	4	3	3
50200	-289.846409887365	4	2	3
50300	-282.02483123585	4	1	2
50400	-284.816418451574	3	2	3
50500	-279.370907812964	3	1	2
50600	-291.764914044031	4	2	2
50700	-275.704699025803	2	1	2
50800	-289.64887131251	3	4	2
50900	-285.135414404783	2	2	3
51000	-289.191006789517	2	1	4
51100	-290.722580433097	2	3	3
51200	-282.266883720508	3	2	2
51300	-287.314074156465	3	2	3
51400	-297.370767734784	3	4	3
51500	-287.112382022704	2	2	4
51600	-284.135520226086	3	1	3
51700	-279.32777053291	3	2	2
51800	-283.769320463434	3	2	2
51900	-286.924166371729	4	2	2
52000	-287.586722197927	5	2	2
52100	-292.006832873763	3	1	5
52200	-284.214939618713	4	1	3
52300	-276.183383914735	2	2	2
52400	-291.650092959132	3	4	3
52500	-289.670222454854	2	1	5
52600	-299.289173740857	2	1	5
52700	-285.906907038462	3	1	3
52800	-289.010625256314	3	3	2
52900	-296.000917676458	5	2	4
53000	-298.492100363201	4	2	5
53100	-293.206867829043	3	3	4
53200	-284.343095543179	3	4	2
53300	-282.493106459893	2	3	2
53400	-287.623441150177	2	3	3
53500	-290.48073866274	2	2	4
53600	-297.862588998001	2	6	3
53700	-295.90220036541	2	3	5
53800	-283.939524629131	2	3	3
53900	-288.353031117056	4	1	3
54000	-301.508208512771	6	2	3
54100	-295.053121407768	6	2	2
54200	-299.307738870633	6	3	1
54300	-284.99940510119	4	2	2
54400	-301.705122843921	5	4	3
54500	-276.814200337338	3	1	1
54600	-284.076481309851	6	2	1
54700	-278.623259015274	5	1	1
54800	-287.073491353237	4	1	3
54900	-290.436493116311	4	1	2
55000	-304.24772621168	4	3	4
55100	-287.32308718888	3	1	4
55200	-286.945382494449	4	1	3
55300	-281.674345985753	6	1	1
55400	-281.0324630668	3	3	1
55500	-293.335159294988	5	1	2
55600	-304.976982402338	6	5	3
55700	-288.531813293533	4	2	3
55800	-279.590890674743	4	2	1
55900	-296.468185739594	6	3	3
56000	-281.397047921283	4	2	2
56100	-281.594428180059	2	1	2
56200	-292.213712099164	3	2	3
56300	-284.678404460463	3	2	3
56400	-282.038469671312	4	1	2
56500	-290.259625481522	7	1	3
56600	-283.6019796956	5	2	1
56700	-278.012941308877	3	1	1
56800	-287.575724271926	3	1	4
56900	-297.216297840692	3	3	4
57000	-300.209115767087	3	4	4
57100	-283.903752655872	3	2	3
57200	-297.717512307663	3	2	5
57300	-290.671851522821	4	3	2
57400	-281.448889106464	3	1	2
57500	-283.119840669607	2	1	3
57600	-289.748142733173	4	4	2
57700	-284.372510300375	2	1	3
57800	-285.301418603224	2	1	3
57900	-301.287724164594	2	2	6
58000	-298.937443283373	2	2	6
58100	-295.240733076445	3	2	4
58200	-296.784909292137	5	2	4
58300	-280.581966491106	4	2	1
58400	-277.468774721751	4	1	2
58500	-276.215602956163	4	1	1
58600	-276.226698401576	4	1	1
58700	-283.149388136758	4	3	1
58800	-298.043285580407	6	1	4
58900	-295.237203720095	2	5	2
59000	-291.800462640107	4	1	4
59100	-281.443543185933	2	2	2
59200	-284.119657218072	2	2	2
59300	-298.960961813952	2	4	4
59400	-301.425321587897	2	2	6
59500	-288.333840824388	2	2	4
59600	-294.87436298528	5	2	4
59700	-281.603852850833	6	1	1
59800	-285.69115097666	5	2	2
59900	-280.314684954944	3	3	1
60000	-281.951624590161	4	3	1
60100	-299.481145420416	3	1	6
60200	-291.764436367221	6	2	2
60300	-292.961354636787	3	5	2
60400	-297.534819715097	7	3	2
60500	-287.576269560412	3	4	2
60600	-292.127849204308	5	3	3
60700	-292.896384188422	5	3	2
60800	-284.994940481863	3	3	2
60900	-282.764222664517	4	2	2
61000	-289.447717297296	4	3	3
61100	-296.85180129443	6	2	1
61200	-282.372012654217	4	1	3
61300	-285.11055714623	4	2	1
61400	-303.906486953141	5	3	5
61500	-296.668921148838	4	3	3
61600	-310.298237913102	8	4	2
61700	-304.772098398799	3	3	5
61800	-297.115936745732	7	2	2
61900	-290.115269807631	5	2	2
62000	-288.301399937484	3	1	3
62100	-287.484413685077	4	1	3
62200	-285.505915229992	5	1	2
62300	-286.032700761975	5	1	2
62400	-281.245641706069	3	2	2
62500	-307.66687925882	9	5	1
62600	-278.575509324794	3	1	2
62700	-287.259175379479	3	1	3
62800	-293.390133606389	4	1	3
62900	-309.35760769149	4	4	4
63000	-292.279196758825	6	2	2
63100	-290.660436800521	5	2	1
63200	-284.506014589893	4	1	3
63300	-288.422969927271	4	3	2
63400	-280.292661095034	3	1	2
63500	-302.159920125918	7	1	4
63600	-291.28610486822	5	2	2
63700	-288.460555927338	4	2	3
63800	-284.102159146508	4	1	2
63900	-289.505516991535	3	1	2
64000	-291.661542015368	3	2	4
64100	-295.499793793326	3	4	4
64200	-298.389353117748	4	3	5
64300	-287.107055227342	6	2	2
64400	-277.331765224889	5	1	1
64500	-278.581079725027	5	1	1
64600	-280.904849993479	4	2	2
64700	-279.666628882507	4	1	2
64800	-285.29636682347	5	3	1
64900	-283.988678059754	3	3	2
65000	-289.628364118965	5	2	2
65100	-308.647030887892	3	2	5
65200	-294.907536877436	6	1	2
65300	-281.789623815077	4	2	2
65400	-308.124997896594	8	2	4
65500	-286.497716808526	5	1	2
65600	-281.394477340632	4	2	1
65700	-284.851597500321	4	1	2
65800	-305.973729721575	5	5	3
65900	-280.685708753858	3	1	2
66000	-286.848688849563	4	3	2
66100	-287.239162815917	4	3	3
66200	-289.123711177551	4	2	3
66300	-282.656515106183	4	2	2
66400	-292.440170516278	3	1	5
66500	-285.942443128656	3	2	3
66600	-282.419113076403	3	3	2
66700	-294.912985594039	3	3	4
66800	-303.980987198372	2	2	7
66900	-286.598502754917	2	3	2
67000	-285.782777666938	2	4	3
67100	-278.779525064184	2	2	2
67200	-279.05192483728	2	1	3
67300	-287.580989440386	4	3	2
67400	-293.552349529456	3	2	3
67500	-305.720213235706	2	6	4
67600	-298.555264264385	2	3	4
67700	-301.805509651385	5	2	5
67800	-297.334989530374	5	4	2
67900	-291.447953362083	5	2	3
68000	-282.350011209233	3	1	1
68100	-286.20488246371	4	2	1
68200	-292.495253539274	2	3	4
68300	-289.8064385269	4	2	3
68400	-291.175134651112	6	2	2
68500	-288.716026656432	3	1	4
68600	-293.368273998472	3	2	5
68700	-287.1078284859	5	1	2
68800	-296.203896436851	5	2	2
68900	-285.781395249269	3	1	2
69000	-297.326473787485	4	2	3
69100	-284.356363553315	3	2	3
69200	-280.739644144594	3	3	2
69300	-290.878401584028	3	2	5
69400	-294.158465882628	4	1	4
69500	-294.855904450459	3	3	4
69600	-281.29640446104	2	3	2
69700	-290.946574756242	3	1	4
69800	-286.765836690743	4	3	2
69900	-291.332141035012	4	1	4
70000	-278.896336214264	3	1	3
70100	-290.578726479456	3	3	3
70200	-283.979782496527	2	2	3
70300	-281.093378472865	2	1	3
70400	-291.209982077631	2	2	4
70500	-278.964759345479	2	2	2
70600	-292.703266152802	2	1	5
70700	-285.00451890082	2	3	3
70800	-293.054508846496	3	1	5
70900	-285.364644579917	2	2	3
71000	-295.584779812862	5	1	4
71100	-284.540180698258	5	1	1
71200	-292.387341296676	3	4	3
71300	-295.980113675859	5	1	4
71400	-283.793804207609	4	4	1
71500	-293.067886532081	4	3	3
71600	-286.013457148257	2	1	3
71700	-284.899162604877	2	3	3
71800	-285.220078240097	2	2	3
71900	-285.461682703014	2	1	4
72000	-308.576593401513	3	3	6
72100	-287.768908681599	4	2	2
72200	-301.024023982083	4	2	4
72300	-293.191272499552	3	2	3
72400	-291.158935651027	2	3	3
72500	-286.776361351089	2	2	4
72600	-288.860648301487	2	1	4
72700	-286.804008286946	2	1	4
72800	-297.549519760958	2	1	5
72900	-294.050831786553	3	3	2
73000	-304.971013799608	5	1	5
73100	-294.045428837037	3	3	3
73200	-298.112424523731	2	3	5
73300	-297.02213999381	4	2	4
73400	-289.106242178589	5	2	1
73500	-291.290780500578	5	3	2
73600	-285.652779493053	3	1	3
73700	-279.932321242275	4	2	2
73800	-292.092223339875	6	1	2
73900	-288.267516620011	3	2	3
74000	-300.426557528712	4	2	4
74100	-286.864159036357	5	2	2
74200	-288.354880677051	4	2	2
74300	-288.254734376462	3	1	2
74400	-288.056004068837	5	4	2
74500	-287.732393258957	4	2	2
74600	-288.516083706645	4	1	2
74700	-307.367495135606	5	4	3
74800	-289.807905435062	5	1	3
74900	-284.987594473733	5	2	1
75000	-286.788543565246	4	3	1
75100	-277.822553283565	3	1	1
75200	-281.907400318919	3	1	2
75300	-290.567475503729	3	4	2
75400	-290.864698653974	3	2	4
75500	-285.781035190135	3	3	3
75600	-299.058956231957	5	2	4
75700	-291.917685030567	4	3	3
75800	-288.10016906736	3	1	3
75900	-292.157833222225	2	1	4
76000	-282.905657024888	2	1	3
76100	-289.045146524789	2	6	2
76200	-283.9934192155	2	3	2
76300	-285.724150438172	2	2	4
76400	-280.501937581986	2	1	3
76500	-290.451739704269	2	5	3
76600	-288.906840727221	4	3	2
76700	-283.171830055226	3	2	2
76800	-302.797130389334	3	1	5
76900	-301.593133541844	3	3	4
77000	-285.122452624372	3	2	2
77100	-291.902936362859	2	2	5
77200	-281.384522676747	3	3	2
77300	-284.065321418802	3	5	2
77400	-285.479900230382	4	1	4
77500	-285.271275987324	4	2	2
77600	-310.177181051746	6	3	3
77700	-292.008774256772	3	2	2
77800	-296.55991192384	5	2	3
77900	-288.652098412514	3	2	2
78000	-284.047852486245	3	1	2
78100	-277.37033255141	3	2	2
78200	-283.509351394022	4	1	3
78300	-280.085371168699	3	1	2
78400	-286.739000669888	3	4	2
78500	-294.392062047295	5	4	1
78600	-306.510638147648	5	3	3
78700	-307.004004593192	7	4	3
78800	-286.457550995809	5	2	2
78900	-288.83519775176	6	1	2
79000	-292.330890267566	5	2	2
79100	-292.914690077211	6	3	1
79200	-294.17973378116	8	1	1
79300	-282.258800885088	4	2	2
79400	-278.898899931254	4	2	1
79500	-282.849597234088	4	1	2
79600	-301.627382967213	6	2	2
79700	-287.325533850897	5	1	2
79800	-287.047861860261	5	1	2
79900	-314.759604767242	4	5	5
80000	-277.914204434846	4	2	1
80100	-299.157340088233	7	1	4
80200	-290.611487757226	4	1	3
80300	-285.152152611044	4	1	2
80400	-294.758730052253	5	2	3
80500	-279.837300401863	4	2	1
80600	-289.170659254707	6	2	2
80700	-283.785690633207	5	2	2
80800	-286.366745022135	3	2	2
80900	-289.767126356926	4	3	3
81000	-301.132003357823	5	2	4
81100	-299.345281351926	5	1	4
81200	-291.561933256832	4	2	3
81300	-289.466652994416	6	3	1
81400	-289.598707544735	4	2	3
81500	-282.637971000256	5	1	1
81600	-311.890858398582	8	2	4
81700	-286.87201960931	5	1	2
81800	-295.355081704826	4	1	3
81900	-286.284745924754	4	3	1
82000	-290.04517118358	2	3	2
82100	-292.525077805851	5	1	2
82200	-308.542842396662	6	3	3
82300	-288.666689984715	3	2	2
82400	-295.302130090931	2	2	5
82500	-290.620109852527	4	3	3
82600	-286.686954040622	4	4	1
82700	-287.062353487935	5	1	2
82800	-291.134615471361	5	1	2
82900	-291.783840486924	5	1	3
83000	-274.537555708127	3	2	1
83100	-289.596893563984	4	2	3
83200	-294.147186360166	4	4	2
83300	-279.300198715305	4	1	1
83400	-284.573991628396	4	2	2
83500	-288.91387202601	4	3	2
83600	-287.55415703535	3	4	2
83700	-285.326186418278	3	1	2
83800	-288.913388957131	5	1	2
83900	-287.4470182984	4	1	3
84000	-305.36504151349	5	5	2
84100	-312.708742709235	6	5	4
84200	-310.129375422431	4	5	4
84300	-301.007212609188	2	3	6
84400	-289.742917648914	3	3	3
84500	-278.533221943694	3	1	3
84600	-293.38896027297	4	3	4
84700	-282.438317761825	3	1	3
84800	-293.303307594361	4	3	4
84900	-277.921696121371	2	2	2
85000	-294.371065962368	2	3	4
85100	-291.633706784695	2	4	2
85200	-278.258127251647	2	2	2
85300	-283.186853471807	2	2	2
85400	-282.433976723337	2	2	3
85500	-299.579965465897	2	2	7
85600	-286.096224228794	4	3	2
85700	-300.235954200992	2	2	6
85800	-286.201418527178	2	1	3
85900	-301.926990712454	2	4	5
86000	-284.836785349366	2	2	4
86100	-283.209561602286	2	3	1
86200	-279.470088770078	2	2	2
86300	-289.317869857279	2	2	4
86400	-289.564101604002	2	4	3
86500	-292.666365684759	2	2	5
86600	-294.923357779162	2	4	3
86700	-296.627492978474	2	2	5
86800	-289.467081156382	2	3	3
86900	-286.728365530112	3	2	2
87000	-292.212896518751	2	2	4
87100	-281.671543483861	2	3	2
87200	-279.982894518187	2	4	2
87300	-281.309785988312	3	3	2
87400	-293.265762838261	3	2	5
87500	-289.400182442985	3	2	2
87600	-301.186571030512	3	5	4
87700	-293.460187417553	3	3	3
87800	-292.591207262292	2	3	4
87900	-297.908495923925	2	3	6
88000	-289.768649329412	2	1	5
88100	-291.239850668927	2	4	3
88200	-289.018031468697	2	2	4
88300	-293.417674307121	2	5	4
88400	-292.753032185757	2	1	5
88500	-314.031196310856	7	1	4
88600	-310.339985269209	3	2	7
88700	-301.077084969292	3	6	3
88800	-306.042479561822	4	2	6
88900	-297.397131458031	3	2	5
89000	-296.089579221765	3	4	3
89100	-286.548681819986	3	2	3
89200	-285.396688985784	3	2	3
89300	-291.910422072129	2	3	4
89400	-284.83221462542	2	1	4
89500	-281.451162066787	2	4	2
89600	-282.516325954176	2	3	2
89700	-278.184073675276	2	2	2
89800	-285.244625092963	2	1	3
89900	-288.043009848595	2	3	3
90000	-279.987173305954	2	3	2
90100	-280.699796754628	2	1	2
90200	-290.231747608375	4	1	2
90300	-307.155322707253	6	2	4
90400	-287.084574645441	2	2	4
90500	-283.431695463588	3	1	3
90600	-297.004208156058	4	3	3
90700	-286.629013997885	3	2	2
90800	-296.943492221145	4	5	1
90900	-289.405847386069	4	4	2
91000	-297.025272647719	5	3	3
91100	-284.749207685341	2	2	4
91200	-300.25638028123	3	5	4
91300	-289.967517939297	2	3	4
91400	-289.728170038351	3	3	3
91500	-297.578820823177	4	1	5
91600	-289.34604824847	3	3	3
91700	-280.362248546455	3	2	2
91800	-314.708183224515	4	5	6
91900	-288.544074402356	3	3	3
92000	-283.069535957546	3	2	2
92100	-295.866873862967	3	4	2
92200	-305.032053697341	5	2	4
92300	-283.743602246425	4	1	2
92400	-292.874092933001	5	1	3
92500	-284.871411978279	4	1	2
92600	-288.443015862414	5	2	2
92700	-275.520597715906	3	1	1
92800	-283.506126242893	4	2	2
92900	-286.630994335525	4	1	2
93000	-294.512885977991	4	1	2
93100	-294.097172302272	7	2	1
93200	-282.02603253411	6	1	1
93300	-288.264043421018	4	3	1
93400	-286.30693068417	5	1	2
93500	-298.383084869456	4	2	4
93600	-283.485460325609	5	1	2
93700	-294.756230742584	6	3	3
93800	-281.264228956285	4	2	1
93900	-286.37630728332	4	3	1
94000	-293.114001795654	4	1	4
94100	-285.956537956607	4	2	3
94200	-334.950469903858	8	7	5
94300	-296.080515445839	4	2	4
94400	-285.907125504193	5	1	1
94500	-287.229897645191	2	2	3
94600	-296.888710481507	5	1	4
94700	-287.432841251305	4	3	2
94800	-299.324474178997	6	1	4
94900	-307.817681378308	4	2	6
95000	-301.743878701	6	2	4
95100	-293.294747407867	2	2	5
95200	-274.459945587921	2	1	2
95300	-282.374230541587	2	2	3
95400	-293.847932145346	1	3	3
95500	-291.159373194717	4	2	4
95600	-293.089212911375	3	2	3
95700	-300.885164858539	4	4	4
95800	-298.79791112286	3	1	6
95900	-294.950915539297	5	2	4
96000	-303.407108767504	4	3	5
96100	-301.154220095559	2	1	6
96200	-295.743843163078	4	1	4
96300	-298.406929267571	3	1	5
96400	-292.690129078794	3	3	4
96500	-295.357897091716	3	1	4
96600	-290.409875366824	2	2	4
96700	-291.348878681968	2	2	4
96800	-286.905592372691	4	1	2
96900	-288.642549484012	1	3	2
97000	-285.992221376136	2	2	2
97100	-286.18856382404	2	2	3
97200	-290.555341024605	2	2	4
97300	-292.009379128539	2	3	3
97400	-291.223419576083	2	2	4
97500	-294.466364333518	2	3	5
97600	-303.478246080689	2	2	6
97700	-286.188194047207	2	2	3
97800	-303.64064359168	4	3	5
97900	-289.26526234527	3	1	4
98000	-308.918471546573	3	4	6
98100	-302.07463005847	3	5	4
98200	-285.135087170665	2	1	4
98300	-296.668506161979	3	1	6
98400	-285.925335478401	3	3	2
98500	-285.436852043116	3	3	1
98600	-295.336132565686	2	2	4
98700	-287.42675107374	2	2	3
98800	-302.736215169834	2	6	4
98900	-293.1478304796	2	3	4
99000	-284.955284197281	2	3	2
99100	-286.531783334105	2	3	4
99200	-313.375840383357	4	5	5
99300	-301.692528131255	4	3	4
99400	-301.455051573352	3	2	5
99500	-288.221015382778	3	2	3
99600	-284.048784935859	3	1	3
99700	-281.381977175484	2	2	3
99800	-284.647546207508	2	2	4
99900	-286.162111731007	2	3	3
1e+05	-289.503000487719	2	1	3
100100	-296.836626243962	3	1	5
100200	-287.951568763464	2	2	4
100300	-288.474298462041	3	1	4
100400	-287.938355325769	2	2	4
100500	-295.883040414423	2	2	5
100600	-293.181775414956	3	3	3
100700	-286.274152542966	2	4	2
100800	-284.557686772635	2	4	3
100900	-292.511411396178	2	3	4
101000	-275.059806797665	2	1	2
101100	-293.408547245442	2	3	4
101200	-288.826102046037	2	2	4
101300	-285.293334989296	3	2	3
101400	-278.845565653713	4	1	1
101500	-280.796281266214	5	1	1
101600	-285.826339522768	5	1	2
101700	-279.298908868599	4	2	1
101800	-290.736018657943	4	1	3
101900	-286.468622886108	4	2	3
102000	-284.845573552052	5	2	1
102100	-279.646750904964	4	1	2
102200	-280.854972362874	5	1	1
102300	-286.495968325977	5	4	1
102400	-284.619480719478	6	1	1
102500	-282.785166578237	3	1	2
102600	-285.527437810112	6	1	1
102700	-296.92222424217	4	2	4
102800	-295.010068649075	6	1	3
102900	-284.3285858015	5	2	2
103000	-297.723308120785	3	2	5
103100	-293.669121577748	3	3	3
103200	-286.102078014683	4	2	3
103300	-298.783309745313	6	2	3
103400	-289.903771056314	3	1	4
103500	-291.472600176603	4	2	3
103600	-300.57497904869	6	3	3
103700	-306.838743897926	5	5	4
103800	-288.984611953239	3	1	3
103900	-290.042972974995	3	3	3
104000	-286.213182526179	3	1	3
104100	-297.307386324392	3	5	3
104200	-283.760386642355	3	1	2
104300	-286.31547322273	4	1	1
104400	-286.000688283595	3	3	2
104500	-287.144032632344	5	1	2
104600	-292.474380818126	3	1	5
104700	-292.55057117027	3	4	3
104800	-298.210515554946	3	2	5
104900	-285.87551854259	2	2	4
105000	-277.316388547235	2	2	2
105100	-297.498136647883	5	1	3
105200	-283.810458912323	3	3	2
105300	-292.736121750243	6	3	2
105400	-278.186953738402	4	1	1
105500	-305.859866449304	5	1	6
105600	-278.31697423386	4	1	1
105700	-293.308920039862	4	2	3
105800	-293.522288798888	5	5	2
105900	-283.491577959439	5	2	1
106000	-288.3342585057	5	2	2
106100	-298.147330788677	6	3	3
106200	-288.304524673606	3	1	3
106300	-298.555835245543	4	1	5
106400	-279.951568146061	3	1	2
106500	-281.215267443419	4	1	2
106600	-285.938652753575	4	2	2
106700	-291.282270538113	4	2	3
106800	-295.850555171835	3	5	2
106900	-283.628487262752	6	1	1
107000	-290.496759726105	3	2	4
107100	-296.025007703471	5	5	2
107200	-284.889821820692	4	2	2
107300	-299.50828800825	5	2	3
107400	-297.571530089445	5	2	2
107500	-293.283065901747	6	3	2
107600	-283.368279895976	5	2	1
107700	-290.155558618811	4	3	3
107800	-290.973579116496	1	2	3
107900	-288.888511247223	3	2	3
108000	-284.567696937088	2	1	2
108100	-285.840571080028	2	2	2
108200	-289.588884458668	2	2	3
108300	-293.8365320826	3	1	5
108400	-289.882452764317	3	1	4
108500	-298.269570691817	3	4	4
108600	-283.403935051272	5	1	1
108700	-300.058858184834	5	5	1
108800	-292.450914194817	4	4	2
108900	-286.508968679961	5	1	2
109000	-279.006470592918	3	3	1
109100	-293.024367666592	4	3	2
109200	-285.802201246049	3	3	2
109300	-291.175191017064	3	3	3
109400	-274.135500574129	3	1	1
109500	-295.909433445099	4	3	3
109600	-290.028759452856	3	3	2
109700	-305.4808310046	5	2	5
109800	-280.924998042042	2	2	3
109900	-275.986120696742	2	1	2
110000	-292.39970647629	2	2	4
110100	-297.365227200419	4	2	5
110200	-284.969120088149	2	3	2
110300	-292.686103915486	3	3	2
110400	-281.022279802442	2	1	3
110500	-287.932643775214	2	3	3
110600	-299.989853703789	3	4	5
110700	-291.480384497504	3	3	2
110800	-283.660971623617	3	2	3
110900	-286.3839516993	3	1	1
111000	-299.224531587597	2	3	5
111100	-283.572065060114	3	2	2
111200	-286.893242664251	4	2	2
111300	-293.74012903922	3	1	3
111400	-287.723348313258	2	2	4
111500	-299.124927914437	4	2	5
111600	-296.942877627528	4	2	4
111700	-280.773032635636	4	2	2
111800	-284.721497803015	4	3	1
111900	-321.716960618471	3	4	8
112000	-275.15911125843	2	2	2
112100	-289.588880814015	2	1	5
112200	-284.166896575776	2	2	4
112300	-296.957662940872	2	6	3
112400	-297.967709009133	5	2	4
112500	-294.227040019199	2	2	4
112600	-294.586839853086	2	1	5
112700	-281.569203627714	3	1	2
112800	-288.231302431781	2	2	3
112900	-288.331182076334	2	2	3
113000	-283.340936437836	2	2	3
113100	-291.875065381169	5	2	2
113200	-288.185097736219	5	1	2
113300	-289.444820423141	5	2	2
113400	-286.691080075219	6	2	1
113500	-292.966716827518	6	3	2
113600	-281.176531495722	5	2	2
113700	-286.445064595046	4	3	2
113800	-284.551699408144	5	3	1
113900	-290.617897621868	6	2	1
114000	-303.225399635612	3	6	2
114100	-285.774247625902	3	2	2
114200	-289.111023639332	3	2	2
114300	-288.318681873024	5	3	1
114400	-284.567768456672	3	2	2
114500	-282.600806229792	4	1	1
114600	-286.647165835173	4	4	2
114700	-278.819864778472	4	2	1
114800	-287.634800667045	3	2	3
114900	-288.730470229394	5	3	1
115000	-282.009112857412	5	1	1
115100	-288.303913697764	3	3	2
115200	-310.352586920708	7	2	3
115300	-294.493618916315	5	2	3
115400	-289.582611303516	5	2	2
115500	-293.556683196299	6	2	3
115600	-284.814782509064	5	2	1
115700	-285.258788688959	5	1	2
115800	-287.178125765479	4	2	3
115900	-277.089362124095	4	2	1
116000	-283.523895591531	3	4	1
116100	-281.665159108628	4	1	1
116200	-289.408283905567	3	1	2
116300	-279.578804023585	4	1	2
116400	-278.456450167723	4	1	1
116500	-292.896527918847	6	1	2
116600	-295.769304448576	7	3	1
116700	-303.594055534682	4	5	3
116800	-279.071590745808	4	1	2
116900	-287.102511146076	4	2	2
117000	-294.962242605608	4	3	3
117100	-284.13243856993	4	1	2
117200	-304.355748921629	5	4	4
117300	-297.706621151621	5	2	4
117400	-287.979248470337	6	2	2
117500	-283.129102430956	3	1	2
117600	-298.048905458151	5	2	3
117700	-303.051158547759	4	5	2
117800	-288.975902757527	3	1	4
117900	-287.354368925952	1	1	2
118000	-291.142900576144	4	1	3
118100	-294.158559090839	4	5	2
118200	-296.070880913578	2	2	4
118300	-301.301618566679	2	5	4
118400	-285.92042166086	4	3	2
118500	-307.19512444068	3	4	5
118600	-290.085500764123	3	2	3
118700	-293.972235613816	3	1	4
118800	-287.170809415385	4	1	3
118900	-292.332383017013	3	3	4
119000	-295.476984416619	3	1	4
119100	-292.949705165979	3	4	3
119200	-282.064002516035	3	1	3
119300	-290.103145579125	3	3	4
119400	-298.51680930236	3	3	5
119500	-286.30952251528	3	4	2
119600	-290.984655923228	2	4	2
119700	-288.327841029042	2	4	3
119800	-290.460054301306	3	2	4
119900	-303.2613497349	4	1	6
120000	-294.626380891828	2	2	6
120100	-290.968658254065	5	2	3
120200	-284.413736840314	3	1	3
120300	-303.858562770557	3	3	5
120400	-302.20101361089	3	5	3
120500	-290.177342449379	5	1	3
120600	-302.590411607561	3	6	3
120700	-280.099793826606	2	2	3
120800	-288.595464800311	2	1	5
120900	-300.959328745132	3	4	5
121000	-280.999104989636	2	1	3
121100	-282.764316398352	3	1	2
121200	-291.901087942346	5	2	3
121300	-284.646477900414	3	1	3
121400	-300.111414586703	6	3	3
121500	-291.916295998364	5	4	2
121600	-291.333541163127	5	2	3
121700	-293.778244941432	6	2	3
121800	-280.6855610526	4	3	1
121900	-285.304343095906	4	3	1
122000	-287.169710967804	3	3	3
122100	-286.747157147841	4	2	2
122200	-294.309791863407	4	3	3
122300	-287.730526965093	4	1	3
122400	-298.58689567188	4	1	6
122500	-294.859219949029	5	4	2
122600	-274.530581599929	3	1	1
122700	-277.408730711867	5	1	1
122800	-284.062473831875	5	2	1
122900	-288.688180046494	6	2	1
123000	-290.083152731385	4	2	3
123100	-285.544338241222	4	3	2
123200	-296.372447446974	5	5	1
123300	-279.007254024349	4	2	2
123400	-275.301897041085	4	1	1
123500	-296.85160282134	5	2	4
123600	-299.668360158944	8	1	2
123700	-312.876181694211	6	2	6
123800	-287.654222929991	4	1	2
123900	-298.562681004947	5	1	4
124000	-281.011094591259	3	1	1
124100	-289.850445977743	5	1	1
124200	-280.130760784948	4	2	1
124300	-281.602764789774	4	2	1
124400	-283.975378714846	3	1	3
124500	-287.669412608358	4	3	2
124600	-294.42909673503	6	2	3
124700	-281.759566368982	3	3	1
124800	-293.055881655058	3	4	3
124900	-282.997084438386	3	3	1
125000	-309.91347713965	7	1	4
125100	-280.723297554138	4	2	1
125200	-293.77122690312	5	2	3
125300	-292.234152521008	4	5	1
125400	-287.309838029029	4	3	2
125500	-285.682641647195	3	1	2
125600	-292.351954023204	3	4	2
125700	-286.905150048072	6	3	1
125800	-281.863282107866	3	3	1
125900	-281.307579805911	4	2	2
126000	-282.83531962177	5	2	1
126100	-290.690437986745	4	5	1
126200	-296.13771528519	6	1	4
126300	-283.25219267152	3	3	2
126400	-295.13710845113	5	4	2
126500	-294.287237922075	4	4	3
126600	-292.714827547946	5	3	3
126700	-304.4734128229	3	2	6
126800	-301.140720085298	3	1	5
126900	-298.330680944708	3	2	4
127000	-304.389583085054	4	1	5
127100	-297.8312099145	5	3	2
127200	-306.975501270518	7	3	2
127300	-288.610888685215	4	2	3
127400	-300.760246674634	4	4	4
127500	-293.129280964882	5	2	3
127600	-282.969453742619	4	1	2
127700	-286.515074182643	3	2	2
127800	-285.345526123462	4	1	3
127900	-289.73415642297	3	2	2
128000	-297.50360508687	7	1	4
128100	-298.278222234584	3	4	3
128200	-297.667255581528	3	1	5
128300	-298.093799608994	4	2	3
128400	-287.669102545016	5	2	3
128500	-290.27356178629	4	3	3
128600	-285.393475410547	5	2	2
128700	-295.997645248863	5	3	3
128800	-282.7304468439	3	1	3
128900	-283.825149323295	3	2	3
129000	-296.483894032196	6	3	3
129100	-305.676222763063	5	3	2
129200	-282.337260018216	3	1	2
129300	-289.548706256961	5	3	1
129400	-291.84851150125	3	3	3
129500	-289.723822916946	4	4	2
129600	-310.121597797773	2	3	7
129700	-316.607059747936	2	7	6
129800	-289.811355078472	2	4	1
129900	-304.966916732536	2	3	6
130000	-302.776705066623	7	2	3
130100	-287.920187084135	4	2	0
130200	-294.404516334581	6	3	2
130300	-301.681087020766	10	2	1
130400	-297.674459762125	7	2	1
130500	-298.143179680272	8	2	1
130600	-291.835558658791	4	4	0
130700	-305.273135893355	5	5	3
130800	-288.437028207137	5	3	0
130900	-283.440398295265	5	1	0
131000	-321.340505922202	4	6	4
131100	-280.778909428235	4	2	1
131200	-291.790083920002	4	3	2
131300	-301.533623418814	6	1	4
131400	-299.305065832761	6	4	2
131500	-285.265673742116	5	2	1
131600	-285.417972486848	5	2	1
131700	-286.205101309621	4	3	1
131800	-282.478963166559	5	2	1
131900	-293.882152591557	7	2	1
132000	-295.885949599409	3	5	0
132100	-285.828772604592	4	3	1
132200	-290.488700937672	4	1	3
132300	-299.85545396683	5	2	5
132400	-307.584839418591	8	4	2
132500	-299.099803178039	6	1	3
132600	-319.629635274657	6	2	6
132700	-294.949389883708	5	4	2
132800	-293.685536099726	6	2	1
132900	-300.930387630512	6	2	2
133000	-303.673641934685	5	4	3
133100	-296.761463254087	5	2	2
133200	-291.213597542846	4	2	3
133300	-290.841642137307	3	1	3
133400	-287.955873351146	4	1	3
133500	-288.283677764491	5	3	2
133600	-292.613065886594	4	2	4
133700	-284.562822621954	3	1	3
133800	-287.235255057113	4	3	2
133900	-303.87173119561	5	2	4
134000	-303.374128357485	2	4	5
134100	-291.437332474016	2	2	4
134200	-289.712818435002	2	2	4
134300	-297.694189109314	3	2	4
134400	-292.824832693071	4	1	4
134500	-297.096036210763	3	5	3
134600	-305.119350522687	2	3	5
134700	-286.67699071199	2	1	4
134800	-285.930469214723	2	1	4
134900	-289.793409103431	3	2	4
135000	-292.745821270713	5	2	3
135100	-283.906469165345	5	1	2
135200	-292.185729482993	5	2	3
135300	-288.467500703083	3	2	3
135400	-294.47913326077	2	2	5
135500	-296.735462754034	5	4	2
135600	-293.325705954224	4	1	2
135700	-289.591672267016	6	1	1
135800	-286.999132686355	3	2	2
135900	-298.091117395082	7	2	2
136000	-297.112834859563	3	1	4
136100	-297.781745687557	7	1	1
136200	-291.053233433708	3	1	3
136300	-291.534102693072	4	3	2
136400	-278.855501486619	4	1	1
136500	-291.504167783592	3	1	3
136600	-280.13683836017	3	1	2
136700	-280.496498328689	2	2	2
136800	-295.746894938798	2	2	5
136900	-286.316664943707	2	2	3
137000	-286.504236361728	2	1	3
137100	-280.143576406893	2	3	2
137200	-282.844756284393	2	3	2
137300	-281.952788485026	2	2	3
137400	-287.389480266801	5	2	2
137500	-287.949922450722	5	1	2
137600	-277.673968138212	3	1	2
137700	-290.925547486415	3	3	2
137800	-285.222114946677	3	2	3
137900	-296.302148848562	2	1	6
138000	-287.261383371145	2	2	4
138100	-292.203854525272	2	1	5
138200	-311.957835756408	5	1	6
138300	-294.652820692338	2	3	4
138400	-293.581260517789	2	3	3
138500	-306.755585809528	3	3	4
138600	-298.60041643596	5	6	2
138700	-287.280157501545	3	2	1
138800	-286.297418491587	1	2	1
138900	-300.22013359403	2	4	2
139000	-280.245182421535	2	2	3
139100	-289.333066690856	2	2	4
139200	-281.243377752991	4	1	2
139300	-290.684655086321	3	3	4
139400	-293.962128761471	3	3	3
139500	-306.537218121558	8	2	3
139600	-276.616088326291	2	3	2
139700	-289.822201803918	3	3	2
139800	-298.423178873556	6	4	1
139900	-292.971798189233	2	6	1
140000	-291.453266673311	2	1	4
140100	-291.415428083194	2	2	4
140200	-283.725244893538	2	2	2
140300	-296.3153953768	5	2	4
140400	-282.586723555922	4	1	2
140500	-299.274337558638	4	2	5
140600	-300.082745532161	5	2	4
140700	-284.545183583829	4	4	1
140800	-287.649518584067	4	4	2
140900	-286.526473411062	5	1	2
141000	-303.927116603989	5	2	3
141100	-293.100362391872	4	5	2
141200	-291.952148171355	8	3	2
141300	-278.149733189488	5	1	1
141400	-282.306858376797	3	3	1
141500	-299.571621617637	5	3	3
141600	-286.544699252651	2	2	3
141700	-292.610406749375	2	2	3
141800	-296.535080249771	3	1	5
141900	-276.419443663865	2	1	2
142000	-278.461271651869	2	1	2
142100	-287.610240522218	2	2	4
142200	-295.973819761119	3	3	4
142300	-292.976185050902	4	3	3
142400	-278.039576695331	2	1	2
142500	-302.65465390611	3	4	5
142600	-298.71936853783	2	5	3
142700	-290.647734670299	2	3	2
142800	-300.11312140314	2	4	5
142900	-288.827579834493	4	1	3
143000	-303.639365516484	2	3	6
143100	-284.457887770449	2	3	3
143200	-298.546375159436	2	3	4
143300	-304.685139181303	3	3	4
143400	-289.73979930643	4	1	2
143500	-293.244018262601	7	1	2
143600	-296.991866114259	5	3	3
143700	-290.422165850351	6	1	2
143800	-302.131495165336	6	2	2
143900	-293.70299047918	3	3	4
144000	-276.061251380504	2	2	2
144100	-296.952728033923	2	3	5
144200	-291.674466481683	2	2	4
144300	-292.71006182452	2	1	3
144400	-294.909786864203	4	1	3
144500	-298.835173412823	1	3	3
144600	-288.10986853276	3	3	1
144700	-305.493800027541	3	4	3
144800	-299.117681425028	3	4	4
144900	-297.3456529223	2	2	5
145000	-307.859220977548	1	1	7
145100	-285.060321791696	3	1	1
145200	-300.332070871076	4	2	4
145300	-292.613665252803	3	4	2
145400	-291.864671035815	5	4	2
145500	-287.465326279991	4	1	3
145600	-288.780001102667	3	2	2
145700	-306.305391753738	7	4	1
145800	-293.943089703859	4	2	3
145900	-295.62331081872	5	4	1
146000	-308.800349591085	7	5	2
146100	-281.830546561268	3	2	2
146200	-287.191317470869	3	3	2
146300	-285.404020205982	5	3	1
146400	-276.683803140019	3	2	1
146500	-287.182057790188	5	2	2
146600	-284.666239512406	3	3	2
146700	-277.736623520183	4	1	1
146800	-274.419111553178	4	1	1
146900	-302.771687870002	7	6	1
147000	-281.260408503342	3	2	1
147100	-304.959153956973	6	3	4
147200	-299.443254054111	6	3	3
147300	-294.475862862097	4	1	4
147400	-283.547916173581	4	2	2
147500	-285.037797976873	4	1	3
147600	-282.403048989126	6	1	1
147700	-286.435778176836	5	1	2
147800	-289.133604926203	4	2	3
147900	-291.98246298808	7	2	2
148000	-275.099728064931	4	1	1
148100	-294.7496196411	6	1	2
148200	-286.430449553374	4	3	2
148300	-283.493240062168	3	1	2
148400	-298.146161504175	4	2	5
148500	-305.102661030459	6	4	4
148600	-288.02793147648	4	2	2
148700	-299.027846654565	8	1	2
148800	-283.851621189269	4	2	2
148900	-290.572803112196	6	2	2
149000	-277.830978631444	5	1	1
149100	-300.484353892913	4	2	4
149200	-284.307349956967	4	2	2
149300	-294.753676220036	6	2	3
149400	-280.465009097678	4	1	1
149500	-304.415111268898	3	1	6
149600	-288.605813088648	3	2	2
149700	-284.376367675045	3	3	2
149800	-282.091900581134	4	2	2
149900	-275.017133533089	4	1	1
150000	-295.609270583706	3	3	3
150100	-285.532659316141	2	2	2
150200	-287.427170993121	2	1	4
150300	-288.562526846613	2	3	3
150400	-284.317237829969	3	2	3
150500	-292.315395377685	2	4	4
150600	-279.270713921821	2	1	2
150700	-289.158295772589	1	1	3
150800	-297.48464588538	3	1	5
150900	-288.272529817626	2	1	4
151000	-291.918811680078	2	1	5
151100	-304.273313131682	2	2	7
151200	-277.794523874051	3	2	2
151300	-293.689305544371	7	2	1
151400	-284.362801109828	6	1	1
151500	-307.644340050305	7	4	3
151600	-294.550013591789	6	2	1
151700	-296.297020429362	4	1	2
151800	-290.682776709077	4	2	2
151900	-297.329915936333	4	4	2
152000	-284.866471761376	4	1	2
152100	-282.952377553219	3	2	3
152200	-302.279553242525	5	2	5
152300	-288.616430688393	3	4	3
152400	-320.76855740304	5	3	6
152500	-289.600490289311	2	1	5
152600	-276.453827660044	4	1	1
152700	-281.616518149467	3	1	2
152800	-287.816299046003	4	3	2
152900	-298.917857957036	4	4	4
153000	-288.240866185068	4	1	3
153100	-296.46487715515	2	5	2
153200	-301.380338611656	5	3	2
153300	-297.561109845873	5	1	4
153400	-286.843650721776	4	2	2
153500	-290.359578645259	5	2	2
153600	-284.28203652832	4	3	2
153700	-285.148620149981	3	3	2
153800	-290.575857282881	2	3	2
153900	-282.060278632904	4	2	2
154000	-292.322487970189	5	2	2
154100	-278.154008153688	4	1	1
154200	-286.6593377489	6	2	1
154300	-300.082920837651	6	6	1
154400	-287.789208382622	5	1	2
154500	-280.076176043469	4	1	1
154600	-281.917199793364	3	2	2
154700	-293.631713558261	5	2	3
154800	-300.318032697641	4	3	3
154900	-288.696724762801	4	2	2
155000	-295.504917615792	5	2	2
155100	-290.224405473644	5	2	1
155200	-282.988144041132	4	2	1
155300	-289.217300375485	3	2	4
155400	-289.402217911161	3	3	3
155500	-278.751842523208	4	2	1
155600	-285.21626493867	5	2	2
155700	-283.069573298962	4	1	1
155800	-286.02852151243	5	2	1
155900	-284.346115773166	3	2	1
156000	-288.70495938587	3	2	2
156100	-292.082928671501	4	2	3
156200	-291.145878388532	5	1	3
156300	-291.039877567203	4	1	3
156400	-297.108122711655	2	4	4
156500	-282.080513428579	2	1	3
156600	-300.017407663638	2	4	3
156700	-285.046351162784	2	3	3
156800	-280.169034066299	2	1	3
156900	-308.405320162155	2	1	8
157000	-289.25970438233	4	1	3
157100	-277.378480198212	3	2	2
157200	-284.320685097029	3	3	2
157300	-288.215364669598	3	4	3
157400	-282.961351918225	2	3	2
157500	-292.830209384437	4	3	2
157600	-287.605755561082	2	3	4
157700	-306.013870935142	4	2	5
157800	-308.429894369029	5	2	6
157900	-290.398600143087	3	3	3
158000	-316.1603888719	8	3	3
158100	-289.206989853973	3	2	3
158200	-280.967275960571	2	2	2
158300	-277.37014001852	2	2	2
158400	-290.05638646335	2	3	3
158500	-287.212529021366	2	1	4
158600	-291.86697319175	2	3	2
158700	-288.095114383806	3	2	2
158800	-287.704609367411	2	3	3
158900	-284.896674890152	2	2	1
159000	-290.729715882779	2	1	4
159100	-287.184505113954	2	1	3
159200	-285.412389596638	2	1	2
159300	-289.52998457474	2	2	3
159400	-290.599762468906	2	3	4
159500	-295.623405957928	1	3	2
159600	-299.586993317601	2	2	6
159700	-289.689374716547	4	1	3
159800	-286.24031628003	5	2	2
159900	-281.706503048233	5	1	1
160000	-287.478660854365	5	3	2
160100	-288.838375729273	4	3	2
160200	-286.741829626645	2	2	4
160300	-300.033618343329	3	4	3
160400	-296.263800621273	5	1	3
160500	-296.275423884788	5	2	1
160600	-287.558683082073	3	2	2
160700	-295.949955575616	5	1	2
160800	-290.587851770195	3	2	1
160900	-286.149941234	5	1	1
161000	-278.797589552219	4	1	1
161100	-295.784919437189	6	4	1
161200	-283.95267974151	5	1	2
161300	-287.221264776622	5	1	2
161400	-290.057331370154	4	2	3
161500	-289.129510684394	4	1	2
161600	-286.876421107768	3	2	2
161700	-306.480404818216	4	5	4
161800	-296.18466877774	5	2	3
161900	-297.55080044609	6	2	3
162000	-295.694558120035	4	4	3
162100	-283.746774509048	4	1	1
162200	-290.678781381897	5	2	3
162300	-291.454608397316	4	2	3
162400	-287.288710380765	5	2	3
162500	-278.647251812285	3	1	2
162600	-282.255690743335	3	3	1
162700	-286.666017433959	3	5	1
162800	-288.382337541154	5	2	3
162900	-292.895030252171	2	1	5
163000	-281.233100827768	2	2	2
163100	-295.077885990687	4	2	3
163200	-299.680730250625	2	2	6
163300	-284.257137675171	2	2	3
163400	-286.953935489445	2	4	3
163500	-295.027077966756	2	3	4
163600	-289.661218446624	3	1	3
163700	-288.414907966939	5	1	2
163800	-284.826541265871	3	2	2
163900	-300.444896211109	4	8	1
164000	-294.929071973896	4	4	3
164100	-289.009959548882	3	2	3
164200	-287.70038088178	4	3	1
164300	-296.777572792562	4	4	4
164400	-295.100945885437	4	2	3
164500	-283.010163139338	3	2	1
164600	-292.795639651197	6	3	2
164700	-308.262596737146	4	3	5
164800	-305.770113049597	5	2	4
164900	-285.887233283226	5	1	2
165000	-301.941828592266	3	4	4
165100	-286.835908094971	5	2	2
165200	-281.691998842864	4	1	2
165300	-293.597643620217	3	4	2
165400	-280.378180957343	3	1	1
165500	-290.199029172198	6	3	1
165600	-278.577721925708	3	1	1
165700	-289.295989150569	5	2	2
165800	-280.730496687318	5	1	1
165900	-305.489806433673	2	2	7
166000	-286.50428066289	2	2	4
166100	-304.56670462507	3	3	6
166200	-292.609889763013	2	1	5
166300	-296.774429090565	5	4	3
166400	-289.611171988653	3	2	3
166500	-288.549576869113	3	3	3
166600	-289.973134313553	3	2	3
166700	-282.633697551937	4	1	2
166800	-281.805194903956	4	3	1
166900	-288.98082960345	2	5	2
167000	-296.22235572035	2	2	6
167100	-301.212476776043	2	2	5
167200	-299.365701787963	2	4	5
167300	-283.46156342806	2	3	2
167400	-293.093123723236	3	3	4
167500	-288.240385392172	2	2	4
167600	-292.086512507575	2	2	4
167700	-297.893560667131	3	3	4
167800	-289.8626623431	3	3	3
167900	-294.252459132297	4	1	4
168000	-295.381152740726	5	2	3
168100	-288.882024647051	4	1	2
168200	-290.825295820487	3	3	3
168300	-296.03721410761	5	1	3
168400	-292.345700000864	4	2	2
168500	-291.038684731608	3	2	4
168600	-291.964483161369	3	1	4
168700	-301.526053816344	4	1	6
168800	-282.284127874482	3	2	3
168900	-287.578953979761	3	3	4
169000	-287.083159121877	3	3	2
169100	-291.823495023243	4	1	4
169200	-287.680168252268	2	3	3
169300	-282.338031177288	2	2	3
169400	-291.527290922419	4	3	3
169500	-293.008686594424	3	2	3
169600	-286.476370354015	3	2	2
169700	-297.891741222595	1	1	5
169800	-282.292810931945	2	1	3
169900	-289.392924865147	3	3	3
170000	-289.044838348473	3	2	4
170100	-299.521099210268	7	1	4
170200	-288.958138084343	3	4	2
170300	-279.814219165343	4	1	2
170400	-287.862237084269	3	1	3
170500	-284.881954470169	4	1	2
170600	-300.258660506394	6	3	2
170700	-282.045588421211	3	3	2
170800	-280.433317007838	4	3	2
170900	-278.165074935834	4	3	1
171000	-291.257735962849	4	1	4
171100	-280.472730832189	3	1	2
171200	-275.793427605244	3	1	1
171300	-288.778219812763	4	1	3
171400	-297.509199073203	3	2	5
171500	-287.309989652725	5	2	2
171600	-281.537144414252	4	1	2
171700	-285.635354326068	3	3	2
171800	-291.747697474874	5	2	2
171900	-287.750122525763	6	4	1
172000	-291.782484502872	5	2	3
172100	-291.886217340741	5	4	2
172200	-284.898802527779	4	2	3
172300	-285.950646505415	3	2	3
172400	-290.982058045274	3	3	3
172500	-297.504572665825	4	2	5
172600	-295.212857306228	5	1	1
172700	-288.786527271409	6	2	1
172800	-291.935474316158	3	4	2
172900	-280.370672819848	4	2	1
173000	-288.099280745647	3	1	3
173100	-294.701076177751	5	3	3
173200	-283.96936689178	4	1	2
173300	-286.240657776003	4	2	3
173400	-289.976864431102	3	1	4
173500	-288.000775576543	5	2	2
173600	-281.018907023452	5	2	1
173700	-301.393484665088	6	3	3
173800	-288.844929989735	4	1	1
173900	-284.341434720846	3	3	2
174000	-289.284224630742	3	5	1
174100	-281.81834541326	3	1	3
174200	-281.239894985096	3	1	2
174300	-295.861531706028	5	1	4
174400	-305.053522105868	6	1	6
174500	-310.700913185367	4	5	5
174600	-276.829822768081	3	1	2
174700	-293.263141810896	6	2	3
174800	-300.999839768716	6	4	3
174900	-291.946063397636	4	4	2
175000	-282.54083309906	4	2	2
175100	-293.290876258532	4	3	2
175200	-285.644965241008	5	3	1
175300	-284.239893497467	5	1	2
175400	-295.157493495947	5	2	3
175500	-287.301783918329	4	3	1
175600	-291.612751837899	3	3	2
175700	-291.437211870408	4	3	3
175800	-283.078945012834	4	1	3
175900	-278.571636774243	3	2	1
176000	-285.65461509143	4	3	1
176100	-303.88264756105	8	3	2
176200	-281.911527241884	4	1	2
176300	-294.646828463045	4	2	4
176400	-284.026768225204	3	3	1
176500	-309.007405470703	5	4	4
176600	-304.181928289592	4	3	2
176700	-313.750529470438	7	1	6
176800	-287.03597496582	4	3	0
176900	-298.344448763757	6	1	4
177000	-306.892137966323	7	1	5
177100	-299.840327477448	5	4	3
177200	-291.609764754347	6	1	1
177300	-295.130274210611	6	2	2
177400	-291.482644868231	5	2	0
177500	-298.805697942891	7	1	2
177600	-295.0237349724	5	5	0
177700	-292.40465624046	6	1	3
177800	-282.445428400082	5	2	1
177900	-298.373176169632	5	4	2
178000	-303.89172209153	5	2	4
178100	-290.827367973414	5	3	2
178200	-281.287253921501	4	1	1
178300	-293.278628502153	6	2	2
178400	-295.335426716355	8	2	1
178500	-296.89647979198	5	4	2
178600	-294.427138840909	7	2	2
178700	-301.814462874435	5	3	3
178800	-293.009642027144	4	1	3
178900	-286.383520653943	3	1	2
179000	-299.779581687893	7	1	1
179100	-288.368898810872	2	3	1
179200	-289.689317339175	2	2	2
179300	-292.037596248516	4	2	3
179400	-288.826128800398	3	2	3
179500	-287.321252067998	2	3	2
179600	-306.381890592815	7	2	2
179700	-284.519387343406	2	1	4
179800	-291.829762008015	4	2	3
179900	-300.13007698489	8	2	2
180000	-290.972186807135	5	2	2
180100	-290.655964616932	3	3	3
180200	-283.620976943755	4	3	2
180300	-283.990695807566	4	3	1
180400	-287.467319920074	6	1	2
180500	-275.129426924645	2	1	2
180600	-281.100841100048	2	2	3
180700	-286.479340924085	4	2	3
180800	-296.030752152858	4	5	3
180900	-297.873212622332	4	1	5
181000	-292.979843517739	3	3	4
181100	-285.597991699767	3	2	2
181200	-283.437467055047	2	1	3
181300	-290.077471508385	2	3	2
181400	-286.983725597235	3	2	3
181500	-286.277334085047	5	1	2
181600	-290.873816996602	3	2	4
181700	-296.193772886185	4	3	3
181800	-279.674930737508	3	1	2
181900	-308.752448949419	6	4	4
182000	-278.963019581765	3	1	1
182100	-287.93602143215	4	2	2
182200	-290.729364467304	7	1	2
182300	-291.055871179925	4	4	2
182400	-293.651152453404	3	4	3
182500	-289.276254160795	5	1	2
182600	-284.327305249449	3	2	3
182700	-308.926835463566	3	5	5
182800	-284.301863392412	4	2	2
182900	-279.255338428702	3	1	2
183000	-284.236953391265	2	2	3
183100	-285.502537470064	2	1	4
183200	-301.218165948443	4	1	5
183300	-289.751209418176	3	4	3
183400	-300.608952035129	5	2	4
183500	-293.778172581125	4	4	3
183600	-278.236801139525	4	1	1
183700	-280.842240342124	4	2	1
183800	-290.090003862102	4	5	1
183900	-289.877742726653	4	2	2
184000	-310.565220184286	5	3	5
184100	-299.958523856221	2	3	5
184200	-291.959703662878	4	3	3
184300	-289.217586104236	5	2	2
184400	-297.251600104472	4	1	5
184500	-292.976795543055	2	3	4
184600	-285.597581681262	3	4	2
184700	-294.427328153338	5	3	3
184800	-274.78577898335	2	1	2
184900	-279.66639901414	2	1	2
185000	-287.027037789017	2	2	3
185100	-286.844745592655	2	3	3
185200	-284.159087506133	5	2	2
185300	-284.024703218791	4	3	1
185400	-299.259918725946	6	4	2
185500	-295.128661170864	6	3	3
185600	-289.613157190694	6	3	2
185700	-275.7922898371	3	2	1
185800	-290.846233445113	7	1	2
185900	-289.023502861331	3	2	2
186000	-294.569840177842	3	2	3
186100	-287.273240993819	4	2	2
186200	-287.929583917736	4	1	3
186300	-311.945929116792	8	2	4
186400	-288.014923389903	4	1	3
186500	-302.601112898919	6	5	2
186600	-290.521096385007	4	2	4
186700	-284.229736480289	5	2	2
186800	-285.999474429058	6	1	2
186900	-291.595126718081	4	5	2
187000	-280.924740482404	4	2	2
187100	-287.393879362808	4	3	2
187200	-295.294102186727	4	3	3
187300	-284.344090812538	4	3	1
187400	-286.503816308747	4	1	2
187500	-290.398035627623	3	1	3
187600	-287.260910489821	6	1	2
187700	-301.778370842314	4	2	3
187800	-301.073721965242	5	3	3
187900	-291.053807016681	5	3	2
188000	-291.931504133133	3	4	2
188100	-289.615428380657	3	4	2
188200	-291.153526029807	3	1	4
188300	-289.65911122279	2	3	4
188400	-292.179569722814	2	3	4
188500	-287.050925803359	4	1	2
188600	-305.829332244059	6	5	3
188700	-297.035447733527	3	2	3
188800	-306.319668488332	9	2	3
188900	-285.351082282905	5	1	1
189000	-287.123312665832	6	1	1
189100	-289.189864542099	3	1	2
189200	-287.17742200315	3	2	3
189300	-293.45330018226	5	2	2
189400	-280.696274389415	4	2	1
189500	-293.983090795968	6	1	3
189600	-303.509253214934	5	4	4
189700	-295.585375784104	3	1	5
189800	-309.36065960786	7	1	5
189900	-301.197889533928	5	2	5
190000	-285.810462634667	4	1	2
190100	-292.997109289796	6	2	3
190200	-282.760451299356	4	1	2
190300	-308.173965804866	7	2	4
190400	-285.754155917667	4	2	3
190500	-279.141681920912	5	2	2
190600	-305.229674620015	5	3	5
190700	-283.440398328646	5	1	2
190800	-281.314304166352	3	2	2
190900	-295.530491210499	5	5	2
191000	-283.47872477954	3	1	2
191100	-281.189556511511	2	2	3
191200	-293.551274993656	2	4	3
191300	-282.391145449078	2	2	3
191400	-274.450735883757	2	2	2
191500	-286.097473781844	2	1	4
191600	-283.502380055107	2	2	3
191700	-282.437742443866	2	4	2
191800	-286.976262367162	2	4	3
191900	-295.926892778956	2	4	4
192000	-273.566408416556	2	1	2
192100	-285.849328839016	2	1	4
192200	-290.58703027027	2	5	2
192300	-295.449382970745	2	4	3
192400	-292.656045731031	2	4	3
192500	-283.086796244846	3	2	1
192600	-291.49980192905	2	2	4
192700	-290.2124559597	3	2	3
192800	-290.920986763793	3	2	4
192900	-296.18558062533	4	2	3
193000	-283.40469156207	2	1	2
193100	-282.10903947567	2	2	3
193200	-292.188380885345	2	3	1
193300	-295.354889102249	3	4	3
193400	-294.089861059609	3	5	1
193500	-296.479931513875	2	3	4
193600	-278.30020303923	3	1	2
193700	-296.52015084224	5	4	3
193800	-294.833487521771	6	4	1
193900	-297.865446659048	5	4	3
194000	-305.778772660337	3	5	4
194100	-278.211325443844	5	1	1
194200	-278.788215564857	5	1	1
194300	-278.494433165451	4	1	1
194400	-276.328109676502	4	1	1
194500	-304.257326313926	5	2	4
194600	-285.729659089986	4	2	2
194700	-289.390923372309	4	3	2
194800	-290.982011794906	5	2	1
194900	-290.176739815383	3	4	2
195000	-300.206231851923	4	2	5
195100	-295.839778486212	3	2	4
195200	-300.836115529567	5	2	4
195300	-285.331366782316	4	4	1
195400	-298.354836945095	4	4	2
195500	-293.425362480336	3	3	4
195600	-284.361141508993	4	5	1
195700	-294.319162728656	5	4	2
195800	-293.396822434487	5	1	3
195900	-294.745111623941	4	2	4
196000	-280.117323264101	3	1	2
196100	-282.434620373327	2	1	3
196200	-286.786946341743	3	1	3
196300	-280.418780413865	3	1	2
196400	-291.696805696904	3	1	5
196500	-281.131170832267	2	1	3
196600	-284.577891904673	2	1	4
196700	-288.778678126061	2	1	2
196800	-290.678387295097	2	2	2
196900	-298.795560549285	2	1	5
197000	-284.270232988667	2	3	3
197100	-280.213655176689	2	1	2
197200	-289.144218959256	2	2	4
197300	-296.411819215811	2	1	6
197400	-291.315375868908	2	3	4
197500	-282.40926108837	2	2	3
197600	-296.024702977013	4	2	4
197700	-296.007027866003	4	3	3
197800	-294.437459952549	3	4	4
197900	-277.443899193243	2	1	2
198000	-286.348219489031	4	2	2
198100	-283.498661959149	2	2	2
198200	-286.098892089232	3	4	2
198300	-295.007318112964	2	3	4
198400	-282.376013610614	2	2	3
198500	-293.459531252014	3	2	3
198600	-282.255761132061	3	2	2
198700	-280.044943573688	3	1	2
198800	-280.907815740641	2	1	2
198900	-294.71065521456	3	2	4
199000	-284.917007245938	2	2	3
199100	-281.69358837401	2	1	2
199200	-286.810522931713	2	4	2
199300	-299.692795996026	2	2	5
199400	-300.823035443991	3	2	4
199500	-292.849299779869	1	2	3
199600	-287.055752987784	5	2	2
199700	-284.612172840069	2	1	2
199800	-281.725405746558	2	1	3
199900	-283.831885730897	3	1	3
2e+05	-287.593637683824	4	1	2
