ExtinctionRateChangeTimes
2.114784	9.757145	75.60658
76.81938
41.33643	1.231414
57.85658
50.0356	24.97599	96.43417

76.08499	72.3614	57.19149	65.53343
56.87595
56.83248	78.45618

97.14111	26.36159
77.97866	79.82855	98.02575
87.03253	76.6356	4.708987
92.88895	17.91804	9.244212	26.98558	59.46149	34.73286
82.20264
37.42374	5.017898

10.22053

48.35746	6.733871	71.52392	97.86325
63.07182	20.97041

90.09767	53.70317	39.6775	63.30964
78.23039
67.53761	105.0122
85.95836	88.62202	40.57664	58.38793
88.62742	77.95059
54.09263	6.664005

48.67258	19.36498
102.9225	92.49611
79.73705
64.18133
102.787	42.13107
50.87598

4.048945	29.82431	0.3795797
7.504755	9.986921	4.848696
68.30464
35.48195	17.9887	29.56867	9.303897
9.289326	22.62269



59.58381	87.96253
81.97208	13.47404	16.46155
51.43563	56.07421	90.58381
49.71967
54.53421	32.305	31.69315
69.24886	69.78038	71.1421
79.12766	95.94136	89.67684
53.7905	71.84484	35.10689	46.93325
66.15813
78.25746
82.00236
71.99772	50.21815
85.1463	14.86382	81.60275	45.59194
85.9156	4.637773
81.84744	75.51859
80.33532	39.83536
80.54678	73.20234	69.05451	5.808056
79.49463	75.48297	56.44226
73.67605
39.74989	9.32638	5.564566	6.850947	21.4895
9.750411	8.197474

103.8086
103.5414	41.09124
82.57188	60.77474

100.2587	94.80346
53.83873
74.78244	46.18172	23.3645
83.7737	60.71933	76.08814	56.30587
75.50041
78.00436	32.31164	7.715059
80.68016	41.35043	54.52209	40.64635
80.13372	79.48586	48.32803	43.58773
22.45351	87.3587	10.19059	25.65244
51.28486
88.63838	103.8495
93.00895
34.14044	50.68391	67.60412
39.0891	37.1521	6.638474	31.43779	98.82559	74.97617
87.19685	91.84568	18.67825
96.49443	20.47112
84.44416
89.03246	68.56458
86.06358	45.88575	81.99545
86.78928	42.93981
82.41537	67.78921
39.06505	2.481616	36.53814
8.769583	93.30592	87.72781

99.34574	4.519315	94.69799	66.01825
81.04272
19.96801
92.81572	16.20354
54.35839
78.67223	63.15702
69.03746	8.716823
74.49051	83.22292
75.50689
28.65635	10.03676
24.88847	67.03244
9.128445
41.25416	102.7785	2.013397	11.01643
26.54012	6.316078	80.37401	54.10764	36.88928
75.71503	93.07178	103.6437

104.2125
98.17114	13.45114	90.07107	31.89357
67.34872
104.8321	87.92996	84.45525	93.61984	46.57683
80.34359	61.22516

91.51051	9.960331
9.396143
73.08551	26.54882	64.82976
47.12355	94.91821	45.8116
70.2888	5.603925
76.95884
42.01164	42.18463
99.09951	54.43616

67.44343	18.99789	66.82008
74.75582	48.71888	69.55475
72.73718	42.95861
30.07713	25.46514	96.77411	3.138511
77.53162
88.94887
95.85803	81.62489	58.4324	18.00837
92.10442	74.85413	34.88977	102.5545	97.22413	96.12846
82.29194	38.10383
91.82308	19.70945
40.88533	89.36854
82.89087
25.05813	48.11912	29.46767
82.46596	30.49862
52.98918	87.02077
59.64695	54.33691	12.0171
33.40505	25.05193	13.5949
71.37889	104.7416
84.95702
103.8313
84.54697	36.19686
8.979204
27.92785

33.92878	28.49319	93.30226
1.74523
74.76509
2.897652	57.57714	88.08606	32.90839	94.60337
48.38904	13.21678

84.16898	75.04735
13.26983

76.99926	94.90996	102.9708	73.38736	103.5066



70.14707
22.01967	78.30972

85.36088
27.09418
33.8222	79.15865

40.08048
16.85935
78.71258
74.59279	25.28328
30.32998	97.46989


28.38424	12.05896	23.08562
35.09229
80.05499
31.47884
104.5405	6.067364	50.1466
73.94532	15.42749	58.66799	36.91074	41.23422
56.20865	77.86483	98.89069
4.978128
50.09302

51.46723
65.23799	104.8069	8.999106
77.71266	1.730291
86.63121
43.48833
49.23769	30.98377

15.93242	65.24618

11.18178	71.18918	2.559087	11.24774
67.11358	2.710614
62.2087

72.50385	42.00067	8.627384	5.252883	7.419019	53.86069
2.216502	40.3737
104.3383
34.09305	77.52835	2.264069
66.06563	7.669632	102.2077	95.03943
79.67843	18.75926	67.69702	71.05562	20.74787
51.68999	37.35338	30.64092
75.75282	35.94325

44.95774	12.73365
57.48846	15.64151	24.26077
4.399368	97.19835	84.88262	2.1462
70.04579	35.39339	51.54221	40.29639

89.81413	76.57771	82.4651
51.79562	93.31174
16.10975	75.53586	68.3693
98.81105	77.29657	85.73631
85.55375	90.13857	82.73234	35.05704
29.98723	37.92776
59.88159	40.00521	55.97777	11.21641	104.0562	73.1521	64.42302

103.8169	73.78169	37.06465
79.13792	4.969341
45.85148
1.048135	78.05763	2.061887
49.59198	41.44296
102.0573	105.0693
9.311558
67.64353	37.05233	62.04743
43.12026	9.809341
34.34026	88.87001
72.17199	95.80427
61.93392
43.665	79.72402	19.68142
15.47866	41.92693	46.64452
97.05581	71.4912	56.53326
81.90617	68.31048	79.77185	104.8829	33.1131
34.19895	101.5397
65.46511
8.06642
83.59837	59.37995
11.78746	105.2431	57.65098
5.716252	2.673286
36.64911
77.17343	48.42822
5.663858
29.80457	77.08834	59.4951

96.08929	94.60843
54.32306	46.86653
56.23059	104.8881
95.53899	33.43322	60.75413

9.266251	43.47983	90.81321	87.86472
92.3482	76.91631	61.14938

97.22901
79.22552	98.79877
29.92254	28.72406
83.70016

70.23857
80.43666	41.38374	97.2361
91.13883	68.79866	81.45081	77.8782
2.171104	61.27144	43.35252
1.287603	94.13715	51.93344
68.03304	68.50157	70.99182
51.58097	61.22952
89.58245	15.6282
102.2033	15.32017
47.55474
77.40362	9.430045	100.0998
78.41747	95.01414	17.109
38.11247	66.06687	82.01114
72.32419
1.965736	91.45176
76.14457	69.36259	9.574969	61.39227
52.8657	102.596	43.43168
87.71123	59.28866
79.60245	51.92562	105.0002	71.8357
77.27237	73.57768	35.14447
88.00363	85.92095	68.11489	29.59792
89.70652	8.021287
88.19312	35.30872	80.91017	75.90647
5.675349	11.26806
72.09183	67.04835	51.22141
28.74631	81.65672	75.25305
76.17834	58.71886
66.95481
32.0543	50.61263
64.62819


19.20741
38.83567	5.279206
0.9808217	79.69562
51.54302	1.210861
102.5079
14.37936
3.304169	43.45704
38.64195	6.316004

35.19103	86.17014
86.45863	7.118957
56.3014
88.988	47.18633	93.87312	28.79726	13.40138
33.55972


53.22513	21.47581	20.28509	29.55784
24.4296	92.21808	23.05979	84.46426	66.17477
8.012609	14.17209	78.72268
95.78908	16.21411	90.20044	21.6207	82.66877
85.72291
27.09614
79.74645	66.51564	20.85219	5.578367	17.60777
73.87669	33.43507
77.7524	71.5266	8.522572
76.35965	95.48027	74.16899	54.86101
65.82766	21.39541	11.03472
52.65756	99.53218
93.11627
93.11627	47.62973
81.00603	22.98984	50.41707
61.81623
10.79848	101.0122
59.65835	102.409	16.19208	30.49446
62.8793	10.08468	63.82218
32.75635	100.2328	27.0078
85.57382
13.71738	38.91164	0.3008324	19.32777
71.36981
41.76826	75.46513	11.70097	11.14989	69.65126	7.79954
52.63181	102.9368	85.89174
54.77744	2.727477
7.505611

84.28486	93.29374
4.546832	18.60505	2.503868
27.19635

84.8871	86.49675	75.80637
96.84189	66.47918	58.14196
104.8959	66.32741	21.05175	61.67854	20.20456
77.39527	90.12648
45.12299
10.58166	56.64763
72.02876
64.18718	61.45201
7.901814	3.781167
15.21994	39.0722
92.85007	69.80492	81.87145
97.28149
16.95415
41.00296	26.59856
6.213091	97.88085

97.55368	90.91679	85.92348
58.78943	56.50242
32.97737
76.55522	49.93326	74.67378	45.61436



54.7116
102.1977	40.8381	91.76256
71.9554	51.23755	32.81305	63.50717

79.04847
87.26725	67.49012	85.72616

99.88639	102.7585	104.7612
54.36772	22.50291
94.82546
73.42791	13.41655
92.54388


42.84256
23.66278
66.21954

50.63443	92.69564	44.20395	85.95663
84.94182	73.6097	78.35798

54.91423
98.08751
47.83228	102.0579

80.28991	100.1366	14.83042	91.21423	63.32657	35.96943
91.01776	54.6088
91.73506
43.03643
97.34919	91.2173	29.71577	75.02341	54.19494
30.674	31.8655	54.23979
42.27322	39.12331	75.92812	62.86255	30.25634
104.5721	16.21704	82.26676	47.02723
37.43254	25.2739	80.9373
44.11109	55.92262	67.66059	64.06411
83.79944	87.32418	45.58613
27.08583	85.32776	19.43857
95.21969	92.4926	56.0186
67.6721	51.52293
43.83187
59.52396
40.00202	57.28157

73.69486	39.97022
83.12683	8.107076	102.7721	12.10157
68.27423	32.52635
29.01269
42.79809
84.33474
46.8582
7.815353
101.1212	10.18562	18.17211	54.84484

92.20643	73.02574
38.23461	30.1316
92.19547	101.2575
101.7381	25.52295
56.71582	5.217867	45.48587
71.29518	69.65307
78.74979	78.44677
95.57412	14.62967	62.55955
64.72567
92.30553
85.97637
56.88836	70.26701	94.26863

101.1079
2.694084	93.19197

3.213682	39.59243	89.19695	29.38169	57.5955
53.09879
75.9181
85.65679	40.88273
55.25467
104.3636	2.465228

93.37463	35.83927
99.37804
73.14927	33.29357	22.79538
14.09107	4.589293	95.09806	83.11407
2.377087	19.06879	103.9843	71.38171
82.26346	9.740172	53.83933
99.66651	94.88229	29.70123	41.75355	76.12537
43.0062	7.371049
16.83366
59.44224	0.7910534
60.01138	27.63679	42.57955

55.12249

77.44275

34.17332	24.99059
93.9278

97.90223	84.57333
6.135171
13.7819	28.68027	91.72066

87.92456	37.74702
102.1597	10.70239	42.3405	27.75921

36.02114
91.85532	71.97546	68.86894
79.15239	51.56835
85.54568	66.37241
25.01495	31.1639	94.48887	79.09333	91.75028	71.18941


8.195866
74.64483	70.41985	29.54602
3.165971
98.31302	10.39321	73.35647	48.16729
1.792638	4.566607

19.29801


94.19995	51.59622
64.26882	29.74967	64.33284	103.983
62.32725
59.0031	31.32399	60.80255	63.84818
22.17785
89.89841
83.81004	90.63181	50.81414
22.57592	102.765
22.16998	92.56299	81.48186
94.13724
57.10777	13.23712	44.7518

27.46823
14.02665	35.56178
74.23836	92.57657	85.55618
73.0052	65.44548
71.40311	5.058103	57.16711	52.79656
66.3301	29.71212
100.2893

12.93936	21.83883
99.16128	63.46432
52.16169	86.03458	7.282372
50.87556
21.43733
84.50012
15.56756
29.68599	3.161544
85.48444	26.81208
81.55687	70.63616
80.70381	41.37255	70.15859
75.6437	73.28641	45.5478

21.4409
64.2035	61.38253	7.971168	98.72947
77.80036
22.33369	1.409561	95.28089	2.158291
75.59791	11.52256
52.95022	104.0577	66.28856
7.83973
19.93748	103.8149	103.1579
17.56169	60.2518	89.60387
38.3861
71.70371	58.64435	81.58522	43.34248	89.91366

54.73129
41.95035	45.01025
98.39188
69.92125

68.61931	42.80363	92.98827
62.69685	38.1125	81.15674
73.13143
0.4764182	41.7282	7.278923
30.82841	74.81631	14.88764

68.96759	49.06166	63.13157

7.361994	19.85852
42.07966	97.11797
27.68015

25.16333	14.25235	11.47905
68.50106	9.023007	92.28327
79.9656	16.17875
32.55846	39.02965

88.76757	41.29178
5.243446	11.3004	51.65947	21.63395
24.8857
36.16064
56.30376
26.34038	36.02391	103.866
93.78439	97.04071
64.08932	65.74099
71.77604	7.197121
61.36698	98.49015	41.91881
97.47384
94.81515
58.90627	63.28851
49.70344	90.23362	20.57996
76.89198	31.16973
88.96875	46.48349	74.4506
87.94789	62.02586	37.17215	41.99334
90.76335	15.55683	29.46781
90.93101
38.64608	36.73314
66.9846	17.3932
87.16835	22.96762

2.176367	12.16454

41.08307	29.29009	21.63103
91.10833	22.11374
27.41542	19.17293
68.21598
98.44614	13.61955	6.724813
16.0661	67.60027	41.72637	103.2271
32.16829
47.91364	41.12662	14.2582
28.78362	73.71301	59.82331

11.62112
90.19064
10.71854	78.98573
72.2843	10.35608	15.74305	41.16663	66.22436
46.56307
104.2579	67.27676	13.31062	39.12961
5.409243	49.25811
4.466289	53.5904	70.5877
6.134409	96.04429
26.75666	87.07816
19.24122	37.96603
60.75307	58.454	47.2585
41.89039	7.367365
14.10842	29.45318
71.43001	25.59862	62.24805

72.69556
10.38101	80.41594	73.5661

59.76789
53.78378	61.63142	101.4665	21.14249
88.16933	82.56208	66.50551
53.60085


51.25245	94.66222	58.63937
2.114954
48.08588	29.77673	23.09914
67.39714	102.9059	82.22159
66.09354	36.87042	55.59125	104.4962
85.21621	32.71356
17.46506	75.1415	48.33918
12.22226	78.7931
85.84403	9.216678	102.4059	103.0643
89.17869
74.27039	62.71035	40.24167	33.55957
39.03623	96.74693	72.48371
22.55735	20.73743	13.92787
29.07351	71.96999	63.97657	97.97268	94.19865	31.72107

96.94403
78.53094	33.49318	98.21543
83.77926	42.02796	57.81086
83.77926	41.56044	34.14949
85.17337	36.09443	62.78846	82.84855
80.14542	47.46592
55.89504	46.01612
17.75613
96.86215	54.14939	45.9526
17.24614	21.90878
15.47894

44.28276	75.40832
72.71335	91.64141
41.9607
46.8262
29.93753
23.414
35.02455	38.68617
76.65097	48.78204	101.8227	103.6619	86.00386
88.67845	44.10094
84.17866	65.14014	78.99215	48.91485	70.77536
80.69381
77.0701
84.05044
92.58263	28.98689

81.38026	21.20913	62.08308

74.40837	95.30462

13.97797	44.17905	50.48736
7.123331


78.13181	75.14366	34.91931	53.07339	46.44299	26.5437


88.41556	14.24189
95.89122	67.98018
78.22486	37.91396	35.13911
86.64363	6.350921
91.36258	43.87528
49.07084	3.491792

45.99635	66.83193	19.78458
70.74242	43.96921
66.85702
52.55476	8.492343
74.28126	99.25671
22.95267
89.92154	78.95244	76.01504
82.13483	73.71887	94.16506	19.15236
87.44708	55.60825	20.31776
29.47148
28.42585	10.05362
95.08235	14.79945
79.02831	39.65419	4.880023
87.26619	46.03051
6.621183	15.00063

2.047053	60.48772	92.64206


79.20378	40.77944


2.47608	56.15539	17.8128
1.474363	46.11632	18.60466	23.99665
96.16925	99.26715
80.89945	34.93357
94.2463	79.35692
36.13793	24.99666	12.67172

9.349632
28.04883	57.52705
69.81535	82.59958
7.963297
15.15447	92.00976	85.5458
14.95352	13.35025	72.04903	95.87831
49.68208	28.72197	73.67422	88.24
76.12136

4.25156
7.394924	101.5994
73.61704	44.54086
25.07146	55.24378	3.470657	1.841359
84.37113	14.10019
81.42873	8.345232	20.95341	95.44398
18.60586	49.30735
13.66185	88.22255
26.7957	38.95205
69.37935	53.66416
47.82222
92.14392	62.41757	96.92225
81.03069	54.84871	14.51032
56.96262	1.597018

49.71612	22.26582	71.25797	5.309673
100.3202	9.177048	30.39969
10.00856	4.838764
84.13229
13.0435	50.09227
85.85396	84.55229	31.72383	76.26311	35.13082	36.0256	24.61951
33.97559	57.0249	79.69771
67.63987	81.92588	94.53888	18.25977
85.12291
26.39992


40.8706

57.38806
79.27654	8.192409	69.26691	41.70107
72.82102	15.62587	85.39687
74.23994	25.82057	97.50715	12.26175
17.33938	15.61356
74.58765	14.71896
18.97431	84.92768	14.27275


71.1543	78.92004	61.87144
16.99382	50.90126	38.73195
13.65594
49.31462	9.787246
31.01713	88.89091	16.50384	8.092069
90.15516	101.2652	59.62336
88.61569	72.2824	18.49757	3.066253
78.35311	52.77053	17.62966	50.72623
78.35311	42.31887	14.41036
74.59234	22.84624
75.52915	73.42237	71.94675
65.59614
76.72298	34.77313	29.02367
67.12523	54.95202
10.95293	75.49414
38.46344	36.52887	82.94099
52.15416	81.78296
78.39518	29.905	42.89507
38.36506	61.75903

10.78774	53.88227	36.06135	68.50192



9.559655
15.47334	96.68481	8.876878
96.74006
26.19886	41.83491	33.17239	24.03763
49.44207	63.52724	55.22559	63.41049	2.352049	6.563204
70.22256
80.31699	16.31279	13.06269
102.9134
95.63055	32.59711
88.49275	43.08559
73.78813	26.36075

36.19584
73.63747
81.20301
88.21029
84.44554	52.06968	54.43933	70.40646
81.98277	78.43394	101.804
39.22195	19.63285	39.85323	9.699926
82.93987	68.98385	26.89393	77.70872	36.58507
33.0083
39.88051	43.10836
2.003069	15.15973	98.36472	63.51498
67.31095
91.63574
45.64451	103.0104	45.70625
14.18543	40.56263	15.23633
33.92874	67.81746	47.14927	57.83234
95.94668	46.44789	30.06424	5.374914
14.47883	63.37011	68.71926	68.71864
67.57541	57.00769
44.37129	93.66377	38.02756
47.00451

73.01327

49.06648
94.42048	30.01562	7.399568
54.77699
5.58321	77.23151	27.41645	103.9193
60.07069	42.65571	86.4493
16.34865	59.20146	92.94298	27.09283
74.51723
76.34365

103.8796
79.65979	33.638	4.641625

65.26973	97.99266
87.75987	74.80198	97.29004	36.71401	77.58047
8.913839	51.76417	0.1947613	61.66056

68.26366	90.88969

81.55038	21.20024

100.0903	49.588
83.15897
59.83759	28.52509	53.10008	11.85448	19.78413

55.8251	36.84492	102.6594
73.12101	79.49214	30.90276
85.33738	48.32432	40.28326
88.84302	87.06379
78.22552	104.8381
19.72274	6.741579	96.21545

13.56527
18.49142	13.63031
12.61088	71.48306
52.38812	8.221824

66.86273	2.151515
24.12644
64.71517	89.18235	1.855675	11.94847	48.0444	11.98211
30.41409	21.70488
72.86658	54.44881
19.34677	84.48107

72.17586	87.4284
19.11817
51.27134	86.32829
78.7051	43.63127	4.751427
73.64969	94.40626	9.419093
94.0584	40.13628	22.61544	24.2314
75.34087	96.37395
85.79783	7.501888	97.43615	17.60755	56.14002
78.70788	41.18335
84.2	20.89783	23.7116
82.23504	29.39862
73.906	3.780845	57.29969	61.5092
27.66856
77.15867	65.10906
84.68525	97.9848
77.69024	23.83923
91.21189
17.32518	43.98181
62.36532	47.95941	2.22638
16.82158
37.47933
47.38451
90.48794	73.92791
8.688725	25.1144	32.76263
24.02832	88.93152
15.35845	70.53997	42.9356

23.72789	91.13485
100.2119
62.8002	17.84583	83.74118	92.72916	50.34647	10.19726
26.89459	91.53871	89.96382
86.47768
76.1288	52.87903	101.9403	7.286692	75.77439	30.9109	54.75771
43.59302	105.227	2.543342
47.85652	25.90122	8.350043
61.8151	61.61264
54.4605	49.16214
54.44054	69.97288	97.07046
91.8896	69.14573	85.14369	30.33373
62.91539	69.12812
101.5765	52.69094
18.93588	45.983	64.59601
63.04833
54.35285	53.7833	38.60939	96.59498	25.77258
88.87786
38.8867	72.69011	53.44764
73.64932	57.74335
78.15054	76.56703
16.82694	60.94917
45.20352	37.97042	18.86106	60.83254	102.0155
34.09022
81.97741	3.117881	16.58484
76.2321	23.83746	40.41828
87.56889
82.15559	76.25141
72.65722	1.529594
0.8353392
35.26439
1.976584	38.44863	104.0256	71.98936
46.97637	0.9638051
73.30003

64.26273	79.07324
53.64769

49.63538
78.58867	8.541399	64.51208

91.61614	93.53704
85.33666	41.02052	84.24327	31.52467
29.17258	66.48327	24.33546	91.23737
50.62599	45.93689	1.614657	28.00618

95.42137
99.29624	87.26558	62.56198	18.87242
45.38609	22.38661	32.02931
63.76572	17.91366	65.67535	39.58918	19.60309
19.30079	85.64572	5.553758	83.81261
36.97804	17.342
9.137094
91.66782	3.577796
43.44795
74.0001
9.680634
34.70605	103.2939	88.30763
5.330508
12.91155	21.66727	0.4623779
79.09867	54.36339	39.41675
74.24324
99.56943	61.80841	70.24685	34.60752	43.85365	58.89264	16.70715

26.44921	23.04199
72.80527	72.04119
76.42329	20.97215	49.9403	90.75689	99.4056
41.52743	58.32143	22.54796

92.43586	31.78644	10.59796
57.71335	69.48471	90.36932	77.98285
104.5989	85.19107	28.00922
83.23094	81.64641	82.05357
77.4436	6.087472
59.54049	63.55418
10.19752

4.11072
58.79263	59.45655
99.32938
28.08547	71.53171
68.93644	24.26617
83.32117	21.99196	22.3077	6.282428
20.59692
16.51809
13.12512	89.10736	84.19569	73.37545	27.36513	101.8201
85.5572
80.31148
73.82913	15.26648	49.10539
68.7382	51.96268	27.10268	63.49241
75.08047	40.43075
71.82617	50.70457	22.16129
82.70482	69.54356

91.94689
80.76794	73.31245	33.79724
17.75939	77.14399	18.20154	35.02114	60.79199
1.945649
10.52634
2.813184	94.02785
38.6829	98.10197	70.4769
84.97305	18.30351
100.8729
5.671569
62.04214	50.2097
59.07099
36.15423	17.78656	29.84958	12.98567
31.35397
19.10658	15.93415
34.98495	99.30946	95.14342
36.51689	5.619584
35.12485	3.084311	30.9283
95.00333
42.47953	2.095668
93.41243

79.29119
3.557255
68.00496	102.1497	51.95981	23.60937
101.2509	46.15534	84.33085
16.62504

8.202969
12.90376	102.5879
75.18361	6.727959
41.18813	46.45745
65.66866	21.42805

65.14842	44.18318	95.71596	98.83822
87.93461	74.86588
58.048	97.72852
95.7461	6.540785	94.43474
16.09872
0.1930041	96.84301	98.73392
12.54906	92.91199	52.29557	4.880873
44.73797	50.99096
81.29591	58.09401

90.62822	29.08462	26.67365
76.59192

83.51213
51.82349	48.96868

50.74975	27.04451	45.00663
97.78647
4.561732	83.70796	5.158929
35.7978
79.84634	98.26976	56.69849	33.34317
83.87371	21.47153	82.44417
102.5543	40.10819	32.4042
73.09744	70.69934	79.66297	100.6617
36.16242
16.83208
100.3481	17.71279
59.30355

52.7747	30.26944



95.50228
90.00181	102.4583
40.51117
64.46161
46.33094
16.83602	42.80059
87.314	72.42781	66.52858

79.13147	38.52369	40.30919

54.78821	65.22305	70.72038
63.86594	96.01799	80.95364
88.06783	17.56958
75.00098
53.93759
15.21243
41.46223	66.46469	3.39848	43.34573	65.80514
49.4794
57.43507	104.8651	29.90532
95.73609	23.98659
105.0442	25.13391	25.15925	15.04588

88.96981	76.23685
22.81607	50.81929
63.35678	99.52218	37.54886
86.11669	3.24136	49.33913
56.7159	13.56518
68.88759
94.97185	26.54397	21.57128
1.283736	94.54379	49.46351	53.08046
89.93105
71.41368	2.728426	95.43315
47.86781	40.6348	101.7794	80.66312	30.36187
18.35062
98.23121	26.60655
12.80507	88.61313
95.15896	48.74483	22.1696	59.8214	103.4412
24.50369
62.51331	12.36849
28.77479	3.112206
73.99614
51.78042
87.98163
38.28221
