MassExtinctionTimes
32.48507

18.06829
80.16082
90.39529
96.23582	40.71887	62.07007
24.91433

59.95236	99.75154
98.59669	74.316	67.34989
96.74183
8.724623
3.766398
58.84139	19.05959
96.23702

104.1083	94.35323	78.92244	0.1602805	56.15888
104.1083	40.01886	92.07779
104.1083	13.76297
104.3367	6.356254	35.09794	99.86257
103.7394	33.06375	88.90044
97.83434	90.06823
92.68845	1.900979
39.14871
44.56951	99.53653	27.09783
83.91761	3.994933
43.90661	2.586539
5.524986
71.68232
69.10029
103.9886
104.0956
90.07981	16.09048	47.71591	74.44322	87.03097
11.6513


1.76195	35.08013
86.98784
88.83183	5.494718
91.01914	81.32385
104.5199	95.27581	58.58965	43.26463
103.9696	99.51888
101.3988	2.638381	87.77301	37.64654

76.37706	96.61707	67.00537	46.71963
7.333045	84.69354
88.28946
87.20831	100.1947
99.38427	91.39464	49.66957	94.23665
87.00254	104.0395	42.26214
81.3903	104.0395
85.27809	104.0395	92.42385
67.19631	98.58873	104.9248
100.7401	42.30606	83.08155	5.377306	0.3456761	97.38811
21.54381
45.28219	4.416493
39.04969	73.16391	93.4793
38.25117	87.37415	1.943437
38.23391	0.2700893	87.54995
47.43394

104.0727	45.3041	82.77398
104.4126
104.4126	93.26903	41.03078
103.7212	88.73532	3.855101
103.7212	85.88051	38.04488
103.7212	90.84446
98.81618
103.4849	90.93228	45.36811
103.6817	97.22023	57.07643
104.1045	30.26139
104.304	1.581682	33.3494	0.03175861	40.66443
102.1398	44.07821	8.86452	13.47721

44.24042	2.50755	62.11436
33.55304	3.208871	7.99337
40.04905
54.37265	27.07193

24.76679
102.266

104.0827	2.76755
103.8045	86.76572	2.989358	46.64856
98.46067	41.54378
84.66407
11.49644
59.68485
62.84043
82.91831
92.8859
38.15502	92.84677	74.47615
3.894915	67.05804
88.60285
93.44832	103.711
3.986382	77.71073	33.36462	93.25593	32.31626	49.5675


6.810459	27.42657	94.15451
75.34227
103.5845	41.95265	6.228616
103.5159	43.15445	90.47541	41.65256
98.80286
99.19458
35.75178	18.89981
87.65524
38.6501

86.23956
55.92898	38.60068	87.19507
83.58842
89.34867	84.41491
76.56867	36.89126	56.85135



2.989017	94.28099

85.62377	59.70091
7.766198
5.605621	47.25787	39.05845
6.307802
91.07993	0.9468084
104.5227	31.81317	84.57605
104.5227	95.75971	71.80647	6.555309	93.85478
104.5227	86.32916	42.88699	59.90944
104.5227	48.28182	84.53279	92.11739	43.17892
104.5227	41.73974
104.5227	56.1597	92.44882
104.5227	42.09785	59.57843	95.59695	50.20379	54.66543
79.29483	98.99295	88.86902	41.88223
5.993383

103.6053	103.4869
103.6053	46.48842
103.6053	97.25707	1.661644


63.53376	58.84862	28.7709

59.36867	49.07673
59.77804
91.00388	55.49696
91.82326
93.75199	76.85203	75.49485
45.51632	68.72813	51.06215	37.24686	77.26714
91.60754	59.40119
93.8772	44.70124	56.45736
104.4959	1.065108
102.9579	9.334692
87.25992
63.35792
85.23272

46.97481	66.19057
6.451587
92.89491	30.93775

98.60471
97.25901
90.91249
80.46166
46.67565	54.52544
97.2426	30.20403
88.2296	62.4406	85.90428
7.913939	84.53513


30.23638
81.87071
82.26628
53.001	62.41277	0.728054
1.259042	89.9114
65.07502	42.6783
104.4252	101.8658

38.45625	68.00847
98.92208	42.35373	47.67977

12.36405	1.500544	1.062366
26.95702	76.80675
102.5036	85.82073	42.07758
84.70437
81.94089	2.196638	3.409327	9.385419
91.59282	4.478927	6.303143
83.67716	77.67393
92.72219
22.20568
79.16453	11.98447	30.98256	4.870929
2.538744
96.32523
103.7687	43.00781
7.692731

96.22616	88.34043	93.29789
5.350371
34.23466	49.37733
72.835

98.412
90.89307
11.07533	95.77136	8.229481	7.18303
34.34309	80.30795
9.013021	12.70996
64.74345	39.26394
16.83429
63.26678
103.8797	79.9358
103.6905
104.4696	23.48047
24.74199
51.04447	102.8501	53.76367	24.78874	6.135822
44.19446	81.69933
104.3632
103.8695
103.4377

0.6849439	54.31784
99.00773	104.9457	4.955224
93.82701	104.773	44.6835	87.27068	4.178336	1.40005
81.67133	103.9835	7.360193	34.0832
103.87	37.2992
103.7842	86.33577
103.296
89.31113	56.89008
45.72587	21.93308
101.6084
56.77404
93.60085
81.39428	46.03357	52.65802
43.27676
44.09505	79.00737
58.93381	39.09818	67.23935
52.58677	88.31497

94.18413


42.81378




7.220355
44.14492	5.555799
88.90021	56.41036
98.28276	85.10474
94.56748
93.06244
104.5072

3.012307
95.05389	98.85665	72.48735
92.94823	95.58376

59.96724	53.67558

95.61504
7.804218

98.88187	32.32025
22.91724
98.17846
97.94392
36.12532
8.13446
74.83223
103.6009	90.89246
81.20313	45.50054

83.58921	42.9424	104.0597
68.85409	50.31272	42.07203
43.22989
89.30646	32.54625	89.36559
20.16
96.17922	47.88444
104.043	89.92031
103.0758
67.82758	43.77106
43.17512

81.65476
43.37858	43.93218	98.95532	61.30144
37.59145
104.2736	4.13375	3.641053	57.71762
103.3841	84.03487
103.9386	84.70603	104.5419
88.05861	103.7222
88.05861	103.7222	74.32127	56.97604	97.3549	6.490724
103.827	66.55847	83.68688	55.34718	28.74364
98.32653	42.76423	104.5671
23.32582

103.0473	20.51909
80.71884	101.6532	0.4484622	9.185818
102.8396	87.45949	45.55943	68.78877
103.3103
93.63569	4.468771	61.68343

89.32452	68.94862	44.06135
103.8822	1.336767	47.94544
103.8822	82.36625	1.577004
103.8822	75.23723	42.53103	12.33731
45.04704

36.62047	21.10463
42.84191

100.718
80.01033	46.76664
103.0644	9.763502	0.6888786
103.6324	45.58829	93.50286	81.70272
103.6324	6.587129
92.95151
32.84871	33.37548
97.2326
19.89744	53.26441

104.3583	25.417	104.8787
27.00272
88.9279
73.26452
35.49022

83.42417	8.385448
97.58913
103.1823	95.78022	69.83312	79.30958
104.4938
104.1636	89.84276	103.6713	46.62157
104.1636	95.45112	26.68102	13.36385
104.1636	81.79552	91.1467
104.1636	68.64806	84.37438	2.574087
104.1636	54.19836
104.1636
100.797	32.50689	2.546429
1.507694
104.2807	36.89373
99.56184	103.8909	88.27846
103.8909	96.97907	43.13568	36.73903	6.752945	81.70068	74.00268
103.8909	88.17144	45.26324
104.4909	88.41188	1.268478
104.2287	8.454196	44.12371	62.01486
98.83979	4.31387
97.19395	74.52572
98.92261	81.40124
89.51207
86.99462	103.359
39.88573
91.08621	0.815911	71.22315
79.16839
82.36925
39.19847	78.40365
19.27939	75.24955
6.420935


98.71241	24.82631	23.03678	89.53454
91.00267	4.556438


104.1013	44.73416	67.56816
104.1013	46.28795	104.1272	96.29378
104.1013
104.0491
104.0534	93.80369	12.4446
104.0534	81.53371	88.88548	86.20617	42.8292	0.5935683


7.803894
26.24549
93.11323	11.90121	58.32003
84.61607	103.4045	50.26327	67.57449
99.17054	17.6939	25.12358
34.76296
89.89325	61.33412	61.92398
94.24583	55.63425
91.94462	103.9987


91.28996	30.00511	3.825585
93.46983
103.435	93.623	40.9298	69.18845
73.9815	87.96966	100.4347	44.41303
92.42993
62.59807	100.1809
79.62685
85.96628	3.480602

100.0463
66.97861
49.77641
17.42456
26.33723
104.4659	6.075199
97.26506
87.29147	4.849447
34.70301	92.27642
27.85381
60.03441	38.56316	8.734501
70.3595	63.30742	0.5999213
44.48784	74.32693



8.162723	12.85648
25.96114	5.096765	76.65153	65.86076


103.7015	45.32841	21.48887	45.32257	77.9161	9.865122
103.7015	104.8444	79.07448
90.89875	104.4382	88.52072	12.72005
104.4382	6.300613	97.64536
95.99823
14.51252
96.64055
79.5631


94.04613	80.99684
82.69063	7.23441

57.5216	86.88426
97.57779	1.041822
47.51747

103.6087
86.76897	9.414775	12.68236	11.63182
91.40163	38.95554
74.17678	59.47741	5.415315
52.70867	88.87048
29.38814
1.672603
8.330403	97.82846
66.53858


98.60672	1.244394	87.57788
104.9281	50.07235
89.33202
98.87489	88.46886
94.20571
44.8863	71.25488
104.5365	92.97968	57.89474
103.4964	92.63096
103.4964	6.126822	49.42107
83.82778
104.0554
94.5292	93.20945	77.28373
83.33743	3.640779
29.44719	92.65656
104.1199	86.50977	2.276058
94.3977	103.1674	38.93456
0.1646702



92.5522	48.08401
41.91355	103.6661
96.97376	85.51269
98.61506	44.46504	103.3293
98.74692	44.63182
42.78176	91.27315	7.500012
67.47931	19.04195	101.3319
22.79459
100.5272
83.12815	93.4458
81.61116
91.64274	60.22884
98.87302	40.95809	5.464812
3.898879
91.5467	15.34216	34.41085
87.80466	44.11833

19.89741	0.06276103
44.28115	69.04307	5.917439
87.13731	92.79865	44.32515
92.41653	77.61535

68.7793
96.9652
61.33735
98.52588	36.21301


40.55242	31.8875	104.531	45.97397
86.23749	96.52941	84.41586
88.88406

75.2407	88.00242	39.58291	32.85941	76.10591
42.60189	97.86331
93.54659	40.86224	40.59187	21.22995	103.9708
88.11408	15.82515
88.4099	90.82994
87.95685
102.8821
91.83617
94.08107	23.6798	0.4357482
96.85337	3.506455


39.44769	21.40427	6.25203
1.456721
18.37125	7.827933

35.04729	4.416444

91.41216	56.46103
104.3654
104.8038
71.60626
57.70575	41.99545
42.7129	70.3147
95.09015	81.50711

87.41748	53.45654	45.92049
101.6663	10.11246

3.566341	45.46648
102.1752	5.312156
29.68281
103.8198
103.8198
103.8198	42.0042	94.2209
103.9684	98.84352	48.3511
104.051	37.00124	9.15504
104.5817
104.2351	90.23697	50.85386	96.96947
88.27173	103.996	30.04448
44.39684	3.92007

91.37216	45.92305	53.84845	95.36987
12.97304	11.39653
4.190485	47.04733
44.08772	59.8649	3.299507
98.19797	67.59274
29.65022	38.16013
34.96366
57.67914	14.43861
5.982929

98.56171	50.27346


88.38372
84.09334	9.053276
100.9068
7.763661
88.55142



90.89175	29.4347
97.9019	100.6237
92.54024
100.4412	48.74519

3.110807	22.50851
35.81093	97.47626	8.597544


35.66806
98.61411	19.68081	102.2812
63.85272	13.73219
50.77329	100.1587
85.98384
44.16319	56.02739
42.62728	1.60282	80.11138	67.0472
87.74463
100.0591

89.18671	13.48131	28.56463
2.821542
97.07954	88.64147
9.533222	76.83247
78.78915	51.49216


18.51474
77.00526	98.04365
94.47736	82.78213	45.08957
0.6276472


42.28528
76.58646	5.123134





73.04686	81.22383	32.94181



45.45758	9.905294
45.74749	102.5101
99.77447	104.1612
77.99852	59.31009
41.42012	6.532457
98.34414	43.74024	21.26407
85.70869	71.71363	48.92793
86.97076	27.58093
36.83893	4.061407
86.39287	71.1043


84.74146	6.402489
52.82386	28.84846
90.645	19.04479

6.538992	54.98497	92.80582
89.92006
2.961832	78.14963
101.2842	56.08862	40.26526

92.21426	89.63551

95.20236	4.142256	38.09216
98.46271
26.10683
95.60349	90.61921
103.8401
0.02304198
59.31524	5.172885
98.59428	82.20691	51.27672	26.30895	100.7635
100.6937	45.1653	57.27928
45.25922	6.285689
39.22105	51.8987
39.18615	77.69574
95.82804
103.0974	9.278439
42.38416
98.53402	45.48412

41.48951	101.5115	104.0845
79.82149	88.30434
49.59924
84.59871
99.05501	9.42546	36.21949
39.90373
25.96494	16.07808	12.71053
2.210894	3.139957	100.722
104.1104	60.28179
104.1871
47.66488
42.12197	22.06176

25.48435	35.55725
0.1232592
71.13826	44.01265
97.02582	42.39443	20.70547
97.07502
98.90083	62.6309	92.01046	81.19784
24.95831	30.80591	101.5246

48.69682	102.2457

66.94664	90.7872	97.88659
97.8983


17.59248	14.45959
3.856181	47.38227	84.77705	38.47171
93.99681	31.39377	80.37585
80.29735	36.86607	24.02563
58.28332
97.24524	5.538434	5.687359
38.98421
6.901494	72.20991
104.2767	92.23509
4.984175

104.4714	45.1749
104.4714	45.44746	4.797559
101.2886	45.44746	85.72251	90.31926	13.40514	76.87879
89.31329
85.59972	52.89353
103.72	1.39943	83.23736
103.72	80.59157	51.96111
78.9031	80.85024	5.776811	83.32985

55.04076
38.84991
104.0602	84.53094	92.70846
2.552894

98.78594	64.6094	35.73816
74.62397	91.43134
92.59078	103.9625

88.30824
68.29017	73.22113
93.87527
85.27475	4.252074
104.2054	0.6143081
103.6212	23.46711
103.6212	0.8721088
103.6212
103.5863
103.5863	81.4092
83.10162	98.56406	44.45581	28.77639
103.5505	8.677074
104.1216	99.15725	92.21092
103.6309	43.99365	6.159147
103.56	89.67375	11.87614

3.52938	84.20862	80.58803	103.8148
65.49183	69.58816	48.55637
7.352257
6.740923	86.78255
78.4551
59.2055
93.51687
45.71562
29.27043
41.62212	42.60007
7.124485	76.62331	2.933842
79.23643	84.3171
104.6339	88.90887

98.69807
47.14817
90.64127	101.967	4.692317
104.4931	104.9127	88.10793
93.31316	104.5808
86.57425	103.9242	54.78569
74.8648	49.91539	4.08252
10.99573
99.92423


88.06003	24.5079	8.00858

96.93426
49.10735	26.2646
41.77068
18.48701

103.9104	95.81024	66.09414	91.41881	24.95766
37.87194


66.96208	0.1099132	43.38211	9.439382
87.44729
98.69309	11.5103

53.95155
0.9651222
85.97119	56.96952
99.43701	86.13747
68.8279

57.03182
4.522793	79.56928
104.4051	104.0175
38.52186	104.8077	21.82194
92.47983	5.779106
45.53477	3.695423
41.23537	25.29483
74.36746	40.64734
99.31197
37.49697
43.95748	65.07555
45.55552	85.94036

96.16167
45.15017
3.551615	95.22592	92.5382
79.17479	35.15038	18.54149
94.60149	21.56586	49.64562
94.19321



92.2937
96.37331

66.54163	6.971669
93.27502	24.36255	16.67621
103.8176
103.0656	100.1822
78.99721	96.23181	68.59308	29.63752
97.91775	88.33018	43.51644	14.66058
11.79228
44.59787

56.33862


98.39079
7.029664	43.1973

2.248399

87.7217
88.35026	31.71507
96.68319	58.76963	3.662732
96.06829	104.6341	83.81346
103.8896	66.97607	91.91289
75.14507	96.80586
103.7484	88.83645	81.61624	21.03917
103.4755	88.34546	81.61893	51.90118
103.4199	88.34546	43.24614	29.14854	58.28076
103.4199	89.40246	50.88462
92.60609
68.75674	6.971769	1.965292
87.89926


94.11291
102.6963	97.17025	85.20026
104.2403	66.69808
6.510957
4.319453
79.00612
84.23762	23.89715	25.36974
100.7039
104.2181	59.74933
84.74932
97.13392	34.73989
30.39735
85.84801
91.05649	80.59777	25.0939




87.379	4.884382	77.50111


104.078
53.30697	86.00559
89.02329	98.6541


98.99695
88.54572
100.5548
87.26694
88.9559

7.128269	61.46366
104.0969	27.10749
104.1496	69.17365	47.07408
104.1496	89.30614
23.48192
50.32962

104.0503
104.4302	84.99019	79.84922	96.63851	91.10491
103.7574
104.3432	90.15623
104.3565	38.6235	71.17052
21.52291
93.74029	103.5526	4.349905
83.45528	36.45588
31.62625
42.40266
36.04945

92.64179
9.172118

66.94963
85.22908	56.51775
104.402	8.734965	8.855724	25.60445
104.402	86.59808
104.402	88.92723	73.19342
102.6167	46.86367	39.26138
101.6545
98.40918
88.10837	6.127436	34.58301
78.68108
49.45138
88.91184
103.9757	1.423333	48.5603
104.103	27.28192

98.8666

104.0661	17.50811	99.42715	7.002168	44.69058
104.326	44.76791
103.9693	97.21525	94.70823
103.9693	84.72515
103.9693	91.39845	47.43	18.96067	102.0379
78.69241	25.15251	85.97714
81.8522	41.79798	12.70492
80.78796
89.69467	93.89506	6.121757	4.701077
104.2996	88.80499	37.86692
104.0195	87.23427	6.386925	45.47689	51.98822
104.0195	87.23427	74.70755	60.33835
103.9582	85.93769	42.50327
103.9582
103.9582
103.9582	86.89702	41.68317	38.76447
103.9582	41.7349	56.0372	86.07412
103.9582	80.91325
104.2448	52.73078	89.789	88.37531


80.50897

41.63253	42.65183	68.0024	61.28404
7.192218	97.58507
67.95955	93.97279
20.23687	104.3977
13.6705
55.48702	95.40897	38.76461
18.08872	4.277505
14.11088	93.80618	59.43886
97.24259	42.47045
80.58658	54.77524
93.13205	0.8470634

94.33142
6.761242	26.72122	82.10303
14.82015
96.47937
27.62043	46.58121	79.39601
86.32231
5.819616
97.34736
103.6743	94.81716
101.9915	88.71138	0.717276	37.98698
88.71138

88.51858
20.91856	94.4014
88.9612
104.5217	2.538628


88.98116	48.00281
12.42708	98.04097	62.28231
80.42118
91.89583	46.43105	3.666143


21.16697
103.5288	93.60475
102.2745
97.18936	98.23367	35.41713
53.80263
76.38549
89.16215
87.79414
93.82799	38.17723
46.01628	87.30517
104.2522	58.57197
104.3854

84.64589	105.1197	81.31164

94.2076
94.097	98.23592
98.48213
93.244	50.75294	56.14285	93.73514
97.2676
82.31463
57.09495
33.37281
23.82319	23.99746
37.16431
103.0214	90.08249

96.87258	57.10811
88.12838	2.73393
80.45361	43.77948	103.8856	1.757373
96.04207	29.5104	73.34254	43.33592
42.7369	59.89044	91.19975
5.690683
84.5196
94.15643

70.81764
15.9078
20.74696	103.9162



104.4266	7.697916
104.4266	40.73291
104.4266	100.3694
104.4266	97.93791	65.08067
99.24684
103.0286
103.8455
102.0327	86.96886	27.75964	21.31302	51.30963
98.0725	96.26638	79.887
98.82412	23.56592	37.18884
89.59028
95.95559	53.65251	46.06938	41.48984
6.252581
88.48782
102.592
104.0293	88.12722	46.58198
103.9423	6.090055	83.97152
103.8923	96.00047
103.9558
103.9558
104.4047	78.75905
104.4047
103.5513
104.0559	42.24111
104.1423
84.83522	72.40218
59.91772	20.2806

5.012399	96.70351	7.868901	60.84325
78.7519	86.4842	35.34468
96.18768	44.25776	16.81891
5.540456
98.68659	20.9214	1.93901

89.33401
9.435672	101.2049
93.93062
1.630974	82.24789	40.90197
44.59635	68.50502

81.64256	40.8272	5.884799	49.38128
36.97956	7.954019
44.79292
40.23331	0.973636
103.917	20.09368
103.917	5.266293
104.1042	37.59291
103.9966	88.52889	39.39761
103.9966	91.54589	58.68987
103.9966	84.78689	10.9888
104.3718	68.03535
6.136613
98.59774	33.03874	99.2145
76.60506
84.88892
91.19284
45.29813
15.90354	86.33032
6.697294
41.19578	47.76439

59.76562	28.34164	0.4501621
92.28334	3.027108
56.80853
59.00816
103.7114	86.19281
103.7114	59.48021	38.55023
103.7114	103.0672
103.4258	78.94821	88.3448	8.937987
101.0351	35.93569

41.33421
104.3581	15.00295
89.93449	11.43916
97.2296	46.81471	5.712451
87.68275

9.325092
89.62577

35.82434	8.155033


12.26957

98.55843	37.79549	78.61903
87.55266	7.637823	30.73813
84.614	103.1383	82.74437	25.26267
88.81403	102.8214	6.063313
96.74572	58.19165
39.28483
82.36585	37.06932	41.75645	9.20693
97.05382
13.03554
46.84493	43.49226

91.12574

103.8506	55.2594	27.32731	30.53831	93.77275	94.77934
