SpeciationRateChanges
104.9592	32.4566	51.40989
104.0206	29.86098	12.60334
104.3	2.514288	64.76397	28.21009
103.4717	61.12653
105.0335	68.22044
104.5221	14.90003
90.92666	104.003	63.91667
104.1418	10.05447	102.7126
104.9366	79.48894
104.1758	30.31689	99.54363	43.20977
104.1758	37.755
103.6148	39.74922
104.1974	72.16082	22.90345	15.06969	14.87004
104.3094	16.30502
104.1283	14.38732
104.3477	14.51349	101.0939
102.0036
11.12987	52.60371	100.2171
99.01667
88.42908	24.85634	0.9740482	64.15808	26.02927
95.3467	40.62395	63.31969	34.44709	6.731824
103.755
104.0612	25.3898
104.553	68.42269	25.55808	67.23446
104.9541	66.09763	58.85946
104.055
90.84388	73.76745	58.43402
104.3757	75.95215	18.07471
104.3757	33.73091
100.8812	67.59809	2.546175	9.572599
101.2357	1.80961	78.23932
101.7792	20.97136	97.50649	45.07446
103.6907	76.39604	18.13642	99.4034	93.06654
104.4366	28.19518	18.22577
103.8862	53.00291	13.87803	28.8252	47.28953	30.5154
103.8862	17.59527
103.8862	28.27913
103.2001	13.4714
103.8374
99.14822
88.27488	6.53579
101.7978
96.04549
104.007	64.96726	6.026194
104.1519	74.34422	35.89772
104.1519	66.57664	27.59038	60.56489	64.26754
104.9256	70.27769	1.308311	50.778
76.60819
8.090162	101.5986

89.14591
81.26609	25.52383	25.47777

64.15878	80.34322

54.17001
59.79076


16.91103

75.30667

11.7099


72.17573
18.19079

9.007972
84.63864
6.829011


8.57177	55.32339
82.1395	42.9801	28.22353
6.366214

104.0256	44.50232
104.0067	19.10834	13.45041	103.4028
103.8115	68.14286
30.08183	104.3252	2.148447	11.04211
95.56062	43.74012	16.49573	65.0823	61.53165
95.18926	25.80892
104.0623	34.59391	34.49177
104.0713	83.60971	15.24202
102.4972	29.24569
104.1662	73.40762	105.1294

7.37073	17.5747
104.1962
104.1962
104.0156	75.96132
103.2477	26.29172
91.14503
104.941	90.2945	72.86424	2.023735
104.3778	2.565027	29.32822
104.019	39.31803	16.6262
103.8758	8.534527	95.91245
98.15842	71.06666

88.63446	33.80074	10.60677

62.25839
104.1015	50.2263
104.1015	81.12775	75.10128
104.1015	69.18084	89.9589	8.5237
103.7848	16.93007
104.4301	80.59465
104.0679	53.55634	24.16502	33.34974
104.0679	81.72895	17.04629
104.0918
104.1677	71.77629	94.04346	84.44103
104.0092	18.00909	72.85028
101.6553	50.87257
104.5114	33.33612
103.882
103.8481	18.10196
103.8481	21.22484
102.5429	7.486715
100.4984	17.92735	55.59115	41.1289
33.82919	14.63862
57.14465	104.7439	84.57758	36.10348
86.05261	48.53682
23.83401	81.29562
1.390062
0.2668639
69.31001	48.90104	0.4618897

36.06557	18.42254
57.21398	5.302988	44.1336
79.57933	27.52621	89.96312	96.1813	2.696462
104.3811	3.071072	35.70659
92.53188	3.130839	91.66693
88.84851	5.388552	36.79111	39.81737
93.38268
104.3865	24.55706
104.1887	51.341
103.3266	7.843038	51.99237
104.3413	7.815871
104.3413	37.85486	64.74107	75.3383
104.1047	78.05241
103.675	70.73483	5.553558	22.04947	39.25834	51.55472
104.1664	46.53466	27.1814	26.31022
103.8529	81.41931
104.5296	69.01401
104.6523	66.44127
103.5182	50.05192	92.15352
98.13914	74.4851
72.89848	91.3293
102.175	12.45026	80.42601
104.5392	32.24671	6.362992	22.05361
104.5392	90.98242	25.06322
104.3588	64.41474	59.85062
104.3588	30.57176	26.02871
104.5255	73.49412
103.3813	11.89322
103.7405	24.0514	17.20217
103.6585	80.48691
103.6585	52.681	17.67522
103.1785	13.76615
104.3516	57.84037	33.85756
104.4957	35.80444
104.4957	31.04054
103.0591	96.96218	68.49022	30.88736
104.5041	89.11033	79.95702
104.196	51.67872	105.1581
104.3422	27.01041
104.347	37.3791	66.12762	25.33048	5.191153
104.5014	26.36074	24.38393
104.1014	73.5361	35.10972
103.9898	13.80147	67.92558
104.0802	40.166
104.5418	64.01174	95.3275
97.06251	56.31157
104.3626	72.07276	10.55996
104.1515	65.61488	0.5412919
104.157	48.22415	29.97853
104.157	64.30721
103.6821	43.76119
104.3736	38.43773	35.6018	29.06919
86.56814
96.87827	16.40499	43.23679	31.4686	21.61877
103.6855
103.8274	25.35099	71.83013	13.24736
103.9577	35.80275	58.91744
18.45282	104.0422	81.89461	6.077842
104.6378	36.6725
103.3903	65.80722	102.2404	105.2548
104.5177
104.6048	74.03607	68.07937

104.3591	48.57466	71.43653
104.2802	57.70222	18.8591
104.3213
103.7861	15.20582	90.07026
104.093	17.08151	63.03018
104.093	72.59564
104.174	69.31566	31.595
103.7795	13.59907	79.93311
104.0472	50.06439	46.14013	31.23193
104.411
103.9013	64.61177

4.977237
2.19134
13.32185	104.6746	63.66237	61.31824
89.47589	62.36829	57.15746	67.00161
89.27394	76.13579
101.8614
34.34634	105.0176	33.52599	70.28649	23.5716
98.76727	35.15472	54.5426
104.0522	55.66027	74.08243	81.13537
104.1539	45.21447	20.8268
97.09545	25.20258
99.20753	89.44389
102.6851

98.26656
84.95956	84.8875	75.43994
0.3928862
93.77923	53.32143
97.46712
96.44063
102.7968	58.65578
31.14062	61.07418	75.87864
98.44552	34.47304
103.5708	28.98458
103.902	25.18551
103.9455	72.19639
103.1163	69.44462	51.01555	75.70227
103.7284	51.83243	9.187308	23.93874
103.8494	64.14131
103.6887	68.63538	36.60267	46.2886	37.3415	60.08183
104.0478	60.90596	15.85113
104.2048	101.7267
104.415	93.96224
104.2167	95.35773
103.4205	29.56294
104.5357	22.80946	1.824794	3.731986
103.5107	71.97537	7.433858	1.651977
104.0826	23.06447
104.0826	63.11289
104.244	17.75781
104.1162	30.8549	60.50903	64.10392
104.1041	71.84328
103.7901	32.18911
102.7063	21.81352	100.2986
104.5186	46.14518
85.05558	105.1143
12.59307
96.81342	35.31027	81.09231	16.36352
101.3901	80.56407	36.40116
104.1757	48.44505
104.1757	63.41342	26.15328	3.580433
104.1757	63.51554	14.66148
99.23587	27.92211	24.53536
103.4783	12.08721
34.83623	104.2676	31.12694
104.5336	52.5808	67.9382	22.21736	43.50654
104.7143
103.9904	40.04944
103.5173	62.79661	1.090656
100.1961	20.15881
104.4813
104.1686	20.3718
104.0061	62.73128
103.9949	25.0844	46.8266	33.23111
103.5924	24.64125	0.5336694	62.41716
104.1949	9.983421
104.1549	76.47255
103.9284	32.33493	1.82796
104.4965	14.79293	2.745585	21.65853	14.83106
104.2763	54.45924	29.61634	99.03354
103.3155	76.73066
101.1335	72.18057	90.23916
88.01525
95.46229
83.51301

105.0404
42.36945	25.32819
2.703635

93.94693
97.10958	32.6729	79.18687
38.34725	27.74319
48.15473	45.63943
66.32974	30.4537	72.49357
102.5124	24.64118	75.16923
104.81	70.95518	85.92586	75.30189
104.0379	60.46994	16.05123	94.87666	4.998464	102.5854
103.9253	63.86237	4.555778	43.43806	69.73033
96.49992	3.34671
53.93997	38.10875
33.69817
5.099372
42.863	66.68467	26.17718	102.9039
103.2564	62.27746	62.54342
63.48974	58.20146	74.1309

0.7508249
9.387245	97.95311	1.759994
104.845	37.8928	85.51561
104.7839	50.89967
103.4133	77.63848	59.50285
104.0748	69.07839	3.577218	94.1452	63.87493
104.1912	15.47924	60.15904	40.46309
69.98962	2.476754	26.78106	102.139	102.0614	68.96103
40.52934	75.65069
70.58518	34.81392	100.0122
74.7865
0.9621402	77.78487
6.539074
71.95883	34.45132	98.19783	83.13758	2.391844
85.40241	88.06666	1.609363	59.17664

98.01147
99.01958	27.98914	73.75638	38.48853	29.0366
61.65811	32.67781	61.61182


92.22405	35.28408	54.98	57.79413	43.04393	28.64499	22.27189	82.89209
104.5423	22.56363
104.5254
16.78851
43.60196	93.36752	82.92042	26.5198
103.1786	75.15653
93.16811	83.46528
81.5632	72.40633
99.12411	72.86539	98.82881
100.4193
79.75098	77.86049	69.68704
12.62837	85.66441
80.82316
104.3962	39.73936
96.87042	57.34697	83.08897
13.69342

0.4550473
35.54864	17.93396	102.324
50.74518
72.99133	65.03733
103.7591	70.81641	84.62392
103.4989	0.1515927	100.1166
104.4407	59.6411	54.93032	13.94861	27.21984
104.4407	63.26046	62.60285
103.9499	75.20146	62.69736	10.79128
103.9499	5.412903
104.136	74.65691
104.1165	71.0875	21.4494
103.2598	79.14113
104.0731	79.83047	70.61621
104.1067
103.5886	68.67201
102.5333	30.09997	99.20843
104.5397	16.91983	2.291974	94.15926	94.87188
104.6753
103.0785	30.40493
104.7935	24.34524	11.84597
93.8064	30.10444	6.031906
91.04172	35.07068
88.83602	72.54069	84.93461
98.25732	7.320121
86.21366	29.20952	76.85316	79.63311
104.8451
103.4532
103.6327	40.97193	30.41015
103.886	87.90405
104.996	4.813525	31.6469
104.5456	2.530545	53.81194	0.4279464	8.067478	78.83798
104.2436	31.30851	76.47058
104.3828	46.23289	45.83635
44.21946	85.93994	34.24961
103.9633	79.76678
104.368	74.81547	4.171305	32.94856
103.5746	13.73315
104.4737	14.10833	5.816522
99.28536	71.91813	4.361132	22.52679	56.3453
104.3957
103.3694	39.71502	22.03847
84.2783	65.21357
103.8301
104.1583
104.4337	69.28994	1.502623	26.54943
104.4964	52.94853	11.83381
103.8972	31.24925
104.2126	72.6535
104.5234	15.55107
104.2933	33.082	24.713
103.765	68.94036
104.4124	51.06106	69.16762	66.93374
104.1888	69.38433	47.81708
100.2645	62.39208	88.79522	30.43823
104.0617	26.71059	64.00297
103.8011	20.43099	33.46457
103.5439	63.38398
104.4976	31.19485	55.65051
104.1806	64.99943
104.1806
102.9897	30.4713
50.8534	103.4377	10.71327
104.2439	16.04788
103.9743	52.52274	16.14257
104.1958	63.19478	20.23185	13.65019
103.9203	30.76525	56.34328	39.32416	1.399953
104.0038	55.46132	32.60424
100.8748	23.0163	64.28748
98.27229	73.23923
15.18387	98.17799
45.04788	40.29375	43.83872	18.86092
83.1673	67.61147	31.42842	46.49566
99.71949	67.46063	63.08314
104.1839	82.49255	86.6937	101.593
104.502	35.23818
104.4136	28.49327	81.43714	30.36879
103.6053	22.93505
56.63448	40.01374
105.0012	103.8863	36.03014	7.823314
104.2434	59.92115	88.52335	74.78277
104.8262	23.78746	5.778328
103.7264	28.26869
52.7968	103.9143
103.9996	28.01077	73.15591
104.5356	0.03021591
85.57934	3.918046
104.4828	48.0979	32.05742	8.597354	8.408666
104.1276	37.56687	30.59301
104.1322	71.2162
104.8613	74.84844	75.71051	32.79286	15.38981
104.0994	39.06491	63.23645
103.9045	23.65478
104.0115	58.51085	48.42279	86.90475	41.61202	25.00846
104.0256	23.65695
101.4582	36.91937
103.8178	2.904534	66.30183	32.29877
101.9638
0.2028849
104.3048	26.20175

103.7551	10.94488
103.9278	47.0786	59.10901
87.19518
98.28997	7.483205
91.86608	53.20156	28.72123
70.58593
104.4261	52.67324	1.654229
104.2156	37.53888	30.79952	59.05096
103.888	91.79709	67.51707

19.72877	60.11682
91.29447	87.60575	44.15057
68.97822	63.00323
104.6633	7.745934	68.07817
103.9337	63.48271	86.22922
103.9337	52.87459	18.99607
103.3167	61.42956	39.80754	30.26549	29.71276
93.63021	50.06075
103.6519	92.32801

60.08288	45.39452
103.5856	102.9468	15.21206	53.36062
104.0623	21.95764	98.81157	19.82072
103.5314	42.31289	42.9578
103.5314	64.9287	19.07808	16.67074	2.222112
103.3961	80.40027	2.6289	92.2328	54.09955
96.96823	80.98185	4.89809


3.429946	103.5424
104.4887
104.4887	71.00996	2.1657
104.4887	23.59327	95.72043
103.914	70.00989	28.21378
104.9065	1.765048	17.30708	51.35305
104.4725	92.86564
79.75782	38.18905	104.0892	71.35755	31.64415	31.24026
103.9095
61.46382	104.7479	55.95119
89.79825
35.29198	103.487	47.60736
104.1647	19.61544	95.713
103.9374	33.04621
104.4679	25.60461	2.777127
99.54837	42.64792	94.28488	45.30122
104.1892	70.5222	78.52339
89.68017	4.950863	101.1311	24.52651	16.35314
58.41516	104.1828
76.04389	103.8182	13.66959
101.9654	80.2937
103.8288	63.99826
104.3682	15.08142	97.27064
103.9788
104.8035
104.5022
104.7314	9.0366	89.43263	81.29023
103.2729	20.57502	7.087699
20.06223	9.756991
9.286029	79.23392	76.63518
103.192	23.58819	41.33166	69.92531	54.14403	92.40652
103.7487	38.38136	59.35182	88.08494
104.8159	28.15834	6.00704	1.126768	104.4465
103.7397	24.65156
104.2519	19.92213	17.97249
103.9882	47.59127	61.0282	82.20127	45.01353
104.4627	28.91187
104.5002	38.55729	32.04466	32.05652
17.08832	89.31325
98.57522
103.4242	94.36343
104.2137	31.17	65.89917

0.7493905
103.2836	55.04958
103.7925	71.00793
103.9619	75.10271
104.1557	65.45076
104.2418	62.78589
104.1773	69.87789
103.6266	12.28991
30.18701	98.95181	41.82987
86.17739
89.71445	32.41244	86.33184
90.09798	86.54924	10.18576
95.71148
99.16836	21.46807
100.3901	62.80102
99.16202	54.37082	83.2517	35.07493
104.5313	60.32827	23.20403	48.65679
103.5153	15.36297	66.0345
103.5751	74.60326	103.2943
104.4098	69.05314	4.552019
104.3255	52.64031	22.0229
104.3316	64.51731	0.6755588
103.7019	4.01731	39.6546
103.9586	69.08748	36.06176
104.4383	16.45315	2.421081	104.4335	72.70214
104.1583	61.7354
104.3135	0.5591845	14.63717	34.80414	34.77919
104.4783	4.503597	29.2583	37.17832	30.34563
103.4053	16.22839	6.80547
104.168	36.32774
103.8118
103.7709	73.18123	21.16475
104.4899	16.17683	72.05126	45.07085	69.18638
104.4899	22.58772
104.3716	27.91823	4.137817	92.04587
104.7794
103.5103	0.465762
104.0652	26.47783
103.8744	17.62363	62.39018	57.75682
98.40746	31.23105	41.56335	31.08836
102.9827	65.40694
99.81533	71.1742
103.8017	31.1847	14.69716
104.0777	28.28146
102.7122	29.46731
103.5761	96.06589
104.3427	74.00186
103.863	61.77429	20.03772	12.62353	95.76811	82.14589	0.7481975
104.0743	39.50363	50.8415
103.4573	89.2919
103.8666	72.06416	36.70642
104.1889	74.82205	48.42209


104.3744
102.4805
104.242	63.9316	86.94096	48.60882
104.4061	59.76261
104.4621	103.45	22.17018	86.2511
104.4621	72.31285
104.4621
102.6089
104.4095	26.4405
104.4257	16.76717	34.65845
104.4332	63.97273	83.9422	61.55903
103.9276	0.06891468	78.22726
104.2712	76.13018	7.419675	7.054733
104.0259	22.11273
104.1408	63.27717	92.73604	49.15523
104.1408	34.81236
103.7942	27.85575
103.1694	45.54748
104.3381	13.95797	81.99885	98.99373
104.5269	23.77269	45.20494	103.5571	99.11319	29.20336
103.9253	85.51081	15.83147
104.3174	61.1637	33.31096
104.4064	24.64503
104.0145	15.23969	105.1903
103.3795	63.40239	9.964608	63.22788
53.05169	48.87447	103.4781	0.8386574
36.80818	30.57872	102.5534
104.4893	35.46008	49.39485
103.6007	55.93873	3.330764
103.9555	66.97172
104.7892
103.8021	72.85728
103.9939	55.35535
104.1397	17.90655
104.1397	74.97272
103.7722	12.93336
104.5093	23.96104
103.8891	69.51111	28.81855
103.2231	89.72206	14.28709	29.55017
104.4566	14.4956
104.0004	5.916185	75.68901	11.7862
104.0646	70.81908	15.12504
103.9739	68.84562
103.9739	55.81223	21.10707	7.270821
103.6646
103.8262	33.88467	91.67113
104.3865	71.40187	95.13255	101.4074	22.78798	22.68269
104.4292	84.09863	31.58774	72.60862
103.2615	52.67497	22.87123	9.63483
104.1518
104.3938	46.89815	64.44167	17.86948	105.1403	42.32759
103.7796	6.637024
104.1366	16.67045	103.4517
104.4605	2.540448	32.94714	32.06209
103.1022	62.98054	44.08653	61.28059	6.012542
97.12842	31.05837	19.67018
68.0549	63.41715	95.38515	56.32638	5.54195
65.06548	103.9763
99.78565
19.15456

69.19986
36.93592	61.66494
0.4430398
97.16278	9.888502
104.6083	4.82112	50.31756	47.11086	40.81695
103.4148	3.116132	29.47777
104.7246
98.44386	23.82954	2.534837	60.31435	17.44695
103.6493	28.06428	69.49317	24.18063	59.52067
104.1883	78.12029	28.74196	65.56891	4.488878	50.80505	1.973045
104.1883	53.55676	101.2326	53.16441
104.068	29.27859	71.96886
103.8987	26.9951
104.2974	70.47351
103.6683	64.5946
96.39796
88.68055	87.76412
99.47073	72.21222	75.06954	73.24918
44.08744	17.90143

43.04618
94.08839


52.31634
104.4314
104.1954	85.63546	71.73917	60.75078
104.1566	58.49268	27.82228
104.1566	33.87233	87.16568
104.0158	23.65356	2.646458
104.1997	39.60518	70.6757
104.4903	13.93437
103.5704	14.1397
104.5191	5.740702	51.10273	32.95265
103.9718	44.56425	52.36786	27.92282
103.8817	29.29047	74.0084	33.38952
103.8817	60.74684
104.1499	46.55607	84.54353
104.0368	64.85612	32.45956	17.45974
104.0368	99.54559	47.43789
104.4694	35.13737
103.9738	62.72402	31.22905	15.36002	61.01702
98.52247	79.731	26.92774
102.2058	31.82768
5.687383
17.33339
4.734003	7.895598	53.53336
4.742943
28.91328	43.62637	78.86608
14.06819	39.38813
88.26115	27.54688
80.66404	86.96804	70.27883
102.3245	63.18127	66.16709	2.984515
103.2746
4.079456	104.1393	68.52439	100.622	94.86435
41.36376

104.4276
104.0689	22.75815	28.95945	28.9411
103.9745	27.70178	27.01722	9.977547
103.9913	72.03915
103.3113	16.90566	72.21936	32.41763	61.95546
104.3129
103.2363	27.821
104.1191	38.76616
104.2181	16.22299
104.5538
102.0202	10.60979	8.716765
93.00511	8.6878	32.70752	14.42513
92.86125	71.53826	55.98466	80.04229
95.64859	20.04874	88.7115	100.4118
93.96045	87.17273
98.54373

23.7582	98.12552	42.00238
88.37178
29.91553	96.63151
34.95285	96.99666	2.328774	69.74681
104.1496	17.22819
104.1627	47.24657
104.1692	64.09979	88.45413
103.9458	12.01868	86.31624
103.7527	78.3783
29.02778	37.66556

104.1132	48.24881	1.722181
104.1132	27.80092
103.9637	22.26857	19.40615
104.5404	45.94527	3.428428
104.5188	4.448103
104.1528	63.50698	31.61869
101.6517	30.74882	76.38035
103.4672
50.43426	104.1923	62.66782	10.76425
104.211	18.07181
103.9767	58.86091	38.86284
95.21451	37.37576	95.92611	103.2388	32.18093
104.479	20.51692	86.08909
103.7524	33.09414	18.51839
104.1318	4.197977	64.20966
104.1497	18.06289
104.1139
104.1139	65.84871
104.4027
104.2732	28.832
104.0078	32.3901	29.63874	10.14979
103.8848	82.7995
103.9723	50.47417
104.4288	51.9647	37.99279
60.461	104.1177	5.031928	97.03663
17.03949	101.6436	64.20521	37.12223	16.44998
83.43904	76.83976
103.9649	52.0446
104.509	32.23748	62.89735
104.2531
103.9435	66.21108
103.4022
104.1755	12.74772	47.42568
103.845	19.36593
104.1461	18.29476
103.6863	61.02852	47.8361
90.36808	104.8632
84.91973	60.5883
104.0787
10.21317
28.29461
40.23128	23.49115	5.751016
43.03074	31.01279	28.76946	35.01885
75.92697
70.90724
103.4356	20.86371	78.31676	17.27932	21.10029	11.94553
104.9931	45.35891	80.08766
103.3823	76.1841
104.9422	14.86822
103.3232	61.51879
102.7172	65.34778
104.9402	51.27723	0.3372824	99.55428
103.2326
104.1665	84.0733	74.73684
51.11023	48.51728	69.43855
104.533	18.56509
104.4618	27.09903	75.26728	101.0264	91.85526	53.07886
104.4618	4.336762
104.1554
104.1554	98.12683	49.98832	43.5619	9.363872
104.178	25.83251
100.8613	31.9173	3.149152
104.0705	77.27769
103.0702
104.1368	18.60968
104.1368	64.1743	5.234241
103.9538	70.94375
101.3781
89.30657	19.74324	6.132119	85.26853
6.909588	36.20073	83.49942
24.42371	23.443

103.9713	30.48609
11.85949	96.81235
104.4099	70.59524
64.02965	104.303	40.17643
103.6773	72.1654	12.50562	30.86667	9.318117
104.1824	53.24389	51.8614	97.28538	52.33697
104.1824	17.28736
104.0036	9.535452
104.0036	81.55711	71.45127
104.5253
104.3984	65.63214	55.00474
103.5221	62.58411	47.86544	55.18246	52.69741
19.68224	5.987197

68.63615	63.49493	46.08169
104.771	48.76147	80.91338
51.24416	72.62853	36.96562
42.33563

59.94857	45.71152
104.2514	64.15526	86.36475
104.4212	70.3088
103.8982	51.07393	102.466	56.11234
103.8705	61.26358	1.951848
104.3002	29.19129
101.5867	47.62029	14.7168	34.59632	3.258505	39.07705
95.51976	3.145553	60.63251
93.95439	5.622703	47.63641
102.4779	35.64123	28.42095	97.18049
104.1456	30.07834	12.85349
104.1731	63.91215
104.5121	38.95962	40.05064	6.95282	25.13079
104.5121	13.54928	102.9275
102.7966	31.62131	22.07236	96.17641

43.72364	52.40626	34.11011	103.4461
98.7264	23.89439	67.75763
103.344	46.12844	63.07937
104.4656	63.02537	26.47451
103.7753	87.21044	55.14635	40.58388
104.5161
103.3851	19.24686	55.10132
103.7962	23.1193
104.4986	62.57063
98.79677	80.29923
103.9572	67.72663
104.9036
104.3481	68.46534	28.01695
105.0367	74.71462	7.824896	75.40593	56.48764
104.2603	3.042884	100.1264	75.78954
104.2603	12.39325	14.71828
104.9447	45.81298	24.69358
104.0398	16.45288
103.8824	34.08702
104.4115	27.88812
104.4232	16.30698
103.3141	64.57832	68.3654	27.25603
103.9502	42.89739
104.724	23.9488
99.49419	61.27541
97.15379	78.11747
104.4048	23.60934
103.7315	58.97488	13.70342	26.4274
104.5732	98.94	54.21851
21.28317	40.92598
4.29931	6.496768
2.792659	98.81177	4.020597
98.8743
10.27639
103.837	34.00266	100.7241	76.97434	15.14574
103.4441	17.51303
104.1343	22.97684	103.7303
103.7733	79.9528
103.8251	65.89706
102.9754
104.1006	35.06641	96.56664
104.1006	75.97822	102.7078	30.3019	92.86024	67.47046
102.7472	23.28717
104.0407	4.394488	29.01763	72.0979
104.0407	63.19705
103.702	96.3074	86.68945
95.59972	55.58488	41.50557	18.33027
94.26496	18.0799	58.89029
102.2122	15.52309	5.7449
34.24618
11.15282
17.0193	79.04748
17.68617	102.7568	94.74788
50.68335	102.7297	22.2694
50.89308	103.9097	22.22944
104.8752
93.41282	71.07528	37.48367
97.32735
104.9727	47.26376	97.20454
12.5027	9.688826
16.78338	14.98916

1.037345
52.64462	1.77247	54.27063	53.59053
94.28964	50.42293
2.75109
102.6944	79.53908
47.26985	82.32243	103.8016	80.46471
103.0496	62.82356	105.1708
17.25466	104.5623	54.77626

1.315752


102.4086
98.65797
93.41983
93.53871
104.0803

100.4001	11.4535
104.651
38.38561
43.14414	30.70782
45.51296
103.4664	27.52463	11.12631	95.27904	62.67127
104.3989	63.13902	37.11381	82.82684
103.141
104.6993	61.46827
103.9933	63.03703	29.21168	39.13857
104.5006	24.40417
104.4004	72.2003
104.4352	68.99644
104.7539
103.653	63.13616
104.2307
103.635	31.85551	64.06902	3.146984	11.12507
104.4235	80.11916	104.221	103.572	89.16674	99.2356
103.6744	30.3391
104.7438	94.94244	61.89304	35.07446
60.05671	104.4455	30.55874
104.5117	66.30543	35.74414
103.7626	63.11617	14.57545	7.763329	41.64769	62.77402
104.0135	99.37635	30.69765
15.58439	50.2622
49.47642	63.50383	98.9469	24.59933
103.8871	86.45926
102.9037	69.74438
70.532	103.5406	39.75965	74.98477
103.233	69.67272
104.8139	29.84625
98.54452	49.28646
104.0371	102.9511	34.76495	31.78081
104.4106	40.36073
103.6706	55.39508
104.4469	36.91893
103.6913	76.63663
103.6913	63.65188
104.1284	20.8901	64.2992
104.1284	21.8167
104.3541	83.36199	33.05406
95.6661	46.03968
104.4053	26.95775	99.33123	69.51507	77.20916	58.44871	9.933475
104.4053	51.34861
103.7356	64.47255	41.69148	45.14984
104.1059	32.16301
104.1284	20.02304	9.57257	50.71168
104.005	10.23219	76.31577
4.061143
23.98953
103.7299	68.4877	46.61367	49.31334
32.06065	100.3187	58.84534	16.22871
98.78212	62.81816
104.1741	76.63917	16.79388	60.97619
103.684	60.61617	37.16156
104.4354	3.88972	32.05953
104.4354	2.756321	22.03816

12.08878
104.0941	0.7449894	62.51559	89.8109	3.899659
102.5963	17.62542	98.63105
104.1593	72.36362	61.39528
103.9348	43.19618	96.97206	103.0834
45.89529
102.658
102.28	4.957239
104.2594	0.1088725	78.49857	32.00045
102.8263	6.784589

104.0369	71.11427
104.0303	28.63455	1.996296
103.7149	53.87528
104.4514	26.54518	73.50052	65.61944	46.38352
104.0169	80.67315	69.91087
103.7984
104.0899	79.73221	72.13349	49.05349
103.8659	75.23617	43.23949
103.8659	16.3117
104.135	64.30509	16.54833	98.27631
104.0338	62.06317	98.53479
103.9064	29.20452	44.64283
92.5193


4.511021

23.5079	104.2214
88.55955	76.12642
29.2196	26.82344

71.45004	68.57052
104.492	36.51069	52.50557	62.83345	57.63513
104.492	55.44726	98.76503	68.35698
104.3005	52.86225
103.2622	69.21884	38.11144
103.9025	33.82855	101.1174	99.60845
13.96474	104.2774	85.41949

90.35158
103.9459
2.429022	81.12658	63.39102	96.76741
93.14844	6.792699
98.75381	6.451448
97.79399	31.75017
93.91362	44.16871	36.61136
57.67617	94.49274	48.50337	35.06696
98.83855	12.55815
104.8869	7.738932	105.1052
103.9947	63.91119	102.7455
103.7201	76.7241	52.65384
104.0261	80.14903	92.81114
103.9863	62.75674	91.62884
104.9815	3.291891
104.9485	72.1188	70.87258	97.6938
24.1938	103.2868	26.6324	20.3117
104.0486	47.76796	20.27452	32.24726
103.9204	80.27711	15.46955
104.4675	74.28525
103.8984	55.39619
103.6224	53.17094	29.01915
104.4169	58.7236	44.79492
104.5062	63.0213
104.122	33.02914
104.7309	52.51057	7.07577
103.4999	45.93118
31.15255	14.82841
94.07203	71.07402	8.857602
87.77082	16.02593
102.4793	54.93745	89.6517	67.74677
96.49129	50.13098	45.44442
20.9239	98.85588	14.71772	66.29986	63.7327
98.07774
98.69791	69.78517
104.3981	51.53272
104.1134	41.02742
103.7555	65.5842	101.448
104.8293	30.87176
103.9092
103.8728	29.61145
104.1971	54.96546	25.84288
104.048	53.0207
102.9987	39.9642	52.91328	89.66201	19.4318
104.1474	73.96759	94.06148
104.9355	72.31175	7.395579
103.8243	71.39211	83.8772
104.4985	86.80655	70.49523
103.6917	28.5558	19.57704
102.7294
96.20085
96.25941	23.01391	84.85303	84.12211	21.56337
12.87995	28.12945	42.12028	39.40478
91.38321	17.11343
103.8801	16.2983
104.4425	33.0741
104.0941
102.9664	20.71151	40.22832
104.1954	5.400031	25.9289	63.79509
104.1954	54.28923	34.41823
103.8445	47.49035	29.99058	34.7061	87.9792
29.64728
34.38021	15.25149
104.2008	76.63827	51.36735
103.9974	22.84989
104.0129
104.0362	71.05538	26.66421	70.78177	65.27016
103.8586	36.18333
104.3774	105.2759
2.088512
63.54949	55.374	48.09474	85.03588


103.4969
103.5307	2.132252	48.11089	21.50737
104.1287
103.4015	47.27203	47.07669
104.5253	38.01342
103.6958	48.82974
103.8914	65.04068
103.9492	24.5595
103.9492	77.03746	51.84971
31.01281	88.68859
