SurvivalProbabilities
0.47162

0.8029496
0.9359294
0.3496076
0.3931169	0.8265022	0.6133815
0.7410947

0.9176323	0.8036405
0.6044578	0.8809739	0.7886731
0.4364349
0.5864918
0.2826128
0.8047875	0.6013749
0.2765227

0.3278414	0.7816501	0.4562852	0.8646978	0.6618967
0.4032112	0.3635557	0.8157976
0.2905463	0.8255464
0.1892117	0.2025362	0.5274724	0.6853927
0.1574658	0.9854518	0.4586443
0.4533134	0.7429227
0.5409179	0.6962789
0.9150251
0.5886615	0.6625671	0.4211545
0.3497914	0.5914228
0.1729475	0.4401181
0.5263472
0.9956081
0.9707493
0.4222339
0.4623935
0.3604491	0.7433574	0.9735424	0.6460664	0.8946255
0.9481582


0.4031454	0.4520711
0.5514551
0.463599	0.1766042
0.709685	0.6711212
0.1129768	0.7450111	0.9539681	0.916097
0.4414402	0.8668079
0.4325043	0.308523	0.7999133	0.985264

0.4415978	0.5599089	0.6577298	0.5353139
0.8841607	0.7296869
0.7817594
0.2063106	0.6369541
0.9908102	0.7380249	0.4534281	0.8290697
0.1135787	0.1732854	0.1691595
0.1637167	0.08484552
0.1288361	0.09312552	0.4138631
0.3349918	0.09312552	0.6355582
0.2184251	0.2504946	0.3407948	0.4204793	0.6396761	0.2284007
0.9355392
0.2434663	0.07192424
0.7510373	0.6173776	0.905179
0.244738	0.3249485	0.2254302
0.6899355	0.1971087	0.8214389
0.4701948

0.2699577	0.2724053	0.6607513
0.2348455
0.0674171	0.2872149	0.1521805
0.2315511	0.2353812	0.8964403
0.1655172	0.6574241	0.9127958
0.2875388	0.7128455
0.2159195
0.1924592	0.5669539	0.7971264
0.2684559	0.2286808	0.366246
0.1710534	0.8211916
0.2401946	0.9181975	0.9837465	0.9954199	0.5852879
0.3039433	0.1666823	0.9198228	0.7769891

0.2027102	0.09021387	0.7860417
0.4627655	0.2842068	0.6074928
0.9756403
0.5171077	0.667423

0.686398
0.8860616

0.3516366	0.9692668
0.179773	0.5418896	0.5425534	0.8024069
0.2016846	0.4713568
0.8387379
0.5447681
0.7195238
0.4516346
0.8959088
0.9679156
0.9877514	0.8672169	0.9032295
0.3940251	0.3396126
0.468734
0.1947239	0.3827475
0.5393323	0.7153584	0.968631	0.7144615	0.5756352	0.5407173


0.2076005	0.9566309	0.5248563
0.4708511
0.4199927	0.5655453	0.969507
0.134551	0.6155417	0.6165583	0.5817685
0.3758838
0.2559183
0.9768686	0.8802566
0.2682725
0.6417748

0.2679125
0.358419	0.3290219	0.8554477
0.2099603
0.5929988	0.9616173
0.2339831	0.5653922	0.4026006



0.2149724	0.965578

0.224343	0.9906529
0.2360031
0.978026	0.6146324	0.5387234
0.1525997
0.1444654	0.7506749
0.1373049	0.6115037	0.731158
0.3429825	0.5672009	0.7155849	0.6613384	0.9966145
0.1680724	0.4138217	0.2392827	0.9553983
0.1654936	0.2999862	0.1720975	0.5221321	0.4979152
0.3653698	0.5018074
0.2427081	0.9611724	0.6036854
0.3924609	0.4570074	0.3937768	0.4051264	0.9606983	0.8588397
0.5362	0.4508172	0.2975361	0.7991144
0.8959951

0.2897829	0.3485109
0.06427671	0.8886955
0.4179646	0.2919047	0.1764753


0.9514519	0.549595	0.7978698

0.2573133	0.8684549
0.6835198
0.755218	0.6155712
0.6382463
0.3170535	0.9077925	0.9655683
0.3597543	0.4597338	0.8401316	0.9725083	0.6583509
0.5836481	0.7987182
0.6273275	0.1330588	0.9491739
0.3279887	0.3796132
0.1498508	0.7768165
0.4727779
0.8820653
0.8697722

0.7050908	0.8061484
0.7380571
0.4511177	0.9240014

0.2815119
0.7555456
0.7459493
0.6784242
0.8799511	0.9574205
0.2065747	0.9082056
0.8070422	0.9484424	0.8127333
0.8756719	0.982378


0.5121754
0.4074908
0.5392844
0.6809464	0.83325	0.7745129
0.4869622	0.6926913
0.800109	0.4631748
0.6107201	0.6557057

0.5657354	0.8777315
0.3023045	0.2511034	0.8481793

0.6774983	0.583849	0.3708033
0.9467598	0.4169033
0.3490645	0.2645984	0.3818201
0.5689054
0.7247175	0.3333478	0.9422639	0.5841105
0.607154	0.8573479	0.8112092
0.5213199	0.8979943
0.7683564
0.8750301
0.6631313	0.5892777	0.7533085	0.4571898
0.2737205
0.3521242
0.1615468	0.6422005
0.5284495

0.2845484	0.8328121	0.9862183
0.8432017
0.7887598	0.574847
0.221729

0.3231143
0.3117199
0.3342158	0.9548891	0.9979333	0.2439129
0.2502719	0.3605185
0.2839599	0.5238289
0.6641944	0.3051597
0.8769656
0.7499684
0.268366	0.7056418
0.1764801
0.2953712	0.432573
0.8807526
0.582994	0.396803	0.9652873	0.7749995	0.07201595
0.5432002	0.6673487
0.8998687
0.2718884
0.629451

0.472239	0.8257782
0.460146	0.2073871	0.7850441
0.1441162	0.2801326	0.6189181	0.5573112	0.4292852	0.4593572
0.2268005	0.2352851	0.2571746	0.7818342
0.1865398	0.4824436
0.1508548	0.1580776
0.8707442
0.6348892	0.3148649
0.2982119	0.8888877
0.5516195
0.5234867
0.2405269
0.5792547	0.5097176	0.9599316
0.6104596
0.2182547	0.9126893
0.2947736	0.4508476	0.8807857
0.7737067	0.4187208

0.2866104


0.9025853




0.109432
0.9913849	0.1379085
0.4198464	0.8110749
0.6327652	0.9389912
0.6423265
0.5253089
0.1405749

0.9361714
0.3997159	0.5657995	0.9633807
0.3957274	0.9053405

0.4402165	0.9775542

0.4038988
0.6629294

0.157618	0.5177282
0.6668802
0.3138636
0.5941216
0.9372184
0.3659851
0.8068018
0.4004514	0.653455
0.9326288	0.9984294

0.2027172	0.3840643	0.951094
0.5965406	0.9210726	0.5046342
0.3465035
0.9766227	0.4519056	0.587462
0.9226738
0.8618734	0.6706277
0.2511157	0.8711611
0.1432499
0.6656325	0.7550525
0.2742974

0.3351331
0.6517837	0.948219	0.8442355	0.6064368
0.3444668
0.159276	0.3591042	0.5734471	0.7863181
0.4294989	0.5028571
0.3101747	0.2464484	0.6109786
0.1303111	0.2761341
0.3439241	0.2465008	0.6151304	0.7322772	0.8865581	0.5191929
0.1829352	0.872213	0.1322382	0.6859852	0.6592577
0.555918	0.809625	0.8503186
0.8246449

0.4085193	0.5563719
0.1546782	0.09911615	0.2934583	0.9565014
0.1066659	0.3368707	0.3384176	0.8205167
0.07704025
0.3814076	0.7630805	0.8376581

0.4776089	0.8804563	0.9918023
0.1456217	0.1512931	0.9148409
0.1390636	0.3239574	0.009369941
0.1705658	0.1789773	0.2194176	0.4715198
0.1286762

0.2970772	0.5834704
0.2760839

0.8925015
0.7339576	0.5047454
0.2674127	0.9750443	0.4026998
0.2154134	0.460935	0.5428206	0.2043464
0.2009583	0.8380095
0.3644396
0.7442166	0.5375459
0.5362096
0.8129182	0.7297371

0.6712387	0.442737	0.5642092
0.6605342
0.3784433
0.609072
0.72207

0.4140512	0.6100499
0.2287814
0.1997411	0.8111553	0.8988758	0.7600468
0.6120942
0.1345801	0.5882529	0.978546	0.7782368
0.128086	0.3116308	0.9288296	0.6473323
0.2947689	0.2277282	0.9841098
0.2964845	0.9814722	0.2925461	0.03006601
0.2276037	0.9921402
0.14799
0.3889482	0.9855738	0.2785242
0.8143982
0.1988255	0.8602348
0.6562996	0.3392551	0.2358018
0.2894545	0.211518	0.2591355	0.6356153	0.04793306	0.3953892	0.6103718
0.224702	0.0638991	0.08050174
0.2006877	0.2808925	0.5899481
0.1945736	0.4102635	0.2220999	0.9201362
0.1977232	0.1205669
0.3231851	0.3072399
0.1428938	0.782483
0.6472815
0.3958815	0.9604566
0.8881082
0.4714297	0.02310227	0.9014426
0.3254179
0.5715776
0.9497695	0.3929108
0.7953859	0.6021166
0.7979902


0.5275268	0.7161585	0.8945019	0.8552385
0.2672094	0.9871308


0.2279417	0.3334024	0.9298361
0.2678586	0.3484333	0.4041596	0.990619
0.08881187
0.173176
0.1715295	0.5569645	0.6511435
0.3211731	0.4125729	0.3557102	0.8643921	0.4426673	0.5854095


0.9258931
0.8825465
0.2364139	0.5441204	0.2428555
0.2835316	0.5774638	0.4229173	0.7045606
0.3255465	0.7963255	0.6397235
0.9869474
0.1319922	0.7248391	0.6432899
0.3226486	0.7433156
0.9311201	0.8232512


0.4765075	0.8365954	0.9952881
0.4640922
0.1690982	0.3201347	0.4936376	0.8475389
0.8874374	0.2971191	0.5572531	0.9323852
0.4524365
0.9670675	0.5765712
0.8952131
0.4850305	0.2030105

0.9478112
0.8031485
0.6620359
0.804613
0.7556747
0.4833102	0.07857073
0.7814231
0.6733429	0.8246232
0.820166	0.9496105
0.6285546
0.6479324	0.6807876	0.1670817
0.9133745	0.9735669	0.405684
0.6331466	0.6732827



0.6203018	0.6506555
0.7931809	0.4487193	0.7763563	0.5841516


0.136439	0.1464674	0.8569981	0.8184347	0.8049305	0.390173
0.2045624	0.8920475	0.8060001
0.5835844	0.2554268	0.2021772	0.8152208
0.4277977	0.9913728	0.340146
0.3361538
0.9537584
0.531039
0.836243


0.8921711	0.8395492
0.4186636	0.3573712

0.7831808	0.9865286
0.6757804	0.1912985
0.9028973

0.2287406
0.6827553	0.9762506	0.9880245	0.8063134
0.2764653	0.4518804
0.9750943	0.5959182	0.347835
0.8817978	0.4948333
0.8854755
0.2685653
0.4358757	0.7258835
0.792208


0.191513	0.335222	0.9499179
0.2948061	0.5345516
0.3521006
0.2471309	0.6107289
0.5185307
0.4939909	0.9246112
0.1551163	0.6567252	0.3974142
0.1660754	0.5809508
0.6055947	0.003306501	0.3287714
0.2786533
0.8161021
0.4617051	0.5978119	0.8749481
0.4227245	0.8563557
0.8074707	0.533943
0.3361161	0.2438417	0.9489878
0.4091479	0.4641085	0.58675
0.03056391



0.2994431	0.9276871
0.5814552	0.207196
0.5268118	0.6024342
0.5012759	0.2208189	0.2849971
0.0647193	0.740421
0.2511524	0.9571643	0.5038126
0.8210395	0.8292181	0.7364901
0.9978816
0.4499261
0.2047166	0.4535731
0.4949346
0.3217542	0.9927265
0.4485835	0.3550088	0.1578624
0.1812641
0.9309445	0.5841031	0.7994528
0.4401179	0.1636468

0.5463397	0.5847036
0.4054818	0.9481103	0.3365677
0.3993113	0.8653137	0.5788005
0.3435282	0.7166686

0.716032
0.2665793
0.6671581
0.3503737	0.7641245


0.4811069	0.3697752	0.4074259	0.3134564
0.2674137	0.7464589	0.6935219
0.1517102

0.3615572	0.4231533	0.4071054	0.9452943	0.4389703
0.27976	0.4519478
0.5331398	0.7146788	0.7703908	0.7058682	0.6042022
0.399877	0.6862687
0.507963	0.9055587
0.3845621
0.6578314
0.1520224
0.4867995	0.5433117	0.9008961
0.8647787	0.5228667


0.2266658	0.9490408	0.1720004
0.09349582
0.5357263	0.7753171

0.9056813	0.7378896

0.2974322	0.7544469
0.400725
0.1977805
0.9204238
0.8676319	0.2794541
0.3378182	0.5861859
0.4473477	0.5167256

0.3384381	0.8045635	0.8001143
0.6608629	0.5976928

0.7802134	0.679122
0.4182604	0.9446683
0.8909737
0.3056675
0.1060557
0.2081267	0.4858169	0.3339535
0.2471944	0.3019373	0.9785335
0.4012583	0.6398947	0.7005848
0.4623119
0.3816528	0.7034033	0.6212976	0.7305393
0.2985161	0.4046066	0.6293946
0.4045113	0.1083634

0.258944	0.1428057	0.6992137	0.9462042
0.9174413	0.9335925
0.1464516	0.5840613
0.4049663	0.4461764	0.1020493
0.4673546	0.8163897
0.8821598	0.6451845
0.9166864
0.5565887	0.7645547
0.1088595

0.3650418	0.8370196


0.2931726
0.4859019	0.873031
0.5127478
0.341488
0.966625



0.3633437	0.7704264
0.4925054	0.7059412
0.3471596
0.3798776	0.6735604

0.4713143	0.6769447
0.7116622	0.1852289	0.6006079


0.6556942
0.4163262	0.6461279	0.7451256
0.5658532	0.4689176
0.9036311	0.9137501
0.5667519
0.3327913	0.909494
0.3964794	0.1507044	0.8622883	0.6216836
0.5582611
0.6292032

0.3846165	0.925871	0.7346247
0.9757902
0.3365746	0.6195581
0.9676727	0.9282883
0.97192	0.9803343


0.9983519
0.574259	0.5663188
0.3190002	0.9876782	0.9002759
0.3226238


0.9230808
0.959757	0.1636481





0.5092922	0.8117102	0.663782



0.8084245	0.8673089
0.7255774	0.8538838
0.3968539	0.8496875
0.3727352	0.8709844
0.3861634	0.9979468
0.308542	0.1335289	0.9428909
0.7290157	0.4602931	0.9324793
0.7839967	0.9267497
0.8141922	0.989724
0.6318594	0.6727139


0.5258804	0.3728869
0.9370924	0.7426198
0.5883382	0.873094

0.4998749	0.7833367	0.9915287
0.8236605
0.9335193	0.4901876
0.8510758	0.5575499	0.8831304

0.9508831	0.8171746

0.2624338	0.5015616	0.9234869
0.7455066
0.5044198
0.9108807	0.9086258
0.2338822
0.8042643
0.8622113	0.9507144
0.1805988	0.6192337	0.3855753	0.3097565	0.6191515
0.650472	0.9429187	0.530759
0.08465532	0.6374516
0.8394206	0.8192436
0.3331426	0.8129226
0.9917019
0.3057606	0.9593524
0.944971
0.197265	0.6877

0.5219729	0.5035519	0.7762356
0.7294566	0.6533296
0.6018835
0.6380201
0.7518774	0.4635643	0.7835414
0.8206415
0.886098	0.7358935	0.3995321
0.7456935	0.7482968	0.4090902
0.1362638	0.7027268
0.09127005
0.9495073
0.6938306	0.8888889

0.9630983	0.2957
0.9220004
0.6787276	0.7604432
0.1441678	0.4731094	0.474267
0.5942923
0.282203	0.6438949	0.6781897	0.8698487
0.4142052	0.9424722	0.8563973

0.3779012	0.8433068

0.9986378	0.7725646	0.705776
0.5991189


0.952563	0.9464021
0.7323791	0.6693224	0.720429	0.5401124
0.4821377	0.9667621	0.9058536
0.8546725	0.8420342	0.247094
0.3079814
0.09604349	0.5668396	0.9017939
0.1392975
0.2184509	0.4562844
0.2272579	0.5782865
0.1354816

0.1907018	0.09983686
0.1126351	0.08427975	0.6256981
0.2343476	0.1149431	0.4756357	0.5819196	0.7573838	0.4109103
0.9050406
0.7685917	0.9193825
0.3410283	0.1180438	0.9809706
0.1245726	0.6556857	0.7334924
0.8010414	0.8942437	0.2276325	0.6562681

0.7861523
0.3665589
0.324196	0.3159555	0.6858611
0.2114804

0.1786457	0.5375882	0.572032
0.589516	0.4837724
0.7604741	0.8975187

0.3421826
0.5375911	0.7818965
0.3862561
0.6107874	0.9511075
0.5331174	0.1389109
0.3169656	0.4968864
0.1614033	0.8910614
0.2438283
0.1541562
0.131756	0.4058418
0.3049579	0.2615386	0.6441148	0.9843347
0.1819614	0.6917976
0.5563419	0.4544122	0.8959455
0.4785094	0.8866601	0.8058931
0.3972506	0.433429	0.8132912

0.3618995	0.4598924	0.7073815	0.7406739
0.3115684	0.7548861	0.3495806
0.1750271
0.2274737	0.3859139
0.7735148
0.9714405
0.6639978
0.4253088
0.6103136
0.4882102	0.2596253
0.8898234	0.7623609	0.5613726
0.5105264	0.7791532
0.5989375	0.4607686

0.8416802
0.9026715
0.5177522	0.758882	0.8618601
0.151489	0.8392768	0.8145261
0.3753057	0.2839462
0.5057344	0.6343273	0.457571
0.7567814	0.76181	0.3628149
0.4036341
0.8412023


0.7398793	0.9976759	0.2235153

0.2982353
0.9166558	0.5744033
0.29412
0.9766502

0.2536366	0.7188508	0.4527807	0.9114666	0.6551028
0.6267878


0.2632678	0.7260361	0.7926625	0.8926751
0.3958645
0.758912	0.6936289

0.9458949
0.1550646
0.3128823	0.8117118
0.4586587	0.5454721
0.9512935

0.686271
0.125073	0.5349289
0.7407113	0.7065756
0.6567409	0.3048004	0.1954108
0.3642048	0.2659069
0.2465678	0.4149373
0.5534082	0.9707881
0.2646335	0.7051253
0.6189821
0.5387381
0.1868302	0.8670084
0.3204427	0.8327102

0.6689846
0.24023
0.3134533	0.6096627	0.9960931
0.7068672	0.6783155	0.8752818
0.1762004	0.9709772	0.7080182
0.3443134



0.3528367
0.7664586

0.6899529	0.3476178
0.8237319	0.2734778	0.9989352
0.3457275
0.2715363	0.8297761
0.208258	0.2918004	0.8996736	0.9306822
0.3078426	0.8212701	0.6213378	0.8652116
0.5770971
0.4436802

0.7708339


0.782215
0.2986321	0.9078788

0.5703317

0.3273195
0.3225007	0.6048073
0.4837055	0.7368233	0.07258654
0.3179269	0.587118	0.4041865
0.1732996	0.9598982	0.9927948
0.8444636	0.896217
0.2104654	0.2431777	0.5433772	0.6962591
0.1074609	0.3384282	0.4238135	0.7390519
0.1684226	0.08025297	0.1518509	0.9758726	0.4729972
0.5834394	0.2638511	0.4904903
0.8194124
0.5951213	0.07478915	0.6550629
0.5452724


0.6666918
0.669659	0.6664465	0.8034744
0.1175417	0.7720098
0.1083266
0.9926084
0.942985
0.4300346	0.7378379	0.7079451
0.5352089
0.6345744	0.8966918
0.4488852
0.6832063	0.692938
0.8974941
0.3363446
0.2907007	0.8273913	0.8208034




0.4892349	0.1976395	0.8316417


0.5427372
0.6463364	0.55541
0.6520785	0.6776159


0.6419612
0.6607976
0.5449098
0.4135398
0.3307777

0.04161287	0.9937772
0.563736	0.4933236
0.290644	0.866158	0.9984744
0.139202	0.6668269
0.9766832
0.6535259

0.1509907
0.2398617	0.3961474	0.5080736	0.5975545	0.6546125
0.2312605
0.2011974	0.8754167
0.2616856	0.3447671	0.6276666
0.9002524
0.7098954	0.6358948	0.7584649
0.6708542	0.6727645
0.8225412
0.7494672
0.6342696

0.5561916
0.3060654

0.8620246
0.3802151	0.9098387
0.4361817	0.9938847	0.7346365	0.7472416
0.2230304	0.9818801
0.3551072	0.2735103	0.763064
0.2851921	0.6467681	0.2681977
0.2197942
0.1695304
0.4204957	0.4732442	0.91758
0.7543367
0.3869578
0.1671601
0.2752769	0.7434911	0.7300967
0.1736991	0.9720354

0.1651358

0.4325813	0.8578368	0.8275252	0.6918664	0.2254288
0.4251525	0.6363875
0.4787728	0.2774619	0.9765304
0.2014697	0.2430065
0.2706528	0.1843916	0.4999248	0.4460855	0.4168757
0.470266	0.6355027	0.4201461
0.1380793	0.09005136	0.8021388
0.3584129
0.2803548	0.3905795	0.5195329	0.3073213
0.3020046	0.115575	0.4488736
0.2226992	0.08197536	0.657156	0.5193735	0.8345872
0.2525114	0.1914543	0.6257983	0.6675691
0.3759256	0.2607209	0.6611571
0.1684564
0.217379
0.1398667	0.5131475	0.2767905	0.6996486
0.09906288	0.6276775	0.5527237	0.6368888
0.2320555	0.8441818
0.3948496	0.9883933	0.4417664	0.8017172


0.2494725

0.1034111	0.726778	0.8357401	0.9284439
0.9621252	0.4109742
0.6761325	0.8730302
0.8037337	0.4623738
0.6748739
0.5700261	0.5249976	0.338916
0.6808941	0.5417746
0.812991	0.3399136	0.9270004
0.3586108	0.1823877
0.9482315	0.9564951
0.4041423	0.8721597

0.2238658
0.7104456	0.7579007	0.7768592
0.9579823
0.3620756
0.8370441	0.2818613	0.9003509
0.5760685
0.07542434
0.7452669
0.2484576	0.3362469
0.5197428	0.2098077	0.7537611	0.4644622
0.265449

0.5622369
0.9220998	0.1976764
0.749661
0.4208177	0.7565222


0.2303389	0.704267
0.3829366	0.7583518	0.7450039
0.8706999
0.4867168	0.6857688	0.1603375


0.6398072
0.3672323	0.8049378
0.4629127
0.5158796	0.4848307	0.6525374
0.8538647
0.9387261
0.4995618
0.2531556
0.3758522	0.7217077
0.3529594	0.5058819
0.3798439	0.6142941
0.2883592

0.5400715	0.9966625	0.6707127

0.3106085
0.2220551	0.5947388
0.2907159
0.3145596	0.8930605	0.533327	0.6882519
0.3030293
0.7368577
0.1431681
0.2600553
0.9401402	0.7856104
0.3995852
0.3873833	0.7995051

0.656642	0.7251977
0.3667462	0.7805229
0.163129	0.1576577	0.9320164	0.07828657
0.8426137	0.8759729	0.9397207	0.4461357
0.605575	0.7385647	0.5297314
0.7607694
0.1364531
0.4134374

0.4944342
0.9917164
0.8260813	0.7055551



0.2906269	0.6330964
0.117835	0.537558
0.1492667	0.8124484
0.2971449	0.1466875	0.8964666
0.20161
0.1057104
0.1329693
0.1720592	0.1961156	0.8433578	0.9626434	0.7215491
0.6944257	0.6908732	0.4991351
0.2116234	0.7994898	0.4659731
0.6433102
0.3939003	0.9686789	0.6970839	0.5100035
0.06315046
0.3393009
0.1917126
0.2501728	0.1604562	0.2845129
0.09968949	0.05315902	0.6072094
0.306717	0.6817918
0.4374987
0.1081877
0.1880065	0.898869
0.3014162
0.122025
0.295666	0.6146699
0.2321147
0.3542964	0.7325626
0.6273346	0.8164527

0.09790012	0.7793541	0.8246596	0.9388265
0.8236092	0.6802544	0.3082768
0.2144812	0.9635481	0.912399
0.546783
0.09551228	0.9891156	0.1968894

0.2399068
0.3874729	0.4348565
0.5484484
0.6426029	0.6065239	0.33824
0.7672586	0.8218885

0.6540128	0.909491	0.6096025	0.5580322
0.7818551	0.9865869
0.334983
0.7944993	0.1096481
0.1438081	0.6012267
0.1644254	0.6103905
0.1292379	0.6419871
0.0908975	0.3487232	0.7819448
0.1463564	0.3081241	0.2271801
0.2071689	0.3864814	0.9981528
0.3910381	0.4012013
0.04878931
0.3153186	0.3663417	0.684399
0.7892334
0.7058695
0.3398034
0.6445675
0.6800334	0.7021524
0.8918906
0.250784	0.6505829

0.9790279	0.6141558	0.9507723
0.6908758	0.5793887
0.1218369
0.7889551
0.2819479	0.5257097
0.1247375	0.8417554	0.672343
0.5547577	0.3741286
0.2494974	0.509605	0.8026259	0.1951372
0.6988345	0.7852395

0.7422605
0.1580726	0.5444207
0.7593187	0.8518143
0.3403803	0.6104911	0.1627971
0.5312624

0.837427
0.8687566

0.918327	0.6768069


0.6347493

0.1856832	0.9928535	0.7167783
0.3228385	0.5048574	0.8759291
0.100266	0.2056004	0.671085	0.6810757
0.0803209	0.3513723	0.3815027
0.2058193	0.7126724
0.500776
0.9602738	0.6876227	0.7870138	0.4347566
0.9583388
0.701806
0.8352058	0.5566866

0.6140132

0.173799	0.6737588	0.4143544	0.900653	0.8015725	0.7352177
