ExtinctionRateChangeTimes
7.592257
21.39181	26.18414
31.72813	22.24641
12.46348
25.04805	21.17845
21.06866	26.13537	17.11717
28.37414	9.708261
19.24947	4.655145	5.303968
37.37744	34.4618
17.48101	17.54636
33.10184	24.33411	1.34771	30.93621
29.77367
27.84393	10.45425


6.637345
6.006555	10.29022	32.00536	35.03428
22.89882	12.85241	8.067662	5.964757	39.69409	2.836416
25.28395	9.533614	20.65097
1.640838	31.97918	30.69865	25.15838	38.72236
20.82328	39.82473	19.32456
11.06948	26.23251	38.77952
34.3956	15.51613	16.17641
18.50736

24.61239

23.33809
11.37653	19.70799	33.8617	8.704096	15.48008

31.65322	13.53179	22.84982	14.87492
5.48727
7.267074
8.485887
10.03568
31.73525	22.38541
27.50095	14.01659
39.45416	9.875142	23.61013
14.36446	14.69332
23.66847
26.76503	23.79883
39.90232	20.3702	12.42026

29.80085	3.082985	7.89606
27.21653	24.10998
11.85108	2.977811
16.11472	22.04054	27.40855	22.75679

37.50355	32.0109
1.943441	3.271893
4.476489	1.795791	12.8465
5.383116	34.82946	13.95835
31.42041	17.65965
34.47981	30.81435	15.66358
25.60141	9.158743
12.97039	36.57291	37.80503	35.26175	36.62724	22.41285
39.70895	0.4601871	33.36626
8.719244e-05	11.35575

26.51868	5.939833
3.24488	18.15872	13.90638

20.2646
13.53413	16.52898
10.99179
36.15648	37.59945	30.26598
3.497672	2.050989
18.6678	18.23002	20.7515
32.48304	1.971915

14.97095	7.875788
2.224392

36.55459	27.80068	3.075592
10.22351	21.58754

34.67741	3.630211	1.170133
18.6278
16.78192
20.04252
11.10205	33.84854	12.87011
13.77707	22.99181	22.71132
3.763544	10.02158
11.16315	13.11672	13.12413


28.12241	0.3271566
25.37226	14.6087	28.61524
27.20571	24.64352
31.47371
27.17621
8.875351	28.75822
13.97155
13.22523	14.88535

5.268872	10.16774	23.88369
33.09653	36.09532	21.85903
2.319833	35.9412

19.0028	7.121093	1.707805	14.43183	20.49633
8.811702	27.2793

1.819567	4.327313
1.600451
18.0312	28.91739	36.30516

5.856968	6.653889
4.249547	3.094553
36.17754



30.27398
27.10979	28.96214
4.903468	14.72751
32.4717
10.87125

23.75781	37.25923	29.16595	9.167805	3.404713
21.88443
5.339081
26.29715
10.0731	15.24459
14.01327

33.00282
22.02457	39.82102


24.73693
9.212227
33.12871
28.16084
10.21797
7.983545
20.27145	8.320674	30.70674	37.48194

35.38675	35.10449	24.05254	35.5731
37.90881
21.61209	8.249014	9.629888
33.48543	7.158841	0.5251488
11.2998	3.701368
38.45013	38.64453	27.69667
28.44827	29.46004	25.10477
28.38305

33.29912
2.234544	5.366225
26.88005	23.87985

14.86122	23.22495	32.66594
25.65594	37.94652
3.535749
23.48075
10.96302	18.73059
22.31242	21.1902	6.094529
32.61538
20.62759	4.136627	17.96452


30.20265	8.140553	34.62476	21.35682
17.87406
6.568074	28.5795
13.05233	31.24452
21.39242	36.72806	14.12611	10.5626
19.09913
3.18155	12.90992
35.46327	0.1929045	2.518955	4.874167
26.80654	2.675474	6.741911
38.50699
34.31165	18.36234	6.062067
28.57896	14.04166	22.71603	8.926512

31.90882

35.22128
0.3477234	31.94528	40.31092	35.41645
20.26924	21.2861	29.78402	26.21535	4.639136	33.46069
23.85304	36.91747
31.00293	3.883767	30.12559
20.81836	7.835243	13.82856	34.06744
37.70192
31.04115	37.25655
18.20557	39.02993
33.74974	23.83187	23.6052	37.57983
39.2276	24.58624
13.70369	38.27298	1.593035
36.88989	16.70155	13.23409
28.36503	19.78421
6.9961	7.862459	8.699304


7.051862
15.61317	38.30033
9.531872	2.309007
39.25885	35.67466	8.340854	4.260749	9.6813
35.60844	10.26103	2.306414	35.65975

14.53715

14.48953
30.88572	29.03768	7.079354
34.85829	8.761515	10.90809	4.296153
3.1921	5.492875	39.44873	22.58407	34.1251
21.05962
29.0487	7.251556	6.07667	39.92118	21.33749
25.22051	38.11628	37.42683
22.53565	37.46771	29.73093
11.15684
22.52417	40.31789
13.32624




3.190162	29.86292	21.47964
23.55797	15.34757	35.81366
28.71719
0.09590834	21.97671	8.83371
32.76579	36.58229
21.33307	39.25012	16.71779
5.19885	24.07385
21.12709	25.33338
18.74124	0.6211778
37.63768
32.14447
25.00137	37.49314	9.656702	12.99735
26.05661	34.60509	22.03708	23.36824
26.28575
18.98663	30.73615	5.016693
33.02908	8.682679
16.89391	29.05804
33.64338	5.86714
36.11438
10.30876	8.968348
35.0244	29.97505	3.490381
27.52315	32.07944
29.36148	28.61782
8.337795
28.12333	37.06383	4.180922	20.57362	11.46931	13.78644
16.00162
20.08953	4.322951
14.33359	32.87905	27.02782
8.64296
26.05239
38.59051
6.607578
37.8389	21.57107
25.79114	19.55017	25.32347	12.82093
0.4563221	11.43265
10.83705	8.753237	15.4165
1.06878
15.30536	16.1721	0.4125606	31.67404
12.6021	19.06108	6.902998
18.98956	29.0866	3.457718

9.672233



10.18795
18.15808	25.78516	39.51388
4.716241
27.27667
27.12034

36.62532	20.0415	1.874414
2.64407	32.16658
7.752135
16.55716
12.36805	29.54232
36.08025
29.25246
15.32987	10.48859
9.579829
21.63298	25.6401	15.35497

14.08134
12.89517
20.75324
22.49608	13.68573	13.88249
13.88721	21.30976	29.95408
25.30889	21.1793
38.88281	33.19869
6.914885	37.10576
22.84666
7.83053	16.96723

19.9961
23.40131
12.72825
29.82055	11.34558	30.70957	16.04968	16.31849	33.86546
5.472207	23.15886	13.79865
22.03445
10.59755	30.38692
11.11399	27.39149
20.77117	15.1183	31.02162	27.84611
32.34077	10.25389
23.23826
39.26591	1.182001
28.93141	31.94648	11.38656
37.75213

34.67306	2.383134	36.03701
12.34724
2.481488	9.374969

4.009456
38.08486	32.20141	1.134141	10.37021	32.75818
22.43926
39.18907	17.3612

28.00014	12.87043
27.28238
32.00201	13.56822	1.16985
24.67024	21.15022	14.60724
29.81176	23.83855	10.38673	20.00051	20.35947
32.44051	30.72787

31.96077	34.21497	11.23279
19.88395	40.21983
27.52043

35.88206
11.26433	14.01913	3.411326
35.75053	17.04487
24.27166	13.62439
2.667812	37.13448
33.34565	15.2466
16.15879	31.79239	24.12421
35.8373	21.55307
23.34688	20.08227
6.827548
16.09931	10.624	6.572791	2.130121	25.69183
1.634323	0.7715239	24.66652
5.917159	6.885133	20.83889	2.170512	34.16005	36.26299


16.74536	35.19192	13.43368
24.3435	36.24019
32.71173	33.32701
34.0024
26.9183	2.308243	7.955245
2.232346
13.37107
38.185	5.061216	21.81231

7.973551
32.0422	33.5911

16.55834	27.16055	36.50411
26.47916	0.05702532
0.04178771

30.42832
12.62511	1.35641	34.86522
29.35007
30.78211	2.460945	33.48509	21.22124	9.046139
36.68034

26.98348	23.86409
24.81712	0.04902876
10.47269
14.90663
12.36041	39.54421
8.783284	30.83793	26.28202	2.57136

17.29866	20.15739	35.21907	24.88181
28.6052	36.79819	35.76246	11.86922	30.73178
11.07731	36.88163	13.35012
18.00607
29.05185	22.75251

24.03032
11.8268	24.11065
28.98105	20.82862	4.224506	21.06382
37.54381	29.94664	27.54671
8.28564	25.06017
31.0432	22.89563
15.04524	32.67903	8.326021

8.294834	36.69124	29.35633	27.68577
21.12775	37.86709	34.23008
1.80135	22.75313	36.20146	2.083307
25.83355	40.13188	7.299541
18.70375
4.981879	3.145362
39.50749	4.659743
37.44946	35.21505
36.51234	5.936821	38.65057	2.366329
33.96779	2.756441

20.05243	23.89802
19.01774
0.7623968	20.7573
12.55732	32.44634

32.97354	10.37594

3.045157
20.88064	38.22046

6.392539	38.19931
30.10939

9.333578

5.195055	35.83822
26.57449
17.30926	24.62986	34.28466	28.16704
8.413758	17.32784	24.72075	6.883802	15.71865
24.87639	6.288061	7.805613	4.287942

0.2238623	3.523324	16.85978	36.60619
35.46879	15.76822	22.61321
17.48724	23.13892	16.03649	15.41593
15.5631	23.3086

18.46372	18.77629
20.72504	6.919986
13.1752	14.69333
13.86929	15.21691
8.811854	32.34237
25.8551	11.00946
36.81764
38.44189
39.12419	7.412059

1.760331
18.73167

40.14594	6.247874	26.1186	33.74098	32.0582
33.97214	14.59375
12.9678
37.78024	9.790704	11.74394

37.71205
10.09485
13.167	30.7025
20.85293	29.5162	0.2288893
26.33813	9.42079
26.53767	33.23806	33.63978	9.430628
35.72498	37.99944
35.24773	20.60517	40.06114	4.420066
10.58205	29.61148
15.47527	32.31436	8.143754
27.93617	35.9326	9.629272

0.5157165	9.003261	13.01948
2.908528	31.93372	36.42238	15.02959
6.388469

23.46402	34.59095
40.10126	12.57089	5.03709
26.2165	6.90582	18.43321	31.48589

0.7489996	32.82717
21.60958	39.45609
15.79623	19.89419
20.36089	2.913678
34.63105	22.76723

31.33791
27.90195
4.864776	4.279535

0.1891463	36.53377
24.34626	20.59535	13.53329	13.94716	8.811356	27.46485
27.58265	8.815729	24.29286

33.26291	26.43833
8.685961	2.244642
10.97364	24.01093	15.20637	34.68706
10.40414	13.13747	9.057571	14.65091

17.66507

29.22258	34.30761	38.84923
7.181196	27.85138
22.76072

31.56254
16.81963	22.69341	16.33482
0.05690201	28.6245
4.627468	6.870012	29.73865
36.4178	9.784003
6.22326
28.78333
8.362867	20.94176

29.46615	33.28076
21.38087	38.3235
5.081176	27.75414	1.919168
13.98822	36.28618	14.33678
10.01012	38.27948
6.155947	10.96275	25.91721	32.06442
21.06916
30.74028	3.209233
19.28748	27.3453
16.27731	13.85328	22.84432
8.917179	7.680148
1.476856	14.9732	21.80291	35.25689	5.451214
16.18472	11.6107	39.86562
29.24209	39.64656
36.89107	3.646477	18.42509	35.13284
37.15555	19.02824	37.45022
20.2203	39.72535	26.3504	35.01116
11.16559
9.804177	30.80329	20.43576
32.80181
8.517618	25.53705
18.54512	1.070598
30.84909
36.80102	33.20814	30.3703	39.64246

31.61732	15.80302	29.80886
27.61532	10.78407	22.86937	0.586957
34.91531	1.182872
14.53558	8.937411	0.6536243	9.991534	34.43266
2.256521
0.5136685	23.16472	6.059866	27.97866
7.095788	13.47976	16.62432	8.28503	20.32388
7.613477
17.88302

9.197166
17.91775	18.16918	3.778899	12.25609	10.46672
24.15797	12.27262	2.11506
34.40506	12.37895	18.23792

36.02949
19.94469	17.12688
37.28674	14.5684	27.8239	21.34649
34.55203	8.559169
19.03648
13.00639	7.841518
23.55568
26.59024	16.85229	19.40849	22.49675
19.84934	30.91993	17.84692


10.70005
16.74505	8.595517	24.98125	26.33525	11.27229
26.94331	14.39434	39.35936
33.9439
35.25974	16.70476	9.658763	4.96402
16.69601
19.47264	4.513563
35.96069	6.693109
32.60029
10.16251	24.01126	8.500293

27.05471	14.80675
7.016194	26.53174	20.4537
22.40136	33.65303
26.88207	12.79597
4.460704	38.87466	9.077559	12.67338	38.80971
10.60236
35.67616	13.96998
8.742012	0.3856234
35.51529	7.321649
32.44808	8.603617	12.92392	2.072378	5.322878
6.72872	25.71382
1.407217	0.6332307
36.09271
5.454792
9.888388	39.80591	4.570309	4.549115
23.78813
12.9353	24.72045
34.41601	32.80531	38.2752	13.98068
