MassExtinctionTimes
3.523567	5.602187	13.06823	7.647686

13.62191


5.079648
18.79445
2.390335

39.688
39.688
17.74983
0.3183901

9.35593	16.78682
4.833578

38.10697	10.49267

35.85785



36.17605



17.97978

36.20023	15.12261

4.488731
39.1753
39.81065
29.75944


38.01568	10.89918
15.65275	14.04868
38.8909
33.73553
1.024418	11.6387



8.50813
36.22908	37.91429
32.41257
38.82285
33.94403

22.71508
39.87546


39.53969	27.20595	4.527054

8.180379	8.7967	13.18034
9.475955	1.011238	20.90777	32.59224


31.2756	3.969531
20.32636	35.32244
8.639876
38.30977	0.2710372





25.52038



40.36746
0.05453159	38.73408
38.92649	0.6321788	27.83847

21.3047
38.04694
38.12	14.21275
10.86004
15.78891

33.63983	36.13371

24.45478	32.15511
39.90487
38.83625
32.48879	33.06753


6.373956
36.5597
26.63878
24.35291	21.28067	4.166198	6.204713
14.24099


35.14588	15.02318



31.12461


33.6295	8.816537	16.70795
19.71517	37.64493
7.015337

39.34337	15.21417	13.61223
35.1225


26.36494
31.20846	13.71161
27.07322	0.8250776
0.355081
38.63344

1.014539


24.80266	3.965189

35.97231	0.7702298
15.75325
8.52967
0.7137034



20.61637
4.210193
37.82262


32.69721
0.261452	6.786853	36.66824
31.82734
37.38166

38.86082




37.58692	25.10488

7.085334

1.301679	15.9802

10.42331
4.758274
4.150805	20.07719	14.83177
14.56124	37.79131	26.03507	19.77729
26.32434	30.33672	7.938476
38.07445	27.97747

33.76896

19.03947
39.60419	26.17459

35.04821


39.78358

33.87591
35.31286	32.392
0.3739293

39.48605
16.29018
35.68242
28.0614
5.609622



0.837271	15.2642	32.76607
11.93984

39.8428	21.25736
15.81751	39.92138
40.34307

35.27721

27.93031

22.51754
25.32679
10.59196
40.24225	34.60907	17.84108




13.22858
16.37492

34.5421
16.04606	17.05886


26.84927


32.57409
38.52626	20.43255

33.7675	5.030129


23.93745


0.07805635	16.52384
24.0838
39.36428	23.45652
38.65204	31.73032

35.41344	38.13626
12.29368
0.4345205

22.70559	25.52238
0.8321847

32.19799	33.17412
16.93927	0.5179508
39.4584

26.21366

31.46457	16.62036

38.93098	24.87264


19.48304
35.41873
0.9307482
19.4424
24.35892	10.2996

10.16907	21.23863	30.28652

16.90211
34.63424
25.3267

9.954538	35.47471	31.97527
12.22322
35.43679


4.017115	7.765292


29.73002
25.50811

23.99111

34.28017

26.91223
2.940613
35.59933
32.82752


1.223419	32.48118

3.458298
16.20165

2.078639	35.36845
30.30278

2.200184

22.31638


36.49882
3.260302	1.281915
27.36171
33.43434


26.88421	15.73804	6.348486	30.02406

14.7182
8.490106
38.80869

1.852044	0.1892805
31.3033	23.67069


38.59508
14.72179
11.07497	23.0484
23.68965
12.2552

13.31078

39.99625	34.78637	26.11422	32.74109	1.101744
39.72909	0.265206
8.670334
7.481909	0.8921763
35.72383
1.024459

34.70403


39.98577


3.955926
19.01269	1.55301
7.965701
36.08068	20.38806	12.7861
2.30173

39.45069
31.95046
34.41456	10.67102
12.77789
9.313639
32.71225
33.49038	21.49708	4.277333
8.683029	12.28443



9.34664
39.64553
38.4035


33.6401
38.79354





20.67452	1.584301
22.14963	1.513675
7.456309
33.76951




20.32506
38.78916	19.2669	36.91726	10.46296	11.42332
38.05866	21.01169
0.2472803	14.03616

2.606814
39.03918	5.742988	20.40421
39.43457
35.93398	37.24846

2.166114
9.332559	13.07772
3.005798	1.380261

37.06737	1.732124



21.53491
39.94719	32.45901	7.750928	37.84561
15.83432
34.36273


23.74468


13.18889	1.303302	38.73889
27.37338
11.23058
29.63721


37.16223
39.19269
4.77506
0.04581789

1.38885
16.96784

40.34284
4.495959

22.26662

38.12356	27.70956


39.60568
9.738625
1.445959	3.567922	10.62875


38.68516	39.83822

23.0543

4.393334	1.435351	12.2724



0.6110147







33.3552


31.57015
35.00396	24.15584
34.20114	37.85848	21.50573

26.87813	28.08245

30.35763	26.44225



34.08207

30.34362	1.883548	39.39745




2.756504
0.3046375

33.52603
1.071903	37.62414
19.30033	25.12438
1.325812	1.128352
32.18165	21.64206
39.90109	34.59182


9.807476	22.08505

0.4197752
1.47231


27.63383
30.6483
39.45366
2.078773	20.34274
40.07491
0.03939914
39.61446	1.411347	10.11326
38.06437

30.64547	25.82087

5.750049	25.96091
11.92652	1.135496	15.93438	34.83322

40.19551	24.70829
19.81773	1.29679
0.5390055

39.40425
21.40172

39.62018
25.82563
32.05374




14.5123

31.0278
17.75658	12.18335
34.19206


2.309317
31.74488


39.78801	28.86078
2.179075
38.26139	22.24536	32.73128
2.736892
29.57693
39.25108	38.6253
35.73431
6.096062
39.52604	5.784322	34.86063
10.29093
22.94273	20.67674	7.70357
38.79298	6.478587
29.85104	36.36883
15.31241
10.04174
36.44432
39.54695	24.42708


22.41731


39.64817
20.34237	38.72777
34.80895
23.94556	7.62119
0.9158072
0.8565884	18.47958	15.91315
25.58778
39.03188
18.31903

31.38259





1.103495

31.68299

0.9920907	36.34929


34.42894	39.48097	28.32251

6.375552
6.697234	32.84847
14.47193	31.58225	2.51617
39.68886
23.41251
3.492621	34.10497

0.8412354
39.34109	0.09535878	21.93028


20.19025	29.40847
38.05208
35.94338
