SurvivalProbabilities
0.8888858	0.8764092	0.4602766	0.82052

0.9694689


0.3861166
0.7844284
0.6435658

0.5721891
0.4243318
0.8844894
0.6967322

0.977337	0.7660374
0.7352687

0.8353412	0.994544

0.891548



0.8893674



0.6990864

0.8003591	0.9279968

0.7940927
0.9488298
0.384017
0.9386645


0.4768349	0.834878
0.6548753	0.8380416
0.3835515
0.9652929
0.2796448	0.9877215



0.7333287
0.862278	0.5407779
0.4573447
0.1473727
0.6597446

0.8920623
0.7912924


0.3500411	0.7354586	0.9028925

0.9243096	0.8762472	0.6366174
0.9993732	0.6134046	0.987832	0.5794886


0.8452827	0.8913998
0.8800316	0.5937686
0.8673569
0.6077915	0.1432739





0.925777



0.7412033
0.3920956	0.4738689
0.4646828	0.5189275	0.9957826

0.6158635
0.5436243
0.4143992	0.4067507
0.9493696
0.8414594

0.4739187	0.9722515

0.3162238	0.628335
0.7475486
0.4138575
0.9404853	0.988161


0.5632692
0.6208037
0.804232
0.5160821	0.8840252	0.9228568	0.96586
0.7255883


0.6645228	0.7132673



0.9827684


0.7100571	0.6411102	0.4330993
0.8618688	0.5992834
0.7189242

0.527581	0.9925049	0.899151
0.9190393


0.9928496
0.3215144	0.7276765
0.8275041	0.7632286
0.6034662
0.8511224

0.09748231


0.7955476	0.8674494

0.7710971	0.8232613
0.9576085
0.9120801
0.05235216



0.8016637
0.6284686
0.512007


0.7343784
0.4846915	0.8027863	0.4197368
0.3878324
0.8339255

0.4539789




0.4907322	0.8080136

0.9692751

0.3128796	0.6057321

0.8254611
0.9850807
0.8220421	0.7936297	0.964641
0.9430481	0.9809401	0.653989	0.5048009
0.5882592	0.6459861	0.8835591
0.8370986	0.8011871

0.5144675

0.7872375
0.4408958	0.9802164

0.8712343


0.3284427

0.8484867
0.6659391	0.6534895
0.9819016

0.4490695
0.7845162
0.7517729
0.6447731
0.8899945



0.6394625	0.6060056	0.7379984
0.7195202

0.699828	0.9297473
0.9113693	0.3898931
0.5342987

0.7958981

0.923048

0.3832429
0.8230182
0.8110409
0.8211929	0.8158348	0.9704189




0.5485881
0.8753929

0.9279572
0.9999814	0.822924


0.8216124


0.874382
0.6834806	0.9586172

0.6377641	0.6778655


0.704553


0.7620061	0.8431435
0.5066829
0.2711611	0.7353923
0.7157069	0.6691275

0.8382633	0.6489048
0.8356512
0.7651651

0.8910766	0.5841482
0.9476357

0.7468383	0.968175
0.8530026	0.2785973
0.8439128

0.9114816

0.4200675	0.8518425

0.2312314	0.7835308


0.8829078
0.5588239
0.4741935
0.9874735
0.5324683	0.8930517

0.7793169	0.683856	0.886869

0.960682
0.9977406
0.9327296

0.5368262	0.5153146	0.9907629
0.9228484
0.9796762


0.7168272	0.7312208


0.9367666
0.7376812

0.4721382

0.8631046

0.9976602
0.6501518
0.489367
0.9767319


0.6985052	0.6523747

0.629446
0.5969036

0.36992	0.7901326
0.6683984

0.9930275

0.6435432


0.7069512
0.9920638	0.3795225
0.5851768
0.5772742


0.7240929	0.9259365	0.8714315	0.6030073

0.6550807
0.9058846
0.4930426

0.8041739	0.3752135
0.6965646	0.6122337


0.6781117
0.9077228
0.7415651	0.907789
0.810255
0.8256757

0.9904245

0.4685374	0.5523352	0.9441179	0.8106774	0.3256228
0.3854256	0.2129519
0.9977306
0.8435066	0.4692605
0.9509972
0.2375276

0.554757


0.4259398


0.6422471
0.5408884	0.309
0.8768883
0.8221867	0.8568164	0.5050368
0.9274272

0.9337404
0.5851738
0.4712773	0.8761836
0.8075049
0.8062834
0.8295362
0.6116266	0.8548707	0.8494137
0.9116824	0.7845402



0.7975725
0.5643411
0.4904761


0.9935047
0.5738062





0.5934049	0.8988846
0.9817799	0.3759787
0.7809342
0.5429623




0.843604
0.4577498	0.8718308	0.7739729	0.8965132	0.697829
0.8244456	0.9227856
0.2306946	0.9921208

0.8054765
0.5871435	0.9873512	0.5003974
0.5420253
0.7271916	0.7462249

0.7909176
0.5728519	0.8780082
0.7702798	0.4144183

0.4723332	0.8852051



0.5704193
0.6986476	0.9591248	0.5289074	0.980533
0.9866775
0.6578911


0.9483531


0.5420368	0.7028601	0.9062463
0.7883621
0.6700096
0.976778


0.826519
0.8761259
0.9921002
0.3048875

0.1711817
0.7335378

0.4874984
0.8244808

0.6189437

0.4878884	0.9628146


0.8665285
0.7823622
0.5401334	0.9346314	0.9318765


0.6044689	0.7546389

0.7164004

0.960779	0.9059832	0.5325624



0.2440527







0.6649297


0.6356021
0.2406546	0.4091214
0.8774086	0.6878431	0.8002641

0.9883693	0.9103334

0.6830465	0.9361612



0.5366725

0.9091532	0.1756113	0.5084587




0.5436814
0.5422597

0.8114478
0.4578491	0.6200411
0.9711333	0.7584558
0.9449595	0.806648
0.8838196	0.9963468
0.6344991	0.7512371


0.5342257	0.7497367

0.611384
0.3997025


0.7820881
0.7567638
0.3046907
0.9151113	0.962951
0.6716659
0.9385502
0.3344649	0.7796234	0.7647408
0.5342484

0.9334176	0.6835432

0.44245	0.9523431
0.9258695	0.5747695	0.8540428	0.5571639

0.6259972	0.8769125
0.8448042	0.9830854
0.08243382

0.8434086
0.9404322

0.569281
0.6793311
0.9231084




0.9999314

0.6409347
0.9302217	0.8921486
0.6727986


0.5901637
0.8131536


0.4686363	0.7531987
0.4283472
0.563136	0.2936349	0.544968
0.9666973
0.9901337
0.812895	0.3937882
0.7956565
0.9758196
0.396541	0.3979745	0.679928
0.9829882
0.4830153	0.9680599	0.7330483
0.532667	0.9182337
0.9515956	0.5783491
0.6463334
0.9465875
0.5536966
0.4536146	0.8767691


0.6705878


0.7561748
0.9046385	0.8995351
0.5354469
0.2186984	0.7094362
0.422778
0.03365927	0.7628944	0.9068067
0.8168944
0.987893
0.824755

0.5510712





0.09102436

0.7678617

0.1964521	0.9712215


0.4568482	0.7671422	0.993381

0.6629969
0.9288623	0.5429333
0.945852	0.7211873	0.4240197
0.6508654
0.8593608
0.9665343	0.5440291

0.6487627
0.3167438	0.2017516	0.6932205


0.9740224	0.8174451
0.5899077
0.6871993
